1.114755725094402e-06 2.5421617605352327e-06
1.114755725094402e-06 2.5421617605352327e-06
1.114755725094402e-06 2.5421617605352327e-06
1.114755725094402e-06 2.5421617605352327e-06
1.114755725094402e-06 2.5421617605352327e-06
1.114755725094402e-06 2.5421617605352327e-06
1.114755725094402e-06 2.5421617605352327e-06
1.114755725094402e-06 2.5421617605352327e-06
1.114755725094402e-06 2.5421617605352327e-06
1.114755725094402e-06 2.5421617605352327e-06
1.114755725094402e-06 2.5421617605352327e-06
1.114755725094402e-06 2.5421617605352327e-06
1.114755725094402e-06 2.5421617605352327e-06
1.114755725094402e-06 2.5421617605352327e-06
1.114755725094402e-06 2.5421617605352327e-06
1.114755725094402e-06 2.5421617605352327e-06
1.114755725094402e-06 2.5421617605352327e-06
1.114755725094402e-06 2.5421617605352327e-06
1.114755725094402e-06 2.5421617605352327e-06
1.114755725094402e-06 2.5421617605352327e-06
1.114755725094402e-06 2.5421617605352327e-06
1.114755725094402e-06 2.5421617605352327e-06
1.114755725094402e-06 2.5421617605352327e-06
1.114755725094402e-06 2.5421617605352327e-06
1.114755725094402e-06 2.5421617605352327e-06
1.114755725094402e-06 2.5421617605352327e-06
1.114755725094402e-06 2.5421617605352327e-06
1.114755725094402e-06 2.5421617605352327e-06
1.114755725094402e-06 2.5421617605352327e-06
1.114755725094402e-06 2.5421617605352327e-06
1.114755725094402e-06 2.5421617605352327e-06
1.114755725094402e-06 2.5421617605352327e-06
1.114755725094402e-06 2.5421617605352327e-06
1.114755725094402e-06 2.5421617605352327e-06
1.114755725094402e-06 2.5421617605352327e-06
1.114755725094402e-06 2.5421617605352327e-06
1.114755725094402e-06 2.5421617605352327e-06