3.6260028767545864e-08 1.0208213754411942e-06
3.6260028767545864e-08 1.0208213754411942e-06
5.746859736544994e-07 1.0207839623402282e-06
5.746859736544994e-07 1.0207839623402282e-06
5.746859736544994e-07 1.0207839623402282e-06
5.746859736544994e-07 1.0207839623402282e-06
5.746859736544994e-07 1.0207839623402282e-06
5.746859736544994e-07 1.0207839623402282e-06
5.746859736544994e-07 1.0207839623402282e-06
5.746859736544994e-07 1.0207839623402282e-06
5.746859736544994e-07 1.0207839623402282e-06
5.746859736544994e-07 1.0207839623402282e-06
5.746859736544994e-07 1.0207839623402282e-06
5.746859736544994e-07 1.0207839623402282e-06
5.746859736544994e-07 1.0207839623402282e-06
5.746859736544994e-07 1.0207839623402282e-06
5.710157151405492e-07 1.0207876504656836e-06
5.710157151405492e-07 1.0207876504656836e-06
2.8988984398691687e-06 1.0206885265302012e-06
7.534151062126142e-07 1.0207841162791728e-06
7.534151062126142e-07 1.0207841162791728e-06
7.50694909646726e-07 1.020783681034847e-06
6.945309049776809e-07 1.020785460637795e-06
6.945309049776809e-07 1.020785460637795e-06
6.945309049776809e-07 1.020785460637795e-06
6.945309049776809e-07 1.020785460637795e-06
6.945309049776809e-07 1.020785460637795e-06
6.945309049776809e-07 1.020785460637795e-06
6.945309049776809e-07 1.020785460637795e-06
6.945309049776809e-07 1.020785460637795e-06
6.945309049776809e-07 1.020785460637795e-06
6.945309049776809e-07 1.020785460637795e-06
6.945309049776809e-07 1.020785460637795e-06
5.956474421991975e-07 1.0207822207129416e-06
5.956474421991975e-07 1.0207822207129416e-06