8.429412687872461e-07 1.0207852890101082e-06
8.640661705623682e-07 1.0207850270423453e-06
1.6158838381375737e-06 1.020924660272081e-06
1.6158838381375737e-06 1.020924660272081e-06
1.6158838381375737e-06 1.020924660272081e-06
1.6158838381375737e-06 1.020924660272081e-06
1.6158838381375737e-06 1.020924660272081e-06
1.6158838381375737e-06 1.020924660272081e-06
8.17397189663232e-07 1.0208150906523195e-06
8.17397189663232e-07 1.0208150906523195e-06
8.204486318858202e-07 1.0208150906523195e-06
8.204486318858202e-07 1.0208150906523195e-06
6.606531478096116e-07 1.0207871156329223e-06
6.606531478096116e-07 1.0207871156329223e-06
6.606531478096116e-07 1.0207871156329223e-06
6.606531478096116e-07 1.0207871156329223e-06
6.606531478096116e-07 1.0207871156329223e-06
6.606531478096116e-07 1.0207871156329223e-06
6.606531478096116e-07 1.0207871156329223e-06
8.705684932954506e-07 1.0207852841561188e-06
8.447791348283296e-07 1.0207852686864827e-06
8.840075257404386e-07 1.020785171986456e-06
8.840075257404386e-07 1.020785171986456e-06
7.237330394243454e-07 1.0207851923998613e-06
7.237330394243454e-07 1.0207851923998613e-06
8.599312706426384e-07 1.020784944101917e-06
7.27476487364174e-07 1.020924660272081e-06
8.939255014524091e-07 1.020784944101917e-06
8.75176411324187e-07 1.0207853436870914e-06
9.355917952281578e-07 1.0206169753640417e-06
9.355917952281578e-07 1.0206169753640417e-06
7.237330394243454e-07 1.0207851867952994e-06
8.551260910625529e-07 1.0207852669533504e-06
8.551260910625529e-07 1.0207852669533504e-06
8.551260910625529e-07 1.0207852669533504e-06
8.551260910625529e-07 1.0207852669533504e-06
8.551260910625529e-07 1.0207852669533504e-06
8.551260910625529e-07 1.0207852669533504e-06
8.551260910625529e-07 1.0207852669533504e-06
8.551260910625529e-07 1.0207852669533504e-06