9.10211415654457e-07 1.0207869115120614e-06
9.10211415654457e-07 1.0207869115120614e-06
1.6885583959466597e-06 1.0207721619444326e-06
1.6885583959466597e-06 1.0207721619444326e-06
3.172908854413257e-07 1.0214247328541495e-06
7.721250626289065e-07 1.0207850788400861e-06
7.721250626289065e-07 1.0207850788400861e-06
7.721250626289065e-07 1.0207850788400861e-06
7.721250626289065e-07 1.0207850788400861e-06
7.721250626289065e-07 1.0207850788400861e-06
7.721250626289065e-07 1.0207850788400861e-06
7.721250626289065e-07 1.0207850788400861e-06
7.721250626289065e-07 1.0207850788400861e-06
7.721250626289065e-07 1.0207850788400861e-06
7.721250626289065e-07 1.0207850788400861e-06
7.721250626289065e-07 1.0207850788400861e-06
7.721250626289065e-07 1.0207850788400861e-06
7.721250626289065e-07 1.0207850788400861e-06
7.721250626289065e-07 1.0207850788400861e-06
7.721250626289065e-07 1.0207850788400861e-06
7.721250626289065e-07 1.0207850788400861e-06
7.721250626289065e-07 1.0207850788400861e-06
7.721250626289065e-07 1.0207850788400861e-06
7.721250626289065e-07 1.0207850788400861e-06
7.721250626289065e-07 1.0207850788400861e-06
7.721250626289065e-07 1.0207850788400861e-06
7.721250626289065e-07 1.0207850788400861e-06
7.721250626289065e-07 1.0207850788400861e-06
7.721250626289065e-07 1.0207850788400861e-06
7.721250626289065e-07 1.0207850788400861e-06
7.721250626289065e-07 1.0207850788400861e-06
7.721250626289065e-07 1.0207850788400861e-06
7.721250626289065e-07 1.0207850788400861e-06
7.721250626289065e-07 1.0207850788400861e-06
7.721250626289065e-07 1.0207850788400861e-06
7.721250626289065e-07 1.0207850788400861e-06
7.721250626289065e-07 1.0207850788400861e-06
7.721250626289065e-07 1.0207850788400861e-06
7.721250626289065e-07 1.0207850788400861e-06
7.721250626289065e-07 1.0207850788400861e-06
7.721250626289065e-07 1.0207850788400861e-06
7.721250626289065e-07 1.0207850788400861e-06
7.721250626289065e-07 1.0207850788400861e-06
7.721250626289065e-07 1.0207850788400861e-06
7.021704442743094e-07 1.0207835647785786e-06
7.021704442743094e-07 1.0207835647785786e-06
1.282362415715748e-06 1.0207828539632774e-06
1.282362415715748e-06 1.0207828539632774e-06
9.154306427696703e-07 1.0207854435469189e-06
9.154306427696703e-07 1.0207854435469189e-06
1.7974969969957491e-06 1.0214839596158828e-06
8.549601984646652e-07 1.0207850639074945e-06
2.891326676601667e-07 1.0312240697954933e-06
9.154306427696703e-07 1.0207854435469189e-06
9.154306427696703e-07 1.0207854435469189e-06
9.154306427696703e-07 1.0207854435469189e-06
9.154306427696703e-07 1.0207854435469189e-06
9.154306427696703e-07 1.0207854435469189e-06
9.154306427696703e-07 1.0207854435469189e-06
1.5347570541285732e-06 1.0312240697954933e-06
9.26074750970726e-07 1.0207854250474004e-06
9.26074750970726e-07 1.0207854250474004e-06
9.26074750970726e-07 1.0207854250474004e-06
9.26074750970726e-07 1.0207854250474004e-06
1.9020722386151395e-06 1.0222701658451674e-06
1.9020722386151395e-06 1.0222701658451674e-06
1.9020722386151395e-06 1.0222701658451674e-06