9.10211415654457e-07 1.0207869115120614e-06
9.10211415654457e-07 1.0207869115120614e-06
1.6885583959466597e-06 1.0207721619444326e-06
1.6885583959466597e-06 1.0207721619444326e-06
3.172908854413257e-07 1.0214247328541495e-06
7.721250626289065e-07 1.0207850788400861e-06
7.721250626289065e-07 1.0207850788400861e-06
7.721250626289065e-07 1.0207850788400861e-06
7.721250626289065e-07 1.0207850788400861e-06
7.721250626289065e-07 1.0207850788400861e-06
7.721250626289065e-07 1.0207850788400861e-06
7.721250626289065e-07 1.0207850788400861e-06
7.721250626289065e-07 1.0207850788400861e-06
7.721250626289065e-07 1.0207850788400861e-06
7.721250626289065e-07 1.0207850788400861e-06
7.721250626289065e-07 1.0207850788400861e-06
7.721250626289065e-07 1.0207850788400861e-06
7.721250626289065e-07 1.0207850788400861e-06
7.721250626289065e-07 1.0207850788400861e-06
7.721250626289065e-07 1.0207850788400861e-06
7.721250626289065e-07 1.0207850788400861e-06
7.721250626289065e-07 1.0207850788400861e-06
7.721250626289065e-07 1.0207850788400861e-06
7.721250626289065e-07 1.0207850788400861e-06
7.721250626289065e-07 1.0207850788400861e-06
7.721250626289065e-07 1.0207850788400861e-06
7.721250626289065e-07 1.0207850788400861e-06
7.721250626289065e-07 1.0207850788400861e-06
7.721250626289065e-07 1.0207850788400861e-06
7.721250626289065e-07 1.0207850788400861e-06
7.721250626289065e-07 1.0207850788400861e-06
7.721250626289065e-07 1.0207850788400861e-06
7.721250626289065e-07 1.0207850788400861e-06
7.721250626289065e-07 1.0207850788400861e-06
7.721250626289065e-07 1.0207850788400861e-06
7.721250626289065e-07 1.0207850788400861e-06
7.721250626289065e-07 1.0207850788400861e-06
7.721250626289065e-07 1.0207850788400861e-06
7.721250626289065e-07 1.0207850788400861e-06
7.721250626289065e-07 1.0207850788400861e-06
7.721250626289065e-07 1.0207850788400861e-06
7.721250626289065e-07 1.0207850788400861e-06
7.721250626289065e-07 1.0207850788400861e-06
7.721250626289065e-07 1.0207850788400861e-06
7.021704442743094e-07 1.0207835647785786e-06
7.021704442743094e-07 1.0207835647785786e-06
1.282362415715748e-06 1.0207828539632774e-06
1.282362415715748e-06 1.0207828539632774e-06
9.154306427696703e-07 1.0207854435469189e-06
9.154306427696703e-07 1.0207854435469189e-06
1.7974969969957491e-06 1.0214839596158828e-06
8.549601984646652e-07 1.0207850639074945e-06
2.891326676601667e-07 1.0312240697954933e-06
9.154306427696703e-07 1.0207854435469189e-06
9.154306427696703e-07 1.0207854435469189e-06
9.154306427696703e-07 1.0207854435469189e-06
9.154306427696703e-07 1.0207854435469189e-06
9.154306427696703e-07 1.0207854435469189e-06
9.154306427696703e-07 1.0207854435469189e-06
1.5347570541285732e-06 1.0312240697954933e-06
9.26074750970726e-07 1.0207854250474004e-06
9.26074750970726e-07 1.0207854250474004e-06
9.26074750970726e-07 1.0207854250474004e-06
9.26074750970726e-07 1.0207854250474004e-06
1.9020722386151395e-06 1.0222701658451674e-06
1.9020722386151395e-06 1.0222701658451674e-06
1.9020722386151395e-06 1.0222701658451674e-06
8.429412687872461e-07 1.0207852890101082e-06
8.640661705623682e-07 1.0207850270423453e-06
1.6158838381375737e-06 1.020924660272081e-06
1.6158838381375737e-06 1.020924660272081e-06
1.6158838381375737e-06 1.020924660272081e-06
1.6158838381375737e-06 1.020924660272081e-06
1.6158838381375737e-06 1.020924660272081e-06
1.6158838381375737e-06 1.020924660272081e-06
8.17397189663232e-07 1.0208150906523195e-06
8.17397189663232e-07 1.0208150906523195e-06
8.204486318858202e-07 1.0208150906523195e-06
8.204486318858202e-07 1.0208150906523195e-06
6.606531478096116e-07 1.0207871156329223e-06
6.606531478096116e-07 1.0207871156329223e-06
6.606531478096116e-07 1.0207871156329223e-06
6.606531478096116e-07 1.0207871156329223e-06
6.606531478096116e-07 1.0207871156329223e-06
6.606531478096116e-07 1.0207871156329223e-06
6.606531478096116e-07 1.0207871156329223e-06
8.705684932954506e-07 1.0207852841561188e-06
8.447791348283296e-07 1.0207852686864827e-06
8.840075257404386e-07 1.020785171986456e-06
8.840075257404386e-07 1.020785171986456e-06
7.237330394243454e-07 1.0207851923998613e-06
7.237330394243454e-07 1.0207851923998613e-06
8.599312706426384e-07 1.020784944101917e-06
7.27476487364174e-07 1.020924660272081e-06
8.939255014524091e-07 1.020784944101917e-06
8.75176411324187e-07 1.0207853436870914e-06
9.355917952281578e-07 1.0206169753640417e-06
9.355917952281578e-07 1.0206169753640417e-06
7.237330394243454e-07 1.0207851867952994e-06
8.551260910625529e-07 1.0207852669533504e-06
8.551260910625529e-07 1.0207852669533504e-06
8.551260910625529e-07 1.0207852669533504e-06
8.551260910625529e-07 1.0207852669533504e-06
8.551260910625529e-07 1.0207852669533504e-06
8.551260910625529e-07 1.0207852669533504e-06
8.551260910625529e-07 1.0207852669533504e-06
8.551260910625529e-07 1.0207852669533504e-06