0.0031911286671045002 0.003622563312074339
0.0031911286671045002 0.003622563312074339
0.029736117006611412 0.033616869238589836
0.029736117006611412 0.033616869238589836
0.029736117006611412 0.033616869238589836
0.029736117006611412 0.033616869238589836
0.029736117006611412 0.033616869238589836
0.029736117006611412 0.033616869238589836
0.029736117006611412 0.033616869238589836
0.029736117006611412 0.033616869238589836
0.029736117006611412 0.033616869238589836
0.029736117006611412 0.033616869238589836
0.029736117006611412 0.033616869238589836
0.029736117006611412 0.033616869238589836
0.029736117006611412 0.033616869238589836
0.029736117006611412 0.033616869238589836
0.02446915902157917 0.027869286340390417
0.02446915902157917 0.027869286340390417
0.0011069010107040422 0.0009046210297754692
0.04920538520659073 0.05823551868498336
0.04920538520659073 0.05823551868498336
0.0815589043863562 0.09515125527565627
0.042667638634372576 0.05192284758383402
0.042667638634372576 0.05192284758383402
0.042667638634372576 0.05192284758383402
0.042667638634372576 0.05192284758383402
0.042667638634372576 0.05192284758383402
0.042667638634372576 0.05192284758383402
0.042667638634372576 0.05192284758383402
0.042667638634372576 0.05192284758383402
0.042667638634372576 0.05192284758383402
0.042667638634372576 0.05192284758383402
0.042667638634372576 0.05192284758383402
0.028681285694438213 0.03274752123039978
0.028681285694438213 0.03274752123039978