0.04159627569713656 0.03936645999736167
0.04159627569713656 0.03936645999736167
0.009957573926475657 0.010332046792086708
0.009957573926475657 0.010332046792086708
4.255373472852845e-06 5.106448167423414e-05
0.3610386515572539 0.3622982421052184
0.3610386515572539 0.3622982421052184
0.3610386515572539 0.3622982421052184
0.3610386515572539 0.3622982421052184
0.3610386515572539 0.3622982421052184
0.3610386515572539 0.3622982421052184
0.3610386515572539 0.3622982421052184
0.3610386515572539 0.3622982421052184
0.3610386515572539 0.3622982421052184
0.3610386515572539 0.3622982421052184
0.3610386515572539 0.3622982421052184
0.3610386515572539 0.3622982421052184
0.3610386515572539 0.3622982421052184
0.3610386515572539 0.3622982421052184
0.3610386515572539 0.3622982421052184
0.3610386515572539 0.3622982421052184
0.3610386515572539 0.3622982421052184
0.3610386515572539 0.3622982421052184
0.3610386515572539 0.3622982421052184
0.3610386515572539 0.3622982421052184
0.3610386515572539 0.3622982421052184
0.3610386515572539 0.3622982421052184
0.3610386515572539 0.3622982421052184
0.3610386515572539 0.3622982421052184
0.3610386515572539 0.3622982421052184
0.3610386515572539 0.3622982421052184
0.3610386515572539 0.3622982421052184
0.3610386515572539 0.3622982421052184
0.3610386515572539 0.3622982421052184
0.3610386515572539 0.3622982421052184
0.3610386515572539 0.3622982421052184
0.3610386515572539 0.3622982421052184
0.3610386515572539 0.3622982421052184
0.3610386515572539 0.3622982421052184
0.3610386515572539 0.3622982421052184
0.3610386515572539 0.3622982421052184
0.3610386515572539 0.3622982421052184
0.3610386515572539 0.3622982421052184
0.3610386515572539 0.3622982421052184
0.02873228168870241 0.028966327229709314
0.02873228168870241 0.028966327229709314
0.0028936539615399344 0.0033362128027166304
0.0028936539615399344 0.0033362128027166304
0.20554304948573812 0.2351264058690111
0.20554304948573812 0.2351264058690111
0.00018723643280552516 0.00010638433682132112
0.8937603458767559 0.895232705098363
4.255373472852845e-06 4.255373472852845e-06
0.20554304948573812 0.2351264058690111
0.20554304948573812 0.2351264058690111
0.20554304948573812 0.2351264058690111
0.20554304948573812 0.2351264058690111
0.20554304948573812 0.2351264058690111
0.20554304948573812 0.2351264058690111
4.255373472852845e-06 4.255373472852845e-06
0.5371557934782146 0.5376323953071741
0.5371557934782146 0.5376323953071741
0.5371557934782146 0.5376323953071741
0.5371557934782146 0.5376323953071741
2.1276867364264224e-05 5.957522861993983e-05
2.1276867364264224e-05 5.957522861993983e-05
2.1276867364264224e-05 5.957522861993983e-05