2.6275468122077025e-06 2.0739341147991214e-06
2.509275322440228e-06 2.074127052812871e-06
2.509275322440228e-06 2.074127052812871e-06
1.0188257661082785e-06 2.0741352868068527e-06
3.0291721666251753e-06 2.0747140129255663e-06
5.706023934562127e-06 2.0563032274090416e-06
3.338583170209706e-06 2.0741150195077536e-06
1.0081298134597318e-06 2.0743121146217187e-06
1.0954152144330484e-06 2.0781299097111486e-06
2.2818934636082122e-06 2.0741358469753694e-06
2.232080127899604e-06 2.0741407204483753e-06
2.232080127899604e-06 2.0741407204483753e-06
2.232080127899604e-06 2.0741407204483753e-06
9.274104751641438e-07 2.0741263185886076e-06
9.274104751641438e-07 2.0741263185886076e-06
9.274104751641438e-07 2.0741263185886076e-06
9.274104751641438e-07 2.0741263185886076e-06
9.274104751641438e-07 2.0741263185886076e-06
9.274104751641438e-07 2.0741263185886076e-06
9.274104751641438e-07 2.0741263185886076e-06
9.274104751641438e-07 2.0741263185886076e-06
2.5094711585823094e-06 2.074126734381201e-06
2.5094711585823094e-06 2.074126734381201e-06
5.028401226346831e-06 2.092065022668329e-06
8.357800183121155e-07 2.074222599267044e-06
8.357800183121155e-07 2.074222599267044e-06
2.517131418464449e-06 2.074138510503916e-06
2.517131418464449e-06 2.074138510503916e-06
2.517131418464449e-06 2.074138510503916e-06
2.517131418464449e-06 2.074138510503916e-06
2.517131418464449e-06 2.074138510503916e-06
2.517131418464449e-06 2.074138510503916e-06