1.7381931624999429e-06 2.0741236934711782e-06
1.7381931624999429e-06 2.0741236934711782e-06
1.7381931624999429e-06 2.0741236934711782e-06
1.7381931624999429e-06 2.0741236934711782e-06
1.7381931624999429e-06 2.0741236934711782e-06
1.7381931624999429e-06 2.0741236934711782e-06
1.7381931624999429e-06 2.0741236934711782e-06
1.7381931624999429e-06 2.0741236934711782e-06
1.7381931624999429e-06 2.0741236934711782e-06
1.7381931624999429e-06 2.0741236934711782e-06
1.7381931624999429e-06 2.0741236934711782e-06
1.7381931624999429e-06 2.0741236934711782e-06
1.7381931624999429e-06 2.0741236934711782e-06
1.7381931624999429e-06 2.0741236934711782e-06
1.7381931624999429e-06 2.0741236934711782e-06
1.7381931624999429e-06 2.0741236934711782e-06
1.7381931624999429e-06 2.0741236934711782e-06
1.7381931624999429e-06 2.0741236934711782e-06
1.7381931624999429e-06 2.0741236934711782e-06
1.7381931624999429e-06 2.0741236934711782e-06
1.7381931624999429e-06 2.0741236934711782e-06
1.7381931624999429e-06 2.0741236934711782e-06
1.7381931624999429e-06 2.0741236934711782e-06
1.7381931624999429e-06 2.0741236934711782e-06
1.7381931624999429e-06 2.0741236934711782e-06
1.7381931624999429e-06 2.0741236934711782e-06
1.7381931624999429e-06 2.0741236934711782e-06
1.7381931624999429e-06 2.0741236934711782e-06
1.7381931624999429e-06 2.0741236934711782e-06
1.7381931624999429e-06 2.0741236934711782e-06
1.7381931624999429e-06 2.0741236934711782e-06
1.7381931624999429e-06 2.0741236934711782e-06
1.7381931624999429e-06 2.0741236934711782e-06
1.7381931624999429e-06 2.0741236934711782e-06
1.7381931624999429e-06 2.0741236934711782e-06
1.7381931624999429e-06 2.0741236934711782e-06
1.7381931624999429e-06 2.0741236934711782e-06