0.0005245653639085453 0.0006414836894690327
0.0005245653639085453 0.0006414836894690327
0.000834464246143432 0.0006414932634402809
0.000834464246143432 0.0006414932634402809
6.9230502959604e-05 0.0006410468046705624
0.00047074016627055373 0.0006414848679338397
0.00047074016627055373 0.0006414848679338397
0.00047074016627055373 0.0006414848679338397
0.00047074016627055373 0.0006414848679338397
0.00047074016627055373 0.0006414848679338397
0.00047074016627055373 0.0006414848679338397
0.00047074016627055373 0.0006414848679338397
0.00047074016627055373 0.0006414848679338397
0.00047074016627055373 0.0006414848679338397
0.00047074016627055373 0.0006414848679338397
0.00047074016627055373 0.0006414848679338397
0.00047074016627055373 0.0006414848679338397
0.00047074016627055373 0.0006414848679338397
0.00047074016627055373 0.0006414848679338397
0.00047074016627055373 0.0006414848679338397
0.00047074016627055373 0.0006414848679338397
0.00047074016627055373 0.0006414848679338397
0.00047074016627055373 0.0006414848679338397
0.00047074016627055373 0.0006414848679338397
0.00047074016627055373 0.0006414848679338397
0.00047074016627055373 0.0006414848679338397
0.00047074016627055373 0.0006414848679338397
0.00047074016627055373 0.0006414848679338397
0.00047074016627055373 0.0006414848679338397
0.00047074016627055373 0.0006414848679338397
0.00047074016627055373 0.0006414848679338397
0.00047074016627055373 0.0006414848679338397
0.00047074016627055373 0.0006414848679338397
0.00047074016627055373 0.0006414848679338397
0.00047074016627055373 0.0006414848679338397
0.00047074016627055373 0.0006414848679338397
0.00047074016627055373 0.0006414848679338397
0.00047074016627055373 0.0006414848679338397
0.00047074016627055373 0.0006414848679338397
0.00047074016627055373 0.0006414848679338397
0.00047074016627055373 0.0006414848679338397
0.00047074016627055373 0.0006414848679338397
0.00047074016627055373 0.0006414848679338397
0.00047074016627055373 0.0006414848679338397
0.0005382743378438701 0.0006414857474338957
0.0005382743378438701 0.0006414857474338957
0.00022356213115904452 0.0006414867606224204
0.00022356213115904452 0.0006414867606224204
0.00034272481516181666 0.00015083397990509263
0.00034272481516181666 0.00015083397990509263
0.009221269632973322 1.513200611883302e-05
0.0004103528455905866 0.0005742799247456621
0.050469036657551314 0.0006355442569909868
0.00034272481516181666 0.00015083397990509263
0.00034272481516181666 0.00015083397990509263
0.00034272481516181666 0.00015083397990509263
0.00034272481516181666 0.00015083397990509263
0.00034272481516181666 0.00015083397990509263
0.00034272481516181666 0.00015083397990509263
0.003426909896500398 0.0006355442569909868
0.0003685390367801567 0.0003448852481899005
0.0003685390367801567 0.0003448852481899005
0.0003685390367801567 0.0003448852481899005
0.0003685390367801567 0.0003448852481899005
0.006279206618436083 2.7632358999608123e-05
0.006279206618436083 2.7632358999608123e-05
0.006279206618436083 2.7632358999608123e-05
1.1333710868659328e-05 8.342255565796675e-06
1.1333710868659328e-05 8.342255565796675e-06
1.1333710868659328e-05 8.342255565796675e-06
1.1333710868659328e-05 8.342255565796675e-06
1.8029357534311584e-05 8.342380071713572e-06
1.8029357534311584e-05 8.342380071713572e-06
1.8029357534311584e-05 8.342380071713572e-06
1.8029357534311584e-05 8.342380071713572e-06
1.4957878613823473e-06 8.336574042319956e-06
1.4957878613823473e-06 8.336574042319956e-06
1.0170768613127952e-05 8.342270891290926e-06
1.0170768613127952e-05 8.342270891290926e-06
1.0170768613127952e-05 8.342270891290926e-06
1.0170768613127952e-05 8.342270891290926e-06
1.0170768613127952e-05 8.342270891290926e-06
1.0170768613127952e-05 8.342270891290926e-06
1.0170768613127952e-05 8.342270891290926e-06
1.0170768613127952e-05 8.342270891290926e-06
1.0170768613127952e-05 8.342270891290926e-06
1.0170768613127952e-05 8.342270891290926e-06
1.0170768613127952e-05 8.342270891290926e-06
1.0170768613127952e-05 8.342270891290926e-06
1.0170768613127952e-05 8.342270891290926e-06
1.0170768613127952e-05 8.342270891290926e-06
1.0170768613127952e-05 8.342270891290926e-06
1.0170768613127952e-05 8.342270891290926e-06
1.0170768613127952e-05 8.342270891290926e-06
1.0170768613127952e-05 8.342270891290926e-06
1.0170768613127952e-05 8.342270891290926e-06
1.0170768613127952e-05 8.342270891290926e-06
1.0170768613127952e-05 8.342270891290926e-06
1.0170768613127952e-05 8.342270891290926e-06
1.0170768613127952e-05 8.342270891290926e-06
1.0170768613127952e-05 8.342270891290926e-06
1.0170768613127952e-05 8.342270891290926e-06
1.0170768613127952e-05 8.342270891290926e-06
1.0170768613127952e-05 8.342270891290926e-06
1.0170768613127952e-05 8.342270891290926e-06
1.0170768613127952e-05 8.342270891290926e-06
1.0170768613127952e-05 8.342270891290926e-06
1.0170768613127952e-05 8.342270891290926e-06
1.0170768613127952e-05 8.342270891290926e-06
1.0170768613127952e-05 8.342270891290926e-06
1.0170768613127952e-05 8.342270891290926e-06
1.0170768613127952e-05 8.342270891290926e-06
1.0170768613127952e-05 8.342270891290926e-06
1.0170768613127952e-05 8.342270891290926e-06
1.0170768613127952e-05 8.342270891290926e-06
1.0170768613127952e-05 8.342270891290926e-06
1.0170768613127952e-05 8.342270891290926e-06
1.0170768613127952e-05 8.342270891290926e-06
1.0170768613127952e-05 8.342270891290926e-06
1.0170768613127952e-05 8.342270891290926e-06
1.0170768613127952e-05 8.342270891290926e-06
1.0170768613127952e-05 8.342270891290926e-06
1.0170768613127952e-05 8.342270891290926e-06
1.0170768613127952e-05 8.342270891290926e-06
1.0170768613127952e-05 8.342270891290926e-06
1.0170768613127952e-05 8.342270891290926e-06
1.0170768613127952e-05 8.342270891290926e-06
1.0170768613127952e-05 8.342270891290926e-06
1.0170768613127952e-05 8.342270891290926e-06
1.0170768613127952e-05 8.342270891290926e-06
1.0170768613127952e-05 8.342270891290926e-06
1.0170768613127952e-05 8.342270891290926e-06
1.0170768613127952e-05 8.342270891290926e-06
1.0170768613127952e-05 8.342270891290926e-06
1.0170768613127952e-05 8.342270891290926e-06
1.0170768613127952e-05 8.342270891290926e-06
1.0170768613127952e-05 8.342270891290926e-06
1.0170768613127952e-05 8.342270891290926e-06
1.0170768613127952e-05 8.342270891290926e-06
1.0170768613127952e-05 8.342270891290926e-06
1.0170768613127952e-05 8.342270891290926e-06
1.0170768613127952e-05 8.342270891290926e-06
1.0170768613127952e-05 8.342270891290926e-06
1.0170768613127952e-05 8.342270891290926e-06
1.0170768613127952e-05 8.342270891290926e-06
1.0170768613127952e-05 8.342270891290926e-06
1.0170768613127952e-05 8.342270891290926e-06
1.0170768613127952e-05 8.342270891290926e-06
1.0170768613127952e-05 8.342270891290926e-06
1.0170768613127952e-05 8.342270891290926e-06
1.0170768613127952e-05 8.342270891290926e-06
1.0170768613127952e-05 8.342270891290926e-06
1.0170768613127952e-05 8.342270891290926e-06
1.0170768613127952e-05 8.342270891290926e-06
1.0170768613127952e-05 8.342270891290926e-06
1.1629905695041437e-05 8.342282328860358e-06
1.1629905695041437e-05 8.342282328860358e-06
1.1629905695041437e-05 8.342282328860358e-06
1.1629905695041437e-05 8.342282328860358e-06
4.83026278528686e-06 8.342295504998346e-06
4.83026278528686e-06 8.342295504998346e-06
4.83026278528686e-06 8.342295504998346e-06
4.83026278528686e-06 8.342295504998346e-06
7.404880744730132e-06 1.9615395200710965e-06
7.404880744730132e-06 1.9615395200710965e-06
7.404880744730132e-06 1.9615395200710965e-06
7.404880744730132e-06 1.9615395200710965e-06
0.00019923390115457343 1.967860825440333e-07
0.00019923390115457343 1.967860825440333e-07
8.866045732417354e-06 7.468295729389809e-06
8.866045732417354e-06 7.468295729389809e-06
0.0010904293509477311 8.2650154668494e-06
0.0010904293509477311 8.2650154668494e-06
7.404880744730132e-06 1.9615395200710965e-06
7.404880744730132e-06 1.9615395200710965e-06
7.404880744730132e-06 1.9615395200710965e-06
7.404880744730132e-06 1.9615395200710965e-06
7.404880744730132e-06 1.9615395200710965e-06
7.404880744730132e-06 1.9615395200710965e-06
7.404880744730132e-06 1.9615395200710965e-06
7.404880744730132e-06 1.9615395200710965e-06
7.404880744730132e-06 1.9615395200710965e-06
7.404880744730132e-06 1.9615395200710965e-06
7.404880744730132e-06 1.9615395200710965e-06
7.404880744730132e-06 1.9615395200710965e-06
7.404149913842619e-05 8.2650154668494e-06
7.404149913842619e-05 8.2650154668494e-06
7.96262043600866e-06 4.485103718934473e-06
7.96262043600866e-06 4.485103718934473e-06
7.96262043600866e-06 4.485103718934473e-06
7.96262043600866e-06 4.485103718934473e-06
7.96262043600866e-06 4.485103718934473e-06
7.96262043600866e-06 4.485103718934473e-06
7.96262043600866e-06 4.485103718934473e-06
7.96262043600866e-06 4.485103718934473e-06
0.0001356679590273789 3.5934849855866953e-07
0.0001356679590273789 3.5934849855866953e-07
0.0001356679590273789 3.5934849855866953e-07
0.0001356679590273789 3.5934849855866953e-07
0.0001356679590273789 3.5934849855866953e-07
0.0001356679590273789 3.5934849855866953e-07
0.0008505932194630649 0.001263548389362697
0.0008505932194630649 0.001263548389362697
0.001353100449418366 0.0012635672474820055
0.001353100449418366 0.0012635672474820055
0.0001122586439155815 0.0012626878451391936
0.0007633145859558838 0.001263550710617833
0.0007633145859558838 0.001263550710617833
0.0007633145859558838 0.001263550710617833
0.0007633145859558838 0.001263550710617833
0.0007633145859558838 0.001263550710617833
0.0007633145859558838 0.001263550710617833
0.0007633145859558838 0.001263550710617833
0.0007633145859558838 0.001263550710617833
0.0007633145859558838 0.001263550710617833
0.0007633145859558838 0.001263550710617833
0.0007633145859558838 0.001263550710617833
0.0007633145859558838 0.001263550710617833
0.0007633145859558838 0.001263550710617833
0.0007633145859558838 0.001263550710617833
0.0007633145859558838 0.001263550710617833
0.0007633145859558838 0.001263550710617833
0.0007633145859558838 0.001263550710617833
0.0007633145859558838 0.001263550710617833
0.0007633145859558838 0.001263550710617833
0.0007633145859558838 0.001263550710617833
0.0007633145859558838 0.001263550710617833
0.0007633145859558838 0.001263550710617833
0.0007633145859558838 0.001263550710617833
0.0007633145859558838 0.001263550710617833
0.0007633145859558838 0.001263550710617833
0.0007633145859558838 0.001263550710617833
0.0007633145859558838 0.001263550710617833
0.0007633145859558838 0.001263550710617833
0.0007633145859558838 0.001263550710617833
0.0007633145859558838 0.001263550710617833
0.0007633145859558838 0.001263550710617833
0.0007633145859558838 0.001263550710617833
0.0007633145859558838 0.001263550710617833
0.0007633145859558838 0.001263550710617833
0.0007633145859558838 0.001263550710617833
0.0007633145859558838 0.001263550710617833
0.0007633145859558838 0.001263550710617833
0.0007633145859558838 0.001263550710617833
0.0007633145859558838 0.001263550710617833
0.0008728225946324407 0.0012635524429937257
0.0008728225946324407 0.0012635524429937257
0.0003625104629015288 0.0012635544386995394
0.0003625104629015288 0.0012635544386995394
0.0005557351361253773 0.0002971019146690956
0.0005557351361253773 0.0002971019146690956
0.014952472969632145 2.9805936258650496e-05
0.0006653953388115433 0.001131175251792184
0.08183655141445892 0.001251849322863321
0.0005557351361253773 0.0002971019146690956
0.0005557351361253773 0.0002971019146690956
0.0005557351361253773 0.0002971019146690956
0.0005557351361253773 0.0002971019146690956
0.0005557351361253773 0.0002971019146690956
0.0005557351361253773 0.0002971019146690956
0.005556802873821284 0.001251849322863321
0.000597593412300289 0.0006793301326585636
0.000597593412300289 0.0006793301326585636
0.000597593412300289 0.0006793301326585636
0.000597593412300289 0.0006793301326585636
0.010181859003143242 5.4428231428840035e-05
0.010181859003143242 5.4428231428840035e-05
0.010181859003143242 5.4428231428840035e-05
0.0006307666513196239 0.003500252111390296
0.0006307666513196239 0.003500252111390296
0.0010034063520015654 0.0035003043517100826
0.0010034063520015654 0.0035003043517100826
8.324661810613944e-05 0.003497868251966613
0.0005660442315667025 0.003500258541676828
0.0005660442315667025 0.003500258541676828
0.0005660442315667025 0.003500258541676828
0.0005660442315667025 0.003500258541676828
0.0005660442315667025 0.003500258541676828
0.0005660442315667025 0.003500258541676828
0.0005660442315667025 0.003500258541676828
0.0005660442315667025 0.003500258541676828
0.0005660442315667025 0.003500258541676828
0.0005660442315667025 0.003500258541676828
0.0005660442315667025 0.003500258541676828
0.0005660442315667025 0.003500258541676828
0.0005660442315667025 0.003500258541676828
0.0005660442315667025 0.003500258541676828
0.0005660442315667025 0.003500258541676828
0.0005660442315667025 0.003500258541676828
0.0005660442315667025 0.003500258541676828
0.0005660442315667025 0.003500258541676828
0.0005660442315667025 0.003500258541676828
0.0005660442315667025 0.003500258541676828
0.0005660442315667025 0.003500258541676828
0.0005660442315667025 0.003500258541676828
0.0005660442315667025 0.003500258541676828
0.0005660442315667025 0.003500258541676828
0.0005660442315667025 0.003500258541676828
0.0005660442315667025 0.003500258541676828
0.0005660442315667025 0.003500258541676828
0.0005660442315667025 0.003500258541676828
0.0005660442315667025 0.003500258541676828
0.0005660442315667025 0.003500258541676828
0.0005660442315667025 0.003500258541676828
0.0005660442315667025 0.003500258541676828
0.0005660442315667025 0.003500258541676828
0.0005660442315667025 0.003500258541676828
0.0005660442315667025 0.003500258541676828
0.0005660442315667025 0.003500258541676828
0.0005660442315667025 0.003500258541676828
0.0005660442315667025 0.003500258541676828
0.0005660442315667025 0.003500258541676828
0.0006472510862006894 0.0035002633406638925
0.0006472510862006894 0.0035002633406638925
0.0002688235757358434 0.0035002688691213282
0.0002688235757358434 0.0035002688691213282
0.0004121114333073766 0.0008230247554216088
0.0004121114333073766 0.0008230247554216088
0.011088168925159887 8.256770551852519e-05
0.0004934311490641604 0.003133555150535284
0.06068678459937565 0.0034678436317780582
0.0004121114333073766 0.0008230247554216088
0.0004121114333073766 0.0008230247554216088
0.0004121114333073766 0.0008230247554216088
0.0004121114333073766 0.0008230247554216088
0.0004121114333073766 0.0008230247554216088
0.0004121114333073766 0.0008230247554216088
0.0041207075962539025 0.0034678436317780582
0.0004431518931755233 0.0018818643996440095
0.0004431518931755233 0.0018818643996440095
0.0004431518931755233 0.0018818643996440095
0.0004431518931755233 0.0018818643996440095
0.007550468262226847 0.00015077581007730688
0.007550468262226847 0.00015077581007730688
0.007550468262226847 0.00015077581007730688
0.010687001973169227 0.1542055513518058
0.010687001973169227 0.1542055513518058
0.017000590695936253 0.15420785282811642
0.017000590695936253 0.15420785282811642
0.0014104372355430183 0.1541005291005291
0.009590417957256719 0.15420583464165136
0.009590417957256719 0.15420583464165136
0.009590417957256719 0.15420583464165136
0.009590417957256719 0.15420583464165136
0.009590417957256719 0.15420583464165136
0.009590417957256719 0.15420583464165136
0.009590417957256719 0.15420583464165136
0.009590417957256719 0.15420583464165136
0.009590417957256719 0.15420583464165136
0.009590417957256719 0.15420583464165136
0.009590417957256719 0.15420583464165136
0.009590417957256719 0.15420583464165136
0.009590417957256719 0.15420583464165136
0.009590417957256719 0.15420583464165136
0.009590417957256719 0.15420583464165136
0.009590417957256719 0.15420583464165136
0.009590417957256719 0.15420583464165136
0.009590417957256719 0.15420583464165136
0.009590417957256719 0.15420583464165136
0.009590417957256719 0.15420583464165136
0.009590417957256719 0.15420583464165136
0.009590417957256719 0.15420583464165136
0.009590417957256719 0.15420583464165136
0.009590417957256719 0.15420583464165136
0.009590417957256719 0.15420583464165136
0.009590417957256719 0.15420583464165136
0.009590417957256719 0.15420583464165136
0.009590417957256719 0.15420583464165136
0.009590417957256719 0.15420583464165136
0.009590417957256719 0.15420583464165136
0.009590417957256719 0.15420583464165136
0.009590417957256719 0.15420583464165136
0.009590417957256719 0.15420583464165136
0.009590417957256719 0.15420583464165136
0.009590417957256719 0.15420583464165136
0.009590417957256719 0.15420583464165136
0.009590417957256719 0.15420583464165136
0.009590417957256719 0.15420583464165136
0.009590417957256719 0.15420583464165136
0.010966295730586434 0.1542060460636926
0.010966295730586434 0.1542060460636926
0.004554644856878447 0.1542062896229563
0.004554644856878447 0.1542062896229563
0.006982353445140848 0.03625881283607421
0.006982353445140848 0.03625881283607421
0.1878654854915136 0.0036375661375661374
0.008360143410625145 0.13805051302080446
1.0282087447108603 0.1527777777777778
0.006982353445140848 0.03625881283607421
0.006982353445140848 0.03625881283607421
0.006982353445140848 0.03625881283607421
0.006982353445140848 0.03625881283607421
0.006982353445140848 0.03625881283607421
0.006982353445140848 0.03625881283607421
0.06981664315937941 0.1527777777777778
0.007508268147772883 0.08290658160653887
0.007508268147772883 0.08290658160653887
0.007508268147772883 0.08290658160653887
0.007508268147772883 0.08290658160653887
0.12792665726375177 0.006642512077294686
0.12792665726375177 0.006642512077294686
0.12792665726375177 0.006642512077294686
5.126093874042365e-05 6.561124031491374e-05
5.126093874042365e-05 6.561124031491374e-05
8.154450054405403e-05 6.561221954499963e-05
8.154450054405403e-05 6.561221954499963e-05
6.76525904176871e-06 6.556655554120408e-05
4.600109821596745e-05 6.561136084882431e-05
4.600109821596745e-05 6.561136084882431e-05
4.600109821596745e-05 6.561136084882431e-05
4.600109821596745e-05 6.561136084882431e-05
4.600109821596745e-05 6.561136084882431e-05
4.600109821596745e-05 6.561136084882431e-05
4.600109821596745e-05 6.561136084882431e-05
4.600109821596745e-05 6.561136084882431e-05
4.600109821596745e-05 6.561136084882431e-05
4.600109821596745e-05 6.561136084882431e-05
4.600109821596745e-05 6.561136084882431e-05
4.600109821596745e-05 6.561136084882431e-05
4.600109821596745e-05 6.561136084882431e-05
4.600109821596745e-05 6.561136084882431e-05
4.600109821596745e-05 6.561136084882431e-05
4.600109821596745e-05 6.561136084882431e-05
4.600109821596745e-05 6.561136084882431e-05
4.600109821596745e-05 6.561136084882431e-05
4.600109821596745e-05 6.561136084882431e-05
4.600109821596745e-05 6.561136084882431e-05
4.600109821596745e-05 6.561136084882431e-05
4.600109821596745e-05 6.561136084882431e-05
4.600109821596745e-05 6.561136084882431e-05
4.600109821596745e-05 6.561136084882431e-05
4.600109821596745e-05 6.561136084882431e-05
4.600109821596745e-05 6.561136084882431e-05
4.600109821596745e-05 6.561136084882431e-05
4.600109821596745e-05 6.561136084882431e-05
4.600109821596745e-05 6.561136084882431e-05
4.600109821596745e-05 6.561136084882431e-05
4.600109821596745e-05 6.561136084882431e-05
4.600109821596745e-05 6.561136084882431e-05
4.600109821596745e-05 6.561136084882431e-05
4.600109821596745e-05 6.561136084882431e-05
4.600109821596745e-05 6.561136084882431e-05
4.600109821596745e-05 6.561136084882431e-05
4.600109821596745e-05 6.561136084882431e-05
4.600109821596745e-05 6.561136084882431e-05
4.600109821596745e-05 6.561136084882431e-05
5.2600590424356166e-05 6.561145080448565e-05
5.2600590424356166e-05 6.561145080448565e-05
2.1846666780729962e-05 6.561155443386372e-05
2.1846666780729962e-05 6.561155443386372e-05
3.3491337712292886e-05 1.5427367313733774e-05
3.3491337712292886e-05 1.5427367313733774e-05
0.0009011097001196311 1.5477083926035298e-06
4.010000188164334e-05 5.873760902900893e-05
0.004931873841449389 6.500375248934824e-05
3.3491337712292886e-05 1.5427367313733774e-05
3.3491337712292886e-05 1.5427367313733774e-05
3.3491337712292886e-05 1.5427367313733774e-05
3.3491337712292886e-05 1.5427367313733774e-05
3.3491337712292886e-05 1.5427367313733774e-05
3.3491337712292886e-05 1.5427367313733774e-05
0.0003348803225675511 6.500375248934824e-05
3.6013923693093844e-05 3.527501832320338e-05
3.6013923693093844e-05 3.527501832320338e-05
3.6013923693093844e-05 3.527501832320338e-05
3.6013923693093844e-05 3.527501832320338e-05
0.0006136089950884219 2.8262501082325324e-06
0.0006136089950884219 2.8262501082325324e-06
0.0006136089950884219 2.8262501082325324e-06
0.0003099202159223258 0.0007791438384091241
0.0003099202159223258 0.0007791438384091241
0.0004930126103204206 0.0007791554669210093
0.0004930126103204206 0.0007791554669210093
4.090230484487801e-05 0.0007786131996658312
0.0002781195710041521 0.0007791452697683437
0.0002781195710041521 0.0007791452697683437
0.0002781195710041521 0.0007791452697683437
0.0002781195710041521 0.0007791452697683437
0.0002781195710041521 0.0007791452697683437
0.0002781195710041521 0.0007791452697683437
0.0002781195710041521 0.0007791452697683437
0.0002781195710041521 0.0007791452697683437
0.0002781195710041521 0.0007791452697683437
0.0002781195710041521 0.0007791452697683437
0.0002781195710041521 0.0007791452697683437
0.0002781195710041521 0.0007791452697683437
0.0002781195710041521 0.0007791452697683437
0.0002781195710041521 0.0007791452697683437
0.0002781195710041521 0.0007791452697683437
0.0002781195710041521 0.0007791452697683437
0.0002781195710041521 0.0007791452697683437
0.0002781195710041521 0.0007791452697683437
0.0002781195710041521 0.0007791452697683437
0.0002781195710041521 0.0007791452697683437
0.0002781195710041521 0.0007791452697683437
0.0002781195710041521 0.0007791452697683437
0.0002781195710041521 0.0007791452697683437
0.0002781195710041521 0.0007791452697683437
0.0002781195710041521 0.0007791452697683437
0.0002781195710041521 0.0007791452697683437
0.0002781195710041521 0.0007791452697683437
0.0002781195710041521 0.0007791452697683437
0.0002781195710041521 0.0007791452697683437
0.0002781195710041521 0.0007791452697683437
0.0002781195710041521 0.0007791452697683437
0.0002781195710041521 0.0007791452697683437
0.0002781195710041521 0.0007791452697683437
0.0002781195710041521 0.0007791452697683437
0.0002781195710041521 0.0007791452697683437
0.0002781195710041521 0.0007791452697683437
0.0002781195710041521 0.0007791452697683437
0.0002781195710041521 0.0007791452697683437
0.0002781195710041521 0.0007791452697683437
0.00031801966063299515 0.0007791463380060258
0.00031801966063299515 0.0007791463380060258
0.00013208348992890437 0.0007791475686212528
0.00013208348992890437 0.0007791475686212528
0.00020248639354581512 0.00018320242275069075
0.00020248639354581512 0.00018320242275069075
0.005448049132400072 1.8379281537176274e-05
0.00024244193623875607 0.0006975183815788014
0.02981778023191607 0.0007719298245614035
0.00020248639354581512 0.00018320242275069075
0.00020248639354581512 0.00018320242275069075
0.00020248639354581512 0.00018320242275069075
0.00020248639354581512 0.00018320242275069075
0.00020248639354581512 0.00018320242275069075
0.00020248639354581512 0.00018320242275069075
0.0020246640898214613 0.0007719298245614035
0.00021773778009984146 0.0004188964123277753
0.00021773778009984146 0.0004188964123277753
0.00021773778009984146 0.0004188964123277753
0.00021773778009984146 0.0004188964123277753
0.0037098390494304354 3.3562166285278415e-05
0.0037098390494304354 3.3562166285278415e-05
0.0037098390494304354 3.3562166285278415e-05
0.001768487431200136 0.015506703487891087
0.001768487431200136 0.015506703487891087
0.002813261478216549 0.015506934921263104
0.002813261478216549 0.015506934921263104
0.00023339946318123468 0.015496142591114658
0.0015870244676613405 0.015506731975138126
0.0015870244676613405 0.015506731975138126
0.0015870244676613405 0.015506731975138126
0.0015870244676613405 0.015506731975138126
0.0015870244676613405 0.015506731975138126
0.0015870244676613405 0.015506731975138126
0.0015870244676613405 0.015506731975138126
0.0015870244676613405 0.015506731975138126
0.0015870244676613405 0.015506731975138126
0.0015870244676613405 0.015506731975138126
0.0015870244676613405 0.015506731975138126
0.0015870244676613405 0.015506731975138126
0.0015870244676613405 0.015506731975138126
0.0015870244676613405 0.015506731975138126
0.0015870244676613405 0.015506731975138126
0.0015870244676613405 0.015506731975138126
0.0015870244676613405 0.015506731975138126
0.0015870244676613405 0.015506731975138126
0.0015870244676613405 0.015506731975138126
0.0015870244676613405 0.015506731975138126
0.0015870244676613405 0.015506731975138126
0.0015870244676613405 0.015506731975138126
0.0015870244676613405 0.015506731975138126
0.0015870244676613405 0.015506731975138126
0.0015870244676613405 0.015506731975138126
0.0015870244676613405 0.015506731975138126
0.0015870244676613405 0.015506731975138126
0.0015870244676613405 0.015506731975138126
0.0015870244676613405 0.015506731975138126
0.0015870244676613405 0.015506731975138126
0.0015870244676613405 0.015506731975138126
0.0015870244676613405 0.015506731975138126
0.0015870244676613405 0.015506731975138126
0.0015870244676613405 0.015506731975138126
0.0015870244676613405 0.015506731975138126
0.0015870244676613405 0.015506731975138126
0.0015870244676613405 0.015506731975138126
0.0015870244676613405 0.015506731975138126
0.0015870244676613405 0.015506731975138126
0.0018147050234533276 0.015506753235455122
0.0018147050234533276 0.015506753235455122
0.00075370363018481 0.015506777727448118
0.00075370363018481 0.015506777727448118
0.0011554413799988005 0.0036461376036275744
0.0011554413799988005 0.0036461376036275744
0.031088021755976927 0.00036578877361000264
0.0013834383657680542 0.01388217449371218
0.1701482086591201 0.015363128491620111
0.0011554413799988005 0.0036461376036275744
0.0011554413799988005 0.0036461376036275744
0.0011554413799988005 0.0036461376036275744
0.0011554413799988005 0.0036461376036275744
0.0011554413799988005 0.0036461376036275744
0.0011554413799988005 0.0036461376036275744
0.011553273427471117 0.015363128491620111
0.0012424698603736664 0.008336974686691059
0.0012424698603736664 0.008336974686691059
0.0012424698603736664 0.008336974686691059
0.0012424698603736664 0.008336974686691059
0.021169331310537987 0.0006679621083313092
0.021169331310537987 0.0006679621083313092
0.021169331310537987 0.0006679621083313092
2.5641831893308502e-05 3.728524312354765e-05
2.5641831893308502e-05 3.728524312354765e-05
4.07903254632663e-05 3.7285799595756536e-05
4.07903254632663e-05 3.7285799595756536e-05
3.384129111293854e-06 3.725984987318858e-05
2.301074573242711e-05 3.728531161998421e-05
2.301074573242711e-05 3.728531161998421e-05
2.301074573242711e-05 3.728531161998421e-05
2.301074573242711e-05 3.728531161998421e-05
2.301074573242711e-05 3.728531161998421e-05
2.301074573242711e-05 3.728531161998421e-05
2.301074573242711e-05 3.728531161998421e-05
2.301074573242711e-05 3.728531161998421e-05
2.301074573242711e-05 3.728531161998421e-05
2.301074573242711e-05 3.728531161998421e-05
2.301074573242711e-05 3.728531161998421e-05
2.301074573242711e-05 3.728531161998421e-05
2.301074573242711e-05 3.728531161998421e-05
2.301074573242711e-05 3.728531161998421e-05
2.301074573242711e-05 3.728531161998421e-05
2.301074573242711e-05 3.728531161998421e-05
2.301074573242711e-05 3.728531161998421e-05
2.301074573242711e-05 3.728531161998421e-05
2.301074573242711e-05 3.728531161998421e-05
2.301074573242711e-05 3.728531161998421e-05
2.301074573242711e-05 3.728531161998421e-05
2.301074573242711e-05 3.728531161998421e-05
2.301074573242711e-05 3.728531161998421e-05
2.301074573242711e-05 3.728531161998421e-05
2.301074573242711e-05 3.728531161998421e-05
2.301074573242711e-05 3.728531161998421e-05
2.301074573242711e-05 3.728531161998421e-05
2.301074573242711e-05 3.728531161998421e-05
2.301074573242711e-05 3.728531161998421e-05
2.301074573242711e-05 3.728531161998421e-05
2.301074573242711e-05 3.728531161998421e-05
2.301074573242711e-05 3.728531161998421e-05
2.301074573242711e-05 3.728531161998421e-05
2.301074573242711e-05 3.728531161998421e-05
2.301074573242711e-05 3.728531161998421e-05
2.301074573242711e-05 3.728531161998421e-05
2.301074573242711e-05 3.728531161998421e-05
2.301074573242711e-05 3.728531161998421e-05
2.301074573242711e-05 3.728531161998421e-05
2.6311954683078955e-05 3.7285362739558964e-05
2.6311954683078955e-05 3.7285362739558964e-05
1.092817593250293e-05 3.7285421629568315e-05
1.092817593250293e-05 3.7285421629568315e-05
1.675309256136225e-05 8.76699081267158e-06
1.675309256136225e-05 8.76699081267158e-06
0.0004507545904475617 8.795243532297733e-07
2.005888952555602e-05 3.337912867720438e-05
0.0024670301221332196 3.694002283565048e-05
1.675309256136225e-05 8.76699081267158e-06
1.675309256136225e-05 8.76699081267158e-06
1.675309256136225e-05 8.76699081267158e-06
1.675309256136225e-05 8.76699081267158e-06
1.675309256136225e-05 8.76699081267158e-06
1.675309256136225e-05 8.76699081267158e-06
0.0001675143910090458 3.694002283565048e-05
1.8014944709323526e-05 2.0045919389048287e-05
1.8014944709323526e-05 2.0045919389048287e-05
1.8014944709323526e-05 2.0045919389048287e-05
1.8014944709323526e-05 2.0045919389048287e-05
0.00030694051039435255 1.6060879493761078e-06
0.00030694051039435255 1.6060879493761078e-06
0.00030694051039435255 1.6060879493761078e-06
7.633611290583755e-05 0.00011136878545679799
7.633611290583755e-05 0.00011136878545679799
7.633611290583755e-05 0.00011136878545679799
7.633611290583755e-05 0.00011136878545679799
7.633611290583755e-05 0.00011136878545679799
7.633611290583755e-05 0.00011136878545679799
0.00012143340237880308 0.00011137044760591793
0.00012143340237880308 0.00011137044760591793
0.00012143340237880308 0.00011137044760591793
0.00012143340237880308 0.00011137044760591793
0.00012143340237880308 0.00011137044760591793
0.00012143340237880308 0.00011137044760591793
1.0074602431001567e-05 0.00011129293734064333
1.0074602431001567e-05 0.00011129293734064333
1.0074602431001567e-05 0.00011129293734064333
6.850333047914823e-05 0.00011136899005154672
6.850333047914823e-05 0.00011136899005154672
6.850333047914823e-05 0.00011136899005154672
6.850333047914823e-05 0.00011136899005154672
6.850333047914823e-05 0.00011136899005154672
6.850333047914823e-05 0.00011136899005154672
6.850333047914823e-05 0.00011136899005154672
6.850333047914823e-05 0.00011136899005154672
6.850333047914823e-05 0.00011136899005154672
6.850333047914823e-05 0.00011136899005154672
6.850333047914823e-05 0.00011136899005154672
6.850333047914823e-05 0.00011136899005154672
6.850333047914823e-05 0.00011136899005154672
6.850333047914823e-05 0.00011136899005154672
6.850333047914823e-05 0.00011136899005154672
6.850333047914823e-05 0.00011136899005154672
6.850333047914823e-05 0.00011136899005154672
6.850333047914823e-05 0.00011136899005154672
6.850333047914823e-05 0.00011136899005154672
6.850333047914823e-05 0.00011136899005154672
6.850333047914823e-05 0.00011136899005154672
6.850333047914823e-05 0.00011136899005154672
6.850333047914823e-05 0.00011136899005154672
6.850333047914823e-05 0.00011136899005154672
6.850333047914823e-05 0.00011136899005154672
6.850333047914823e-05 0.00011136899005154672
6.850333047914823e-05 0.00011136899005154672
6.850333047914823e-05 0.00011136899005154672
6.850333047914823e-05 0.00011136899005154672
6.850333047914823e-05 0.00011136899005154672
6.850333047914823e-05 0.00011136899005154672
6.850333047914823e-05 0.00011136899005154672
6.850333047914823e-05 0.00011136899005154672
6.850333047914823e-05 0.00011136899005154672
6.850333047914823e-05 0.00011136899005154672
6.850333047914823e-05 0.00011136899005154672
6.850333047914823e-05 0.00011136899005154672
6.850333047914823e-05 0.00011136899005154672
6.850333047914823e-05 0.00011136899005154672
6.850333047914823e-05 0.00011136899005154672
6.850333047914823e-05 0.00011136899005154672
6.850333047914823e-05 0.00011136899005154672
6.850333047914823e-05 0.00011136899005154672
6.850333047914823e-05 0.00011136899005154672
6.850333047914823e-05 0.00011136899005154672
6.850333047914823e-05 0.00011136899005154672
6.850333047914823e-05 0.00011136899005154672
6.850333047914823e-05 0.00011136899005154672
6.850333047914823e-05 0.00011136899005154672
6.850333047914823e-05 0.00011136899005154672
6.850333047914823e-05 0.00011136899005154672
6.850333047914823e-05 0.00011136899005154672
6.850333047914823e-05 0.00011136899005154672
6.850333047914823e-05 0.00011136899005154672
6.850333047914823e-05 0.00011136899005154672
6.850333047914823e-05 0.00011136899005154672
6.850333047914823e-05 0.00011136899005154672
6.850333047914823e-05 0.00011136899005154672
6.850333047914823e-05 0.00011136899005154672
6.850333047914823e-05 0.00011136899005154672
6.850333047914823e-05 0.00011136899005154672
6.850333047914823e-05 0.00011136899005154672
6.850333047914823e-05 0.00011136899005154672
6.850333047914823e-05 0.00011136899005154672
6.850333047914823e-05 0.00011136899005154672
6.850333047914823e-05 0.00011136899005154672
6.850333047914823e-05 0.00011136899005154672
6.850333047914823e-05 0.00011136899005154672
6.850333047914823e-05 0.00011136899005154672
6.850333047914823e-05 0.00011136899005154672
6.850333047914823e-05 0.00011136899005154672
6.850333047914823e-05 0.00011136899005154672
6.850333047914823e-05 0.00011136899005154672
6.850333047914823e-05 0.00011136899005154672
6.850333047914823e-05 0.00011136899005154672
6.850333047914823e-05 0.00011136899005154672
6.850333047914823e-05 0.00011136899005154672
6.850333047914823e-05 0.00011136899005154672
6.850333047914823e-05 0.00011136899005154672
6.850333047914823e-05 0.00011136899005154672
6.850333047914823e-05 0.00011136899005154672
6.850333047914823e-05 0.00011136899005154672
6.850333047914823e-05 0.00011136899005154672
6.850333047914823e-05 0.00011136899005154672
6.850333047914823e-05 0.00011136899005154672
6.850333047914823e-05 0.00011136899005154672
6.850333047914823e-05 0.00011136899005154672
6.850333047914823e-05 0.00011136899005154672
6.850333047914823e-05 0.00011136899005154672
6.850333047914823e-05 0.00011136899005154672
6.850333047914823e-05 0.00011136899005154672
6.850333047914823e-05 0.00011136899005154672
6.850333047914823e-05 0.00011136899005154672
6.850333047914823e-05 0.00011136899005154672
6.850333047914823e-05 0.00011136899005154672
6.850333047914823e-05 0.00011136899005154672
6.850333047914823e-05 0.00011136899005154672
6.850333047914823e-05 0.00011136899005154672
6.850333047914823e-05 0.00011136899005154672
6.850333047914823e-05 0.00011136899005154672
6.850333047914823e-05 0.00011136899005154672
6.850333047914823e-05 0.00011136899005154672
6.850333047914823e-05 0.00011136899005154672
6.850333047914823e-05 0.00011136899005154672
6.850333047914823e-05 0.00011136899005154672
6.850333047914823e-05 0.00011136899005154672
6.850333047914823e-05 0.00011136899005154672
6.850333047914823e-05 0.00011136899005154672
6.850333047914823e-05 0.00011136899005154672
6.850333047914823e-05 0.00011136899005154672
6.850333047914823e-05 0.00011136899005154672
6.850333047914823e-05 0.00011136899005154672
6.850333047914823e-05 0.00011136899005154672
6.850333047914823e-05 0.00011136899005154672
6.850333047914823e-05 0.00011136899005154672
6.850333047914823e-05 0.00011136899005154672
6.850333047914823e-05 0.00011136899005154672
7.833107836515176e-05 0.00011136914274265119
7.833107836515176e-05 0.00011136914274265119
7.833107836515176e-05 0.00011136914274265119
7.833107836515176e-05 0.00011136914274265119
7.833107836515176e-05 0.00011136914274265119
7.833107836515176e-05 0.00011136914274265119
3.253334142854657e-05 0.00011136931864357788
3.253334142854657e-05 0.00011136931864357788
3.253334142854657e-05 0.00011136931864357788
3.253334142854657e-05 0.00011136931864357788
3.253334142854657e-05 0.00011136931864357788
3.253334142854657e-05 0.00011136931864357788
4.987420440970246e-05 2.6186475858099215e-05
4.987420440970246e-05 2.6186475858099215e-05
4.987420440970246e-05 2.6186475858099215e-05
4.987420440970246e-05 2.6186475858099215e-05
4.987420440970246e-05 2.6186475858099215e-05
4.987420440970246e-05 2.6186475858099215e-05
0.0013419030844753716 2.6270865037490914e-06
0.0013419030844753716 2.6270865037490914e-06
0.0013419030844753716 2.6270865037490914e-06
5.971561087989792e-05 9.970145582981844e-05
5.971561087989792e-05 9.970145582981844e-05
5.971561087989792e-05 9.970145582981844e-05
0.007344385172200142 0.00011033763315746183
0.007344385172200142 0.00011033763315746183
0.007344385172200142 0.00011033763315746183
4.987420440970246e-05 2.6186475858099215e-05
4.987420440970246e-05 2.6186475858099215e-05
4.987420440970246e-05 2.6186475858099215e-05
4.987420440970246e-05 2.6186475858099215e-05
4.987420440970246e-05 2.6186475858099215e-05
4.987420440970246e-05 2.6186475858099215e-05
4.987420440970246e-05 2.6186475858099215e-05
4.987420440970246e-05 2.6186475858099215e-05
4.987420440970246e-05 2.6186475858099215e-05
4.987420440970246e-05 2.6186475858099215e-05
4.987420440970246e-05 2.6186475858099215e-05
4.987420440970246e-05 2.6186475858099215e-05
4.987420440970246e-05 2.6186475858099215e-05
4.987420440970246e-05 2.6186475858099215e-05
4.987420440970246e-05 2.6186475858099215e-05
4.987420440970246e-05 2.6186475858099215e-05
4.987420440970246e-05 2.6186475858099215e-05
4.987420440970246e-05 2.6186475858099215e-05
0.0004986928203345775 0.00011033763315746183
0.0004986928203345775 0.00011033763315746183
0.0004986928203345775 0.00011033763315746183
5.36307569227225e-05 5.9875959191835e-05
5.36307569227225e-05 5.9875959191835e-05
5.36307569227225e-05 5.9875959191835e-05
5.36307569227225e-05 5.9875959191835e-05
5.36307569227225e-05 5.9875959191835e-05
5.36307569227225e-05 5.9875959191835e-05
5.36307569227225e-05 5.9875959191835e-05
5.36307569227225e-05 5.9875959191835e-05
5.36307569227225e-05 5.9875959191835e-05
5.36307569227225e-05 5.9875959191835e-05
5.36307569227225e-05 5.9875959191835e-05
5.36307569227225e-05 5.9875959191835e-05
0.0009137664404918421 4.797288398150515e-06
0.0009137664404918421 4.797288398150515e-06
0.0009137664404918421 4.797288398150515e-06
0.0009137664404918421 4.797288398150515e-06
0.0009137664404918421 4.797288398150515e-06
0.0009137664404918421 4.797288398150515e-06
0.0009137664404918421 4.797288398150515e-06
0.0009137664404918421 4.797288398150515e-06
0.0009137664404918421 4.797288398150515e-06
1.1913757743151839e-05 8.68678704925576e-06
1.1913757743151839e-05 8.68678704925576e-06
1.1913757743151839e-05 8.68678704925576e-06
1.1913757743151839e-05 8.68678704925576e-06
1.1913757743151839e-05 8.68678704925576e-06
1.1913757743151839e-05 8.68678704925576e-06
1.1913757743151839e-05 8.68678704925576e-06
1.1913757743151839e-05 8.68678704925576e-06
1.1913757743151839e-05 8.68678704925576e-06
1.1913757743151839e-05 8.68678704925576e-06
1.1913757743151839e-05 8.68678704925576e-06
1.1913757743151839e-05 8.68678704925576e-06
1.1913757743151839e-05 8.68678704925576e-06
1.1913757743151839e-05 8.68678704925576e-06
1.1913757743151839e-05 8.68678704925576e-06
1.1913757743151839e-05 8.68678704925576e-06
1.8952080251352493e-05 8.686916697212231e-06
1.8952080251352493e-05 8.686916697212231e-06
1.8952080251352493e-05 8.686916697212231e-06
1.8952080251352493e-05 8.686916697212231e-06
1.8952080251352493e-05 8.686916697212231e-06
1.8952080251352493e-05 8.686916697212231e-06
1.8952080251352493e-05 8.686916697212231e-06
1.8952080251352493e-05 8.686916697212231e-06
1.8952080251352493e-05 8.686916697212231e-06
1.8952080251352493e-05 8.686916697212231e-06
1.8952080251352493e-05 8.686916697212231e-06
1.8952080251352493e-05 8.686916697212231e-06
1.8952080251352493e-05 8.686916697212231e-06
1.8952080251352493e-05 8.686916697212231e-06
1.8952080251352493e-05 8.686916697212231e-06
1.8952080251352493e-05 8.686916697212231e-06
1.5723406413105774e-06 8.680870881359879e-06
1.5723406413105774e-06 8.680870881359879e-06
1.5723406413105774e-06 8.680870881359879e-06
1.5723406413105774e-06 8.680870881359879e-06
1.5723406413105774e-06 8.680870881359879e-06
1.5723406413105774e-06 8.680870881359879e-06
1.5723406413105774e-06 8.680870881359879e-06
1.5723406413105774e-06 8.680870881359879e-06
1.0691297380236799e-05 8.68680300768618e-06
1.0691297380236799e-05 8.68680300768618e-06
1.0691297380236799e-05 8.68680300768618e-06
1.0691297380236799e-05 8.68680300768618e-06
1.0691297380236799e-05 8.68680300768618e-06
1.0691297380236799e-05 8.68680300768618e-06
1.0691297380236799e-05 8.68680300768618e-06
1.0691297380236799e-05 8.68680300768618e-06
1.0691297380236799e-05 8.68680300768618e-06
1.0691297380236799e-05 8.68680300768618e-06
1.0691297380236799e-05 8.68680300768618e-06
1.0691297380236799e-05 8.68680300768618e-06
1.0691297380236799e-05 8.68680300768618e-06
1.0691297380236799e-05 8.68680300768618e-06
1.0691297380236799e-05 8.68680300768618e-06
1.0691297380236799e-05 8.68680300768618e-06
1.0691297380236799e-05 8.68680300768618e-06
1.0691297380236799e-05 8.68680300768618e-06
1.0691297380236799e-05 8.68680300768618e-06
1.0691297380236799e-05 8.68680300768618e-06
1.0691297380236799e-05 8.68680300768618e-06
1.0691297380236799e-05 8.68680300768618e-06
1.0691297380236799e-05 8.68680300768618e-06
1.0691297380236799e-05 8.68680300768618e-06
1.0691297380236799e-05 8.68680300768618e-06
1.0691297380236799e-05 8.68680300768618e-06
1.0691297380236799e-05 8.68680300768618e-06
1.0691297380236799e-05 8.68680300768618e-06
1.0691297380236799e-05 8.68680300768618e-06
1.0691297380236799e-05 8.68680300768618e-06
1.0691297380236799e-05 8.68680300768618e-06
1.0691297380236799e-05 8.68680300768618e-06
1.0691297380236799e-05 8.68680300768618e-06
1.0691297380236799e-05 8.68680300768618e-06
1.0691297380236799e-05 8.68680300768618e-06
1.0691297380236799e-05 8.68680300768618e-06
1.0691297380236799e-05 8.68680300768618e-06
1.0691297380236799e-05 8.68680300768618e-06
1.0691297380236799e-05 8.68680300768618e-06
1.0691297380236799e-05 8.68680300768618e-06
1.0691297380236799e-05 8.68680300768618e-06
1.0691297380236799e-05 8.68680300768618e-06
1.0691297380236799e-05 8.68680300768618e-06
1.0691297380236799e-05 8.68680300768618e-06
1.0691297380236799e-05 8.68680300768618e-06
1.0691297380236799e-05 8.68680300768618e-06
1.0691297380236799e-05 8.68680300768618e-06
1.0691297380236799e-05 8.68680300768618e-06
1.0691297380236799e-05 8.68680300768618e-06
1.0691297380236799e-05 8.68680300768618e-06
1.0691297380236799e-05 8.68680300768618e-06
1.0691297380236799e-05 8.68680300768618e-06
1.0691297380236799e-05 8.68680300768618e-06
1.0691297380236799e-05 8.68680300768618e-06
1.0691297380236799e-05 8.68680300768618e-06
1.0691297380236799e-05 8.68680300768618e-06
1.0691297380236799e-05 8.68680300768618e-06
1.0691297380236799e-05 8.68680300768618e-06
1.0691297380236799e-05 8.68680300768618e-06
1.0691297380236799e-05 8.68680300768618e-06
1.0691297380236799e-05 8.68680300768618e-06
1.0691297380236799e-05 8.68680300768618e-06
1.0691297380236799e-05 8.68680300768618e-06
1.0691297380236799e-05 8.68680300768618e-06
1.0691297380236799e-05 8.68680300768618e-06
1.0691297380236799e-05 8.68680300768618e-06
1.0691297380236799e-05 8.68680300768618e-06
1.0691297380236799e-05 8.68680300768618e-06
1.0691297380236799e-05 8.68680300768618e-06
1.0691297380236799e-05 8.68680300768618e-06
1.0691297380236799e-05 8.68680300768618e-06
1.0691297380236799e-05 8.68680300768618e-06
1.0691297380236799e-05 8.68680300768618e-06
1.0691297380236799e-05 8.68680300768618e-06
1.0691297380236799e-05 8.68680300768618e-06
1.0691297380236799e-05 8.68680300768618e-06
1.0691297380236799e-05 8.68680300768618e-06
1.0691297380236799e-05 8.68680300768618e-06
1.0691297380236799e-05 8.68680300768618e-06
1.0691297380236799e-05 8.68680300768618e-06
1.0691297380236799e-05 8.68680300768618e-06
1.0691297380236799e-05 8.68680300768618e-06
1.0691297380236799e-05 8.68680300768618e-06
1.0691297380236799e-05 8.68680300768618e-06
1.0691297380236799e-05 8.68680300768618e-06
1.0691297380236799e-05 8.68680300768618e-06
1.0691297380236799e-05 8.68680300768618e-06
1.0691297380236799e-05 8.68680300768618e-06
1.0691297380236799e-05 8.68680300768618e-06
1.0691297380236799e-05 8.68680300768618e-06
1.0691297380236799e-05 8.68680300768618e-06
1.0691297380236799e-05 8.68680300768618e-06
1.0691297380236799e-05 8.68680300768618e-06
1.0691297380236799e-05 8.68680300768618e-06
1.0691297380236799e-05 8.68680300768618e-06
1.0691297380236799e-05 8.68680300768618e-06
1.0691297380236799e-05 8.68680300768618e-06
1.0691297380236799e-05 8.68680300768618e-06
1.0691297380236799e-05 8.68680300768618e-06
1.0691297380236799e-05 8.68680300768618e-06
1.0691297380236799e-05 8.68680300768618e-06
1.0691297380236799e-05 8.68680300768618e-06
1.0691297380236799e-05 8.68680300768618e-06
1.0691297380236799e-05 8.68680300768618e-06
1.0691297380236799e-05 8.68680300768618e-06
1.0691297380236799e-05 8.68680300768618e-06
1.0691297380236799e-05 8.68680300768618e-06
1.0691297380236799e-05 8.68680300768618e-06
1.0691297380236799e-05 8.68680300768618e-06
1.0691297380236799e-05 8.68680300768618e-06
1.0691297380236799e-05 8.68680300768618e-06
1.0691297380236799e-05 8.68680300768618e-06
1.0691297380236799e-05 8.68680300768618e-06
1.0691297380236799e-05 8.68680300768618e-06
1.0691297380236799e-05 8.68680300768618e-06
1.0691297380236799e-05 8.68680300768618e-06
1.0691297380236799e-05 8.68680300768618e-06
1.0691297380236799e-05 8.68680300768618e-06
1.0691297380236799e-05 8.68680300768618e-06
1.0691297380236799e-05 8.68680300768618e-06
1.0691297380236799e-05 8.68680300768618e-06
1.0691297380236799e-05 8.68680300768618e-06
1.0691297380236799e-05 8.68680300768618e-06
1.0691297380236799e-05 8.68680300768618e-06
1.0691297380236799e-05 8.68680300768618e-06
1.0691297380236799e-05 8.68680300768618e-06
1.0691297380236799e-05 8.68680300768618e-06
1.0691297380236799e-05 8.68680300768618e-06
1.0691297380236799e-05 8.68680300768618e-06
1.0691297380236799e-05 8.68680300768618e-06
1.0691297380236799e-05 8.68680300768618e-06
1.0691297380236799e-05 8.68680300768618e-06
1.0691297380236799e-05 8.68680300768618e-06
1.0691297380236799e-05 8.68680300768618e-06
1.0691297380236799e-05 8.68680300768618e-06
1.0691297380236799e-05 8.68680300768618e-06
1.0691297380236799e-05 8.68680300768618e-06
1.0691297380236799e-05 8.68680300768618e-06
1.0691297380236799e-05 8.68680300768618e-06
1.0691297380236799e-05 8.68680300768618e-06
1.0691297380236799e-05 8.68680300768618e-06
1.0691297380236799e-05 8.68680300768618e-06
1.0691297380236799e-05 8.68680300768618e-06
1.0691297380236799e-05 8.68680300768618e-06
1.0691297380236799e-05 8.68680300768618e-06
1.0691297380236799e-05 8.68680300768618e-06
1.0691297380236799e-05 8.68680300768618e-06
1.0691297380236799e-05 8.68680300768618e-06
1.0691297380236799e-05 8.68680300768618e-06
1.0691297380236799e-05 8.68680300768618e-06
1.0691297380236799e-05 8.68680300768618e-06
1.0691297380236799e-05 8.68680300768618e-06
1.0691297380236799e-05 8.68680300768618e-06
1.0691297380236799e-05 8.68680300768618e-06
1.0691297380236799e-05 8.68680300768618e-06
1.0691297380236799e-05 8.68680300768618e-06
1.0691297380236799e-05 8.68680300768618e-06
1.0691297380236799e-05 8.68680300768618e-06
1.0691297380236799e-05 8.68680300768618e-06
1.0691297380236799e-05 8.68680300768618e-06
1.0691297380236799e-05 8.68680300768618e-06
1.0691297380236799e-05 8.68680300768618e-06
1.0691297380236799e-05 8.68680300768618e-06
1.0691297380236799e-05 8.68680300768618e-06
1.0691297380236799e-05 8.68680300768618e-06
1.0691297380236799e-05 8.68680300768618e-06
1.0691297380236799e-05 8.68680300768618e-06
1.0691297380236799e-05 8.68680300768618e-06
1.0691297380236799e-05 8.68680300768618e-06
1.0691297380236799e-05 8.68680300768618e-06
1.0691297380236799e-05 8.68680300768618e-06
1.0691297380236799e-05 8.68680300768618e-06
1.0691297380236799e-05 8.68680300768618e-06
1.0691297380236799e-05 8.68680300768618e-06
1.0691297380236799e-05 8.68680300768618e-06
1.0691297380236799e-05 8.68680300768618e-06
1.0691297380236799e-05 8.68680300768618e-06
1.0691297380236799e-05 8.68680300768618e-06
1.0691297380236799e-05 8.68680300768618e-06
1.0691297380236799e-05 8.68680300768618e-06
1.0691297380236799e-05 8.68680300768618e-06
1.0691297380236799e-05 8.68680300768618e-06
1.0691297380236799e-05 8.68680300768618e-06
1.0691297380236799e-05 8.68680300768618e-06
1.0691297380236799e-05 8.68680300768618e-06
1.0691297380236799e-05 8.68680300768618e-06
1.0691297380236799e-05 8.68680300768618e-06
1.0691297380236799e-05 8.68680300768618e-06
1.0691297380236799e-05 8.68680300768618e-06
1.0691297380236799e-05 8.68680300768618e-06
1.0691297380236799e-05 8.68680300768618e-06
1.0691297380236799e-05 8.68680300768618e-06
1.0691297380236799e-05 8.68680300768618e-06
1.0691297380236799e-05 8.68680300768618e-06
1.0691297380236799e-05 8.68680300768618e-06
1.0691297380236799e-05 8.68680300768618e-06
1.0691297380236799e-05 8.68680300768618e-06
1.0691297380236799e-05 8.68680300768618e-06
1.0691297380236799e-05 8.68680300768618e-06
1.0691297380236799e-05 8.68680300768618e-06
1.0691297380236799e-05 8.68680300768618e-06
1.0691297380236799e-05 8.68680300768618e-06
1.0691297380236799e-05 8.68680300768618e-06
1.0691297380236799e-05 8.68680300768618e-06
1.0691297380236799e-05 8.68680300768618e-06
1.0691297380236799e-05 8.68680300768618e-06
1.0691297380236799e-05 8.68680300768618e-06
1.0691297380236799e-05 8.68680300768618e-06
1.0691297380236799e-05 8.68680300768618e-06
1.0691297380236799e-05 8.68680300768618e-06
1.0691297380236799e-05 8.68680300768618e-06
1.0691297380236799e-05 8.68680300768618e-06
1.0691297380236799e-05 8.68680300768618e-06
1.0691297380236799e-05 8.68680300768618e-06
1.0691297380236799e-05 8.68680300768618e-06
1.0691297380236799e-05 8.68680300768618e-06
1.0691297380236799e-05 8.68680300768618e-06
1.0691297380236799e-05 8.68680300768618e-06
1.0691297380236799e-05 8.68680300768618e-06
1.0691297380236799e-05 8.68680300768618e-06
1.0691297380236799e-05 8.68680300768618e-06
1.0691297380236799e-05 8.68680300768618e-06
1.0691297380236799e-05 8.68680300768618e-06
1.0691297380236799e-05 8.68680300768618e-06
1.0691297380236799e-05 8.68680300768618e-06
1.0691297380236799e-05 8.68680300768618e-06
1.0691297380236799e-05 8.68680300768618e-06
1.0691297380236799e-05 8.68680300768618e-06
1.0691297380236799e-05 8.68680300768618e-06
1.0691297380236799e-05 8.68680300768618e-06
1.0691297380236799e-05 8.68680300768618e-06
1.0691297380236799e-05 8.68680300768618e-06
1.0691297380236799e-05 8.68680300768618e-06
1.0691297380236799e-05 8.68680300768618e-06
1.0691297380236799e-05 8.68680300768618e-06
1.0691297380236799e-05 8.68680300768618e-06
1.0691297380236799e-05 8.68680300768618e-06
1.0691297380236799e-05 8.68680300768618e-06
1.0691297380236799e-05 8.68680300768618e-06
1.0691297380236799e-05 8.68680300768618e-06
1.0691297380236799e-05 8.68680300768618e-06
1.0691297380236799e-05 8.68680300768618e-06
1.0691297380236799e-05 8.68680300768618e-06
1.0691297380236799e-05 8.68680300768618e-06
1.0691297380236799e-05 8.68680300768618e-06
1.0691297380236799e-05 8.68680300768618e-06
1.0691297380236799e-05 8.68680300768618e-06
1.0691297380236799e-05 8.68680300768618e-06
1.0691297380236799e-05 8.68680300768618e-06
1.0691297380236799e-05 8.68680300768618e-06
1.0691297380236799e-05 8.68680300768618e-06
1.0691297380236799e-05 8.68680300768618e-06
1.0691297380236799e-05 8.68680300768618e-06
1.0691297380236799e-05 8.68680300768618e-06
1.0691297380236799e-05 8.68680300768618e-06
1.0691297380236799e-05 8.68680300768618e-06
1.0691297380236799e-05 8.68680300768618e-06
1.0691297380236799e-05 8.68680300768618e-06
1.0691297380236799e-05 8.68680300768618e-06
1.0691297380236799e-05 8.68680300768618e-06
1.0691297380236799e-05 8.68680300768618e-06
1.0691297380236799e-05 8.68680300768618e-06
1.0691297380236799e-05 8.68680300768618e-06
1.0691297380236799e-05 8.68680300768618e-06
1.0691297380236799e-05 8.68680300768618e-06
1.0691297380236799e-05 8.68680300768618e-06
1.0691297380236799e-05 8.68680300768618e-06
1.0691297380236799e-05 8.68680300768618e-06
1.0691297380236799e-05 8.68680300768618e-06
1.0691297380236799e-05 8.68680300768618e-06
1.0691297380236799e-05 8.68680300768618e-06
1.0691297380236799e-05 8.68680300768618e-06
1.0691297380236799e-05 8.68680300768618e-06
1.0691297380236799e-05 8.68680300768618e-06
1.0691297380236799e-05 8.68680300768618e-06
1.0691297380236799e-05 8.68680300768618e-06
1.0691297380236799e-05 8.68680300768618e-06
1.0691297380236799e-05 8.68680300768618e-06
1.0691297380236799e-05 8.68680300768618e-06
1.0691297380236799e-05 8.68680300768618e-06
1.0691297380236799e-05 8.68680300768618e-06
1.0691297380236799e-05 8.68680300768618e-06
1.0691297380236799e-05 8.68680300768618e-06
1.0691297380236799e-05 8.68680300768618e-06
1.0691297380236799e-05 8.68680300768618e-06
1.0691297380236799e-05 8.68680300768618e-06
1.0691297380236799e-05 8.68680300768618e-06
1.0691297380236799e-05 8.68680300768618e-06
1.0691297380236799e-05 8.68680300768618e-06
1.0691297380236799e-05 8.68680300768618e-06
1.0691297380236799e-05 8.68680300768618e-06
1.0691297380236799e-05 8.68680300768618e-06
1.0691297380236799e-05 8.68680300768618e-06
1.0691297380236799e-05 8.68680300768618e-06
1.0691297380236799e-05 8.68680300768618e-06
1.0691297380236799e-05 8.68680300768618e-06
1.0691297380236799e-05 8.68680300768618e-06
1.0691297380236799e-05 8.68680300768618e-06
1.0691297380236799e-05 8.68680300768618e-06
1.0691297380236799e-05 8.68680300768618e-06
1.0691297380236799e-05 8.68680300768618e-06
1.0691297380236799e-05 8.68680300768618e-06
1.0691297380236799e-05 8.68680300768618e-06
1.0691297380236799e-05 8.68680300768618e-06
1.0691297380236799e-05 8.68680300768618e-06
1.0691297380236799e-05 8.68680300768618e-06
1.0691297380236799e-05 8.68680300768618e-06
1.0691297380236799e-05 8.68680300768618e-06
1.0691297380236799e-05 8.68680300768618e-06
1.0691297380236799e-05 8.68680300768618e-06
1.0691297380236799e-05 8.68680300768618e-06
1.0691297380236799e-05 8.68680300768618e-06
1.222511149543869e-05 8.686814917622194e-06
1.222511149543869e-05 8.686814917622194e-06
1.222511149543869e-05 8.686814917622194e-06
1.222511149543869e-05 8.686814917622194e-06
1.222511149543869e-05 8.686814917622194e-06
1.222511149543869e-05 8.686814917622194e-06
1.222511149543869e-05 8.686814917622194e-06
1.222511149543869e-05 8.686814917622194e-06
1.222511149543869e-05 8.686814917622194e-06
1.222511149543869e-05 8.686814917622194e-06
1.222511149543869e-05 8.686814917622194e-06
1.222511149543869e-05 8.686814917622194e-06
1.222511149543869e-05 8.686814917622194e-06
1.222511149543869e-05 8.686814917622194e-06
1.222511149543869e-05 8.686814917622194e-06
1.222511149543869e-05 8.686814917622194e-06
5.077470329581181e-06 8.686828637928883e-06
5.077470329581181e-06 8.686828637928883e-06
5.077470329581181e-06 8.686828637928883e-06
5.077470329581181e-06 8.686828637928883e-06
5.077470329581181e-06 8.686828637928883e-06
5.077470329581181e-06 8.686828637928883e-06
5.077470329581181e-06 8.686828637928883e-06
5.077470329581181e-06 8.686828637928883e-06
5.077470329581181e-06 8.686828637928883e-06
5.077470329581181e-06 8.686828637928883e-06
5.077470329581181e-06 8.686828637928883e-06
5.077470329581181e-06 8.686828637928883e-06
5.077470329581181e-06 8.686828637928883e-06
5.077470329581181e-06 8.686828637928883e-06
5.077470329581181e-06 8.686828637928883e-06
5.077470329581181e-06 8.686828637928883e-06
7.783854408497025e-06 2.0425502389808064e-06
7.783854408497025e-06 2.0425502389808064e-06
7.783854408497025e-06 2.0425502389808064e-06
7.783854408497025e-06 2.0425502389808064e-06
7.783854408497025e-06 2.0425502389808064e-06
7.783854408497025e-06 2.0425502389808064e-06
7.783854408497025e-06 2.0425502389808064e-06
7.783854408497025e-06 2.0425502389808064e-06
7.783854408497025e-06 2.0425502389808064e-06
7.783854408497025e-06 2.0425502389808064e-06
7.783854408497025e-06 2.0425502389808064e-06
7.783854408497025e-06 2.0425502389808064e-06
7.783854408497025e-06 2.0425502389808064e-06
7.783854408497025e-06 2.0425502389808064e-06
7.783854408497025e-06 2.0425502389808064e-06
7.783854408497025e-06 2.0425502389808064e-06
0.00020943047339793528 2.0491326114797996e-07
0.00020943047339793528 2.0491326114797996e-07
0.00020943047339793528 2.0491326114797996e-07
0.00020943047339793528 2.0491326114797996e-07
0.00020943047339793528 2.0491326114797996e-07
0.00020943047339793528 2.0491326114797996e-07
0.00020943047339793528 2.0491326114797996e-07
0.00020943047339793528 2.0491326114797996e-07
9.319800215462913e-06 7.776733056233093e-06
9.319800215462913e-06 7.776733056233093e-06
9.319800215462913e-06 7.776733056233093e-06
9.319800215462913e-06 7.776733056233093e-06
9.319800215462913e-06 7.776733056233093e-06
9.319800215462913e-06 7.776733056233093e-06
9.319800215462913e-06 7.776733056233093e-06
9.319800215462913e-06 7.776733056233093e-06
0.001146236327515411 8.606356968215158e-06
0.001146236327515411 8.606356968215158e-06
0.001146236327515411 8.606356968215158e-06
0.001146236327515411 8.606356968215158e-06
0.001146236327515411 8.606356968215158e-06
0.001146236327515411 8.606356968215158e-06
0.001146236327515411 8.606356968215158e-06
0.001146236327515411 8.606356968215158e-06
7.783854408497025e-06 2.0425502389808064e-06
7.783854408497025e-06 2.0425502389808064e-06
7.783854408497025e-06 2.0425502389808064e-06
7.783854408497025e-06 2.0425502389808064e-06
7.783854408497025e-06 2.0425502389808064e-06
7.783854408497025e-06 2.0425502389808064e-06
7.783854408497025e-06 2.0425502389808064e-06
7.783854408497025e-06 2.0425502389808064e-06
7.783854408497025e-06 2.0425502389808064e-06
7.783854408497025e-06 2.0425502389808064e-06
7.783854408497025e-06 2.0425502389808064e-06
7.783854408497025e-06 2.0425502389808064e-06
7.783854408497025e-06 2.0425502389808064e-06
7.783854408497025e-06 2.0425502389808064e-06
7.783854408497025e-06 2.0425502389808064e-06
7.783854408497025e-06 2.0425502389808064e-06
7.783854408497025e-06 2.0425502389808064e-06
7.783854408497025e-06 2.0425502389808064e-06
7.783854408497025e-06 2.0425502389808064e-06
7.783854408497025e-06 2.0425502389808064e-06
7.783854408497025e-06 2.0425502389808064e-06
7.783854408497025e-06 2.0425502389808064e-06
7.783854408497025e-06 2.0425502389808064e-06
7.783854408497025e-06 2.0425502389808064e-06
7.783854408497025e-06 2.0425502389808064e-06
7.783854408497025e-06 2.0425502389808064e-06
7.783854408497025e-06 2.0425502389808064e-06
7.783854408497025e-06 2.0425502389808064e-06
7.783854408497025e-06 2.0425502389808064e-06
7.783854408497025e-06 2.0425502389808064e-06
7.783854408497025e-06 2.0425502389808064e-06
7.783854408497025e-06 2.0425502389808064e-06
7.783854408497025e-06 2.0425502389808064e-06
7.783854408497025e-06 2.0425502389808064e-06
7.783854408497025e-06 2.0425502389808064e-06
7.783854408497025e-06 2.0425502389808064e-06
7.783854408497025e-06 2.0425502389808064e-06
7.783854408497025e-06 2.0425502389808064e-06
7.783854408497025e-06 2.0425502389808064e-06
7.783854408497025e-06 2.0425502389808064e-06
7.783854408497025e-06 2.0425502389808064e-06
7.783854408497025e-06 2.0425502389808064e-06
7.783854408497025e-06 2.0425502389808064e-06
7.783854408497025e-06 2.0425502389808064e-06
7.783854408497025e-06 2.0425502389808064e-06
7.783854408497025e-06 2.0425502389808064e-06
7.783854408497025e-06 2.0425502389808064e-06
7.783854408497025e-06 2.0425502389808064e-06
7.783086174487358e-05 8.606356968215158e-06
7.783086174487358e-05 8.606356968215158e-06
7.783086174487358e-05 8.606356968215158e-06
7.783086174487358e-05 8.606356968215158e-06
7.783086174487358e-05 8.606356968215158e-06
7.783086174487358e-05 8.606356968215158e-06
7.783086174487358e-05 8.606356968215158e-06
7.783086174487358e-05 8.606356968215158e-06
8.370138604612105e-06 4.670336528642189e-06
8.370138604612105e-06 4.670336528642189e-06
8.370138604612105e-06 4.670336528642189e-06
8.370138604612105e-06 4.670336528642189e-06
8.370138604612105e-06 4.670336528642189e-06
8.370138604612105e-06 4.670336528642189e-06
8.370138604612105e-06 4.670336528642189e-06
8.370138604612105e-06 4.670336528642189e-06
8.370138604612105e-06 4.670336528642189e-06
8.370138604612105e-06 4.670336528642189e-06
8.370138604612105e-06 4.670336528642189e-06
8.370138604612105e-06 4.670336528642189e-06
8.370138604612105e-06 4.670336528642189e-06
8.370138604612105e-06 4.670336528642189e-06
8.370138604612105e-06 4.670336528642189e-06
8.370138604612105e-06 4.670336528642189e-06
8.370138604612105e-06 4.670336528642189e-06
8.370138604612105e-06 4.670336528642189e-06
8.370138604612105e-06 4.670336528642189e-06
8.370138604612105e-06 4.670336528642189e-06
8.370138604612105e-06 4.670336528642189e-06
8.370138604612105e-06 4.670336528642189e-06
8.370138604612105e-06 4.670336528642189e-06
8.370138604612105e-06 4.670336528642189e-06
8.370138604612105e-06 4.670336528642189e-06
8.370138604612105e-06 4.670336528642189e-06
8.370138604612105e-06 4.670336528642189e-06
8.370138604612105e-06 4.670336528642189e-06
8.370138604612105e-06 4.670336528642189e-06
8.370138604612105e-06 4.670336528642189e-06
8.370138604612105e-06 4.670336528642189e-06
8.370138604612105e-06 4.670336528642189e-06
0.00014261129616686936 3.741894334006591e-07
0.00014261129616686936 3.741894334006591e-07
0.00014261129616686936 3.741894334006591e-07
0.00014261129616686936 3.741894334006591e-07
0.00014261129616686936 3.741894334006591e-07
0.00014261129616686936 3.741894334006591e-07
0.00014261129616686936 3.741894334006591e-07
0.00014261129616686936 3.741894334006591e-07
0.00014261129616686936 3.741894334006591e-07
0.00014261129616686936 3.741894334006591e-07
0.00014261129616686936 3.741894334006591e-07
0.00014261129616686936 3.741894334006591e-07
0.00014261129616686936 3.741894334006591e-07
0.00014261129616686936 3.741894334006591e-07
0.00014261129616686936 3.741894334006591e-07
0.00014261129616686936 3.741894334006591e-07
0.00014261129616686936 3.741894334006591e-07
0.00014261129616686936 3.741894334006591e-07
0.00014261129616686936 3.741894334006591e-07
0.00014261129616686936 3.741894334006591e-07
0.00014261129616686936 3.741894334006591e-07
0.00014261129616686936 3.741894334006591e-07
0.00014261129616686936 3.741894334006591e-07
0.00014261129616686936 3.741894334006591e-07
1.1333270112294871e-05 8.34167267516102e-06
1.1333270112294871e-05 8.34167267516102e-06
1.1333270112294871e-05 8.34167267516102e-06
1.1333270112294871e-05 8.34167267516102e-06
1.8028656391131526e-05 8.341797172378432e-06
1.8028656391131526e-05 8.341797172378432e-06
1.8028656391131526e-05 8.341797172378432e-06
1.8028656391131526e-05 8.341797172378432e-06
1.4957296917301106e-06 8.335991548664087e-06
1.4957296917301106e-06 8.335991548664087e-06
1.017037308239229e-05 8.341687999584448e-06
1.017037308239229e-05 8.341687999584448e-06
1.017037308239229e-05 8.341687999584448e-06
1.017037308239229e-05 8.341687999584448e-06
1.017037308239229e-05 8.341687999584448e-06
1.017037308239229e-05 8.341687999584448e-06
1.017037308239229e-05 8.341687999584448e-06
1.017037308239229e-05 8.341687999584448e-06
1.017037308239229e-05 8.341687999584448e-06
1.017037308239229e-05 8.341687999584448e-06
1.017037308239229e-05 8.341687999584448e-06
1.017037308239229e-05 8.341687999584448e-06
1.017037308239229e-05 8.341687999584448e-06
1.017037308239229e-05 8.341687999584448e-06
1.017037308239229e-05 8.341687999584448e-06
1.017037308239229e-05 8.341687999584448e-06
1.017037308239229e-05 8.341687999584448e-06
1.017037308239229e-05 8.341687999584448e-06
1.017037308239229e-05 8.341687999584448e-06
1.017037308239229e-05 8.341687999584448e-06
1.017037308239229e-05 8.341687999584448e-06
1.017037308239229e-05 8.341687999584448e-06
1.017037308239229e-05 8.341687999584448e-06
1.017037308239229e-05 8.341687999584448e-06
1.017037308239229e-05 8.341687999584448e-06
1.017037308239229e-05 8.341687999584448e-06
1.017037308239229e-05 8.341687999584448e-06
1.017037308239229e-05 8.341687999584448e-06
1.017037308239229e-05 8.341687999584448e-06
1.017037308239229e-05 8.341687999584448e-06
1.017037308239229e-05 8.341687999584448e-06
1.017037308239229e-05 8.341687999584448e-06
1.017037308239229e-05 8.341687999584448e-06
1.017037308239229e-05 8.341687999584448e-06
1.017037308239229e-05 8.341687999584448e-06
1.017037308239229e-05 8.341687999584448e-06
1.017037308239229e-05 8.341687999584448e-06
1.017037308239229e-05 8.341687999584448e-06
1.017037308239229e-05 8.341687999584448e-06
1.017037308239229e-05 8.341687999584448e-06
1.017037308239229e-05 8.341687999584448e-06
1.017037308239229e-05 8.341687999584448e-06
1.017037308239229e-05 8.341687999584448e-06
1.017037308239229e-05 8.341687999584448e-06
1.017037308239229e-05 8.341687999584448e-06
1.017037308239229e-05 8.341687999584448e-06
1.017037308239229e-05 8.341687999584448e-06
1.017037308239229e-05 8.341687999584448e-06
1.017037308239229e-05 8.341687999584448e-06
1.017037308239229e-05 8.341687999584448e-06
1.017037308239229e-05 8.341687999584448e-06
1.017037308239229e-05 8.341687999584448e-06
1.017037308239229e-05 8.341687999584448e-06
1.017037308239229e-05 8.341687999584448e-06
1.017037308239229e-05 8.341687999584448e-06
1.017037308239229e-05 8.341687999584448e-06
1.017037308239229e-05 8.341687999584448e-06
1.017037308239229e-05 8.341687999584448e-06
1.017037308239229e-05 8.341687999584448e-06
1.017037308239229e-05 8.341687999584448e-06
1.017037308239229e-05 8.341687999584448e-06
1.017037308239229e-05 8.341687999584448e-06
1.017037308239229e-05 8.341687999584448e-06
1.017037308239229e-05 8.341687999584448e-06
1.017037308239229e-05 8.341687999584448e-06
1.017037308239229e-05 8.341687999584448e-06
1.017037308239229e-05 8.341687999584448e-06
1.017037308239229e-05 8.341687999584448e-06
1.017037308239229e-05 8.341687999584448e-06
1.017037308239229e-05 8.341687999584448e-06
1.017037308239229e-05 8.341687999584448e-06
1.017037308239229e-05 8.341687999584448e-06
1.017037308239229e-05 8.341687999584448e-06
1.017037308239229e-05 8.341687999584448e-06
1.017037308239229e-05 8.341687999584448e-06
1.017037308239229e-05 8.341687999584448e-06
1.017037308239229e-05 8.341687999584448e-06
1.017037308239229e-05 8.341687999584448e-06
1.1629453419964674e-05 8.341699436354712e-06
1.1629453419964674e-05 8.341699436354712e-06
1.1629453419964674e-05 8.341699436354712e-06
1.1629453419964674e-05 8.341699436354712e-06
4.830074941332723e-06 8.341712611572057e-06
4.830074941332723e-06 8.341712611572057e-06
4.830074941332723e-06 8.341712611572057e-06
4.830074941332723e-06 8.341712611572057e-06
7.404592776530298e-06 1.9614024632513076e-06
7.404592776530298e-06 1.9614024632513076e-06
7.404592776530298e-06 1.9614024632513076e-06
7.404592776530298e-06 1.9614024632513076e-06
0.000199226153152973 1.9677233269378748e-07
0.000199226153152973 1.9677233269378748e-07
8.865700941013249e-06 7.467773904133963e-06
8.865700941013249e-06 7.467773904133963e-06
0.0010903869452712506 8.264437973139075e-06
0.0010903869452712506 8.264437973139075e-06
7.404592776530298e-06 1.9614024632513076e-06
7.404592776530298e-06 1.9614024632513076e-06
7.404592776530298e-06 1.9614024632513076e-06
7.404592776530298e-06 1.9614024632513076e-06
7.404592776530298e-06 1.9614024632513076e-06
7.404592776530298e-06 1.9614024632513076e-06
7.404592776530298e-06 1.9614024632513076e-06
7.404592776530298e-06 1.9614024632513076e-06
7.404592776530298e-06 1.9614024632513076e-06
7.404592776530298e-06 1.9614024632513076e-06
7.404592776530298e-06 1.9614024632513076e-06
7.404592776530298e-06 1.9614024632513076e-06
7.403861974064048e-05 8.264437973139075e-06
7.403861974064048e-05 8.264437973139075e-06
7.962310777885596e-06 4.484790335469163e-06
7.962310777885596e-06 4.484790335469163e-06
7.962310777885596e-06 4.484790335469163e-06
7.962310777885596e-06 4.484790335469163e-06
7.962310777885596e-06 4.484790335469163e-06
7.962310777885596e-06 4.484790335469163e-06
7.962310777885596e-06 4.484790335469163e-06
7.962310777885596e-06 4.484790335469163e-06
0.00013566268303992103 3.593233901364815e-07
0.00013566268303992103 3.593233901364815e-07
0.00013566268303992103 3.593233901364815e-07
0.00013566268303992103 3.593233901364815e-07
0.00013566268303992103 3.593233901364815e-07
0.00013566268303992103 3.593233901364815e-07
0.0019030728114974211 0.12068260540576108
0.0019030728114974211 0.12068260540576108
0.0030273562233878695 0.12068440656113459
0.0030273562233878695 0.12068440656113459
0.0002511616225040814 0.12060041407867494
0.0017078001586575443 0.1206828271108576
0.0017078001586575443 0.1206828271108576
0.0017078001586575443 0.1206828271108576
0.0017078001586575443 0.1206828271108576
0.0017078001586575443 0.1206828271108576
0.0017078001586575443 0.1206828271108576
0.0017078001586575443 0.1206828271108576
0.0017078001586575443 0.1206828271108576
0.0017078001586575443 0.1206828271108576
0.0017078001586575443 0.1206828271108576
0.0017078001586575443 0.1206828271108576
0.0017078001586575443 0.1206828271108576
0.0017078001586575443 0.1206828271108576
0.0017078001586575443 0.1206828271108576
0.0017078001586575443 0.1206828271108576
0.0017078001586575443 0.1206828271108576
0.0017078001586575443 0.1206828271108576
0.0017078001586575443 0.1206828271108576
0.0017078001586575443 0.1206828271108576
0.0017078001586575443 0.1206828271108576
0.0017078001586575443 0.1206828271108576
0.0017078001586575443 0.1206828271108576
0.0017078001586575443 0.1206828271108576
0.0017078001586575443 0.1206828271108576
0.0017078001586575443 0.1206828271108576
0.0017078001586575443 0.1206828271108576
0.0017078001586575443 0.1206828271108576
0.0017078001586575443 0.1206828271108576
0.0017078001586575443 0.1206828271108576
0.0017078001586575443 0.1206828271108576
0.0017078001586575443 0.1206828271108576
0.0017078001586575443 0.1206828271108576
0.0017078001586575443 0.1206828271108576
0.0017078001586575443 0.1206828271108576
0.0017078001586575443 0.1206828271108576
0.0017078001586575443 0.1206828271108576
0.0017078001586575443 0.1206828271108576
0.0017078001586575443 0.1206828271108576
0.0017078001586575443 0.1206828271108576
0.0019528076536445514 0.12068299257158552
0.0019528076536445514 0.12068299257158552
0.0008110619624580732 0.12068318318318318
0.0008110619624580732 0.12068318318318318
0.0012433727471065832 0.02837646221953634
0.0012433727471065832 0.02837646221953634
0.033453881505332954 0.002846790890269151
0.0014887207530160061 0.10803953192932522
0.18309682280547532 0.11956521739130435
0.0012433727471065832 0.02837646221953634
0.0012433727471065832 0.02837646221953634
0.0012433727471065832 0.02837646221953634
0.0012433727471065832 0.02837646221953634
0.0012433727471065832 0.02837646221953634
0.0012433727471065832 0.02837646221953634
0.012432500313952028 0.11956521739130435
0.001337024266424959 0.0648834116920739
0.001337024266424959 0.0648834116920739
0.001337024266424959 0.0648834116920739
0.001337024266424959 0.0648834116920739
0.02278035916112018 0.005198487712665407
0.02278035916112018 0.005198487712665407
0.02278035916112018 0.005198487712665407
0.0002457539050005508 0.0006636064609007243
0.0002457539050005508 0.0006636064609007243
0.0002457539050005508 0.0006636064609007243
0.0002457539050005508 0.0006636064609007243
0.00039093859637450714 0.0006636163650483762
0.00039093859637450714 0.0006636163650483762
0.00039093859637450714 0.0006636163650483762
0.00039093859637450714 0.0006636163650483762
3.243383497664764e-05 0.0006631545093083555
3.243383497664764e-05 0.0006631545093083555
0.00022053730966836447 0.0006636076800071065
0.00022053730966836447 0.0006636076800071065
0.00022053730966836447 0.0006636076800071065
0.00022053730966836447 0.0006636076800071065
0.00022053730966836447 0.0006636076800071065
0.00022053730966836447 0.0006636076800071065
0.00022053730966836447 0.0006636076800071065
0.00022053730966836447 0.0006636076800071065
0.00022053730966836447 0.0006636076800071065
0.00022053730966836447 0.0006636076800071065
0.00022053730966836447 0.0006636076800071065
0.00022053730966836447 0.0006636076800071065
0.00022053730966836447 0.0006636076800071065
0.00022053730966836447 0.0006636076800071065
0.00022053730966836447 0.0006636076800071065
0.00022053730966836447 0.0006636076800071065
0.00022053730966836447 0.0006636076800071065
0.00022053730966836447 0.0006636076800071065
0.00022053730966836447 0.0006636076800071065
0.00022053730966836447 0.0006636076800071065
0.00022053730966836447 0.0006636076800071065
0.00022053730966836447 0.0006636076800071065
0.00022053730966836447 0.0006636076800071065
0.00022053730966836447 0.0006636076800071065
0.00022053730966836447 0.0006636076800071065
0.00022053730966836447 0.0006636076800071065
0.00022053730966836447 0.0006636076800071065
0.00022053730966836447 0.0006636076800071065
0.00022053730966836447 0.0006636076800071065
0.00022053730966836447 0.0006636076800071065
0.00022053730966836447 0.0006636076800071065
0.00022053730966836447 0.0006636076800071065
0.00022053730966836447 0.0006636076800071065
0.00022053730966836447 0.0006636076800071065
0.00022053730966836447 0.0006636076800071065
0.00022053730966836447 0.0006636076800071065
0.00022053730966836447 0.0006636076800071065
0.00022053730966836447 0.0006636076800071065
0.00022053730966836447 0.0006636076800071065
0.00022053730966836447 0.0006636076800071065
0.00022053730966836447 0.0006636076800071065
0.00022053730966836447 0.0006636076800071065
0.00022053730966836447 0.0006636076800071065
0.00022053730966836447 0.0006636076800071065
0.00022053730966836447 0.0006636076800071065
0.00022053730966836447 0.0006636076800071065
0.00022053730966836447 0.0006636076800071065
0.00022053730966836447 0.0006636076800071065
0.00022053730966836447 0.0006636076800071065
0.00022053730966836447 0.0006636076800071065
0.00022053730966836447 0.0006636076800071065
0.00022053730966836447 0.0006636076800071065
0.00022053730966836447 0.0006636076800071065
0.00022053730966836447 0.0006636076800071065
0.00022053730966836447 0.0006636076800071065
0.00022053730966836447 0.0006636076800071065
0.00022053730966836447 0.0006636076800071065
0.00022053730966836447 0.0006636076800071065
0.00022053730966836447 0.0006636076800071065
0.00022053730966836447 0.0006636076800071065
0.00022053730966836447 0.0006636076800071065
0.00022053730966836447 0.0006636076800071065
0.00022053730966836447 0.0006636076800071065
0.00022053730966836447 0.0006636076800071065
0.00022053730966836447 0.0006636076800071065
0.00022053730966836447 0.0006636076800071065
0.00022053730966836447 0.0006636076800071065
0.00022053730966836447 0.0006636076800071065
0.00022053730966836447 0.0006636076800071065
0.00022053730966836447 0.0006636076800071065
0.00022053730966836447 0.0006636076800071065
0.00022053730966836447 0.0006636076800071065
0.00022053730966836447 0.0006636076800071065
0.00022053730966836447 0.0006636076800071065
0.00022053730966836447 0.0006636076800071065
0.00022053730966836447 0.0006636076800071065
0.00022053730966836447 0.0006636076800071065
0.00022053730966836447 0.0006636076800071065
0.0002521764294559478 0.0006636085898383759
0.0002521764294559478 0.0006636085898383759
0.0002521764294559478 0.0006636085898383759
0.0002521764294559478 0.0006636085898383759
0.0001047367411626498 0.0006636096379686123
0.0001047367411626498 0.0006636096379686123
0.0001047367411626498 0.0006636096379686123
0.0001047367411626498 0.0006636096379686123
0.00016056333006632268 0.00015603577336664533
0.00016056333006632268 0.00015603577336664533
0.00016056333006632268 0.00015603577336664533
0.00016056333006632268 0.00015603577336664533
0.0043200774913558365 1.565386180770796e-05
0.0043200774913558365 1.565386180770796e-05
0.0001922464218387788 0.0005940850479647313
0.0001922464218387788 0.0005940850479647313
0.02364426569797613 0.0006574621959237344
0.02364426569797613 0.0006574621959237344
0.00016056333006632268 0.00015603577336664533
0.00016056333006632268 0.00015603577336664533
0.00016056333006632268 0.00015603577336664533
0.00016056333006632268 0.00015603577336664533
0.00016056333006632268 0.00015603577336664533
0.00016056333006632268 0.00015603577336664533
0.00016056333006632268 0.00015603577336664533
0.00016056333006632268 0.00015603577336664533
0.00016056333006632268 0.00015603577336664533
0.00016056333006632268 0.00015603577336664533
0.00016056333006632268 0.00015603577336664533
0.00016056333006632268 0.00015603577336664533
0.0016054748313440582 0.0006574621959237344
0.0016054748313440582 0.0006574621959237344
0.00017265704841628742 0.00035677926457897304
0.00017265704841628742 0.00035677926457897304
0.00017265704841628742 0.00035677926457897304
0.00017265704841628742 0.00035677926457897304
0.00017265704841628742 0.00035677926457897304
0.00017265704841628742 0.00035677926457897304
0.00017265704841628742 0.00035677926457897304
0.00017265704841628742 0.00035677926457897304
0.002941748832381941 2.858531286624932e-05
0.002941748832381941 2.858531286624932e-05
0.002941748832381941 2.858531286624932e-05
0.002941748832381941 2.858531286624932e-05
0.002941748832381941 2.858531286624932e-05
0.002941748832381941 2.858531286624932e-05
4.996906660364481e-05 7.867630171010501e-05
4.996906660364481e-05 7.867630171010501e-05
4.996906660364481e-05 7.867630171010501e-05
4.996906660364481e-05 7.867630171010501e-05
4.996906660364481e-05 7.867630171010501e-05
4.996906660364481e-05 7.867630171010501e-05
4.996906660364481e-05 7.867630171010501e-05
4.996906660364481e-05 7.867630171010501e-05
4.996906660364481e-05 7.867630171010501e-05
4.996906660364481e-05 7.867630171010501e-05
4.996906660364481e-05 7.867630171010501e-05
4.996906660364481e-05 7.867630171010501e-05
7.94894256517689e-05 7.867747593271246e-05
7.94894256517689e-05 7.867747593271246e-05
7.94894256517689e-05 7.867747593271246e-05
7.94894256517689e-05 7.867747593271246e-05
7.94894256517689e-05 7.867747593271246e-05
7.94894256517689e-05 7.867747593271246e-05
7.94894256517689e-05 7.867747593271246e-05
7.94894256517689e-05 7.867747593271246e-05
7.94894256517689e-05 7.867747593271246e-05
7.94894256517689e-05 7.867747593271246e-05
7.94894256517689e-05 7.867747593271246e-05
7.94894256517689e-05 7.867747593271246e-05
6.594761780717576e-06 7.862271892884138e-05
6.594761780717576e-06 7.862271892884138e-05
6.594761780717576e-06 7.862271892884138e-05
6.594761780717576e-06 7.862271892884138e-05
6.594761780717576e-06 7.862271892884138e-05
6.594761780717576e-06 7.862271892884138e-05
4.484178396018751e-05 7.867644624574049e-05
4.484178396018751e-05 7.867644624574049e-05
4.484178396018751e-05 7.867644624574049e-05
4.484178396018751e-05 7.867644624574049e-05
4.484178396018751e-05 7.867644624574049e-05
4.484178396018751e-05 7.867644624574049e-05
4.484178396018751e-05 7.867644624574049e-05
4.484178396018751e-05 7.867644624574049e-05
4.484178396018751e-05 7.867644624574049e-05
4.484178396018751e-05 7.867644624574049e-05
4.484178396018751e-05 7.867644624574049e-05
4.484178396018751e-05 7.867644624574049e-05
4.484178396018751e-05 7.867644624574049e-05
4.484178396018751e-05 7.867644624574049e-05
4.484178396018751e-05 7.867644624574049e-05
4.484178396018751e-05 7.867644624574049e-05
4.484178396018751e-05 7.867644624574049e-05
4.484178396018751e-05 7.867644624574049e-05
4.484178396018751e-05 7.867644624574049e-05
4.484178396018751e-05 7.867644624574049e-05
4.484178396018751e-05 7.867644624574049e-05
4.484178396018751e-05 7.867644624574049e-05
4.484178396018751e-05 7.867644624574049e-05
4.484178396018751e-05 7.867644624574049e-05
4.484178396018751e-05 7.867644624574049e-05
4.484178396018751e-05 7.867644624574049e-05
4.484178396018751e-05 7.867644624574049e-05
4.484178396018751e-05 7.867644624574049e-05
4.484178396018751e-05 7.867644624574049e-05
4.484178396018751e-05 7.867644624574049e-05
4.484178396018751e-05 7.867644624574049e-05
4.484178396018751e-05 7.867644624574049e-05
4.484178396018751e-05 7.867644624574049e-05
4.484178396018751e-05 7.867644624574049e-05
4.484178396018751e-05 7.867644624574049e-05
4.484178396018751e-05 7.867644624574049e-05
4.484178396018751e-05 7.867644624574049e-05
4.484178396018751e-05 7.867644624574049e-05
4.484178396018751e-05 7.867644624574049e-05
4.484178396018751e-05 7.867644624574049e-05
4.484178396018751e-05 7.867644624574049e-05
4.484178396018751e-05 7.867644624574049e-05
4.484178396018751e-05 7.867644624574049e-05
4.484178396018751e-05 7.867644624574049e-05
4.484178396018751e-05 7.867644624574049e-05
4.484178396018751e-05 7.867644624574049e-05
4.484178396018751e-05 7.867644624574049e-05
4.484178396018751e-05 7.867644624574049e-05
4.484178396018751e-05 7.867644624574049e-05
4.484178396018751e-05 7.867644624574049e-05
4.484178396018751e-05 7.867644624574049e-05
4.484178396018751e-05 7.867644624574049e-05
4.484178396018751e-05 7.867644624574049e-05
4.484178396018751e-05 7.867644624574049e-05
4.484178396018751e-05 7.867644624574049e-05
4.484178396018751e-05 7.867644624574049e-05
4.484178396018751e-05 7.867644624574049e-05
4.484178396018751e-05 7.867644624574049e-05
4.484178396018751e-05 7.867644624574049e-05
4.484178396018751e-05 7.867644624574049e-05
4.484178396018751e-05 7.867644624574049e-05
4.484178396018751e-05 7.867644624574049e-05
4.484178396018751e-05 7.867644624574049e-05
4.484178396018751e-05 7.867644624574049e-05
4.484178396018751e-05 7.867644624574049e-05
4.484178396018751e-05 7.867644624574049e-05
4.484178396018751e-05 7.867644624574049e-05
4.484178396018751e-05 7.867644624574049e-05
4.484178396018751e-05 7.867644624574049e-05
4.484178396018751e-05 7.867644624574049e-05
4.484178396018751e-05 7.867644624574049e-05
4.484178396018751e-05 7.867644624574049e-05
4.484178396018751e-05 7.867644624574049e-05
4.484178396018751e-05 7.867644624574049e-05
4.484178396018751e-05 7.867644624574049e-05
4.484178396018751e-05 7.867644624574049e-05
4.484178396018751e-05 7.867644624574049e-05
4.484178396018751e-05 7.867644624574049e-05
4.484178396018751e-05 7.867644624574049e-05
4.484178396018751e-05 7.867644624574049e-05
4.484178396018751e-05 7.867644624574049e-05
4.484178396018751e-05 7.867644624574049e-05
4.484178396018751e-05 7.867644624574049e-05
4.484178396018751e-05 7.867644624574049e-05
4.484178396018751e-05 7.867644624574049e-05
4.484178396018751e-05 7.867644624574049e-05
4.484178396018751e-05 7.867644624574049e-05
4.484178396018751e-05 7.867644624574049e-05
4.484178396018751e-05 7.867644624574049e-05
4.484178396018751e-05 7.867644624574049e-05
4.484178396018751e-05 7.867644624574049e-05
4.484178396018751e-05 7.867644624574049e-05
4.484178396018751e-05 7.867644624574049e-05
4.484178396018751e-05 7.867644624574049e-05
4.484178396018751e-05 7.867644624574049e-05
4.484178396018751e-05 7.867644624574049e-05
4.484178396018751e-05 7.867644624574049e-05
4.484178396018751e-05 7.867644624574049e-05
4.484178396018751e-05 7.867644624574049e-05
4.484178396018751e-05 7.867644624574049e-05
4.484178396018751e-05 7.867644624574049e-05
4.484178396018751e-05 7.867644624574049e-05
4.484178396018751e-05 7.867644624574049e-05
4.484178396018751e-05 7.867644624574049e-05
4.484178396018751e-05 7.867644624574049e-05
4.484178396018751e-05 7.867644624574049e-05
4.484178396018751e-05 7.867644624574049e-05
4.484178396018751e-05 7.867644624574049e-05
4.484178396018751e-05 7.867644624574049e-05
4.484178396018751e-05 7.867644624574049e-05
4.484178396018751e-05 7.867644624574049e-05
4.484178396018751e-05 7.867644624574049e-05
4.484178396018751e-05 7.867644624574049e-05
4.484178396018751e-05 7.867644624574049e-05
4.484178396018751e-05 7.867644624574049e-05
4.484178396018751e-05 7.867644624574049e-05
4.484178396018751e-05 7.867644624574049e-05
4.484178396018751e-05 7.867644624574049e-05
4.484178396018751e-05 7.867644624574049e-05
4.484178396018751e-05 7.867644624574049e-05
4.484178396018751e-05 7.867644624574049e-05
4.484178396018751e-05 7.867644624574049e-05
4.484178396018751e-05 7.867644624574049e-05
4.484178396018751e-05 7.867644624574049e-05
4.484178396018751e-05 7.867644624574049e-05
4.484178396018751e-05 7.867644624574049e-05
4.484178396018751e-05 7.867644624574049e-05
4.484178396018751e-05 7.867644624574049e-05
4.484178396018751e-05 7.867644624574049e-05
4.484178396018751e-05 7.867644624574049e-05
4.484178396018751e-05 7.867644624574049e-05
4.484178396018751e-05 7.867644624574049e-05
4.484178396018751e-05 7.867644624574049e-05
4.484178396018751e-05 7.867644624574049e-05
4.484178396018751e-05 7.867644624574049e-05
4.484178396018751e-05 7.867644624574049e-05
4.484178396018751e-05 7.867644624574049e-05
4.484178396018751e-05 7.867644624574049e-05
4.484178396018751e-05 7.867644624574049e-05
4.484178396018751e-05 7.867644624574049e-05
4.484178396018751e-05 7.867644624574049e-05
4.484178396018751e-05 7.867644624574049e-05
4.484178396018751e-05 7.867644624574049e-05
4.484178396018751e-05 7.867644624574049e-05
4.484178396018751e-05 7.867644624574049e-05
4.484178396018751e-05 7.867644624574049e-05
4.484178396018751e-05 7.867644624574049e-05
4.484178396018751e-05 7.867644624574049e-05
4.484178396018751e-05 7.867644624574049e-05
4.484178396018751e-05 7.867644624574049e-05
4.484178396018751e-05 7.867644624574049e-05
4.484178396018751e-05 7.867644624574049e-05
4.484178396018751e-05 7.867644624574049e-05
4.484178396018751e-05 7.867644624574049e-05
4.484178396018751e-05 7.867644624574049e-05
4.484178396018751e-05 7.867644624574049e-05
4.484178396018751e-05 7.867644624574049e-05
4.484178396018751e-05 7.867644624574049e-05
4.484178396018751e-05 7.867644624574049e-05
4.484178396018751e-05 7.867644624574049e-05
4.484178396018751e-05 7.867644624574049e-05
4.484178396018751e-05 7.867644624574049e-05
4.484178396018751e-05 7.867644624574049e-05
4.484178396018751e-05 7.867644624574049e-05
4.484178396018751e-05 7.867644624574049e-05
4.484178396018751e-05 7.867644624574049e-05
4.484178396018751e-05 7.867644624574049e-05
4.484178396018751e-05 7.867644624574049e-05
4.484178396018751e-05 7.867644624574049e-05
4.484178396018751e-05 7.867644624574049e-05
4.484178396018751e-05 7.867644624574049e-05
4.484178396018751e-05 7.867644624574049e-05
4.484178396018751e-05 7.867644624574049e-05
4.484178396018751e-05 7.867644624574049e-05
4.484178396018751e-05 7.867644624574049e-05
4.484178396018751e-05 7.867644624574049e-05
4.484178396018751e-05 7.867644624574049e-05
4.484178396018751e-05 7.867644624574049e-05
4.484178396018751e-05 7.867644624574049e-05
4.484178396018751e-05 7.867644624574049e-05
4.484178396018751e-05 7.867644624574049e-05
4.484178396018751e-05 7.867644624574049e-05
4.484178396018751e-05 7.867644624574049e-05
4.484178396018751e-05 7.867644624574049e-05
4.484178396018751e-05 7.867644624574049e-05
4.484178396018751e-05 7.867644624574049e-05
4.484178396018751e-05 7.867644624574049e-05
4.484178396018751e-05 7.867644624574049e-05
4.484178396018751e-05 7.867644624574049e-05
4.484178396018751e-05 7.867644624574049e-05
4.484178396018751e-05 7.867644624574049e-05
4.484178396018751e-05 7.867644624574049e-05
4.484178396018751e-05 7.867644624574049e-05
4.484178396018751e-05 7.867644624574049e-05
4.484178396018751e-05 7.867644624574049e-05
4.484178396018751e-05 7.867644624574049e-05
4.484178396018751e-05 7.867644624574049e-05
4.484178396018751e-05 7.867644624574049e-05
4.484178396018751e-05 7.867644624574049e-05
4.484178396018751e-05 7.867644624574049e-05
4.484178396018751e-05 7.867644624574049e-05
4.484178396018751e-05 7.867644624574049e-05
4.484178396018751e-05 7.867644624574049e-05
4.484178396018751e-05 7.867644624574049e-05
4.484178396018751e-05 7.867644624574049e-05
4.484178396018751e-05 7.867644624574049e-05
4.484178396018751e-05 7.867644624574049e-05
4.484178396018751e-05 7.867644624574049e-05
4.484178396018751e-05 7.867644624574049e-05
4.484178396018751e-05 7.867644624574049e-05
4.484178396018751e-05 7.867644624574049e-05
4.484178396018751e-05 7.867644624574049e-05
4.484178396018751e-05 7.867644624574049e-05
4.484178396018751e-05 7.867644624574049e-05
4.484178396018751e-05 7.867644624574049e-05
4.484178396018751e-05 7.867644624574049e-05
4.484178396018751e-05 7.867644624574049e-05
4.484178396018751e-05 7.867644624574049e-05
4.484178396018751e-05 7.867644624574049e-05
4.484178396018751e-05 7.867644624574049e-05
4.484178396018751e-05 7.867644624574049e-05
4.484178396018751e-05 7.867644624574049e-05
4.484178396018751e-05 7.867644624574049e-05
4.484178396018751e-05 7.867644624574049e-05
4.484178396018751e-05 7.867644624574049e-05
4.484178396018751e-05 7.867644624574049e-05
4.484178396018751e-05 7.867644624574049e-05
4.484178396018751e-05 7.867644624574049e-05
4.484178396018751e-05 7.867644624574049e-05
4.484178396018751e-05 7.867644624574049e-05
4.484178396018751e-05 7.867644624574049e-05
4.484178396018751e-05 7.867644624574049e-05
4.484178396018751e-05 7.867644624574049e-05
4.484178396018751e-05 7.867644624574049e-05
5.127495654372348e-05 7.867655411412888e-05
5.127495654372348e-05 7.867655411412888e-05
5.127495654372348e-05 7.867655411412888e-05
5.127495654372348e-05 7.867655411412888e-05
5.127495654372348e-05 7.867655411412888e-05
5.127495654372348e-05 7.867655411412888e-05
5.127495654372348e-05 7.867655411412888e-05
5.127495654372348e-05 7.867655411412888e-05
5.127495654372348e-05 7.867655411412888e-05
5.127495654372348e-05 7.867655411412888e-05
5.127495654372348e-05 7.867655411412888e-05
5.127495654372348e-05 7.867655411412888e-05
2.129608965926065e-05 7.867667837905934e-05
2.129608965926065e-05 7.867667837905934e-05
2.129608965926065e-05 7.867667837905934e-05
2.129608965926065e-05 7.867667837905934e-05
2.129608965926065e-05 7.867667837905934e-05
2.129608965926065e-05 7.867667837905934e-05
2.129608965926065e-05 7.867667837905934e-05
2.129608965926065e-05 7.867667837905934e-05
2.129608965926065e-05 7.867667837905934e-05
2.129608965926065e-05 7.867667837905934e-05
2.129608965926065e-05 7.867667837905934e-05
2.129608965926065e-05 7.867667837905934e-05
3.264729296638888e-05 1.8499394304119497e-05
3.264729296638888e-05 1.8499394304119497e-05
3.264729296638888e-05 1.8499394304119497e-05
3.264729296638888e-05 1.8499394304119497e-05
3.264729296638888e-05 1.8499394304119497e-05
3.264729296638888e-05 1.8499394304119497e-05
3.264729296638888e-05 1.8499394304119497e-05
3.264729296638888e-05 1.8499394304119497e-05
3.264729296638888e-05 1.8499394304119497e-05
3.264729296638888e-05 1.8499394304119497e-05
3.264729296638888e-05 1.8499394304119497e-05
3.264729296638888e-05 1.8499394304119497e-05
0.0008784000396574889 1.8559010905949682e-06
0.0008784000396574889 1.8559010905949682e-06
0.0008784000396574889 1.8559010905949682e-06
0.0008784000396574889 1.8559010905949682e-06
0.0008784000396574889 1.8559010905949682e-06
0.0008784000396574889 1.8559010905949682e-06
3.908940636020739e-05 7.043393521469615e-05
3.908940636020739e-05 7.043393521469615e-05
3.908940636020739e-05 7.043393521469615e-05
3.908940636020739e-05 7.043393521469615e-05
3.908940636020739e-05 7.043393521469615e-05
3.908940636020739e-05 7.043393521469615e-05
0.004807581338143113 7.794784580498866e-05
0.004807581338143113 7.794784580498866e-05
0.004807581338143113 7.794784580498866e-05
0.004807581338143113 7.794784580498866e-05
0.004807581338143113 7.794784580498866e-05
0.004807581338143113 7.794784580498866e-05
3.264729296638888e-05 1.8499394304119497e-05
3.264729296638888e-05 1.8499394304119497e-05
3.264729296638888e-05 1.8499394304119497e-05
3.264729296638888e-05 1.8499394304119497e-05
3.264729296638888e-05 1.8499394304119497e-05
3.264729296638888e-05 1.8499394304119497e-05
3.264729296638888e-05 1.8499394304119497e-05
3.264729296638888e-05 1.8499394304119497e-05
3.264729296638888e-05 1.8499394304119497e-05
3.264729296638888e-05 1.8499394304119497e-05
3.264729296638888e-05 1.8499394304119497e-05
3.264729296638888e-05 1.8499394304119497e-05
3.264729296638888e-05 1.8499394304119497e-05
3.264729296638888e-05 1.8499394304119497e-05
3.264729296638888e-05 1.8499394304119497e-05
3.264729296638888e-05 1.8499394304119497e-05
3.264729296638888e-05 1.8499394304119497e-05
3.264729296638888e-05 1.8499394304119497e-05
3.264729296638888e-05 1.8499394304119497e-05
3.264729296638888e-05 1.8499394304119497e-05
3.264729296638888e-05 1.8499394304119497e-05
3.264729296638888e-05 1.8499394304119497e-05
3.264729296638888e-05 1.8499394304119497e-05
3.264729296638888e-05 1.8499394304119497e-05
3.264729296638888e-05 1.8499394304119497e-05
3.264729296638888e-05 1.8499394304119497e-05
3.264729296638888e-05 1.8499394304119497e-05
3.264729296638888e-05 1.8499394304119497e-05
3.264729296638888e-05 1.8499394304119497e-05
3.264729296638888e-05 1.8499394304119497e-05
3.264729296638888e-05 1.8499394304119497e-05
3.264729296638888e-05 1.8499394304119497e-05
3.264729296638888e-05 1.8499394304119497e-05
3.264729296638888e-05 1.8499394304119497e-05
3.264729296638888e-05 1.8499394304119497e-05
3.264729296638888e-05 1.8499394304119497e-05
0.00032644070814552003 7.794784580498866e-05
0.00032644070814552003 7.794784580498866e-05
0.00032644070814552003 7.794784580498866e-05
0.00032644070814552003 7.794784580498866e-05
0.00032644070814552003 7.794784580498866e-05
0.00032644070814552003 7.794784580498866e-05
3.510630503260103e-05 4.229927632986677e-05
3.510630503260103e-05 4.229927632986677e-05
3.510630503260103e-05 4.229927632986677e-05
3.510630503260103e-05 4.229927632986677e-05
3.510630503260103e-05 4.229927632986677e-05
3.510630503260103e-05 4.229927632986677e-05
3.510630503260103e-05 4.229927632986677e-05
3.510630503260103e-05 4.229927632986677e-05
3.510630503260103e-05 4.229927632986677e-05
3.510630503260103e-05 4.229927632986677e-05
3.510630503260103e-05 4.229927632986677e-05
3.510630503260103e-05 4.229927632986677e-05
3.510630503260103e-05 4.229927632986677e-05
3.510630503260103e-05 4.229927632986677e-05
3.510630503260103e-05 4.229927632986677e-05
3.510630503260103e-05 4.229927632986677e-05
3.510630503260103e-05 4.229927632986677e-05
3.510630503260103e-05 4.229927632986677e-05
3.510630503260103e-05 4.229927632986677e-05
3.510630503260103e-05 4.229927632986677e-05
3.510630503260103e-05 4.229927632986677e-05
3.510630503260103e-05 4.229927632986677e-05
3.510630503260103e-05 4.229927632986677e-05
3.510630503260103e-05 4.229927632986677e-05
0.0005981448935110841 3.389036774129942e-06
0.0005981448935110841 3.389036774129942e-06
0.0005981448935110841 3.389036774129942e-06
0.0005981448935110841 3.389036774129942e-06
0.0005981448935110841 3.389036774129942e-06
0.0005981448935110841 3.389036774129942e-06
0.0005981448935110841 3.389036774129942e-06
0.0005981448935110841 3.389036774129942e-06
0.0005981448935110841 3.389036774129942e-06
0.0005981448935110841 3.389036774129942e-06
0.0005981448935110841 3.389036774129942e-06
0.0005981448935110841 3.389036774129942e-06
0.0005981448935110841 3.389036774129942e-06
0.0005981448935110841 3.389036774129942e-06
0.0005981448935110841 3.389036774129942e-06
0.0005981448935110841 3.389036774129942e-06
0.0005981448935110841 3.389036774129942e-06
0.0005981448935110841 3.389036774129942e-06