6.93664780386442e-07 1.02078589204446e-06
6.93664780386442e-07 1.02078589204446e-06
6.839766595121262e-07 1.020785196464336e-06
6.839766595121262e-07 1.020785196464336e-06
6.839766595121262e-07 1.020785196464336e-06
6.839766595121262e-07 1.020785196464336e-06
6.839766595121262e-07 1.020785196464336e-06
6.839766595121262e-07 1.020785196464336e-06
6.839766595121262e-07 1.020785196464336e-06
6.839766595121262e-07 1.020785196464336e-06
6.839766595121262e-07 1.020785196464336e-06
6.839766595121262e-07 1.020785196464336e-06
6.839766595121262e-07 1.020785196464336e-06
6.839766595121262e-07 1.020785196464336e-06
6.839766595121262e-07 1.020785196464336e-06
6.839766595121262e-07 1.020785196464336e-06
6.604430882958511e-07 1.0207854511777866e-06
6.604430882958511e-07 1.0207854511777866e-06
1.3658729983633918e-06 1.0207873581350174e-06
7.324633280845334e-07 1.0207851179682992e-06
7.324633280845334e-07 1.0207851179682992e-06
7.528973555765951e-07 1.0207851621996503e-06
4.79499383663823e-07 1.0207851350349355e-06
4.79499383663823e-07 1.0207851350349355e-06
4.79499383663823e-07 1.0207851350349355e-06
4.79499383663823e-07 1.0207851350349355e-06
4.79499383663823e-07 1.0207851350349355e-06
4.79499383663823e-07 1.0207851350349355e-06
4.79499383663823e-07 1.0207851350349355e-06
4.79499383663823e-07 1.0207851350349355e-06
4.79499383663823e-07 1.0207851350349355e-06
4.79499383663823e-07 1.0207851350349355e-06
4.79499383663823e-07 1.0207851350349355e-06
6.89449405191968e-07 1.0207854080397428e-06
6.89449405191968e-07 1.0207854080397428e-06