3.8149468841803376e-07 1.0205539905374284e-06
3.8149468841803376e-07 1.0205539905374284e-06
7.819405978405285e-07 1.0207850817259026e-06
7.819405978405285e-07 1.0207850817259026e-06
7.819405978405285e-07 1.0207850817259026e-06
7.819405978405285e-07 1.0207850817259026e-06
4.787226127556352e-07 1.0201834923890486e-06
4.787226127556352e-07 1.0201834923890486e-06
4.6633128892369857e-07 1.0197584925104413e-06
4.6633128892369857e-07 1.0197584925104413e-06
4.6966597885851624e-07 1.0733180492843116e-06
4.6966597885851624e-07 1.0733180492843116e-06
8.050799967155555e-07 1.0207977743685282e-06
8.050799967155555e-07 1.0207977743685282e-06
4.36043745027114e-06 1.0210886175928222e-06
4.36043745027114e-06 1.0210886175928222e-06
3.5588435252780775e-06 1.0176391401035611e-06
3.5588435252780775e-06 1.0176391401035611e-06
5.024120355249192e-07 1.0207906221120026e-06
5.024120355249192e-07 1.0207906221120026e-06
1.0062157302051942e-06 1.0207762840546364e-06
1.0062157302051942e-06 1.0207762840546364e-06
1.0062157302051942e-06 1.0207762840546364e-06
1.0062157302051942e-06 1.0207762840546364e-06
1.0062157302051942e-06 1.0207762840546364e-06
1.0062157302051942e-06 1.0207762840546364e-06
6.008994611584696e-07 1.0207832733371412e-06
6.008994611584696e-07 1.0207832733371412e-06
6.008994611584696e-07 1.0207832733371412e-06
6.008994611584696e-07 1.0207832733371412e-06
6.008994611584696e-07 1.0207832733371412e-06
6.008994611584696e-07 1.0207832733371412e-06
6.008994611584696e-07 1.0207832733371412e-06
6.008994611584696e-07 1.0207832733371412e-06
6.008994611584696e-07 1.0207832733371412e-06
6.008994611584696e-07 1.0207832733371412e-06
6.008994611584696e-07 1.0207832733371412e-06
6.008994611584696e-07 1.0207832733371412e-06
6.008994611584696e-07 1.0207832733371412e-06
6.008994611584696e-07 1.0207832733371412e-06
6.008994611584696e-07 1.0207832733371412e-06
6.008994611584696e-07 1.0207832733371412e-06
7.819101889745253e-07 1.020788406714057e-06
7.819101889745253e-07 1.020788406714057e-06
7.819101889745253e-07 1.020788406714057e-06
7.819101889745253e-07 1.020788406714057e-06
1.266667186913005e-06 1.0799846210189967e-06
1.266667186913005e-06 1.0799846210189967e-06
3.379431755448543e-07 1.0207780049137508e-06
3.379431755448543e-07 1.0207780049137508e-06
3.379431755448543e-07 1.0207780049137508e-06
3.379431755448543e-07 1.0207780049137508e-06
1.4783048092905605e-06 1.0207473693193657e-06
1.4783048092905605e-06 1.0207473693193657e-06
1.4783048092905605e-06 1.0207473693193657e-06
1.4783048092905605e-06 1.0207473693193657e-06
1.4783048092905605e-06 1.0207473693193657e-06
1.4783048092905605e-06 1.0207473693193657e-06
1.4783048092905605e-06 1.0207473693193657e-06
1.4783048092905605e-06 1.0207473693193657e-06
1.4783048092905605e-06 1.0207473693193657e-06
1.4783048092905605e-06 1.0207473693193657e-06
1.4783048092905605e-06 1.0207473693193657e-06
1.4783048092905605e-06 1.0207473693193657e-06
6.976221582942641e-06 9.472654570919594e-06
6.976221582942641e-06 9.472654570919594e-06
6.976221582942641e-06 9.472654570919594e-06
6.976221582942641e-06 9.472654570919594e-06
6.976221582942641e-06 9.472654570919594e-06
6.976221582942641e-06 9.472654570919594e-06
6.976221582942641e-06 9.472654570919594e-06
6.976221582942641e-06 9.472654570919594e-06
6.976221582942641e-06 9.472654570919594e-06
6.976221582942641e-06 9.472654570919594e-06
6.976221582942641e-06 9.472654570919594e-06
6.976221582942641e-06 9.472654570919594e-06
6.976221582942641e-06 9.472654570919594e-06
6.976221582942641e-06 9.472654570919594e-06
7.486619489496631e-06 9.472868304916324e-06
7.486619489496631e-06 9.472868304916324e-06
7.486619489496631e-06 9.472868304916324e-06
7.486619489496631e-06 9.472868304916324e-06
7.486619489496631e-06 9.472868304916324e-06
7.486619489496631e-06 9.472868304916324e-06
7.486619489496631e-06 9.472868304916324e-06
7.486619489496631e-06 9.472868304916324e-06
7.486619489496631e-06 9.472868304916324e-06
7.486619489496631e-06 9.472868304916324e-06
7.486619489496631e-06 9.472868304916324e-06
7.486619489496631e-06 9.472868304916324e-06
7.486619489496631e-06 9.472868304916324e-06
7.486619489496631e-06 9.472868304916324e-06
7.486619489496631e-06 9.472868304916324e-06
7.486619489496631e-06 9.472868304916324e-06
7.486619489496631e-06 9.472868304916324e-06
7.486619489496631e-06 9.472868304916324e-06
7.486619489496631e-06 9.472868304916324e-06
7.486619489496631e-06 9.472868304916324e-06
7.486619489496631e-06 9.472868304916324e-06
7.486619489496631e-06 9.472868304916324e-06
7.486619489496631e-06 9.472868304916324e-06
7.486619489496631e-06 9.472868304916324e-06
7.486619489496631e-06 9.472868304916324e-06
7.486619489496631e-06 9.472868304916324e-06
7.486619489496631e-06 9.472868304916324e-06
7.486619489496631e-06 9.472868304916324e-06
6.377742818298626e-06 9.473132429326879e-06
6.377742818298626e-06 9.473132429326879e-06
6.377742818298626e-06 9.473132429326879e-06
6.377742818298626e-06 9.473132429326879e-06
6.377742818298626e-06 9.473132429326879e-06
6.377742818298626e-06 9.473132429326879e-06
6.377742818298626e-06 9.473132429326879e-06
6.377742818298626e-06 9.473132429326879e-06
6.377742818298626e-06 9.473132429326879e-06
6.377742818298626e-06 9.473132429326879e-06
6.377742818298626e-06 9.473132429326879e-06
6.377742818298626e-06 9.473132429326879e-06
6.377742818298626e-06 9.473132429326879e-06
6.377742818298626e-06 9.473132429326879e-06
5.458266898543156e-06 9.473660807554337e-06
5.458266898543156e-06 9.473660807554337e-06
5.458266898543156e-06 9.473660807554337e-06
5.458266898543156e-06 9.473660807554337e-06
5.458266898543156e-06 9.473660807554337e-06
5.458266898543156e-06 9.473660807554337e-06
5.458266898543156e-06 9.473660807554337e-06
5.458266898543156e-06 9.473660807554337e-06
5.458266898543156e-06 9.473660807554337e-06
5.458266898543156e-06 9.473660807554337e-06
5.458266898543156e-06 9.473660807554337e-06
5.458266898543156e-06 9.473660807554337e-06
5.458266898543156e-06 9.473660807554337e-06
5.458266898543156e-06 9.473660807554337e-06
4.446676283708855e-06 9.506531293661045e-06
4.446676283708855e-06 9.506531293661045e-06
4.446676283708855e-06 9.506531293661045e-06
4.446676283708855e-06 9.506531293661045e-06
4.446676283708855e-06 9.506531293661045e-06
4.446676283708855e-06 9.506531293661045e-06
4.446676283708855e-06 9.506531293661045e-06
4.446676283708855e-06 9.506531293661045e-06
4.446676283708855e-06 9.506531293661045e-06
4.446676283708855e-06 9.506531293661045e-06
4.446676283708855e-06 9.506531293661045e-06
4.446676283708855e-06 9.506531293661045e-06
4.446676283708855e-06 9.506531293661045e-06
4.446676283708855e-06 9.506531293661045e-06
7.064370768670476e-06 9.472862429466289e-06
7.064370768670476e-06 9.472862429466289e-06
7.064370768670476e-06 9.472862429466289e-06
7.064370768670476e-06 9.472862429466289e-06
7.064370768670476e-06 9.472862429466289e-06
7.064370768670476e-06 9.472862429466289e-06
7.064370768670476e-06 9.472862429466289e-06
7.064370768670476e-06 9.472862429466289e-06
7.064370768670476e-06 9.472862429466289e-06
7.064370768670476e-06 9.472862429466289e-06
7.064370768670476e-06 9.472862429466289e-06
7.064370768670476e-06 9.472862429466289e-06
7.064370768670476e-06 9.472862429466289e-06
7.064370768670476e-06 9.472862429466289e-06
1.8965673152010596e-05 9.472572478988953e-06
1.8965673152010596e-05 9.472572478988953e-06
1.8965673152010596e-05 9.472572478988953e-06
1.8965673152010596e-05 9.472572478988953e-06
1.8965673152010596e-05 9.472572478988953e-06
1.8965673152010596e-05 9.472572478988953e-06
1.8965673152010596e-05 9.472572478988953e-06
1.8965673152010596e-05 9.472572478988953e-06
1.8965673152010596e-05 9.472572478988953e-06
1.8965673152010596e-05 9.472572478988953e-06
1.8965673152010596e-05 9.472572478988953e-06
1.8965673152010596e-05 9.472572478988953e-06
1.8965673152010596e-05 9.472572478988953e-06
1.8965673152010596e-05 9.472572478988953e-06
2.196981036422106e-05 9.46712775793313e-06
2.196981036422106e-05 9.46712775793313e-06
2.196981036422106e-05 9.46712775793313e-06
2.196981036422106e-05 9.46712775793313e-06
2.196981036422106e-05 9.46712775793313e-06
2.196981036422106e-05 9.46712775793313e-06
2.196981036422106e-05 9.46712775793313e-06
2.196981036422106e-05 9.46712775793313e-06
2.196981036422106e-05 9.46712775793313e-06
2.196981036422106e-05 9.46712775793313e-06
2.196981036422106e-05 9.46712775793313e-06
2.196981036422106e-05 9.46712775793313e-06
2.196981036422106e-05 9.46712775793313e-06
2.196981036422106e-05 9.46712775793313e-06
5.655561514578156e-06 9.472880620989548e-06
5.655561514578156e-06 9.472880620989548e-06
5.655561514578156e-06 9.472880620989548e-06
5.655561514578156e-06 9.472880620989548e-06
5.655561514578156e-06 9.472880620989548e-06
5.655561514578156e-06 9.472880620989548e-06
5.655561514578156e-06 9.472880620989548e-06
5.655561514578156e-06 9.472880620989548e-06
5.655561514578156e-06 9.472880620989548e-06
5.655561514578156e-06 9.472880620989548e-06
5.655561514578156e-06 9.472880620989548e-06
5.655561514578156e-06 9.472880620989548e-06
5.655561514578156e-06 9.472880620989548e-06
5.655561514578156e-06 9.472880620989548e-06
7.68881710210248e-06 9.47291022381968e-06
7.68881710210248e-06 9.47291022381968e-06
7.68881710210248e-06 9.47291022381968e-06
7.68881710210248e-06 9.47291022381968e-06
7.68881710210248e-06 9.47291022381968e-06
7.68881710210248e-06 9.47291022381968e-06
7.68881710210248e-06 9.47291022381968e-06
7.68881710210248e-06 9.47291022381968e-06
7.68881710210248e-06 9.47291022381968e-06
7.68881710210248e-06 9.47291022381968e-06
7.68881710210248e-06 9.47291022381968e-06
7.68881710210248e-06 9.47291022381968e-06
7.68881710210248e-06 9.47291022381968e-06
7.68881710210248e-06 9.47291022381968e-06
7.68881710210248e-06 9.47291022381968e-06
7.68881710210248e-06 9.47291022381968e-06
7.68881710210248e-06 9.47291022381968e-06
7.68881710210248e-06 9.47291022381968e-06
7.68881710210248e-06 9.47291022381968e-06
7.68881710210248e-06 9.47291022381968e-06
7.68881710210248e-06 9.47291022381968e-06
7.68881710210248e-06 9.47291022381968e-06
7.68881710210248e-06 9.47291022381968e-06
7.68881710210248e-06 9.47291022381968e-06
7.68881710210248e-06 9.47291022381968e-06
7.68881710210248e-06 9.47291022381968e-06
7.68881710210248e-06 9.47291022381968e-06
7.68881710210248e-06 9.47291022381968e-06
7.68881710210248e-06 9.47291022381968e-06
7.68881710210248e-06 9.47291022381968e-06
7.68881710210248e-06 9.47291022381968e-06
7.68881710210248e-06 9.47291022381968e-06
7.68881710210248e-06 9.47291022381968e-06
7.68881710210248e-06 9.47291022381968e-06
7.68881710210248e-06 9.47291022381968e-06
7.68881710210248e-06 9.47291022381968e-06
7.68881710210248e-06 9.47291022381968e-06
7.68881710210248e-06 9.47291022381968e-06
7.68881710210248e-06 9.47291022381968e-06
7.68881710210248e-06 9.47291022381968e-06
7.68881710210248e-06 9.47291022381968e-06
7.68881710210248e-06 9.47291022381968e-06
5.203223868627017e-06 9.472865321556746e-06
5.203223868627017e-06 9.472865321556746e-06
5.203223868627017e-06 9.472865321556746e-06
5.203223868627017e-06 9.472865321556746e-06
5.203223868627017e-06 9.472865321556746e-06
5.203223868627017e-06 9.472865321556746e-06
5.203223868627017e-06 9.472865321556746e-06
5.203223868627017e-06 9.472865321556746e-06
5.203223868627017e-06 9.472865321556746e-06
5.203223868627017e-06 9.472865321556746e-06
5.203223868627017e-06 9.472865321556746e-06
5.203223868627017e-06 9.472865321556746e-06
5.203223868627017e-06 9.472865321556746e-06
5.203223868627017e-06 9.472865321556746e-06
5.203223868627017e-06 9.472865321556746e-06
5.203223868627017e-06 9.472865321556746e-06
5.203223868627017e-06 9.472865321556746e-06
5.203223868627017e-06 9.472865321556746e-06
5.203223868627017e-06 9.472865321556746e-06
5.203223868627017e-06 9.472865321556746e-06
5.203223868627017e-06 9.472865321556746e-06
5.203223868627017e-06 9.472865321556746e-06
5.203223868627017e-06 9.472865321556746e-06
5.203223868627017e-06 9.472865321556746e-06
5.203223868627017e-06 9.472865321556746e-06
5.203223868627017e-06 9.472865321556746e-06
5.203223868627017e-06 9.472865321556746e-06
5.203223868627017e-06 9.472865321556746e-06
5.203223868627017e-06 9.472865321556746e-06
5.203223868627017e-06 9.472865321556746e-06
5.203223868627017e-06 9.472865321556746e-06
5.203223868627017e-06 9.472865321556746e-06
5.203223868627017e-06 9.472865321556746e-06
5.203223868627017e-06 9.472865321556746e-06
5.203223868627017e-06 9.472865321556746e-06
5.203223868627017e-06 9.472865321556746e-06
5.203223868627017e-06 9.472865321556746e-06
5.203223868627017e-06 9.472865321556746e-06
5.203223868627017e-06 9.472865321556746e-06
5.203223868627017e-06 9.472865321556746e-06
5.203223868627017e-06 9.472865321556746e-06
5.203223868627017e-06 9.472865321556746e-06
5.203223868627017e-06 9.472865321556746e-06
5.203223868627017e-06 9.472865321556746e-06
5.203223868627017e-06 9.472865321556746e-06
5.203223868627017e-06 9.472865321556746e-06
5.203223868627017e-06 9.472865321556746e-06
5.203223868627017e-06 9.472865321556746e-06
5.203223868627017e-06 9.472865321556746e-06
5.203223868627017e-06 9.472865321556746e-06
5.203223868627017e-06 9.472865321556746e-06
5.203223868627017e-06 9.472865321556746e-06
5.203223868627017e-06 9.472865321556746e-06
5.203223868627017e-06 9.472865321556746e-06
5.203223868627017e-06 9.472865321556746e-06
5.203223868627017e-06 9.472865321556746e-06
5.203223868627017e-06 9.472865321556746e-06
5.203223868627017e-06 9.472865321556746e-06
5.203223868627017e-06 9.472865321556746e-06
5.203223868627017e-06 9.472865321556746e-06
5.203223868627017e-06 9.472865321556746e-06
5.203223868627017e-06 9.472865321556746e-06
5.203223868627017e-06 9.472865321556746e-06
5.203223868627017e-06 9.472865321556746e-06
5.203223868627017e-06 9.472865321556746e-06
5.203223868627017e-06 9.472865321556746e-06
5.203223868627017e-06 9.472865321556746e-06
5.203223868627017e-06 9.472865321556746e-06
5.203223868627017e-06 9.472865321556746e-06
5.203223868627017e-06 9.472865321556746e-06
5.203223868627017e-06 9.472865321556746e-06
5.203223868627017e-06 9.472865321556746e-06
5.203223868627017e-06 9.472865321556746e-06
5.203223868627017e-06 9.472865321556746e-06
5.203223868627017e-06 9.472865321556746e-06
5.203223868627017e-06 9.472865321556746e-06
5.203223868627017e-06 9.472865321556746e-06
5.203223868627017e-06 9.472865321556746e-06
5.203223868627017e-06 9.472865321556746e-06
5.203223868627017e-06 9.472865321556746e-06
5.203223868627017e-06 9.472865321556746e-06
5.203223868627017e-06 9.472865321556746e-06
5.203223868627017e-06 9.472865321556746e-06
5.203223868627017e-06 9.472865321556746e-06
5.203223868627017e-06 9.472865321556746e-06
5.203223868627017e-06 9.472865321556746e-06
5.203223868627017e-06 9.472865321556746e-06
5.203223868627017e-06 9.472865321556746e-06
5.203223868627017e-06 9.472865321556746e-06
5.203223868627017e-06 9.472865321556746e-06
5.203223868627017e-06 9.472865321556746e-06
5.203223868627017e-06 9.472865321556746e-06
5.203223868627017e-06 9.472865321556746e-06
5.203223868627017e-06 9.472865321556746e-06
5.203223868627017e-06 9.472865321556746e-06
5.203223868627017e-06 9.472865321556746e-06
5.203223868627017e-06 9.472865321556746e-06
5.203223868627017e-06 9.472865321556746e-06
5.203223868627017e-06 9.472865321556746e-06
5.203223868627017e-06 9.472865321556746e-06
5.203223868627017e-06 9.472865321556746e-06
5.203223868627017e-06 9.472865321556746e-06
5.203223868627017e-06 9.472865321556746e-06
5.203223868627017e-06 9.472865321556746e-06
5.203223868627017e-06 9.472865321556746e-06
5.203223868627017e-06 9.472865321556746e-06
5.203223868627017e-06 9.472865321556746e-06
5.203223868627017e-06 9.472865321556746e-06
5.203223868627017e-06 9.472865321556746e-06
5.203223868627017e-06 9.472865321556746e-06
5.203223868627017e-06 9.472865321556746e-06
5.203223868627017e-06 9.472865321556746e-06
7.48660950985902e-06 9.472869965821214e-06
7.48660950985902e-06 9.472869965821214e-06
7.48660950985902e-06 9.472869965821214e-06
7.48660950985902e-06 9.472869965821214e-06
7.48660950985902e-06 9.472869965821214e-06
7.48660950985902e-06 9.472869965821214e-06
7.48660950985902e-06 9.472869965821214e-06
7.48660950985902e-06 9.472869965821214e-06
7.48660950985902e-06 9.472869965821214e-06
7.48660950985902e-06 9.472869965821214e-06
7.48660950985902e-06 9.472869965821214e-06
7.48660950985902e-06 9.472869965821214e-06
7.48660950985902e-06 9.472869965821214e-06
7.48660950985902e-06 9.472869965821214e-06
7.48660950985902e-06 9.472869965821214e-06
7.48660950985902e-06 9.472869965821214e-06
7.48660950985902e-06 9.472869965821214e-06
7.48660950985902e-06 9.472869965821214e-06
7.48660950985902e-06 9.472869965821214e-06
7.48660950985902e-06 9.472869965821214e-06
7.48660950985902e-06 9.472869965821214e-06
7.48660950985902e-06 9.472869965821214e-06
7.48660950985902e-06 9.472869965821214e-06
7.48660950985902e-06 9.472869965821214e-06
7.48660950985902e-06 9.472869965821214e-06
7.48660950985902e-06 9.472869965821214e-06
7.48660950985902e-06 9.472869965821214e-06
7.48660950985902e-06 9.472869965821214e-06
2.404509329789597e-05 9.479865006722304e-06
2.404509329789597e-05 9.479865006722304e-06
2.404509329789597e-05 9.479865006722304e-06
2.404509329789597e-05 9.479865006722304e-06
2.404509329789597e-05 9.479865006722304e-06
2.404509329789597e-05 9.479865006722304e-06
2.404509329789597e-05 9.479865006722304e-06
2.404509329789597e-05 9.479865006722304e-06
2.404509329789597e-05 9.479865006722304e-06
2.404509329789597e-05 9.479865006722304e-06
2.404509329789597e-05 9.479865006722304e-06
2.404509329789597e-05 9.479865006722304e-06
2.404509329789597e-05 9.479865006722304e-06
2.404509329789597e-05 9.479865006722304e-06
4.154088096504196e-06 9.472714310628188e-06
4.154088096504196e-06 9.472714310628188e-06
4.154088096504196e-06 9.472714310628188e-06
4.154088096504196e-06 9.472714310628188e-06
4.154088096504196e-06 9.472714310628188e-06
4.154088096504196e-06 9.472714310628188e-06
4.154088096504196e-06 9.472714310628188e-06
4.154088096504196e-06 9.472714310628188e-06
4.154088096504196e-06 9.472714310628188e-06
4.154088096504196e-06 9.472714310628188e-06
4.154088096504196e-06 9.472714310628188e-06
4.154088096504196e-06 9.472714310628188e-06
4.154088096504196e-06 9.472714310628188e-06
4.154088096504196e-06 9.472714310628188e-06
4.154088096504196e-06 9.472714310628188e-06
4.154088096504196e-06 9.472714310628188e-06
4.154088096504196e-06 9.472714310628188e-06
4.154088096504196e-06 9.472714310628188e-06
4.154088096504196e-06 9.472714310628188e-06
4.154088096504196e-06 9.472714310628188e-06
4.154088096504196e-06 9.472714310628188e-06
4.154088096504196e-06 9.472714310628188e-06
4.154088096504196e-06 9.472714310628188e-06
4.154088096504196e-06 9.472714310628188e-06
4.154088096504196e-06 9.472714310628188e-06
4.154088096504196e-06 9.472714310628188e-06
4.154088096504196e-06 9.472714310628188e-06
4.154088096504196e-06 9.472714310628188e-06
1.0829414201455807e-05 9.472892316897762e-06
1.0829414201455807e-05 9.472892316897762e-06
1.0829414201455807e-05 9.472892316897762e-06
1.0829414201455807e-05 9.472892316897762e-06
1.0829414201455807e-05 9.472892316897762e-06
1.0829414201455807e-05 9.472892316897762e-06
1.0829414201455807e-05 9.472892316897762e-06
1.0829414201455807e-05 9.472892316897762e-06
1.0829414201455807e-05 9.472892316897762e-06
1.0829414201455807e-05 9.472892316897762e-06
1.0829414201455807e-05 9.472892316897762e-06
1.0829414201455807e-05 9.472892316897762e-06
1.0829414201455807e-05 9.472892316897762e-06
1.0829414201455807e-05 9.472892316897762e-06
1.0829414201455807e-05 9.472892316897762e-06
1.0829414201455807e-05 9.472892316897762e-06
1.0829414201455807e-05 9.472892316897762e-06
1.0829414201455807e-05 9.472892316897762e-06
1.0829414201455807e-05 9.472892316897762e-06
1.0829414201455807e-05 9.472892316897762e-06
1.0829414201455807e-05 9.472892316897762e-06
1.0829414201455807e-05 9.472892316897762e-06
1.0829414201455807e-05 9.472892316897762e-06
1.0829414201455807e-05 9.472892316897762e-06
1.0829414201455807e-05 9.472892316897762e-06
1.0829414201455807e-05 9.472892316897762e-06
1.0829414201455807e-05 9.472892316897762e-06
1.0829414201455807e-05 9.472892316897762e-06
1.0829414201455807e-05 9.472892316897762e-06
1.0829414201455807e-05 9.472892316897762e-06
1.0829414201455807e-05 9.472892316897762e-06
1.0829414201455807e-05 9.472892316897762e-06
1.0829414201455807e-05 9.472892316897762e-06
1.0829414201455807e-05 9.472892316897762e-06
1.0829414201455807e-05 9.472892316897762e-06
1.0829414201455807e-05 9.472892316897762e-06
1.0829414201455807e-05 9.472892316897762e-06
1.0829414201455807e-05 9.472892316897762e-06
1.0829414201455807e-05 9.472892316897762e-06
1.0829414201455807e-05 9.472892316897762e-06
1.0829414201455807e-05 9.472892316897762e-06
1.0829414201455807e-05 9.472892316897762e-06
1.0829414201455807e-05 9.472892316897762e-06
1.0829414201455807e-05 9.472892316897762e-06
1.0829414201455807e-05 9.472892316897762e-06
1.0829414201455807e-05 9.472892316897762e-06
1.0829414201455807e-05 9.472892316897762e-06
1.0829414201455807e-05 9.472892316897762e-06
1.0829414201455807e-05 9.472892316897762e-06
1.0829414201455807e-05 9.472892316897762e-06
1.0829414201455807e-05 9.472892316897762e-06
1.0829414201455807e-05 9.472892316897762e-06
1.0829414201455807e-05 9.472892316897762e-06
1.0829414201455807e-05 9.472892316897762e-06
1.0829414201455807e-05 9.472892316897762e-06
1.0829414201455807e-05 9.472892316897762e-06
1.0829414201455807e-05 9.472892316897762e-06
1.0829414201455807e-05 9.472892316897762e-06
1.0829414201455807e-05 9.472892316897762e-06
1.0829414201455807e-05 9.472892316897762e-06
1.0829414201455807e-05 9.472892316897762e-06
1.0829414201455807e-05 9.472892316897762e-06
1.0829414201455807e-05 9.472892316897762e-06
1.0829414201455807e-05 9.472892316897762e-06
1.0829414201455807e-05 9.472892316897762e-06
1.0829414201455807e-05 9.472892316897762e-06
1.0829414201455807e-05 9.472892316897762e-06
1.0829414201455807e-05 9.472892316897762e-06
1.0829414201455807e-05 9.472892316897762e-06
1.0829414201455807e-05 9.472892316897762e-06
1.0829414201455807e-05 9.472892316897762e-06
1.0829414201455807e-05 9.472892316897762e-06
1.0829414201455807e-05 9.472892316897762e-06
1.0829414201455807e-05 9.472892316897762e-06
1.0829414201455807e-05 9.472892316897762e-06
1.0829414201455807e-05 9.472892316897762e-06
1.0829414201455807e-05 9.472892316897762e-06
1.0829414201455807e-05 9.472892316897762e-06
1.0829414201455807e-05 9.472892316897762e-06
1.0829414201455807e-05 9.472892316897762e-06
1.0829414201455807e-05 9.472892316897762e-06
1.0829414201455807e-05 9.472892316897762e-06
1.0829414201455807e-05 9.472892316897762e-06
1.0829414201455807e-05 9.472892316897762e-06
6.12622464559018e-06 7.853162957185512e-06
6.12622464559018e-06 7.853162957185512e-06
5.888514886062801e-06 7.853220872321476e-06
5.888514886062801e-06 7.853220872321476e-06
5.888514886062801e-06 7.853220872321476e-06
5.888514886062801e-06 7.853220872321476e-06
5.665688151214992e-06 7.853653954339832e-06
5.665688151214992e-06 7.853653954339832e-06
4.347209129630989e-06 7.851792351889267e-06
4.347209129630989e-06 7.851792351889267e-06
3.3709896869683828e-06 7.819888644785698e-06
3.3709896869683828e-06 7.819888644785698e-06
5.150048449450409e-06 7.853234031276662e-06
5.150048449450409e-06 7.853234031276662e-06
1.2240595230445258e-05 7.853395536068619e-06
1.2240595230445258e-05 7.853395536068619e-06
1.664470740705964e-05 7.848156398677465e-06
1.664470740705964e-05 7.848156398677465e-06
4.423014399136027e-06 7.853236547908737e-06
4.423014399136027e-06 7.853236547908737e-06
5.79158424836056e-06 7.853266707809362e-06
5.79158424836056e-06 7.853266707809362e-06
5.79158424836056e-06 7.853266707809362e-06
5.79158424836056e-06 7.853266707809362e-06
5.79158424836056e-06 7.853266707809362e-06
5.79158424836056e-06 7.853266707809362e-06
4.19748828305914e-06 7.853216193673286e-06
4.19748828305914e-06 7.853216193673286e-06
4.19748828305914e-06 7.853216193673286e-06
4.19748828305914e-06 7.853216193673286e-06
4.19748828305914e-06 7.853216193673286e-06
4.19748828305914e-06 7.853216193673286e-06
4.19748828305914e-06 7.853216193673286e-06
4.19748828305914e-06 7.853216193673286e-06
4.19748828305914e-06 7.853216193673286e-06
4.19748828305914e-06 7.853216193673286e-06
4.19748828305914e-06 7.853216193673286e-06
4.19748828305914e-06 7.853216193673286e-06
4.19748828305914e-06 7.853216193673286e-06
4.19748828305914e-06 7.853216193673286e-06
4.19748828305914e-06 7.853216193673286e-06
4.19748828305914e-06 7.853216193673286e-06
5.888494754908005e-06 7.853219580126403e-06
5.888494754908005e-06 7.853219580126403e-06
5.888494754908005e-06 7.853219580126403e-06
5.888494754908005e-06 7.853219580126403e-06
2.0068378849525852e-05 7.799888929581643e-06
2.0068378849525852e-05 7.799888929581643e-06
3.5142606306401495e-06 7.853458186479291e-06
3.5142606306401495e-06 7.853458186479291e-06
3.5142606306401495e-06 7.853458186479291e-06
3.5142606306401495e-06 7.853458186479291e-06
8.30304558051353e-06 7.853214700834904e-06
8.30304558051353e-06 7.853214700834904e-06
8.30304558051353e-06 7.853214700834904e-06
8.30304558051353e-06 7.853214700834904e-06
8.30304558051353e-06 7.853214700834904e-06
8.30304558051353e-06 7.853214700834904e-06
8.30304558051353e-06 7.853214700834904e-06
8.30304558051353e-06 7.853214700834904e-06
8.30304558051353e-06 7.853214700834904e-06
8.30304558051353e-06 7.853214700834904e-06
8.30304558051353e-06 7.853214700834904e-06
8.30304558051353e-06 7.853214700834904e-06
4.85234472110657e-07 2.551384976343571e-07
6.532252365694185e-07 2.549204632791903e-07
6.532252365694185e-07 2.549204632791903e-07
2.423759324027271e-07 2.5504587309726216e-07
6.375727881161977e-07 2.540695220247857e-07
6.893484528407254e-07 3.0666229979551756e-07
8.923935875494898e-07 2.549547965892636e-07
6.186201753218565e-07 2.5488479149320074e-07
5.778889979405402e-07 2.621191724509173e-07
6.194270375041331e-07 2.549196018610492e-07
6.514213366283251e-07 2.549172278036204e-07
6.514213366283251e-07 2.549172278036204e-07
6.514213366283251e-07 2.549172278036204e-07
2.8497882422077847e-07 2.5491941738025936e-07
2.8497882422077847e-07 2.5491941738025936e-07
2.8497882422077847e-07 2.5491941738025936e-07
2.8497882422077847e-07 2.5491941738025936e-07
2.8497882422077847e-07 2.5491941738025936e-07
2.8497882422077847e-07 2.5491941738025936e-07
2.8497882422077847e-07 2.5491941738025936e-07
2.8497882422077847e-07 2.5491941738025936e-07
6.53272133473831e-07 2.549192402043538e-07
6.53272133473831e-07 2.549192402043538e-07
2.621016340971213e-06 2.399965824486659e-07
2.0677244812976394e-07 2.546996185499081e-07
2.0677244812976394e-07 2.546996185499081e-07
7.080363499465296e-07 2.549521517942836e-07
7.080363499465296e-07 2.549521517942836e-07
7.080363499465296e-07 2.549521517942836e-07
7.080363499465296e-07 2.549521517942836e-07
7.080363499465296e-07 2.549521517942836e-07
7.080363499465296e-07 2.549521517942836e-07
1.625033514875414e-05 1.6409870321597764e-05
1.625033514875414e-05 1.6409870321597764e-05
1.2368950120300323e-05 1.6410061043668635e-05
1.2368950120300323e-05 1.6410061043668635e-05
1.2368950120300323e-05 1.6410061043668635e-05
1.2368950120300323e-05 1.6410061043668635e-05
1.553919130799872e-05 1.640962634740562e-05
1.553919130799872e-05 1.640962634740562e-05
1.1329212396967975e-05 1.6410106799272117e-05
1.1329212396967975e-05 1.6410106799272117e-05
1.0741715451957677e-05 1.6406433039060192e-05
1.0741715451957677e-05 1.6406433039060192e-05
1.1082830720683843e-05 1.6410072842802865e-05
1.1082830720683843e-05 1.6410072842802865e-05
1.2221483030426436e-05 1.6410242107626072e-05
1.2221483030426436e-05 1.6410242107626072e-05
1.4224092103321714e-05 1.640557644045741e-05
1.4224092103321714e-05 1.640557644045741e-05
1.0510466326424664e-05 1.6410060094671312e-05
1.0510466326424664e-05 1.6410060094671312e-05
1.1929088972264346e-05 1.641004738096903e-05
1.1929088972264346e-05 1.641004738096903e-05
1.1929088972264346e-05 1.641004738096903e-05
1.1929088972264346e-05 1.641004738096903e-05
1.1929088972264346e-05 1.641004738096903e-05
1.1929088972264346e-05 1.641004738096903e-05
1.0162958303283854e-05 1.6410062840998542e-05
1.0162958303283854e-05 1.6410062840998542e-05
1.0162958303283854e-05 1.6410062840998542e-05
1.0162958303283854e-05 1.6410062840998542e-05
1.0162958303283854e-05 1.6410062840998542e-05
1.0162958303283854e-05 1.6410062840998542e-05
1.0162958303283854e-05 1.6410062840998542e-05
1.0162958303283854e-05 1.6410062840998542e-05
1.0162958303283854e-05 1.6410062840998542e-05
1.0162958303283854e-05 1.6410062840998542e-05
1.0162958303283854e-05 1.6410062840998542e-05
1.0162958303283854e-05 1.6410062840998542e-05
1.0162958303283854e-05 1.6410062840998542e-05
1.0162958303283854e-05 1.6410062840998542e-05
1.0162958303283854e-05 1.6410062840998542e-05
1.0162958303283854e-05 1.6410062840998542e-05
1.236975444076494e-05 1.6410059062178214e-05
1.236975444076494e-05 1.6410059062178214e-05
1.236975444076494e-05 1.6410059062178214e-05
1.236975444076494e-05 1.6410059062178214e-05
2.435130570623383e-05 1.6439765897733618e-05
2.435130570623383e-05 1.6439765897733618e-05
8.59595048476102e-06 1.6410309620042004e-05
8.59595048476102e-06 1.6410309620042004e-05
8.59595048476102e-06 1.6410309620042004e-05
8.59595048476102e-06 1.6410309620042004e-05
1.4475323240062412e-05 1.6410031627272077e-05
1.4475323240062412e-05 1.6410031627272077e-05
1.4475323240062412e-05 1.6410031627272077e-05
1.4475323240062412e-05 1.6410031627272077e-05
1.4475323240062412e-05 1.6410031627272077e-05
1.4475323240062412e-05 1.6410031627272077e-05
1.4475323240062412e-05 1.6410031627272077e-05
1.4475323240062412e-05 1.6410031627272077e-05
1.4475323240062412e-05 1.6410031627272077e-05
1.4475323240062412e-05 1.6410031627272077e-05
1.4475323240062412e-05 1.6410031627272077e-05
1.4475323240062412e-05 1.6410031627272077e-05
2.503438048909296e-05 2.681250471639459e-05
2.150235821580867e-05 2.681256120334955e-05
2.150235821580867e-05 2.681256120334955e-05
2.1703498603733752e-05 2.6812482649106757e-05
1.57063776113141e-05 2.6813035584643134e-05
1.3256701016167796e-05 2.6832951232107788e-05
1.6600882519267036e-05 2.681252864396834e-05
2.0654576528386462e-05 2.68124855586267e-05
2.9077468972296686e-05 2.681324946424383e-05
1.7803965233572068e-05 2.6812566808835063e-05
2.1268833593418807e-05 2.681259710409861e-05
2.1268833593418807e-05 2.681259710409861e-05
2.1268833593418807e-05 2.681259710409861e-05
1.6864596877488956e-05 2.6812559583772555e-05
1.6864596877488956e-05 2.6812559583772555e-05
1.6864596877488956e-05 2.6812559583772555e-05
1.6864596877488956e-05 2.6812559583772555e-05
1.6864596877488956e-05 2.6812559583772555e-05
1.6864596877488956e-05 2.6812559583772555e-05
1.6864596877488956e-05 2.6812559583772555e-05
1.6864596877488956e-05 2.6812559583772555e-05
2.15038356163972e-05 2.6812562282444147e-05
2.15038356163972e-05 2.6812562282444147e-05
4.766121943345079e-05 2.6759618943026252e-05
1.3769616625834304e-05 2.6812743522734497e-05
1.3769616625834304e-05 2.6812743522734497e-05
2.6236873140444824e-05 2.681253315551426e-05
2.6236873140444824e-05 2.681253315551426e-05
2.6236873140444824e-05 2.681253315551426e-05
2.6236873140444824e-05 2.681253315551426e-05
2.6236873140444824e-05 2.681253315551426e-05
2.6236873140444824e-05 2.681253315551426e-05
5.510107005523238e-06 1.463091714684221e-05
5.510107005523238e-06 1.463091714684221e-05
5.510107005523238e-06 1.463091714684221e-05
5.510107005523238e-06 1.463091714684221e-05
5.510107005523238e-06 1.463091714684221e-05
5.510107005523238e-06 1.463091714684221e-05
5.510107005523238e-06 1.463091714684221e-05
5.510107005523238e-06 1.463091714684221e-05
5.510107005523238e-06 1.463091714684221e-05
5.510107005523238e-06 1.463091714684221e-05
5.510107005523238e-06 1.463091714684221e-05
6.888416816236776e-06 1.4631225188231443e-05
6.888416816236776e-06 1.4631225188231443e-05
6.888416816236776e-06 1.4631225188231443e-05
6.888416816236776e-06 1.4631225188231443e-05
6.888416816236776e-06 1.4631225188231443e-05
6.888416816236776e-06 1.4631225188231443e-05
6.888416816236776e-06 1.4631225188231443e-05
6.888416816236776e-06 1.4631225188231443e-05
6.888416816236776e-06 1.4631225188231443e-05
6.888416816236776e-06 1.4631225188231443e-05
6.888416816236776e-06 1.4631225188231443e-05
6.888416816236776e-06 1.4631225188231443e-05
6.888416816236776e-06 1.4631225188231443e-05
6.888416816236776e-06 1.4631225188231443e-05
6.888416816236776e-06 1.4631225188231443e-05
6.888416816236776e-06 1.4631225188231443e-05
6.888416816236776e-06 1.4631225188231443e-05
6.888416816236776e-06 1.4631225188231443e-05
6.888416816236776e-06 1.4631225188231443e-05
6.888416816236776e-06 1.4631225188231443e-05
6.888416816236776e-06 1.4631225188231443e-05
6.888416816236776e-06 1.4631225188231443e-05
4.3585463068142146e-06 1.4631843537392685e-05
4.3585463068142146e-06 1.4631843537392685e-05
4.3585463068142146e-06 1.4631843537392685e-05
4.3585463068142146e-06 1.4631843537392685e-05
4.3585463068142146e-06 1.4631843537392685e-05
4.3585463068142146e-06 1.4631843537392685e-05
4.3585463068142146e-06 1.4631843537392685e-05
4.3585463068142146e-06 1.4631843537392685e-05
4.3585463068142146e-06 1.4631843537392685e-05
4.3585463068142146e-06 1.4631843537392685e-05
4.3585463068142146e-06 1.4631843537392685e-05
4.08296963609896e-06 1.4631620145098616e-05
4.08296963609896e-06 1.4631620145098616e-05
4.08296963609896e-06 1.4631620145098616e-05
4.08296963609896e-06 1.4631620145098616e-05
4.08296963609896e-06 1.4631620145098616e-05
4.08296963609896e-06 1.4631620145098616e-05
4.08296963609896e-06 1.4631620145098616e-05
4.08296963609896e-06 1.4631620145098616e-05
4.08296963609896e-06 1.4631620145098616e-05
4.08296963609896e-06 1.4631620145098616e-05
4.08296963609896e-06 1.4631620145098616e-05
4.901191747120322e-06 1.4566459240287085e-05
4.901191747120322e-06 1.4566459240287085e-05
4.901191747120322e-06 1.4566459240287085e-05
4.901191747120322e-06 1.4566459240287085e-05
4.901191747120322e-06 1.4566459240287085e-05
4.901191747120322e-06 1.4566459240287085e-05
4.901191747120322e-06 1.4566459240287085e-05
4.901191747120322e-06 1.4566459240287085e-05
4.901191747120322e-06 1.4566459240287085e-05
4.901191747120322e-06 1.4566459240287085e-05
4.901191747120322e-06 1.4566459240287085e-05
5.6821054243073785e-06 1.4631195555546097e-05
5.6821054243073785e-06 1.4631195555546097e-05
5.6821054243073785e-06 1.4631195555546097e-05
5.6821054243073785e-06 1.4631195555546097e-05
5.6821054243073785e-06 1.4631195555546097e-05
5.6821054243073785e-06 1.4631195555546097e-05
5.6821054243073785e-06 1.4631195555546097e-05
5.6821054243073785e-06 1.4631195555546097e-05
5.6821054243073785e-06 1.4631195555546097e-05
5.6821054243073785e-06 1.4631195555546097e-05
5.6821054243073785e-06 1.4631195555546097e-05
3.8586872796620775e-06 1.4631471647843735e-05
3.8586872796620775e-06 1.4631471647843735e-05
3.8586872796620775e-06 1.4631471647843735e-05
3.8586872796620775e-06 1.4631471647843735e-05
3.8586872796620775e-06 1.4631471647843735e-05
3.8586872796620775e-06 1.4631471647843735e-05
3.8586872796620775e-06 1.4631471647843735e-05
3.8586872796620775e-06 1.4631471647843735e-05
3.8586872796620775e-06 1.4631471647843735e-05
3.8586872796620775e-06 1.4631471647843735e-05
3.8586872796620775e-06 1.4631471647843735e-05
7.220478585981588e-06 1.4632417332701205e-05
7.220478585981588e-06 1.4632417332701205e-05
7.220478585981588e-06 1.4632417332701205e-05
7.220478585981588e-06 1.4632417332701205e-05
7.220478585981588e-06 1.4632417332701205e-05
7.220478585981588e-06 1.4632417332701205e-05
7.220478585981588e-06 1.4632417332701205e-05
7.220478585981588e-06 1.4632417332701205e-05
7.220478585981588e-06 1.4632417332701205e-05
7.220478585981588e-06 1.4632417332701205e-05
7.220478585981588e-06 1.4632417332701205e-05
7.072264579081081e-06 1.4631221028805257e-05
7.072264579081081e-06 1.4631221028805257e-05
7.072264579081081e-06 1.4631221028805257e-05
7.072264579081081e-06 1.4631221028805257e-05
7.072264579081081e-06 1.4631221028805257e-05
7.072264579081081e-06 1.4631221028805257e-05
7.072264579081081e-06 1.4631221028805257e-05
7.072264579081081e-06 1.4631221028805257e-05
7.072264579081081e-06 1.4631221028805257e-05
7.072264579081081e-06 1.4631221028805257e-05
7.072264579081081e-06 1.4631221028805257e-05
7.333102851168464e-06 1.4631274387828476e-05
7.333102851168464e-06 1.4631274387828476e-05
7.333102851168464e-06 1.4631274387828476e-05
7.333102851168464e-06 1.4631274387828476e-05
7.333102851168464e-06 1.4631274387828476e-05
7.333102851168464e-06 1.4631274387828476e-05
7.333102851168464e-06 1.4631274387828476e-05
7.333102851168464e-06 1.4631274387828476e-05
7.333102851168464e-06 1.4631274387828476e-05
7.333102851168464e-06 1.4631274387828476e-05
7.333102851168464e-06 1.4631274387828476e-05
7.333102851168464e-06 1.4631274387828476e-05
7.333102851168464e-06 1.4631274387828476e-05
7.333102851168464e-06 1.4631274387828476e-05
7.333102851168464e-06 1.4631274387828476e-05
7.333102851168464e-06 1.4631274387828476e-05
7.333102851168464e-06 1.4631274387828476e-05
7.333102851168464e-06 1.4631274387828476e-05
7.333102851168464e-06 1.4631274387828476e-05
7.333102851168464e-06 1.4631274387828476e-05
7.333102851168464e-06 1.4631274387828476e-05
7.333102851168464e-06 1.4631274387828476e-05
7.333102851168464e-06 1.4631274387828476e-05
7.333102851168464e-06 1.4631274387828476e-05
7.333102851168464e-06 1.4631274387828476e-05
7.333102851168464e-06 1.4631274387828476e-05
7.333102851168464e-06 1.4631274387828476e-05
7.333102851168464e-06 1.4631274387828476e-05
7.333102851168464e-06 1.4631274387828476e-05
7.333102851168464e-06 1.4631274387828476e-05
7.333102851168464e-06 1.4631274387828476e-05
7.333102851168464e-06 1.4631274387828476e-05
7.333102851168464e-06 1.4631274387828476e-05
5.909193753864042e-06 1.4631224038655753e-05
5.909193753864042e-06 1.4631224038655753e-05
5.909193753864042e-06 1.4631224038655753e-05
5.909193753864042e-06 1.4631224038655753e-05
5.909193753864042e-06 1.4631224038655753e-05
5.909193753864042e-06 1.4631224038655753e-05
5.909193753864042e-06 1.4631224038655753e-05
5.909193753864042e-06 1.4631224038655753e-05
5.909193753864042e-06 1.4631224038655753e-05
5.909193753864042e-06 1.4631224038655753e-05
5.909193753864042e-06 1.4631224038655753e-05
5.909193753864042e-06 1.4631224038655753e-05
5.909193753864042e-06 1.4631224038655753e-05
5.909193753864042e-06 1.4631224038655753e-05
5.909193753864042e-06 1.4631224038655753e-05
5.909193753864042e-06 1.4631224038655753e-05
5.909193753864042e-06 1.4631224038655753e-05
5.909193753864042e-06 1.4631224038655753e-05
5.909193753864042e-06 1.4631224038655753e-05
5.909193753864042e-06 1.4631224038655753e-05
5.909193753864042e-06 1.4631224038655753e-05
5.909193753864042e-06 1.4631224038655753e-05
5.909193753864042e-06 1.4631224038655753e-05
5.909193753864042e-06 1.4631224038655753e-05
5.909193753864042e-06 1.4631224038655753e-05
5.909193753864042e-06 1.4631224038655753e-05
5.909193753864042e-06 1.4631224038655753e-05
5.909193753864042e-06 1.4631224038655753e-05
5.909193753864042e-06 1.4631224038655753e-05
5.909193753864042e-06 1.4631224038655753e-05
5.909193753864042e-06 1.4631224038655753e-05
5.909193753864042e-06 1.4631224038655753e-05
5.909193753864042e-06 1.4631224038655753e-05
5.909193753864042e-06 1.4631224038655753e-05
5.909193753864042e-06 1.4631224038655753e-05
5.909193753864042e-06 1.4631224038655753e-05
5.909193753864042e-06 1.4631224038655753e-05
5.909193753864042e-06 1.4631224038655753e-05
5.909193753864042e-06 1.4631224038655753e-05
5.909193753864042e-06 1.4631224038655753e-05
5.909193753864042e-06 1.4631224038655753e-05
5.909193753864042e-06 1.4631224038655753e-05
5.909193753864042e-06 1.4631224038655753e-05
5.909193753864042e-06 1.4631224038655753e-05
5.909193753864042e-06 1.4631224038655753e-05
5.909193753864042e-06 1.4631224038655753e-05
5.909193753864042e-06 1.4631224038655753e-05
5.909193753864042e-06 1.4631224038655753e-05
5.909193753864042e-06 1.4631224038655753e-05
5.909193753864042e-06 1.4631224038655753e-05
5.909193753864042e-06 1.4631224038655753e-05
5.909193753864042e-06 1.4631224038655753e-05
5.909193753864042e-06 1.4631224038655753e-05
5.909193753864042e-06 1.4631224038655753e-05
5.909193753864042e-06 1.4631224038655753e-05
5.909193753864042e-06 1.4631224038655753e-05
5.909193753864042e-06 1.4631224038655753e-05
5.909193753864042e-06 1.4631224038655753e-05
5.909193753864042e-06 1.4631224038655753e-05
5.909193753864042e-06 1.4631224038655753e-05
5.909193753864042e-06 1.4631224038655753e-05
5.909193753864042e-06 1.4631224038655753e-05
5.909193753864042e-06 1.4631224038655753e-05
5.909193753864042e-06 1.4631224038655753e-05
5.909193753864042e-06 1.4631224038655753e-05
5.909193753864042e-06 1.4631224038655753e-05
5.909193753864042e-06 1.4631224038655753e-05
5.909193753864042e-06 1.4631224038655753e-05
5.909193753864042e-06 1.4631224038655753e-05
5.909193753864042e-06 1.4631224038655753e-05
5.909193753864042e-06 1.4631224038655753e-05
5.909193753864042e-06 1.4631224038655753e-05
5.909193753864042e-06 1.4631224038655753e-05
5.909193753864042e-06 1.4631224038655753e-05
5.909193753864042e-06 1.4631224038655753e-05
5.909193753864042e-06 1.4631224038655753e-05
5.909193753864042e-06 1.4631224038655753e-05
5.909193753864042e-06 1.4631224038655753e-05
5.909193753864042e-06 1.4631224038655753e-05
5.909193753864042e-06 1.4631224038655753e-05
5.909193753864042e-06 1.4631224038655753e-05
5.909193753864042e-06 1.4631224038655753e-05
5.909193753864042e-06 1.4631224038655753e-05
5.909193753864042e-06 1.4631224038655753e-05
5.909193753864042e-06 1.4631224038655753e-05
5.909193753864042e-06 1.4631224038655753e-05
5.909193753864042e-06 1.4631224038655753e-05
5.909193753864042e-06 1.4631224038655753e-05
6.888534533653987e-06 1.463122308209276e-05
6.888534533653987e-06 1.463122308209276e-05
6.888534533653987e-06 1.463122308209276e-05
6.888534533653987e-06 1.463122308209276e-05
6.888534533653987e-06 1.463122308209276e-05
6.888534533653987e-06 1.463122308209276e-05
6.888534533653987e-06 1.463122308209276e-05
6.888534533653987e-06 1.463122308209276e-05
6.888534533653987e-06 1.463122308209276e-05
6.888534533653987e-06 1.463122308209276e-05
6.888534533653987e-06 1.463122308209276e-05
6.888534533653987e-06 1.463122308209276e-05
6.888534533653987e-06 1.463122308209276e-05
6.888534533653987e-06 1.463122308209276e-05
6.888534533653987e-06 1.463122308209276e-05
6.888534533653987e-06 1.463122308209276e-05
6.888534533653987e-06 1.463122308209276e-05
6.888534533653987e-06 1.463122308209276e-05
6.888534533653987e-06 1.463122308209276e-05
6.888534533653987e-06 1.463122308209276e-05
6.888534533653987e-06 1.463122308209276e-05
6.888534533653987e-06 1.463122308209276e-05
9.646365339312992e-06 1.4639791529368621e-05
9.646365339312992e-06 1.4639791529368621e-05
9.646365339312992e-06 1.4639791529368621e-05
9.646365339312992e-06 1.4639791529368621e-05
9.646365339312992e-06 1.4639791529368621e-05
9.646365339312992e-06 1.4639791529368621e-05
9.646365339312992e-06 1.4639791529368621e-05
9.646365339312992e-06 1.4639791529368621e-05
9.646365339312992e-06 1.4639791529368621e-05
9.646365339312992e-06 1.4639791529368621e-05
9.646365339312992e-06 1.4639791529368621e-05
3.6267922241463227e-06 1.4631371351620885e-05
3.6267922241463227e-06 1.4631371351620885e-05
3.6267922241463227e-06 1.4631371351620885e-05
3.6267922241463227e-06 1.4631371351620885e-05
3.6267922241463227e-06 1.4631371351620885e-05
3.6267922241463227e-06 1.4631371351620885e-05
3.6267922241463227e-06 1.4631371351620885e-05
3.6267922241463227e-06 1.4631371351620885e-05
3.6267922241463227e-06 1.4631371351620885e-05
3.6267922241463227e-06 1.4631371351620885e-05
3.6267922241463227e-06 1.4631371351620885e-05
3.6267922241463227e-06 1.4631371351620885e-05
3.6267922241463227e-06 1.4631371351620885e-05
3.6267922241463227e-06 1.4631371351620885e-05
3.6267922241463227e-06 1.4631371351620885e-05
3.6267922241463227e-06 1.4631371351620885e-05
3.6267922241463227e-06 1.4631371351620885e-05
3.6267922241463227e-06 1.4631371351620885e-05
3.6267922241463227e-06 1.4631371351620885e-05
3.6267922241463227e-06 1.4631371351620885e-05
3.6267922241463227e-06 1.4631371351620885e-05
3.6267922241463227e-06 1.4631371351620885e-05
6.515563717762076e-06 1.4631233828101036e-05
6.515563717762076e-06 1.4631233828101036e-05
6.515563717762076e-06 1.4631233828101036e-05
6.515563717762076e-06 1.4631233828101036e-05
6.515563717762076e-06 1.4631233828101036e-05
6.515563717762076e-06 1.4631233828101036e-05
6.515563717762076e-06 1.4631233828101036e-05
6.515563717762076e-06 1.4631233828101036e-05
6.515563717762076e-06 1.4631233828101036e-05
6.515563717762076e-06 1.4631233828101036e-05
6.515563717762076e-06 1.4631233828101036e-05
6.515563717762076e-06 1.4631233828101036e-05
6.515563717762076e-06 1.4631233828101036e-05
6.515563717762076e-06 1.4631233828101036e-05
6.515563717762076e-06 1.4631233828101036e-05
6.515563717762076e-06 1.4631233828101036e-05
6.515563717762076e-06 1.4631233828101036e-05
6.515563717762076e-06 1.4631233828101036e-05
6.515563717762076e-06 1.4631233828101036e-05
6.515563717762076e-06 1.4631233828101036e-05
6.515563717762076e-06 1.4631233828101036e-05
6.515563717762076e-06 1.4631233828101036e-05
6.515563717762076e-06 1.4631233828101036e-05
6.515563717762076e-06 1.4631233828101036e-05
6.515563717762076e-06 1.4631233828101036e-05
6.515563717762076e-06 1.4631233828101036e-05
6.515563717762076e-06 1.4631233828101036e-05
6.515563717762076e-06 1.4631233828101036e-05
6.515563717762076e-06 1.4631233828101036e-05
6.515563717762076e-06 1.4631233828101036e-05
6.515563717762076e-06 1.4631233828101036e-05
6.515563717762076e-06 1.4631233828101036e-05
6.515563717762076e-06 1.4631233828101036e-05
6.515563717762076e-06 1.4631233828101036e-05
6.515563717762076e-06 1.4631233828101036e-05
6.515563717762076e-06 1.4631233828101036e-05
6.515563717762076e-06 1.4631233828101036e-05
6.515563717762076e-06 1.4631233828101036e-05
6.515563717762076e-06 1.4631233828101036e-05
6.515563717762076e-06 1.4631233828101036e-05
6.515563717762076e-06 1.4631233828101036e-05
6.515563717762076e-06 1.4631233828101036e-05
6.515563717762076e-06 1.4631233828101036e-05
6.515563717762076e-06 1.4631233828101036e-05
6.515563717762076e-06 1.4631233828101036e-05
6.515563717762076e-06 1.4631233828101036e-05
6.515563717762076e-06 1.4631233828101036e-05
6.515563717762076e-06 1.4631233828101036e-05
6.515563717762076e-06 1.4631233828101036e-05
6.515563717762076e-06 1.4631233828101036e-05
6.515563717762076e-06 1.4631233828101036e-05
6.515563717762076e-06 1.4631233828101036e-05
6.515563717762076e-06 1.4631233828101036e-05
6.515563717762076e-06 1.4631233828101036e-05
6.515563717762076e-06 1.4631233828101036e-05
6.515563717762076e-06 1.4631233828101036e-05
6.515563717762076e-06 1.4631233828101036e-05
6.515563717762076e-06 1.4631233828101036e-05
6.515563717762076e-06 1.4631233828101036e-05
6.515563717762076e-06 1.4631233828101036e-05
6.515563717762076e-06 1.4631233828101036e-05
6.515563717762076e-06 1.4631233828101036e-05
6.515563717762076e-06 1.4631233828101036e-05
6.515563717762076e-06 1.4631233828101036e-05
6.515563717762076e-06 1.4631233828101036e-05
6.515563717762076e-06 1.4631233828101036e-05
6.960976668493187e-06 9.227721613190612e-06
6.960976668493187e-06 9.227721613190612e-06
7.279158155738977e-06 9.227876899119405e-06
7.279158155738977e-06 9.227876899119405e-06
7.279158155738977e-06 9.227876899119405e-06
7.279158155738977e-06 9.227876899119405e-06
6.365081388994006e-06 9.22813762512015e-06
6.365081388994006e-06 9.22813762512015e-06
5.4162389587935614e-06 9.226552094352148e-06
5.4162389587935614e-06 9.226552094352148e-06
4.446676283708855e-06 9.199868993865528e-06
4.446676283708855e-06 9.199868993865528e-06
6.807843947493791e-06 9.227889230594056e-06
6.807843947493791e-06 9.227889230594056e-06
1.7195707685899733e-05 9.227759123025877e-06
1.7195707685899733e-05 9.227759123025877e-06
2.072753705194541e-05 9.220427360332266e-06
2.072753705194541e-05 9.220427360332266e-06
5.504757930946355e-06 9.227859729671968e-06
5.504757930946355e-06 9.227859729671968e-06
7.387969637059412e-06 9.227848614293436e-06
7.387969637059412e-06 9.227848614293436e-06
7.387969637059412e-06 9.227848614293436e-06
7.387969637059412e-06 9.227848614293436e-06
7.387969637059412e-06 9.227848614293436e-06
7.387969637059412e-06 9.227848614293436e-06
5.05838679714564e-06 9.227870425931981e-06
5.05838679714564e-06 9.227870425931981e-06
5.05838679714564e-06 9.227870425931981e-06
5.05838679714564e-06 9.227870425931981e-06
5.05838679714564e-06 9.227870425931981e-06
5.05838679714564e-06 9.227870425931981e-06
5.05838679714564e-06 9.227870425931981e-06
5.05838679714564e-06 9.227870425931981e-06
5.05838679714564e-06 9.227870425931981e-06
5.05838679714564e-06 9.227870425931981e-06
5.05838679714564e-06 9.227870425931981e-06
5.05838679714564e-06 9.227870425931981e-06
5.05838679714564e-06 9.227870425931981e-06
5.05838679714564e-06 9.227870425931981e-06
5.05838679714564e-06 9.227870425931981e-06
5.05838679714564e-06 9.227870425931981e-06
7.2791562440593616e-06 9.227870794963006e-06
7.2791562440593616e-06 9.227870794963006e-06
7.2791562440593616e-06 9.227870794963006e-06
7.2791562440593616e-06 9.227870794963006e-06
2.3830609716725395e-05 9.239868424273638e-06
2.3830609716725395e-05 9.239868424273638e-06
4.050963168709065e-06 9.227912345648872e-06
4.050963168709065e-06 9.227912345648872e-06
4.050963168709065e-06 9.227912345648872e-06
4.050963168709065e-06 9.227912345648872e-06
1.0433707242896397e-05 9.227875397775424e-06
1.0433707242896397e-05 9.227875397775424e-06
1.0433707242896397e-05 9.227875397775424e-06
1.0433707242896397e-05 9.227875397775424e-06
1.0433707242896397e-05 9.227875397775424e-06
1.0433707242896397e-05 9.227875397775424e-06
1.0433707242896397e-05 9.227875397775424e-06
1.0433707242896397e-05 9.227875397775424e-06
1.0433707242896397e-05 9.227875397775424e-06
1.0433707242896397e-05 9.227875397775424e-06
1.0433707242896397e-05 9.227875397775424e-06
1.0433707242896397e-05 9.227875397775424e-06