8.162265077274193e-07 2.7459176550217074e-06
1.2147521186174315e-06 2.7459209113729244e-06
1.2147521186174315e-06 2.7459209113729244e-06
1.2147521186174315e-06 2.7459209113729244e-06
4.749079815585319e-06 2.7446828087707166e-06
9.030160258632786e-07 2.7459140709477272e-06
9.030160258632786e-07 2.7459140709477272e-06
9.030160258632786e-07 2.7459140709477272e-06
9.030160258632786e-07 2.7459140709477272e-06
9.030160258632786e-07 2.7459140709477272e-06
9.030160258632786e-07 2.7459140709477272e-06
9.030160258632786e-07 2.7459140709477272e-06
9.030160258632786e-07 2.7459140709477272e-06
9.030160258632786e-07 2.7459140709477272e-06
1.690054031264496e-06 2.745920154633411e-06
1.6581908837093142e-06 2.745913370461135e-06
1.812027423248017e-07 2.7488452030818645e-06
1.812027423248017e-07 2.7488452030818645e-06
1.812027423248017e-07 2.7488452030818645e-06
1.861895236566947e-07 2.7399926467598303e-06
2.098521854436533e-07 2.7458809393591096e-06
2.289614478876982e-06 2.7459160007959393e-06
2.4277195477166237e-06 2.745917210686403e-06
5.2040498933457e-07 2.7459176455718525e-06
5.2040498933457e-07 2.7459176455718525e-06
3.9746198319691473e-07 2.7459327755231405e-06
1.1547768687073503e-06 2.7459109066659265e-06
8.751820868766953e-07 2.745916447151176e-06
8.751820868766953e-07 2.745916447151176e-06
1.861895236566947e-07 2.7399926467598303e-06
1.861895236566947e-07 2.7399926467598303e-06
2.8651230688028385e-07 2.7459134505898137e-06
2.8651230688028385e-07 2.7459134505898137e-06
2.0687643748092135e-06 2.745902697236076e-06
2.0687643748092135e-06 2.745902697236076e-06
1.2189522516043485e-06 2.745926729098161e-06
1.2189522516043485e-06 2.745926729098161e-06
1.2189522516043485e-06 2.745926729098161e-06
7.35373726167798e-07 2.7459160668206524e-06
7.35373726167798e-07 2.7459160668206524e-06
5.2040498933457e-07 2.7459176455718525e-06
5.2040498933457e-07 2.7459176455718525e-06
4.443309063714105e-07 2.7459169210705004e-06
2.289614478876982e-06 2.745902697236076e-06
2.289614478876982e-06 2.745902697236076e-06
2.289614478876982e-06 2.745902697236076e-06
2.289614478876982e-06 2.745902697236076e-06
2.4277195477166237e-06 2.745917210686403e-06
2.4277195477166237e-06 2.745917210686403e-06
2.4277195477166237e-06 2.745917210686403e-06