4.2937933530370156e-06 1.0983670798769228e-05
3.5962678686292422e-06 1.0983633246520936e-05
3.5962678686292422e-06 1.0983633246520936e-05
3.5962678686292422e-06 1.0983633246520936e-05
5.95581660619042e-07 1.0958315152050702e-05
4.141888684867671e-06 1.0983663454007852e-05
4.141888684867671e-06 1.0983663454007852e-05
4.141888684867671e-06 1.0983663454007852e-05
4.141888684867671e-06 1.0983663454007852e-05
4.141888684867671e-06 1.0983663454007852e-05
4.141888684867671e-06 1.0983663454007852e-05
4.141888684867671e-06 1.0983663454007852e-05
4.141888684867671e-06 1.0983663454007852e-05
4.141888684867671e-06 1.0983663454007852e-05
4.060208323030389e-06 1.098364940943181e-05
4.376664755995139e-06 1.098365037715393e-05
6.520722148576611e-07 1.093900927090466e-05
6.520722148576611e-07 1.093900927090466e-05
6.520722148576611e-07 1.093900927090466e-05
6.642908911876657e-07 1.105090806232457e-05
4.6840342897058496e-07 1.0983822777791065e-05
5.536893497033326e-06 1.0983594616545306e-05
5.8213672219611235e-06 1.0983618874480037e-05
1.6953014509776542e-06 1.0983662818868692e-05
1.6953014509776542e-06 1.0983662818868692e-05
1.240636477846558e-06 1.0983564814894045e-05
3.50602002519925e-06 1.0983791510626743e-05
4.156609530084952e-06 1.0983692404668531e-05
4.156609530084952e-06 1.0983692404668531e-05
6.642908911876657e-07 1.105090806232457e-05
6.642908911876657e-07 1.105090806232457e-05
9.75960923518571e-07 1.0983631760390593e-05
9.75960923518571e-07 1.0983631760390593e-05
4.328030605144484e-06 1.0983254146959728e-05
4.328030605144484e-06 1.0983254146959728e-05
3.814973339936732e-06 1.09836237233732e-05
3.814973339936732e-06 1.09836237233732e-05
3.814973339936732e-06 1.09836237233732e-05
3.866162744452609e-06 1.0983660508643575e-05
3.866162744452609e-06 1.0983660508643575e-05
1.6953014509776542e-06 1.0983662818868692e-05
1.6953014509776542e-06 1.0983662818868692e-05
1.6073156927009452e-06 1.0983636981964548e-05
5.536893497033326e-06 1.098349234891915e-05
5.536893497033326e-06 1.098349234891915e-05
5.536893497033326e-06 1.098349234891915e-05
5.536893497033326e-06 1.098349234891915e-05
5.8213672219611235e-06 1.0983618874480037e-05
5.8213672219611235e-06 1.0983618874480037e-05
5.8213672219611235e-06 1.0983618874480037e-05