3.8281584509407273e-08 1.020792680647588e-06
3.8281584509407273e-08 1.020792680647588e-06
2.110694004868192e-07 1.0207914550366308e-06
2.110694004868192e-07 1.0207914550366308e-06
2.110694004868192e-07 1.0207914550366308e-06
2.110694004868192e-07 1.0207914550366308e-06
2.110694004868192e-07 1.0207914550366308e-06
2.110694004868192e-07 1.0207914550366308e-06
9.393717054619744e-09 1.0141587867253338e-06
9.393717054619744e-09 1.0141587867253338e-06
7.591071267242978e-08 1.0207924409330455e-06
7.591071267242978e-08 1.0207924409330455e-06
7.591071267242978e-08 1.0207924409330455e-06
7.591071267242978e-08 1.0207924409330455e-06
7.591071267242978e-08 1.0207924409330455e-06
7.591071267242978e-08 1.0207924409330455e-06
7.591071267242978e-08 1.0207924409330455e-06
7.591071267242978e-08 1.0207924409330455e-06
7.591071267242978e-08 1.0207924409330455e-06
7.591071267242978e-08 1.0207924409330455e-06
7.591071267242978e-08 1.0207924409330455e-06
7.591071267242978e-08 1.0207924409330455e-06
7.591071267242978e-08 1.0207924409330455e-06
7.591071267242978e-08 1.0207924409330455e-06
7.591071267242978e-08 1.0207924409330455e-06
7.591071267242978e-08 1.0207924409330455e-06
7.591071267242978e-08 1.0207924409330455e-06
7.591071267242978e-08 1.0207924409330455e-06
2.7377990476290667e-07 1.0207794593980203e-06
2.7377990476290667e-07 1.0207794593980203e-06
3.0123522785077134e-07 1.0207989859500328e-06
3.0123522785077134e-07 1.0207989859500328e-06
2.0015618854579524e-07 1.0547620502520986e-06
2.0015618854579524e-07 1.0547620502520986e-06
2.0015618854579524e-07 1.0547620502520986e-06
2.0015618854579524e-07 1.0547620502520986e-06
2.0015618854579524e-07 1.0547620502520986e-06
2.0015618854579524e-07 1.0547620502520986e-06
1.988090913710619e-07 1.0036220720580576e-06
1.988090913710619e-07 1.0036220720580576e-06
6.558309156606907e-08 1.0212825911742124e-06
6.558309156606907e-08 1.0212825911742124e-06
6.273242996707799e-07 1.0207408257943513e-06
6.273242996707799e-07 1.0207408257943513e-06
1.4886664407306922e-06 1.0208060058645353e-06
1.4886664407306922e-06 1.0208060058645353e-06
1.818931816673519e-06 1.0207926399599061e-06
1.818931816673519e-06 1.0207926399599061e-06
1.818931816673519e-06 1.0207926399599061e-06
1.818931816673519e-06 1.0207926399599061e-06
1.2212327694380048e-06 1.0207396301163664e-06
1.2212327694380048e-06 1.0207396301163664e-06
1.9085692825954538e-07 1.0208238285002643e-06
1.9085692825954538e-07 1.0208238285002643e-06
6.485124383173918e-08 1.0207810639075982e-06
6.485124383173918e-08 1.0207810639075982e-06
6.485124383173918e-08 1.0207810639075982e-06
6.485124383173918e-08 1.0207810639075982e-06
1.988090913710619e-07 1.0036220720580576e-06
1.988090913710619e-07 1.0036220720580576e-06
1.988090913710619e-07 1.0036220720580576e-06
1.988090913710619e-07 1.0036220720580576e-06
4.0424909817805384e-07 1.0207765222473559e-06
4.0424909817805384e-07 1.0207765222473559e-06
4.0424909817805384e-07 1.0207765222473559e-06
4.0424909817805384e-07 1.0207765222473559e-06
5.22421017078426e-07 1.0207743821557358e-06
5.22421017078426e-07 1.0207743821557358e-06
5.22421017078426e-07 1.0207743821557358e-06
5.22421017078426e-07 1.0207743821557358e-06
1.7708278738058492e-07 1.0207799325466559e-06
1.7708278738058492e-07 1.0207799325466559e-06
1.7708278738058492e-07 1.0207799325466559e-06
1.7708278738058492e-07 1.0207799325466559e-06
1.7708278738058492e-07 1.0207799325466559e-06
1.7708278738058492e-07 1.0207799325466559e-06
2.0281632051792775e-07 1.0207883603736942e-06
2.0281632051792775e-07 1.0207883603736942e-06
2.0281632051792775e-07 1.0207883603736942e-06
2.0281632051792775e-07 1.0207883603736942e-06
1.818931816673519e-06 1.0207926399599061e-06
1.818931816673519e-06 1.0207926399599061e-06
1.818931816673519e-06 1.0207926399599061e-06
1.818931816673519e-06 1.0207926399599061e-06
6.311484802793621e-07 1.0207697754473354e-06
6.311484802793621e-07 1.0207697754473354e-06
6.273242996707799e-07 1.0208187868182622e-06
6.273242996707799e-07 1.0208187868182622e-06
6.273242996707799e-07 1.0208187868182622e-06
6.273242996707799e-07 1.0208187868182622e-06
6.273242996707799e-07 1.0208187868182622e-06
6.273242996707799e-07 1.0208187868182622e-06
6.273242996707799e-07 1.0208187868182622e-06
6.273242996707799e-07 1.0208187868182622e-06
1.4886664407306922e-06 1.0208060058645353e-06
1.4886664407306922e-06 1.0208060058645353e-06
1.4886664407306922e-06 1.0208060058645353e-06
1.4886664407306922e-06 1.0208060058645353e-06
1.4886664407306922e-06 1.0208060058645353e-06
1.4886664407306922e-06 1.0208060058645353e-06
4.204639373928168e-06 9.472878180477968e-06
4.204639373928168e-06 9.472878180477968e-06
4.204639373928168e-06 9.472878180477968e-06
4.204639373928168e-06 9.472878180477968e-06
4.204639373928168e-06 9.472878180477968e-06
4.204639373928168e-06 9.472878180477968e-06
4.204639373928168e-06 9.472878180477968e-06
4.204639373928168e-06 9.472878180477968e-06
4.204639373928168e-06 9.472878180477968e-06
4.204639373928168e-06 9.472878180477968e-06
4.204639373928168e-06 9.472878180477968e-06
4.204639373928168e-06 9.472878180477968e-06
4.204639373928168e-06 9.472878180477968e-06
4.204639373928168e-06 9.472878180477968e-06
2.1966154440213914e-06 9.47287236115365e-06
2.1966154440213914e-06 9.47287236115365e-06
2.1966154440213914e-06 9.47287236115365e-06
2.1966154440213914e-06 9.47287236115365e-06
2.1966154440213914e-06 9.47287236115365e-06
2.1966154440213914e-06 9.47287236115365e-06
2.1966154440213914e-06 9.47287236115365e-06
2.1966154440213914e-06 9.47287236115365e-06
2.1966154440213914e-06 9.47287236115365e-06
2.1966154440213914e-06 9.47287236115365e-06
2.1966154440213914e-06 9.47287236115365e-06
2.1966154440213914e-06 9.47287236115365e-06
2.1966154440213914e-06 9.47287236115365e-06
2.1966154440213914e-06 9.47287236115365e-06
2.1966154440213914e-06 9.47287236115365e-06
2.1966154440213914e-06 9.47287236115365e-06
2.1966154440213914e-06 9.47287236115365e-06
2.1966154440213914e-06 9.47287236115365e-06
2.1966154440213914e-06 9.47287236115365e-06
2.1966154440213914e-06 9.47287236115365e-06
2.1966154440213914e-06 9.47287236115365e-06
2.1966154440213914e-06 9.47287236115365e-06
2.1966154440213914e-06 9.47287236115365e-06
2.1966154440213914e-06 9.47287236115365e-06
2.1966154440213914e-06 9.47287236115365e-06
2.1966154440213914e-06 9.47287236115365e-06
2.1966154440213914e-06 9.47287236115365e-06
2.1966154440213914e-06 9.47287236115365e-06
2.1966154440213914e-06 9.47287236115365e-06
2.1966154440213914e-06 9.47287236115365e-06
2.1966154440213914e-06 9.47287236115365e-06
2.1966154440213914e-06 9.47287236115365e-06
2.1966154440213914e-06 9.47287236115365e-06
2.1966154440213914e-06 9.47287236115365e-06
2.1966154440213914e-06 9.47287236115365e-06
2.1966154440213914e-06 9.47287236115365e-06
2.1966154440213914e-06 9.47287236115365e-06
2.1966154440213914e-06 9.47287236115365e-06
2.1966154440213914e-06 9.47287236115365e-06
2.1966154440213914e-06 9.47287236115365e-06
2.1966154440213914e-06 9.47287236115365e-06
2.1966154440213914e-06 9.47287236115365e-06
3.4756753102093053e-07 9.475140664548118e-06
3.4756753102093053e-07 9.475140664548118e-06
3.4756753102093053e-07 9.475140664548118e-06
3.4756753102093053e-07 9.475140664548118e-06
3.4756753102093053e-07 9.475140664548118e-06
3.4756753102093053e-07 9.475140664548118e-06
3.4756753102093053e-07 9.475140664548118e-06
3.4756753102093053e-07 9.475140664548118e-06
3.4756753102093053e-07 9.475140664548118e-06
3.4756753102093053e-07 9.475140664548118e-06
3.4756753102093053e-07 9.475140664548118e-06
3.4756753102093053e-07 9.475140664548118e-06
3.4756753102093053e-07 9.475140664548118e-06
3.4756753102093053e-07 9.475140664548118e-06
3.7673389231674726e-06 9.472860198085329e-06
3.7673389231674726e-06 9.472860198085329e-06
3.7673389231674726e-06 9.472860198085329e-06
3.7673389231674726e-06 9.472860198085329e-06
3.7673389231674726e-06 9.472860198085329e-06
3.7673389231674726e-06 9.472860198085329e-06
3.7673389231674726e-06 9.472860198085329e-06
3.7673389231674726e-06 9.472860198085329e-06
3.7673389231674726e-06 9.472860198085329e-06
3.7673389231674726e-06 9.472860198085329e-06
3.7673389231674726e-06 9.472860198085329e-06
3.7673389231674726e-06 9.472860198085329e-06
3.7673389231674726e-06 9.472860198085329e-06
3.7673389231674726e-06 9.472860198085329e-06
3.7673389231674726e-06 9.472860198085329e-06
3.7673389231674726e-06 9.472860198085329e-06
3.7673389231674726e-06 9.472860198085329e-06
3.7673389231674726e-06 9.472860198085329e-06
3.7673389231674726e-06 9.472860198085329e-06
3.7673389231674726e-06 9.472860198085329e-06
3.7673389231674726e-06 9.472860198085329e-06
3.7673389231674726e-06 9.472860198085329e-06
3.7673389231674726e-06 9.472860198085329e-06
3.7673389231674726e-06 9.472860198085329e-06
3.7673389231674726e-06 9.472860198085329e-06
3.7673389231674726e-06 9.472860198085329e-06
3.7673389231674726e-06 9.472860198085329e-06
3.7673389231674726e-06 9.472860198085329e-06
3.7673389231674726e-06 9.472860198085329e-06
3.7673389231674726e-06 9.472860198085329e-06
3.7673389231674726e-06 9.472860198085329e-06
3.7673389231674726e-06 9.472860198085329e-06
3.7673389231674726e-06 9.472860198085329e-06
3.7673389231674726e-06 9.472860198085329e-06
3.7673389231674726e-06 9.472860198085329e-06
3.7673389231674726e-06 9.472860198085329e-06
3.7673389231674726e-06 9.472860198085329e-06
3.7673389231674726e-06 9.472860198085329e-06
3.7673389231674726e-06 9.472860198085329e-06
3.7673389231674726e-06 9.472860198085329e-06
3.7673389231674726e-06 9.472860198085329e-06
3.7673389231674726e-06 9.472860198085329e-06
3.7673389231674726e-06 9.472860198085329e-06
3.7673389231674726e-06 9.472860198085329e-06
3.7673389231674726e-06 9.472860198085329e-06
3.7673389231674726e-06 9.472860198085329e-06
3.7673389231674726e-06 9.472860198085329e-06
3.7673389231674726e-06 9.472860198085329e-06
3.7673389231674726e-06 9.472860198085329e-06
3.7673389231674726e-06 9.472860198085329e-06
3.7673389231674726e-06 9.472860198085329e-06
3.7673389231674726e-06 9.472860198085329e-06
3.7673389231674726e-06 9.472860198085329e-06
3.7673389231674726e-06 9.472860198085329e-06
3.7673389231674726e-06 9.472860198085329e-06
3.7673389231674726e-06 9.472860198085329e-06
3.7673389231674726e-06 9.472860198085329e-06
3.7673389231674726e-06 9.472860198085329e-06
3.7673389231674726e-06 9.472860198085329e-06
3.7673389231674726e-06 9.472860198085329e-06
3.7673389231674726e-06 9.472860198085329e-06
3.7673389231674726e-06 9.472860198085329e-06
3.7673389231674726e-06 9.472860198085329e-06
3.7673389231674726e-06 9.472860198085329e-06
3.7673389231674726e-06 9.472860198085329e-06
3.7673389231674726e-06 9.472860198085329e-06
3.7673389231674726e-06 9.472860198085329e-06
3.7673389231674726e-06 9.472860198085329e-06
3.7673389231674726e-06 9.472860198085329e-06
3.7673389231674726e-06 9.472860198085329e-06
3.7673389231674726e-06 9.472860198085329e-06
3.7673389231674726e-06 9.472860198085329e-06
3.7673389231674726e-06 9.472860198085329e-06
3.7673389231674726e-06 9.472860198085329e-06
3.7673389231674726e-06 9.472860198085329e-06
3.7673389231674726e-06 9.472860198085329e-06
3.7673389231674726e-06 9.472860198085329e-06
3.7673389231674726e-06 9.472860198085329e-06
3.7673389231674726e-06 9.472860198085329e-06
3.7673389231674726e-06 9.472860198085329e-06
3.7673389231674726e-06 9.472860198085329e-06
3.7673389231674726e-06 9.472860198085329e-06
3.7673389231674726e-06 9.472860198085329e-06
3.7673389231674726e-06 9.472860198085329e-06
3.7673389231674726e-06 9.472860198085329e-06
3.7673389231674726e-06 9.472860198085329e-06
3.7673389231674726e-06 9.472860198085329e-06
3.7673389231674726e-06 9.472860198085329e-06
3.7673389231674726e-06 9.472860198085329e-06
3.7673389231674726e-06 9.472860198085329e-06
3.7673389231674726e-06 9.472860198085329e-06
3.7673389231674726e-06 9.472860198085329e-06
3.7673389231674726e-06 9.472860198085329e-06
3.7673389231674726e-06 9.472860198085329e-06
3.7673389231674726e-06 9.472860198085329e-06
3.7673389231674726e-06 9.472860198085329e-06
3.7673389231674726e-06 9.472860198085329e-06
3.7673389231674726e-06 9.472860198085329e-06
3.7673389231674726e-06 9.472860198085329e-06
3.7673389231674726e-06 9.472860198085329e-06
3.7673389231674726e-06 9.472860198085329e-06
3.7673389231674726e-06 9.472860198085329e-06
3.7673389231674726e-06 9.472860198085329e-06
3.7673389231674726e-06 9.472860198085329e-06
3.7673389231674726e-06 9.472860198085329e-06
3.7673389231674726e-06 9.472860198085329e-06
3.7673389231674726e-06 9.472860198085329e-06
3.7673389231674726e-06 9.472860198085329e-06
3.7673389231674726e-06 9.472860198085329e-06
3.7673389231674726e-06 9.472860198085329e-06
3.7673389231674726e-06 9.472860198085329e-06
3.7673389231674726e-06 9.472860198085329e-06
3.7673389231674726e-06 9.472860198085329e-06
3.7673389231674726e-06 9.472860198085329e-06
3.7673389231674726e-06 9.472860198085329e-06
3.7673389231674726e-06 9.472860198085329e-06
3.7673389231674726e-06 9.472860198085329e-06
3.7673389231674726e-06 9.472860198085329e-06
3.7673389231674726e-06 9.472860198085329e-06
3.7673389231674726e-06 9.472860198085329e-06
3.7673389231674726e-06 9.472860198085329e-06
3.7673389231674726e-06 9.472860198085329e-06
3.7673389231674726e-06 9.472860198085329e-06
3.7673389231674726e-06 9.472860198085329e-06
3.7673389231674726e-06 9.472860198085329e-06
3.7673389231674726e-06 9.472860198085329e-06
1.8491485881836379e-06 9.472878309323746e-06
1.8491485881836379e-06 9.472878309323746e-06
1.8491485881836379e-06 9.472878309323746e-06
1.8491485881836379e-06 9.472878309323746e-06
1.8491485881836379e-06 9.472878309323746e-06
1.8491485881836379e-06 9.472878309323746e-06
1.8491485881836379e-06 9.472878309323746e-06
1.8491485881836379e-06 9.472878309323746e-06
1.8491485881836379e-06 9.472878309323746e-06
1.8491485881836379e-06 9.472878309323746e-06
1.8491485881836379e-06 9.472878309323746e-06
1.8491485881836379e-06 9.472878309323746e-06
1.8491485881836379e-06 9.472878309323746e-06
1.8491485881836379e-06 9.472878309323746e-06
3.291533897782854e-06 9.472863173203061e-06
3.291533897782854e-06 9.472863173203061e-06
3.291533897782854e-06 9.472863173203061e-06
3.291533897782854e-06 9.472863173203061e-06
3.291533897782854e-06 9.472863173203061e-06
3.291533897782854e-06 9.472863173203061e-06
3.291533897782854e-06 9.472863173203061e-06
3.291533897782854e-06 9.472863173203061e-06
3.291533897782854e-06 9.472863173203061e-06
3.291533897782854e-06 9.472863173203061e-06
3.291533897782854e-06 9.472863173203061e-06
3.291533897782854e-06 9.472863173203061e-06
3.291533897782854e-06 9.472863173203061e-06
3.291533897782854e-06 9.472863173203061e-06
2.8446440129690292e-06 9.492858452268889e-06
2.8446440129690292e-06 9.492858452268889e-06
2.8446440129690292e-06 9.492858452268889e-06
2.8446440129690292e-06 9.492858452268889e-06
2.8446440129690292e-06 9.492858452268889e-06
2.8446440129690292e-06 9.492858452268889e-06
2.8446440129690292e-06 9.492858452268889e-06
2.8446440129690292e-06 9.492858452268889e-06
2.8446440129690292e-06 9.492858452268889e-06
2.8446440129690292e-06 9.492858452268889e-06
2.8446440129690292e-06 9.492858452268889e-06
2.8446440129690292e-06 9.492858452268889e-06
2.8446440129690292e-06 9.492858452268889e-06
2.8446440129690292e-06 9.492858452268889e-06
2.8446440129690292e-06 9.492858452268889e-06
2.8446440129690292e-06 9.492858452268889e-06
2.8446440129690292e-06 9.492858452268889e-06
2.8446440129690292e-06 9.492858452268889e-06
2.8446440129690292e-06 9.492858452268889e-06
2.8446440129690292e-06 9.492858452268889e-06
2.8446440129690292e-06 9.492858452268889e-06
2.8446440129690292e-06 9.492858452268889e-06
2.8446440129690292e-06 9.492858452268889e-06
2.8446440129690292e-06 9.492858452268889e-06
2.8446440129690292e-06 9.492858452268889e-06
2.8446440129690292e-06 9.492858452268889e-06
2.8446440129690292e-06 9.492858452268889e-06
2.8446440129690292e-06 9.492858452268889e-06
2.8446440129690292e-06 9.492858452268889e-06
2.8446440129690292e-06 9.492858452268889e-06
2.8446440129690292e-06 9.492858452268889e-06
2.8446440129690292e-06 9.492858452268889e-06
2.8446440129690292e-06 9.492858452268889e-06
2.8446440129690292e-06 9.492858452268889e-06
2.8446440129690292e-06 9.492858452268889e-06
2.8446440129690292e-06 9.492858452268889e-06
2.8446440129690292e-06 9.492858452268889e-06
2.8446440129690292e-06 9.492858452268889e-06
2.8446440129690292e-06 9.492858452268889e-06
2.8446440129690292e-06 9.492858452268889e-06
2.8446440129690292e-06 9.492858452268889e-06
2.8446440129690292e-06 9.492858452268889e-06
2.825498904637213e-06 9.455176363073278e-06
2.825498904637213e-06 9.455176363073278e-06
2.825498904637213e-06 9.455176363073278e-06
2.825498904637213e-06 9.455176363073278e-06
2.825498904637213e-06 9.455176363073278e-06
2.825498904637213e-06 9.455176363073278e-06
2.825498904637213e-06 9.455176363073278e-06
2.825498904637213e-06 9.455176363073278e-06
2.825498904637213e-06 9.455176363073278e-06
2.825498904637213e-06 9.455176363073278e-06
2.825498904637213e-06 9.455176363073278e-06
2.825498904637213e-06 9.455176363073278e-06
2.825498904637213e-06 9.455176363073278e-06
2.825498904637213e-06 9.455176363073278e-06
1.7578255906117607e-06 9.47239603314082e-06
1.7578255906117607e-06 9.47239603314082e-06
1.7578255906117607e-06 9.47239603314082e-06
1.7578255906117607e-06 9.47239603314082e-06
1.7578255906117607e-06 9.47239603314082e-06
1.7578255906117607e-06 9.47239603314082e-06
1.7578255906117607e-06 9.47239603314082e-06
1.7578255906117607e-06 9.47239603314082e-06
1.7578255906117607e-06 9.47239603314082e-06
1.7578255906117607e-06 9.47239603314082e-06
1.7578255906117607e-06 9.47239603314082e-06
1.7578255906117607e-06 9.47239603314082e-06
1.7578255906117607e-06 9.47239603314082e-06
1.7578255906117607e-06 9.47239603314082e-06
4.462590370864781e-06 9.472881216274969e-06
4.462590370864781e-06 9.472881216274969e-06
4.462590370864781e-06 9.472881216274969e-06
4.462590370864781e-06 9.472881216274969e-06
4.462590370864781e-06 9.472881216274969e-06
4.462590370864781e-06 9.472881216274969e-06
4.462590370864781e-06 9.472881216274969e-06
4.462590370864781e-06 9.472881216274969e-06
4.462590370864781e-06 9.472881216274969e-06
4.462590370864781e-06 9.472881216274969e-06
4.462590370864781e-06 9.472881216274969e-06
4.462590370864781e-06 9.472881216274969e-06
4.462590370864781e-06 9.472881216274969e-06
4.462590370864781e-06 9.472881216274969e-06
8.771189244986423e-06 9.472854788695585e-06
8.771189244986423e-06 9.472854788695585e-06
8.771189244986423e-06 9.472854788695585e-06
8.771189244986423e-06 9.472854788695585e-06
8.771189244986423e-06 9.472854788695585e-06
8.771189244986423e-06 9.472854788695585e-06
8.771189244986423e-06 9.472854788695585e-06
8.771189244986423e-06 9.472854788695585e-06
8.771189244986423e-06 9.472854788695585e-06
8.771189244986423e-06 9.472854788695585e-06
8.771189244986423e-06 9.472854788695585e-06
8.771189244986423e-06 9.472854788695585e-06
8.771189244986423e-06 9.472854788695585e-06
8.771189244986423e-06 9.472854788695585e-06
9.751586190838619e-06 9.47287388891992e-06
9.751586190838619e-06 9.47287388891992e-06
9.751586190838619e-06 9.47287388891992e-06
9.751586190838619e-06 9.47287388891992e-06
9.751586190838619e-06 9.47287388891992e-06
9.751586190838619e-06 9.47287388891992e-06
9.751586190838619e-06 9.47287388891992e-06
9.751586190838619e-06 9.47287388891992e-06
9.751586190838619e-06 9.47287388891992e-06
9.751586190838619e-06 9.47287388891992e-06
9.751586190838619e-06 9.47287388891992e-06
9.751586190838619e-06 9.47287388891992e-06
9.751586190838619e-06 9.47287388891992e-06
9.751586190838619e-06 9.47287388891992e-06
9.751586190838619e-06 9.47287388891992e-06
9.751586190838619e-06 9.47287388891992e-06
9.751586190838619e-06 9.47287388891992e-06
9.751586190838619e-06 9.47287388891992e-06
9.751586190838619e-06 9.47287388891992e-06
9.751586190838619e-06 9.47287388891992e-06
9.751586190838619e-06 9.47287388891992e-06
9.751586190838619e-06 9.47287388891992e-06
9.751586190838619e-06 9.47287388891992e-06
9.751586190838619e-06 9.47287388891992e-06
9.751586190838619e-06 9.47287388891992e-06
9.751586190838619e-06 9.47287388891992e-06
9.751586190838619e-06 9.47287388891992e-06
9.751586190838619e-06 9.47287388891992e-06
7.536269318427085e-06 9.47288469103869e-06
7.536269318427085e-06 9.47288469103869e-06
7.536269318427085e-06 9.47288469103869e-06
7.536269318427085e-06 9.47288469103869e-06
7.536269318427085e-06 9.47288469103869e-06
7.536269318427085e-06 9.47288469103869e-06
7.536269318427085e-06 9.47288469103869e-06
7.536269318427085e-06 9.47288469103869e-06
7.536269318427085e-06 9.47288469103869e-06
7.536269318427085e-06 9.47288469103869e-06
7.536269318427085e-06 9.47288469103869e-06
7.536269318427085e-06 9.47288469103869e-06
7.536269318427085e-06 9.47288469103869e-06
7.536269318427085e-06 9.47288469103869e-06
2.0113242198283813e-06 9.472876294882392e-06
2.0113242198283813e-06 9.472876294882392e-06
2.0113242198283813e-06 9.472876294882392e-06
2.0113242198283813e-06 9.472876294882392e-06
2.0113242198283813e-06 9.472876294882392e-06
2.0113242198283813e-06 9.472876294882392e-06
2.0113242198283813e-06 9.472876294882392e-06
2.0113242198283813e-06 9.472876294882392e-06
2.0113242198283813e-06 9.472876294882392e-06
2.0113242198283813e-06 9.472876294882392e-06
2.0113242198283813e-06 9.472876294882392e-06
2.0113242198283813e-06 9.472876294882392e-06
2.0113242198283813e-06 9.472876294882392e-06
2.0113242198283813e-06 9.472876294882392e-06
3.822692756613819e-06 9.47286065116757e-06
3.822692756613819e-06 9.47286065116757e-06
3.822692756613819e-06 9.47286065116757e-06
3.822692756613819e-06 9.47286065116757e-06
3.822692756613819e-06 9.47286065116757e-06
3.822692756613819e-06 9.47286065116757e-06
3.822692756613819e-06 9.47286065116757e-06
3.822692756613819e-06 9.47286065116757e-06
3.822692756613819e-06 9.47286065116757e-06
3.822692756613819e-06 9.47286065116757e-06
3.822692756613819e-06 9.47286065116757e-06
3.822692756613819e-06 9.47286065116757e-06
3.822692756613819e-06 9.47286065116757e-06
3.822692756613819e-06 9.47286065116757e-06
3.822692756613819e-06 9.47286065116757e-06
3.822692756613819e-06 9.47286065116757e-06
3.822692756613819e-06 9.47286065116757e-06
3.822692756613819e-06 9.47286065116757e-06
3.822692756613819e-06 9.47286065116757e-06
3.822692756613819e-06 9.47286065116757e-06
3.822692756613819e-06 9.47286065116757e-06
3.822692756613819e-06 9.47286065116757e-06
3.822692756613819e-06 9.47286065116757e-06
3.822692756613819e-06 9.47286065116757e-06
3.822692756613819e-06 9.47286065116757e-06
3.822692756613819e-06 9.47286065116757e-06
3.822692756613819e-06 9.47286065116757e-06
3.822692756613819e-06 9.47286065116757e-06
2.825498904637213e-06 9.455176363073278e-06
2.825498904637213e-06 9.455176363073278e-06
2.825498904637213e-06 9.455176363073278e-06
2.825498904637213e-06 9.455176363073278e-06
2.825498904637213e-06 9.455176363073278e-06
2.825498904637213e-06 9.455176363073278e-06
2.825498904637213e-06 9.455176363073278e-06
2.825498904637213e-06 9.455176363073278e-06
2.825498904637213e-06 9.455176363073278e-06
2.825498904637213e-06 9.455176363073278e-06
2.825498904637213e-06 9.455176363073278e-06
2.825498904637213e-06 9.455176363073278e-06
2.825498904637213e-06 9.455176363073278e-06
2.825498904637213e-06 9.455176363073278e-06
2.825498904637213e-06 9.455176363073278e-06
2.825498904637213e-06 9.455176363073278e-06
2.825498904637213e-06 9.455176363073278e-06
2.825498904637213e-06 9.455176363073278e-06
2.825498904637213e-06 9.455176363073278e-06
2.825498904637213e-06 9.455176363073278e-06
2.825498904637213e-06 9.455176363073278e-06
2.825498904637213e-06 9.455176363073278e-06
2.825498904637213e-06 9.455176363073278e-06
2.825498904637213e-06 9.455176363073278e-06
2.825498904637213e-06 9.455176363073278e-06
2.825498904637213e-06 9.455176363073278e-06
2.825498904637213e-06 9.455176363073278e-06
2.825498904637213e-06 9.455176363073278e-06
4.770367566512709e-06 9.472864078942619e-06
4.770367566512709e-06 9.472864078942619e-06
4.770367566512709e-06 9.472864078942619e-06
4.770367566512709e-06 9.472864078942619e-06
4.770367566512709e-06 9.472864078942619e-06
4.770367566512709e-06 9.472864078942619e-06
4.770367566512709e-06 9.472864078942619e-06
4.770367566512709e-06 9.472864078942619e-06
4.770367566512709e-06 9.472864078942619e-06
4.770367566512709e-06 9.472864078942619e-06
4.770367566512709e-06 9.472864078942619e-06
4.770367566512709e-06 9.472864078942619e-06
4.770367566512709e-06 9.472864078942619e-06
4.770367566512709e-06 9.472864078942619e-06
4.770367566512709e-06 9.472864078942619e-06
4.770367566512709e-06 9.472864078942619e-06
4.770367566512709e-06 9.472864078942619e-06
4.770367566512709e-06 9.472864078942619e-06
4.770367566512709e-06 9.472864078942619e-06
4.770367566512709e-06 9.472864078942619e-06
4.770367566512709e-06 9.472864078942619e-06
4.770367566512709e-06 9.472864078942619e-06
4.770367566512709e-06 9.472864078942619e-06
4.770367566512709e-06 9.472864078942619e-06
4.770367566512709e-06 9.472864078942619e-06
4.770367566512709e-06 9.472864078942619e-06
4.770367566512709e-06 9.472864078942619e-06
4.770367566512709e-06 9.472864078942619e-06
4.103690325742216e-06 9.472935466071317e-06
4.103690325742216e-06 9.472935466071317e-06
4.103690325742216e-06 9.472935466071317e-06
4.103690325742216e-06 9.472935466071317e-06
4.103690325742216e-06 9.472935466071317e-06
4.103690325742216e-06 9.472935466071317e-06
4.103690325742216e-06 9.472935466071317e-06
4.103690325742216e-06 9.472935466071317e-06
4.103690325742216e-06 9.472935466071317e-06
4.103690325742216e-06 9.472935466071317e-06
4.103690325742216e-06 9.472935466071317e-06
4.103690325742216e-06 9.472935466071317e-06
4.103690325742216e-06 9.472935466071317e-06
4.103690325742216e-06 9.472935466071317e-06
4.103690325742216e-06 9.472935466071317e-06
4.103690325742216e-06 9.472935466071317e-06
4.103690325742216e-06 9.472935466071317e-06
4.103690325742216e-06 9.472935466071317e-06
4.103690325742216e-06 9.472935466071317e-06
4.103690325742216e-06 9.472935466071317e-06
4.103690325742216e-06 9.472935466071317e-06
4.103690325742216e-06 9.472935466071317e-06
4.103690325742216e-06 9.472935466071317e-06
4.103690325742216e-06 9.472935466071317e-06
4.103690325742216e-06 9.472935466071317e-06
4.103690325742216e-06 9.472935466071317e-06
4.103690325742216e-06 9.472935466071317e-06
4.103690325742216e-06 9.472935466071317e-06
2.107229156294769e-06 9.472891208017098e-06
2.107229156294769e-06 9.472891208017098e-06
2.107229156294769e-06 9.472891208017098e-06
2.107229156294769e-06 9.472891208017098e-06
2.107229156294769e-06 9.472891208017098e-06
2.107229156294769e-06 9.472891208017098e-06
2.107229156294769e-06 9.472891208017098e-06
2.107229156294769e-06 9.472891208017098e-06
2.107229156294769e-06 9.472891208017098e-06
2.107229156294769e-06 9.472891208017098e-06
2.107229156294769e-06 9.472891208017098e-06
2.107229156294769e-06 9.472891208017098e-06
2.107229156294769e-06 9.472891208017098e-06
2.107229156294769e-06 9.472891208017098e-06
2.107229156294769e-06 9.472891208017098e-06
2.107229156294769e-06 9.472891208017098e-06
2.107229156294769e-06 9.472891208017098e-06
2.107229156294769e-06 9.472891208017098e-06
2.107229156294769e-06 9.472891208017098e-06
2.107229156294769e-06 9.472891208017098e-06
2.107229156294769e-06 9.472891208017098e-06
2.107229156294769e-06 9.472891208017098e-06
2.107229156294769e-06 9.472891208017098e-06
2.107229156294769e-06 9.472891208017098e-06
2.107229156294769e-06 9.472891208017098e-06
2.107229156294769e-06 9.472891208017098e-06
2.107229156294769e-06 9.472891208017098e-06
2.107229156294769e-06 9.472891208017098e-06
2.107229156294769e-06 9.472891208017098e-06
2.107229156294769e-06 9.472891208017098e-06
2.107229156294769e-06 9.472891208017098e-06
2.107229156294769e-06 9.472891208017098e-06
2.107229156294769e-06 9.472891208017098e-06
2.107229156294769e-06 9.472891208017098e-06
2.107229156294769e-06 9.472891208017098e-06
2.107229156294769e-06 9.472891208017098e-06
2.107229156294769e-06 9.472891208017098e-06
2.107229156294769e-06 9.472891208017098e-06
2.107229156294769e-06 9.472891208017098e-06
2.107229156294769e-06 9.472891208017098e-06
2.107229156294769e-06 9.472891208017098e-06
2.107229156294769e-06 9.472891208017098e-06
3.6758780100613344e-06 9.472868811847098e-06
3.6758780100613344e-06 9.472868811847098e-06
3.6758780100613344e-06 9.472868811847098e-06
3.6758780100613344e-06 9.472868811847098e-06
3.6758780100613344e-06 9.472868811847098e-06
3.6758780100613344e-06 9.472868811847098e-06
3.6758780100613344e-06 9.472868811847098e-06
3.6758780100613344e-06 9.472868811847098e-06
3.6758780100613344e-06 9.472868811847098e-06
3.6758780100613344e-06 9.472868811847098e-06
3.6758780100613344e-06 9.472868811847098e-06
3.6758780100613344e-06 9.472868811847098e-06
3.6758780100613344e-06 9.472868811847098e-06
3.6758780100613344e-06 9.472868811847098e-06
3.6758780100613344e-06 9.472868811847098e-06
3.6758780100613344e-06 9.472868811847098e-06
3.6758780100613344e-06 9.472868811847098e-06
3.6758780100613344e-06 9.472868811847098e-06
3.6758780100613344e-06 9.472868811847098e-06
3.6758780100613344e-06 9.472868811847098e-06
3.6758780100613344e-06 9.472868811847098e-06
3.6758780100613344e-06 9.472868811847098e-06
3.6758780100613344e-06 9.472868811847098e-06
3.6758780100613344e-06 9.472868811847098e-06
3.6758780100613344e-06 9.472868811847098e-06
3.6758780100613344e-06 9.472868811847098e-06
3.6758780100613344e-06 9.472868811847098e-06
3.6758780100613344e-06 9.472868811847098e-06
9.751586190838619e-06 9.47287388891992e-06
9.751586190838619e-06 9.47287388891992e-06
9.751586190838619e-06 9.47287388891992e-06
9.751586190838619e-06 9.47287388891992e-06
9.751586190838619e-06 9.47287388891992e-06
9.751586190838619e-06 9.47287388891992e-06
9.751586190838619e-06 9.47287388891992e-06
9.751586190838619e-06 9.47287388891992e-06
9.751586190838619e-06 9.47287388891992e-06
9.751586190838619e-06 9.47287388891992e-06
9.751586190838619e-06 9.47287388891992e-06
9.751586190838619e-06 9.47287388891992e-06
9.751586190838619e-06 9.47287388891992e-06
9.751586190838619e-06 9.47287388891992e-06
9.751586190838619e-06 9.47287388891992e-06
9.751586190838619e-06 9.47287388891992e-06
9.751586190838619e-06 9.47287388891992e-06
9.751586190838619e-06 9.47287388891992e-06
9.751586190838619e-06 9.47287388891992e-06
9.751586190838619e-06 9.47287388891992e-06
9.751586190838619e-06 9.47287388891992e-06
9.751586190838619e-06 9.47287388891992e-06
9.751586190838619e-06 9.47287388891992e-06
9.751586190838619e-06 9.47287388891992e-06
9.751586190838619e-06 9.47287388891992e-06
9.751586190838619e-06 9.47287388891992e-06
9.751586190838619e-06 9.47287388891992e-06
9.751586190838619e-06 9.47287388891992e-06
6.6906615424495795e-06 9.472858285005508e-06
6.6906615424495795e-06 9.472858285005508e-06
6.6906615424495795e-06 9.472858285005508e-06
6.6906615424495795e-06 9.472858285005508e-06
6.6906615424495795e-06 9.472858285005508e-06
6.6906615424495795e-06 9.472858285005508e-06
6.6906615424495795e-06 9.472858285005508e-06
6.6906615424495795e-06 9.472858285005508e-06
6.6906615424495795e-06 9.472858285005508e-06
6.6906615424495795e-06 9.472858285005508e-06
6.6906615424495795e-06 9.472858285005508e-06
6.6906615424495795e-06 9.472858285005508e-06
6.6906615424495795e-06 9.472858285005508e-06
6.6906615424495795e-06 9.472858285005508e-06
4.462590370864781e-06 9.472846656746265e-06
4.462590370864781e-06 9.472846656746265e-06
4.462590370864781e-06 9.472846656746265e-06
4.462590370864781e-06 9.472846656746265e-06
4.462590370864781e-06 9.472846656746265e-06
4.462590370864781e-06 9.472846656746265e-06
4.462590370864781e-06 9.472846656746265e-06
4.462590370864781e-06 9.472846656746265e-06
4.462590370864781e-06 9.472846656746265e-06
4.462590370864781e-06 9.472846656746265e-06
4.462590370864781e-06 9.472846656746265e-06
4.462590370864781e-06 9.472846656746265e-06
4.462590370864781e-06 9.472846656746265e-06
4.462590370864781e-06 9.472846656746265e-06
4.462590370864781e-06 9.472846656746265e-06
4.462590370864781e-06 9.472846656746265e-06
4.462590370864781e-06 9.472846656746265e-06
4.462590370864781e-06 9.472846656746265e-06
4.462590370864781e-06 9.472846656746265e-06
4.462590370864781e-06 9.472846656746265e-06
4.462590370864781e-06 9.472846656746265e-06
4.462590370864781e-06 9.472846656746265e-06
4.462590370864781e-06 9.472846656746265e-06
4.462590370864781e-06 9.472846656746265e-06
4.462590370864781e-06 9.472846656746265e-06
4.462590370864781e-06 9.472846656746265e-06
4.462590370864781e-06 9.472846656746265e-06
4.462590370864781e-06 9.472846656746265e-06
4.462590370864781e-06 9.472846656746265e-06
4.462590370864781e-06 9.472846656746265e-06
4.462590370864781e-06 9.472846656746265e-06
4.462590370864781e-06 9.472846656746265e-06
4.462590370864781e-06 9.472846656746265e-06
4.462590370864781e-06 9.472846656746265e-06
4.462590370864781e-06 9.472846656746265e-06
4.462590370864781e-06 9.472846656746265e-06
4.462590370864781e-06 9.472846656746265e-06
4.462590370864781e-06 9.472846656746265e-06
4.462590370864781e-06 9.472846656746265e-06
4.462590370864781e-06 9.472846656746265e-06
4.462590370864781e-06 9.472846656746265e-06
4.462590370864781e-06 9.472846656746265e-06
4.462590370864781e-06 9.472846656746265e-06
4.462590370864781e-06 9.472846656746265e-06
4.462590370864781e-06 9.472846656746265e-06
4.462590370864781e-06 9.472846656746265e-06
4.462590370864781e-06 9.472846656746265e-06
4.462590370864781e-06 9.472846656746265e-06
4.462590370864781e-06 9.472846656746265e-06
4.462590370864781e-06 9.472846656746265e-06
4.462590370864781e-06 9.472846656746265e-06
4.462590370864781e-06 9.472846656746265e-06
4.462590370864781e-06 9.472846656746265e-06
4.462590370864781e-06 9.472846656746265e-06
4.462590370864781e-06 9.472846656746265e-06
4.462590370864781e-06 9.472846656746265e-06
8.771189244986423e-06 9.472854788695585e-06
8.771189244986423e-06 9.472854788695585e-06
8.771189244986423e-06 9.472854788695585e-06
8.771189244986423e-06 9.472854788695585e-06
8.771189244986423e-06 9.472854788695585e-06
8.771189244986423e-06 9.472854788695585e-06
8.771189244986423e-06 9.472854788695585e-06
8.771189244986423e-06 9.472854788695585e-06
8.771189244986423e-06 9.472854788695585e-06
8.771189244986423e-06 9.472854788695585e-06
8.771189244986423e-06 9.472854788695585e-06
8.771189244986423e-06 9.472854788695585e-06
8.771189244986423e-06 9.472854788695585e-06
8.771189244986423e-06 9.472854788695585e-06
8.771189244986423e-06 9.472854788695585e-06
8.771189244986423e-06 9.472854788695585e-06
8.771189244986423e-06 9.472854788695585e-06
8.771189244986423e-06 9.472854788695585e-06
8.771189244986423e-06 9.472854788695585e-06
8.771189244986423e-06 9.472854788695585e-06
8.771189244986423e-06 9.472854788695585e-06
8.771189244986423e-06 9.472854788695585e-06
8.771189244986423e-06 9.472854788695585e-06
8.771189244986423e-06 9.472854788695585e-06
8.771189244986423e-06 9.472854788695585e-06
8.771189244986423e-06 9.472854788695585e-06
8.771189244986423e-06 9.472854788695585e-06
8.771189244986423e-06 9.472854788695585e-06
8.771189244986423e-06 9.472854788695585e-06
8.771189244986423e-06 9.472854788695585e-06
8.771189244986423e-06 9.472854788695585e-06
8.771189244986423e-06 9.472854788695585e-06
8.771189244986423e-06 9.472854788695585e-06
8.771189244986423e-06 9.472854788695585e-06
8.771189244986423e-06 9.472854788695585e-06
8.771189244986423e-06 9.472854788695585e-06
8.771189244986423e-06 9.472854788695585e-06
8.771189244986423e-06 9.472854788695585e-06
8.771189244986423e-06 9.472854788695585e-06
8.771189244986423e-06 9.472854788695585e-06
8.771189244986423e-06 9.472854788695585e-06
8.771189244986423e-06 9.472854788695585e-06
3.756900293379308e-06 7.853229115620643e-06
3.756900293379308e-06 7.853229115620643e-06
1.7769893740059293e-06 7.853195916804209e-06
1.7769893740059293e-06 7.853195916804209e-06
1.7769893740059293e-06 7.853195916804209e-06
1.7769893740059293e-06 7.853195916804209e-06
1.7769893740059293e-06 7.853195916804209e-06
1.7769893740059293e-06 7.853195916804209e-06
2.4893350194742323e-07 7.852486605787584e-06
2.4893350194742323e-07 7.852486605787584e-06
3.3257221960405e-06 7.853222622337398e-06
3.3257221960405e-06 7.853222622337398e-06
3.3257221960405e-06 7.853222622337398e-06
3.3257221960405e-06 7.853222622337398e-06
3.3257221960405e-06 7.853222622337398e-06
3.3257221960405e-06 7.853222622337398e-06
3.3257221960405e-06 7.853222622337398e-06
3.3257221960405e-06 7.853222622337398e-06
3.3257221960405e-06 7.853222622337398e-06
3.3257221960405e-06 7.853222622337398e-06
3.3257221960405e-06 7.853222622337398e-06
3.3257221960405e-06 7.853222622337398e-06
3.3257221960405e-06 7.853222622337398e-06
3.3257221960405e-06 7.853222622337398e-06
3.3257221960405e-06 7.853222622337398e-06
3.3257221960405e-06 7.853222622337398e-06
3.3257221960405e-06 7.853222622337398e-06
3.3257221960405e-06 7.853222622337398e-06
1.3597865641274252e-06 7.853208843122135e-06
1.3597865641274252e-06 7.853208843122135e-06
2.596188870252388e-06 7.853212272874926e-06
2.596188870252388e-06 7.853212272874926e-06
2.6141611291890224e-06 7.875556641882337e-06
2.6141611291890224e-06 7.875556641882337e-06
2.6141611291890224e-06 7.875556641882337e-06
2.6141611291890224e-06 7.875556641882337e-06
2.6141611291890224e-06 7.875556641882337e-06
2.6141611291890224e-06 7.875556641882337e-06
2.596567223664475e-06 7.870509933507925e-06
2.596567223664475e-06 7.870509933507925e-06
1.66143831967375e-06 7.85277505431128e-06
1.66143831967375e-06 7.85277505431128e-06
3.394697950750106e-06 7.853211545921059e-06
3.394697950750106e-06 7.853211545921059e-06
6.3757601534276735e-06 7.853245552115641e-06
6.3757601534276735e-06 7.853245552115641e-06
7.269607567309559e-06 7.853227965945538e-06
7.269607567309559e-06 7.853227965945538e-06
7.269607567309559e-06 7.853227965945538e-06
7.269607567309559e-06 7.853227965945538e-06
5.93563343261981e-06 7.853170836734452e-06
5.93563343261981e-06 7.853170836734452e-06
1.577173090407465e-06 7.853178118367531e-06
1.577173090407465e-06 7.853178118367531e-06
3.3773198987028e-06 7.853219987755842e-06
3.3773198987028e-06 7.853219987755842e-06
3.3773198987028e-06 7.853219987755842e-06
3.3773198987028e-06 7.853219987755842e-06
2.596567223664475e-06 7.870509933507925e-06
2.596567223664475e-06 7.870509933507925e-06
2.596567223664475e-06 7.870509933507925e-06
2.596567223664475e-06 7.870509933507925e-06
4.0471621145194755e-06 7.85323341045211e-06
4.0471621145194755e-06 7.85323341045211e-06
4.0471621145194755e-06 7.85323341045211e-06
4.0471621145194755e-06 7.85323341045211e-06
3.2426372608779744e-06 7.853186591097646e-06
3.2426372608779744e-06 7.853186591097646e-06
3.2426372608779744e-06 7.853186591097646e-06
3.2426372608779744e-06 7.853186591097646e-06
1.7004108593933256e-06 7.853173564066874e-06
1.7004108593933256e-06 7.853173564066874e-06
1.7004108593933256e-06 7.853173564066874e-06
1.7004108593933256e-06 7.853173564066874e-06
1.7004108593933256e-06 7.853173564066874e-06
1.7004108593933256e-06 7.853173564066874e-06
3.117820476901212e-06 7.853218961181498e-06
3.117820476901212e-06 7.853218961181498e-06
3.117820476901212e-06 7.853218961181498e-06
3.117820476901212e-06 7.853218961181498e-06
7.269607567309559e-06 7.853227965945538e-06
7.269607567309559e-06 7.853227965945538e-06
7.269607567309559e-06 7.853227965945538e-06
7.269607567309559e-06 7.853227965945538e-06
5.64489846719676e-06 7.853235963362779e-06
5.64489846719676e-06 7.853235963362779e-06
3.394697950750106e-06 7.853230995760171e-06
3.394697950750106e-06 7.853230995760171e-06
3.394697950750106e-06 7.853230995760171e-06
3.394697950750106e-06 7.853230995760171e-06
3.394697950750106e-06 7.853230995760171e-06
3.394697950750106e-06 7.853230995760171e-06
3.394697950750106e-06 7.853230995760171e-06
3.394697950750106e-06 7.853230995760171e-06
6.3757601534276735e-06 7.853245552115641e-06
6.3757601534276735e-06 7.853245552115641e-06
6.3757601534276735e-06 7.853245552115641e-06
6.3757601534276735e-06 7.853245552115641e-06
6.3757601534276735e-06 7.853245552115641e-06
6.3757601534276735e-06 7.853245552115641e-06
4.060374153929264e-07 2.549207182548101e-07
2.2056193966215237e-07 2.5491797071698534e-07
2.2056193966215237e-07 2.5491797071698534e-07
2.2056193966215237e-07 2.5491797071698534e-07
8.924031201888757e-08 2.6078368801508584e-07
3.6564521292256673e-07 2.5492018086995003e-07
3.6564521292256673e-07 2.5492018086995003e-07
3.6564521292256673e-07 2.5492018086995003e-07
3.6564521292256673e-07 2.5492018086995003e-07
3.6564521292256673e-07 2.5492018086995003e-07
3.6564521292256673e-07 2.5492018086995003e-07
3.6564521292256673e-07 2.5492018086995003e-07
3.6564521292256673e-07 2.5492018086995003e-07
3.6564521292256673e-07 2.5492018086995003e-07
1.3571660993246946e-07 2.549140766612767e-07
3.1098213521232264e-07 2.54920347153547e-07
3.639203428105368e-08 2.812698800672263e-07
3.639203428105368e-08 2.812698800672263e-07
3.639203428105368e-08 2.812698800672263e-07
3.6147107522011255e-08 2.6411107159422566e-07
3.179786257748804e-08 2.553206477935531e-07
2.707229338241692e-07 2.5485394049473853e-07
4.062014733461196e-07 2.5490023486706765e-07
1.7804277158767725e-07 2.549187220774465e-07
1.7804277158767725e-07 2.549187220774465e-07
1.4440200109572052e-07 2.549393687864519e-07
2.6246283519226716e-07 2.5491780587501896e-07
3.8103516018237646e-07 2.5492019697557706e-07
3.8103516018237646e-07 2.5492019697557706e-07
3.6147107522011255e-08 2.6411107159422566e-07
3.6147107522011255e-08 2.6411107159422566e-07
1.5821233559283983e-07 2.5492026972314276e-07
1.5821233559283983e-07 2.5492026972314276e-07
2.4412197059739534e-07 2.548827629012495e-07
2.4412197059739534e-07 2.548827629012495e-07
2.4509922175631797e-07 2.5495643856465365e-07
2.4509922175631797e-07 2.5495643856465365e-07
2.4509922175631797e-07 2.5495643856465365e-07
2.9508587132435277e-07 2.549212836009438e-07
2.9508587132435277e-07 2.549212836009438e-07
1.7804277158767725e-07 2.549187220774465e-07
1.7804277158767725e-07 2.549187220774465e-07
1.608418687397031e-07 2.5493563083924327e-07
2.707229338241692e-07 2.549715722263022e-07
2.707229338241692e-07 2.549715722263022e-07
2.707229338241692e-07 2.549715722263022e-07
2.707229338241692e-07 2.549715722263022e-07
4.062014733461196e-07 2.5490023486706765e-07
4.062014733461196e-07 2.5490023486706765e-07
4.062014733461196e-07 2.5490023486706765e-07
9.893010780156478e-06 1.641005532784716e-05
9.893010780156478e-06 1.641005532784716e-05
7.891789958810418e-06 1.6410086002097774e-05
7.891789958810418e-06 1.6410086002097774e-05
7.891789958810418e-06 1.6410086002097774e-05
7.891789958810418e-06 1.6410086002097774e-05
7.891789958810418e-06 1.6410086002097774e-05
7.891789958810418e-06 1.6410086002097774e-05
5.810013998282312e-06 1.64003963796154e-05
5.810013998282312e-06 1.64003963796154e-05
9.45719188666005e-06 1.6410061327356148e-05
9.45719188666005e-06 1.6410061327356148e-05
9.45719188666005e-06 1.6410061327356148e-05
9.45719188666005e-06 1.6410061327356148e-05
9.45719188666005e-06 1.6410061327356148e-05
9.45719188666005e-06 1.6410061327356148e-05
9.45719188666005e-06 1.6410061327356148e-05
9.45719188666005e-06 1.6410061327356148e-05
9.45719188666005e-06 1.6410061327356148e-05
9.45719188666005e-06 1.6410061327356148e-05
9.45719188666005e-06 1.6410061327356148e-05
9.45719188666005e-06 1.6410061327356148e-05
9.45719188666005e-06 1.6410061327356148e-05
9.45719188666005e-06 1.6410061327356148e-05
9.45719188666005e-06 1.6410061327356148e-05
9.45719188666005e-06 1.6410061327356148e-05
9.45719188666005e-06 1.6410061327356148e-05
9.45719188666005e-06 1.6410061327356148e-05
1.0690244829862251e-05 1.641005208681958e-05
1.0690244829862251e-05 1.641005208681958e-05
1.0438609605522366e-05 1.6410078249008646e-05
1.0438609605522366e-05 1.6410078249008646e-05
9.862241290165547e-06 1.6383970513915932e-05
9.862241290165547e-06 1.6383970513915932e-05
9.862241290165547e-06 1.6383970513915932e-05
9.862241290165547e-06 1.6383970513915932e-05
9.862241290165547e-06 1.6383970513915932e-05
9.862241290165547e-06 1.6383970513915932e-05
9.862135835588737e-06 1.6427708653160835e-05
9.862135835588737e-06 1.6427708653160835e-05
9.23330434593809e-06 1.6410457114487373e-05
9.23330434593809e-06 1.6410457114487373e-05
1.39571568810719e-05 1.641003197781806e-05
1.39571568810719e-05 1.641003197781806e-05
1.2257268724047552e-05 1.6410077727307623e-05
1.2257268724047552e-05 1.6410077727307623e-05
9.82168889507215e-06 1.641006870466683e-05
9.82168889507215e-06 1.641006870466683e-05
9.82168889507215e-06 1.641006870466683e-05
9.82168889507215e-06 1.641006870466683e-05
1.0427401460279305e-05 1.6410125863800685e-05
1.0427401460279305e-05 1.6410125863800685e-05
8.048338056828043e-06 1.641002158935013e-05
8.048338056828043e-06 1.641002158935013e-05
9.57177718752372e-06 1.64100664808945e-05
9.57177718752372e-06 1.64100664808945e-05
9.57177718752372e-06 1.64100664808945e-05
9.57177718752372e-06 1.64100664808945e-05
9.862135835588737e-06 1.6427708653160835e-05
9.862135835588737e-06 1.6427708653160835e-05
9.862135835588737e-06 1.6427708653160835e-05
9.862135835588737e-06 1.6427708653160835e-05
9.15146218561342e-06 1.6410059486617764e-05
9.15146218561342e-06 1.6410059486617764e-05
9.15146218561342e-06 1.6410059486617764e-05
9.15146218561342e-06 1.6410059486617764e-05
1.3547723131138597e-05 1.6410098273912886e-05
1.3547723131138597e-05 1.6410098273912886e-05
1.3547723131138597e-05 1.6410098273912886e-05
1.3547723131138597e-05 1.6410098273912886e-05
8.06570886561266e-06 1.641005361556426e-05
8.06570886561266e-06 1.641005361556426e-05
8.06570886561266e-06 1.641005361556426e-05
8.06570886561266e-06 1.641005361556426e-05
8.06570886561266e-06 1.641005361556426e-05
8.06570886561266e-06 1.641005361556426e-05
9.20013013538194e-06 1.6410067837522384e-05
9.20013013538194e-06 1.6410067837522384e-05
9.20013013538194e-06 1.6410067837522384e-05
9.20013013538194e-06 1.6410067837522384e-05
9.82168889507215e-06 1.641006870466683e-05
9.82168889507215e-06 1.641006870466683e-05
9.82168889507215e-06 1.641006870466683e-05
9.82168889507215e-06 1.641006870466683e-05
1.0097322800574512e-05 1.6410068763652037e-05
1.0097322800574512e-05 1.6410068763652037e-05
1.39571568810719e-05 1.6410098273912886e-05
1.39571568810719e-05 1.6410098273912886e-05
1.39571568810719e-05 1.6410098273912886e-05
1.39571568810719e-05 1.6410098273912886e-05
1.39571568810719e-05 1.6410098273912886e-05
1.39571568810719e-05 1.6410098273912886e-05
1.39571568810719e-05 1.6410098273912886e-05
1.39571568810719e-05 1.6410098273912886e-05
1.2257268724047552e-05 1.6410077727307623e-05
1.2257268724047552e-05 1.6410077727307623e-05
1.2257268724047552e-05 1.6410077727307623e-05
1.2257268724047552e-05 1.6410077727307623e-05
1.2257268724047552e-05 1.6410077727307623e-05
1.2257268724047552e-05 1.6410077727307623e-05
1.6702896586575616e-05 2.681255444531562e-05
9.978822413822448e-06 2.681254774700789e-05
9.978822413822448e-06 2.681254774700789e-05
9.978822413822448e-06 2.681254774700789e-05
8.036324940227192e-06 2.680276793488382e-05
1.5238551155776983e-05 2.6812553135208393e-05
1.5238551155776983e-05 2.6812553135208393e-05
1.5238551155776983e-05 2.6812553135208393e-05
1.5238551155776983e-05 2.6812553135208393e-05
1.5238551155776983e-05 2.6812553135208393e-05
1.5238551155776983e-05 2.6812553135208393e-05
1.5238551155776983e-05 2.6812553135208393e-05
1.5238551155776983e-05 2.6812553135208393e-05
1.5238551155776983e-05 2.6812553135208393e-05
1.4853889621496536e-05 2.681256808955491e-05
1.4428113960428022e-05 2.681256609647297e-05
1.4726643205733056e-05 2.6790956076403308e-05
1.4726643205733056e-05 2.6790956076403308e-05
1.4726643205733056e-05 2.6790956076403308e-05
1.4729946315219586e-05 2.6833684873973328e-05
1.3726739801419368e-05 2.6813108377415138e-05
2.1124476704314704e-05 2.6812519075250614e-05
1.810364819999518e-05 2.681255516455037e-05
1.7993821155268716e-05 2.681255523723684e-05
1.7993821155268716e-05 2.681255523723684e-05
1.9095077463951018e-05 2.681255008054672e-05
1.0071274045348216e-05 2.6812569867301216e-05
1.5548057624106954e-05 2.6812557205656442e-05
1.5548057624106954e-05 2.6812557205656442e-05
1.4729946315219586e-05 2.6833684873973328e-05
1.4729946315219586e-05 2.6833684873973328e-05
1.8546144191167962e-05 2.681256626806613e-05
1.8546144191167962e-05 2.681256626806613e-05
2.023840885386864e-05 2.681242332666071e-05
2.023840885386864e-05 2.681242332666071e-05
1.0122365802465708e-05 2.681260072962006e-05
1.0122365802465708e-05 2.681260072962006e-05
1.0122365802465708e-05 2.681260072962006e-05
1.4956065802039795e-05 2.6812563038504695e-05
1.4956065802039795e-05 2.6812563038504695e-05
1.7993821155268716e-05 2.681255523723684e-05
1.7993821155268716e-05 2.681255523723684e-05
1.863767968726614e-05 2.6812554767949627e-05
2.1124476704314704e-05 2.6812512135985763e-05
2.1124476704314704e-05 2.6812512135985763e-05
2.1124476704314704e-05 2.6812512135985763e-05
2.1124476704314704e-05 2.6812512135985763e-05
1.810364819999518e-05 2.681255516455037e-05
1.810364819999518e-05 2.681255516455037e-05
1.810364819999518e-05 2.681255516455037e-05
7.992320393126207e-06 1.4631222157504945e-05
7.992320393126207e-06 1.4631222157504945e-05
7.992320393126207e-06 1.4631222157504945e-05
7.992320393126207e-06 1.4631222157504945e-05
7.992320393126207e-06 1.4631222157504945e-05
7.992320393126207e-06 1.4631222157504945e-05
7.992320393126207e-06 1.4631222157504945e-05
7.992320393126207e-06 1.4631222157504945e-05
7.992320393126207e-06 1.4631222157504945e-05
7.992320393126207e-06 1.4631222157504945e-05
7.992320393126207e-06 1.4631222157504945e-05
3.604721953750588e-06 1.4631258067922324e-05
3.604721953750588e-06 1.4631258067922324e-05
3.604721953750588e-06 1.4631258067922324e-05
3.604721953750588e-06 1.4631258067922324e-05
3.604721953750588e-06 1.4631258067922324e-05
3.604721953750588e-06 1.4631258067922324e-05
3.604721953750588e-06 1.4631258067922324e-05
3.604721953750588e-06 1.4631258067922324e-05
3.604721953750588e-06 1.4631258067922324e-05
3.604721953750588e-06 1.4631258067922324e-05
3.604721953750588e-06 1.4631258067922324e-05
3.604721953750588e-06 1.4631258067922324e-05
3.604721953750588e-06 1.4631258067922324e-05
3.604721953750588e-06 1.4631258067922324e-05
3.604721953750588e-06 1.4631258067922324e-05
3.604721953750588e-06 1.4631258067922324e-05
3.604721953750588e-06 1.4631258067922324e-05
3.604721953750588e-06 1.4631258067922324e-05
3.604721953750588e-06 1.4631258067922324e-05
3.604721953750588e-06 1.4631258067922324e-05
3.604721953750588e-06 1.4631258067922324e-05
3.604721953750588e-06 1.4631258067922324e-05
3.604721953750588e-06 1.4631258067922324e-05
3.604721953750588e-06 1.4631258067922324e-05
3.604721953750588e-06 1.4631258067922324e-05
3.604721953750588e-06 1.4631258067922324e-05
3.604721953750588e-06 1.4631258067922324e-05
3.604721953750588e-06 1.4631258067922324e-05
3.604721953750588e-06 1.4631258067922324e-05
3.604721953750588e-06 1.4631258067922324e-05
3.604721953750588e-06 1.4631258067922324e-05
3.604721953750588e-06 1.4631258067922324e-05
3.604721953750588e-06 1.4631258067922324e-05
4.0017234652680114e-06 1.4632862494179816e-05
4.0017234652680114e-06 1.4632862494179816e-05
4.0017234652680114e-06 1.4632862494179816e-05
4.0017234652680114e-06 1.4632862494179816e-05
4.0017234652680114e-06 1.4632862494179816e-05
4.0017234652680114e-06 1.4632862494179816e-05
4.0017234652680114e-06 1.4632862494179816e-05
4.0017234652680114e-06 1.4632862494179816e-05
4.0017234652680114e-06 1.4632862494179816e-05
4.0017234652680114e-06 1.4632862494179816e-05
4.0017234652680114e-06 1.4632862494179816e-05
7.036804501746887e-06 1.4631229181144234e-05
7.036804501746887e-06 1.4631229181144234e-05
7.036804501746887e-06 1.4631229181144234e-05
7.036804501746887e-06 1.4631229181144234e-05
7.036804501746887e-06 1.4631229181144234e-05
7.036804501746887e-06 1.4631229181144234e-05
7.036804501746887e-06 1.4631229181144234e-05
7.036804501746887e-06 1.4631229181144234e-05
7.036804501746887e-06 1.4631229181144234e-05
7.036804501746887e-06 1.4631229181144234e-05
7.036804501746887e-06 1.4631229181144234e-05
7.036804501746887e-06 1.4631229181144234e-05
7.036804501746887e-06 1.4631229181144234e-05
7.036804501746887e-06 1.4631229181144234e-05
7.036804501746887e-06 1.4631229181144234e-05
7.036804501746887e-06 1.4631229181144234e-05
7.036804501746887e-06 1.4631229181144234e-05
7.036804501746887e-06 1.4631229181144234e-05
7.036804501746887e-06 1.4631229181144234e-05
7.036804501746887e-06 1.4631229181144234e-05
7.036804501746887e-06 1.4631229181144234e-05
7.036804501746887e-06 1.4631229181144234e-05
7.036804501746887e-06 1.4631229181144234e-05
7.036804501746887e-06 1.4631229181144234e-05
7.036804501746887e-06 1.4631229181144234e-05
7.036804501746887e-06 1.4631229181144234e-05
7.036804501746887e-06 1.4631229181144234e-05
7.036804501746887e-06 1.4631229181144234e-05
7.036804501746887e-06 1.4631229181144234e-05
7.036804501746887e-06 1.4631229181144234e-05
7.036804501746887e-06 1.4631229181144234e-05
7.036804501746887e-06 1.4631229181144234e-05
7.036804501746887e-06 1.4631229181144234e-05
7.036804501746887e-06 1.4631229181144234e-05
7.036804501746887e-06 1.4631229181144234e-05
7.036804501746887e-06 1.4631229181144234e-05
7.036804501746887e-06 1.4631229181144234e-05
7.036804501746887e-06 1.4631229181144234e-05
7.036804501746887e-06 1.4631229181144234e-05
7.036804501746887e-06 1.4631229181144234e-05
7.036804501746887e-06 1.4631229181144234e-05
7.036804501746887e-06 1.4631229181144234e-05
7.036804501746887e-06 1.4631229181144234e-05
7.036804501746887e-06 1.4631229181144234e-05
7.036804501746887e-06 1.4631229181144234e-05
7.036804501746887e-06 1.4631229181144234e-05
7.036804501746887e-06 1.4631229181144234e-05
7.036804501746887e-06 1.4631229181144234e-05
7.036804501746887e-06 1.4631229181144234e-05
7.036804501746887e-06 1.4631229181144234e-05
7.036804501746887e-06 1.4631229181144234e-05
7.036804501746887e-06 1.4631229181144234e-05
7.036804501746887e-06 1.4631229181144234e-05
7.036804501746887e-06 1.4631229181144234e-05
7.036804501746887e-06 1.4631229181144234e-05
7.036804501746887e-06 1.4631229181144234e-05
7.036804501746887e-06 1.4631229181144234e-05
7.036804501746887e-06 1.4631229181144234e-05
7.036804501746887e-06 1.4631229181144234e-05
7.036804501746887e-06 1.4631229181144234e-05
7.036804501746887e-06 1.4631229181144234e-05
7.036804501746887e-06 1.4631229181144234e-05
7.036804501746887e-06 1.4631229181144234e-05
7.036804501746887e-06 1.4631229181144234e-05
7.036804501746887e-06 1.4631229181144234e-05
7.036804501746887e-06 1.4631229181144234e-05
7.036804501746887e-06 1.4631229181144234e-05
7.036804501746887e-06 1.4631229181144234e-05
7.036804501746887e-06 1.4631229181144234e-05
7.036804501746887e-06 1.4631229181144234e-05
7.036804501746887e-06 1.4631229181144234e-05
7.036804501746887e-06 1.4631229181144234e-05
7.036804501746887e-06 1.4631229181144234e-05
7.036804501746887e-06 1.4631229181144234e-05
7.036804501746887e-06 1.4631229181144234e-05
7.036804501746887e-06 1.4631229181144234e-05
7.036804501746887e-06 1.4631229181144234e-05
7.036804501746887e-06 1.4631229181144234e-05
7.036804501746887e-06 1.4631229181144234e-05
7.036804501746887e-06 1.4631229181144234e-05
7.036804501746887e-06 1.4631229181144234e-05
7.036804501746887e-06 1.4631229181144234e-05
7.036804501746887e-06 1.4631229181144234e-05
7.036804501746887e-06 1.4631229181144234e-05
7.036804501746887e-06 1.4631229181144234e-05
7.036804501746887e-06 1.4631229181144234e-05
7.036804501746887e-06 1.4631229181144234e-05
7.036804501746887e-06 1.4631229181144234e-05
7.036804501746887e-06 1.4631229181144234e-05
7.036804501746887e-06 1.4631229181144234e-05
7.036804501746887e-06 1.4631229181144234e-05
7.036804501746887e-06 1.4631229181144234e-05
7.036804501746887e-06 1.4631229181144234e-05
7.036804501746887e-06 1.4631229181144234e-05
7.036804501746887e-06 1.4631229181144234e-05
7.036804501746887e-06 1.4631229181144234e-05
7.036804501746887e-06 1.4631229181144234e-05
7.036804501746887e-06 1.4631229181144234e-05
7.036804501746887e-06 1.4631229181144234e-05
4.722977137064903e-06 1.4631227715705102e-05
4.722977137064903e-06 1.4631227715705102e-05
4.722977137064903e-06 1.4631227715705102e-05
4.722977137064903e-06 1.4631227715705102e-05
4.722977137064903e-06 1.4631227715705102e-05
4.722977137064903e-06 1.4631227715705102e-05
4.722977137064903e-06 1.4631227715705102e-05
4.722977137064903e-06 1.4631227715705102e-05
4.722977137064903e-06 1.4631227715705102e-05
4.722977137064903e-06 1.4631227715705102e-05
4.722977137064903e-06 1.4631227715705102e-05
4.719537870924875e-06 1.4631223805613042e-05
4.719537870924875e-06 1.4631223805613042e-05
4.719537870924875e-06 1.4631223805613042e-05
4.719537870924875e-06 1.4631223805613042e-05
4.719537870924875e-06 1.4631223805613042e-05
4.719537870924875e-06 1.4631223805613042e-05
4.719537870924875e-06 1.4631223805613042e-05
4.719537870924875e-06 1.4631223805613042e-05
4.719537870924875e-06 1.4631223805613042e-05
4.719537870924875e-06 1.4631223805613042e-05
4.719537870924875e-06 1.4631223805613042e-05
5.537654549767002e-06 1.4626033763495768e-05
5.537654549767002e-06 1.4626033763495768e-05
5.537654549767002e-06 1.4626033763495768e-05
5.537654549767002e-06 1.4626033763495768e-05
5.537654549767002e-06 1.4626033763495768e-05
5.537654549767002e-06 1.4626033763495768e-05
5.537654549767002e-06 1.4626033763495768e-05
5.537654549767002e-06 1.4626033763495768e-05
5.537654549767002e-06 1.4626033763495768e-05
5.537654549767002e-06 1.4626033763495768e-05
5.537654549767002e-06 1.4626033763495768e-05
5.537654549767002e-06 1.4626033763495768e-05
5.537654549767002e-06 1.4626033763495768e-05
5.537654549767002e-06 1.4626033763495768e-05
5.537654549767002e-06 1.4626033763495768e-05
5.537654549767002e-06 1.4626033763495768e-05
5.537654549767002e-06 1.4626033763495768e-05
5.537654549767002e-06 1.4626033763495768e-05
5.537654549767002e-06 1.4626033763495768e-05
5.537654549767002e-06 1.4626033763495768e-05
5.537654549767002e-06 1.4626033763495768e-05
5.537654549767002e-06 1.4626033763495768e-05
5.537654549767002e-06 1.4626033763495768e-05
5.537654549767002e-06 1.4626033763495768e-05
5.537654549767002e-06 1.4626033763495768e-05
5.537654549767002e-06 1.4626033763495768e-05
5.537654549767002e-06 1.4626033763495768e-05
5.537654549767002e-06 1.4626033763495768e-05
5.537654549767002e-06 1.4626033763495768e-05
5.537654549767002e-06 1.4626033763495768e-05
5.537654549767002e-06 1.4626033763495768e-05
5.537654549767002e-06 1.4626033763495768e-05
5.537654549767002e-06 1.4626033763495768e-05
5.524482932947387e-06 1.4631753366320102e-05
5.524482932947387e-06 1.4631753366320102e-05
5.524482932947387e-06 1.4631753366320102e-05
5.524482932947387e-06 1.4631753366320102e-05
5.524482932947387e-06 1.4631753366320102e-05
5.524482932947387e-06 1.4631753366320102e-05
5.524482932947387e-06 1.4631753366320102e-05
5.524482932947387e-06 1.4631753366320102e-05
5.524482932947387e-06 1.4631753366320102e-05
5.524482932947387e-06 1.4631753366320102e-05
5.524482932947387e-06 1.4631753366320102e-05
3.913124463442122e-06 1.4630983208343608e-05
3.913124463442122e-06 1.4630983208343608e-05
3.913124463442122e-06 1.4630983208343608e-05
3.913124463442122e-06 1.4630983208343608e-05
3.913124463442122e-06 1.4630983208343608e-05
3.913124463442122e-06 1.4630983208343608e-05
3.913124463442122e-06 1.4630983208343608e-05
3.913124463442122e-06 1.4630983208343608e-05
3.913124463442122e-06 1.4630983208343608e-05
3.913124463442122e-06 1.4630983208343608e-05
3.913124463442122e-06 1.4630983208343608e-05
5.910465442256834e-06 1.4631207420303656e-05
5.910465442256834e-06 1.4631207420303656e-05
5.910465442256834e-06 1.4631207420303656e-05
5.910465442256834e-06 1.4631207420303656e-05
5.910465442256834e-06 1.4631207420303656e-05
5.910465442256834e-06 1.4631207420303656e-05
5.910465442256834e-06 1.4631207420303656e-05
5.910465442256834e-06 1.4631207420303656e-05
5.910465442256834e-06 1.4631207420303656e-05
5.910465442256834e-06 1.4631207420303656e-05
5.910465442256834e-06 1.4631207420303656e-05
5.403855200828744e-06 1.4631227574078396e-05
5.403855200828744e-06 1.4631227574078396e-05
5.403855200828744e-06 1.4631227574078396e-05
5.403855200828744e-06 1.4631227574078396e-05
5.403855200828744e-06 1.4631227574078396e-05
5.403855200828744e-06 1.4631227574078396e-05
5.403855200828744e-06 1.4631227574078396e-05
5.403855200828744e-06 1.4631227574078396e-05
5.403855200828744e-06 1.4631227574078396e-05
5.403855200828744e-06 1.4631227574078396e-05
5.403855200828744e-06 1.4631227574078396e-05
7.656053486808879e-06 1.4631226408375308e-05
7.656053486808879e-06 1.4631226408375308e-05
7.656053486808879e-06 1.4631226408375308e-05
7.656053486808879e-06 1.4631226408375308e-05
7.656053486808879e-06 1.4631226408375308e-05
7.656053486808879e-06 1.4631226408375308e-05
7.656053486808879e-06 1.4631226408375308e-05
7.656053486808879e-06 1.4631226408375308e-05
7.656053486808879e-06 1.4631226408375308e-05
7.656053486808879e-06 1.4631226408375308e-05
7.656053486808879e-06 1.4631226408375308e-05
7.656053486808879e-06 1.4631226408375308e-05
7.656053486808879e-06 1.4631226408375308e-05
7.656053486808879e-06 1.4631226408375308e-05
7.656053486808879e-06 1.4631226408375308e-05
7.656053486808879e-06 1.4631226408375308e-05
7.656053486808879e-06 1.4631226408375308e-05
7.656053486808879e-06 1.4631226408375308e-05
7.656053486808879e-06 1.4631226408375308e-05
7.656053486808879e-06 1.4631226408375308e-05
7.656053486808879e-06 1.4631226408375308e-05
7.656053486808879e-06 1.4631226408375308e-05
8.1653611197745e-06 1.4631162596412999e-05
8.1653611197745e-06 1.4631162596412999e-05
8.1653611197745e-06 1.4631162596412999e-05
8.1653611197745e-06 1.4631162596412999e-05
8.1653611197745e-06 1.4631162596412999e-05
8.1653611197745e-06 1.4631162596412999e-05
8.1653611197745e-06 1.4631162596412999e-05
8.1653611197745e-06 1.4631162596412999e-05
8.1653611197745e-06 1.4631162596412999e-05
8.1653611197745e-06 1.4631162596412999e-05
8.1653611197745e-06 1.4631162596412999e-05
3.688487540637395e-06 1.4631263922809255e-05
3.688487540637395e-06 1.4631263922809255e-05
3.688487540637395e-06 1.4631263922809255e-05
3.688487540637395e-06 1.4631263922809255e-05
3.688487540637395e-06 1.4631263922809255e-05
3.688487540637395e-06 1.4631263922809255e-05
3.688487540637395e-06 1.4631263922809255e-05
3.688487540637395e-06 1.4631263922809255e-05
3.688487540637395e-06 1.4631263922809255e-05
3.688487540637395e-06 1.4631263922809255e-05
3.688487540637395e-06 1.4631263922809255e-05
7.2428456099780665e-06 1.4631229632967405e-05
7.2428456099780665e-06 1.4631229632967405e-05
7.2428456099780665e-06 1.4631229632967405e-05
7.2428456099780665e-06 1.4631229632967405e-05
7.2428456099780665e-06 1.4631229632967405e-05
7.2428456099780665e-06 1.4631229632967405e-05
7.2428456099780665e-06 1.4631229632967405e-05
7.2428456099780665e-06 1.4631229632967405e-05
7.2428456099780665e-06 1.4631229632967405e-05
7.2428456099780665e-06 1.4631229632967405e-05
7.2428456099780665e-06 1.4631229632967405e-05
7.2428456099780665e-06 1.4631229632967405e-05
7.2428456099780665e-06 1.4631229632967405e-05
7.2428456099780665e-06 1.4631229632967405e-05
7.2428456099780665e-06 1.4631229632967405e-05
7.2428456099780665e-06 1.4631229632967405e-05
7.2428456099780665e-06 1.4631229632967405e-05
7.2428456099780665e-06 1.4631229632967405e-05
7.2428456099780665e-06 1.4631229632967405e-05
7.2428456099780665e-06 1.4631229632967405e-05
7.2428456099780665e-06 1.4631229632967405e-05
7.2428456099780665e-06 1.4631229632967405e-05
5.524482932947387e-06 1.4631753366320102e-05
5.524482932947387e-06 1.4631753366320102e-05
5.524482932947387e-06 1.4631753366320102e-05
5.524482932947387e-06 1.4631753366320102e-05
5.524482932947387e-06 1.4631753366320102e-05
5.524482932947387e-06 1.4631753366320102e-05
5.524482932947387e-06 1.4631753366320102e-05
5.524482932947387e-06 1.4631753366320102e-05
5.524482932947387e-06 1.4631753366320102e-05
5.524482932947387e-06 1.4631753366320102e-05
5.524482932947387e-06 1.4631753366320102e-05
5.524482932947387e-06 1.4631753366320102e-05
5.524482932947387e-06 1.4631753366320102e-05
5.524482932947387e-06 1.4631753366320102e-05
5.524482932947387e-06 1.4631753366320102e-05
5.524482932947387e-06 1.4631753366320102e-05
5.524482932947387e-06 1.4631753366320102e-05
5.524482932947387e-06 1.4631753366320102e-05
5.524482932947387e-06 1.4631753366320102e-05
5.524482932947387e-06 1.4631753366320102e-05
5.524482932947387e-06 1.4631753366320102e-05
5.524482932947387e-06 1.4631753366320102e-05
4.375995596339887e-06 1.4631236162859338e-05
4.375995596339887e-06 1.4631236162859338e-05
4.375995596339887e-06 1.4631236162859338e-05
4.375995596339887e-06 1.4631236162859338e-05
4.375995596339887e-06 1.4631236162859338e-05
4.375995596339887e-06 1.4631236162859338e-05
4.375995596339887e-06 1.4631236162859338e-05
4.375995596339887e-06 1.4631236162859338e-05
4.375995596339887e-06 1.4631236162859338e-05
4.375995596339887e-06 1.4631236162859338e-05
4.375995596339887e-06 1.4631236162859338e-05
4.375995596339887e-06 1.4631236162859338e-05
4.375995596339887e-06 1.4631236162859338e-05
4.375995596339887e-06 1.4631236162859338e-05
4.375995596339887e-06 1.4631236162859338e-05
4.375995596339887e-06 1.4631236162859338e-05
4.375995596339887e-06 1.4631236162859338e-05
4.375995596339887e-06 1.4631236162859338e-05
4.375995596339887e-06 1.4631236162859338e-05
4.375995596339887e-06 1.4631236162859338e-05
4.375995596339887e-06 1.4631236162859338e-05
4.375995596339887e-06 1.4631236162859338e-05
5.639915012144397e-06 1.4631203088444776e-05
5.639915012144397e-06 1.4631203088444776e-05
5.639915012144397e-06 1.4631203088444776e-05
5.639915012144397e-06 1.4631203088444776e-05
5.639915012144397e-06 1.4631203088444776e-05
5.639915012144397e-06 1.4631203088444776e-05
5.639915012144397e-06 1.4631203088444776e-05
5.639915012144397e-06 1.4631203088444776e-05
5.639915012144397e-06 1.4631203088444776e-05
5.639915012144397e-06 1.4631203088444776e-05
5.639915012144397e-06 1.4631203088444776e-05
5.639915012144397e-06 1.4631203088444776e-05
5.639915012144397e-06 1.4631203088444776e-05
5.639915012144397e-06 1.4631203088444776e-05
5.639915012144397e-06 1.4631203088444776e-05
5.639915012144397e-06 1.4631203088444776e-05
5.639915012144397e-06 1.4631203088444776e-05
5.639915012144397e-06 1.4631203088444776e-05
5.639915012144397e-06 1.4631203088444776e-05
5.639915012144397e-06 1.4631203088444776e-05
5.639915012144397e-06 1.4631203088444776e-05
5.639915012144397e-06 1.4631203088444776e-05
3.687290936510327e-06 1.4631179033168735e-05
3.687290936510327e-06 1.4631179033168735e-05
3.687290936510327e-06 1.4631179033168735e-05
3.687290936510327e-06 1.4631179033168735e-05
3.687290936510327e-06 1.4631179033168735e-05
3.687290936510327e-06 1.4631179033168735e-05
3.687290936510327e-06 1.4631179033168735e-05
3.687290936510327e-06 1.4631179033168735e-05
3.687290936510327e-06 1.4631179033168735e-05
3.687290936510327e-06 1.4631179033168735e-05
3.687290936510327e-06 1.4631179033168735e-05
3.687290936510327e-06 1.4631179033168735e-05
3.687290936510327e-06 1.4631179033168735e-05
3.687290936510327e-06 1.4631179033168735e-05
3.687290936510327e-06 1.4631179033168735e-05
3.687290936510327e-06 1.4631179033168735e-05
3.687290936510327e-06 1.4631179033168735e-05
3.687290936510327e-06 1.4631179033168735e-05
3.687290936510327e-06 1.4631179033168735e-05
3.687290936510327e-06 1.4631179033168735e-05
3.687290936510327e-06 1.4631179033168735e-05
3.687290936510327e-06 1.4631179033168735e-05
3.687290936510327e-06 1.4631179033168735e-05
3.687290936510327e-06 1.4631179033168735e-05
3.687290936510327e-06 1.4631179033168735e-05
3.687290936510327e-06 1.4631179033168735e-05
3.687290936510327e-06 1.4631179033168735e-05
3.687290936510327e-06 1.4631179033168735e-05
3.687290936510327e-06 1.4631179033168735e-05
3.687290936510327e-06 1.4631179033168735e-05
3.687290936510327e-06 1.4631179033168735e-05
3.687290936510327e-06 1.4631179033168735e-05
3.687290936510327e-06 1.4631179033168735e-05
6.922407740997174e-06 1.4631223747473299e-05
6.922407740997174e-06 1.4631223747473299e-05
6.922407740997174e-06 1.4631223747473299e-05
6.922407740997174e-06 1.4631223747473299e-05
6.922407740997174e-06 1.4631223747473299e-05
6.922407740997174e-06 1.4631223747473299e-05
6.922407740997174e-06 1.4631223747473299e-05
6.922407740997174e-06 1.4631223747473299e-05
6.922407740997174e-06 1.4631223747473299e-05
6.922407740997174e-06 1.4631223747473299e-05
6.922407740997174e-06 1.4631223747473299e-05
6.922407740997174e-06 1.4631223747473299e-05
6.922407740997174e-06 1.4631223747473299e-05
6.922407740997174e-06 1.4631223747473299e-05
6.922407740997174e-06 1.4631223747473299e-05
6.922407740997174e-06 1.4631223747473299e-05
6.922407740997174e-06 1.4631223747473299e-05
6.922407740997174e-06 1.4631223747473299e-05
6.922407740997174e-06 1.4631223747473299e-05
6.922407740997174e-06 1.4631223747473299e-05
6.922407740997174e-06 1.4631223747473299e-05
6.922407740997174e-06 1.4631223747473299e-05
7.656053486808879e-06 1.4631226408375308e-05
7.656053486808879e-06 1.4631226408375308e-05
7.656053486808879e-06 1.4631226408375308e-05
7.656053486808879e-06 1.4631226408375308e-05
7.656053486808879e-06 1.4631226408375308e-05
7.656053486808879e-06 1.4631226408375308e-05
7.656053486808879e-06 1.4631226408375308e-05
7.656053486808879e-06 1.4631226408375308e-05
7.656053486808879e-06 1.4631226408375308e-05
7.656053486808879e-06 1.4631226408375308e-05
7.656053486808879e-06 1.4631226408375308e-05
7.656053486808879e-06 1.4631226408375308e-05
7.656053486808879e-06 1.4631226408375308e-05
7.656053486808879e-06 1.4631226408375308e-05
7.656053486808879e-06 1.4631226408375308e-05
7.656053486808879e-06 1.4631226408375308e-05
7.656053486808879e-06 1.4631226408375308e-05
7.656053486808879e-06 1.4631226408375308e-05
7.656053486808879e-06 1.4631226408375308e-05
7.656053486808879e-06 1.4631226408375308e-05
7.656053486808879e-06 1.4631226408375308e-05
7.656053486808879e-06 1.4631226408375308e-05
8.395114324084648e-06 1.463122236800314e-05
8.395114324084648e-06 1.463122236800314e-05
8.395114324084648e-06 1.463122236800314e-05
8.395114324084648e-06 1.463122236800314e-05
8.395114324084648e-06 1.463122236800314e-05
8.395114324084648e-06 1.463122236800314e-05
8.395114324084648e-06 1.463122236800314e-05
8.395114324084648e-06 1.463122236800314e-05
8.395114324084648e-06 1.463122236800314e-05
8.395114324084648e-06 1.463122236800314e-05
8.395114324084648e-06 1.463122236800314e-05
5.910465442256834e-06 1.463115868378225e-05
5.910465442256834e-06 1.463115868378225e-05
5.910465442256834e-06 1.463115868378225e-05
5.910465442256834e-06 1.463115868378225e-05
5.910465442256834e-06 1.463115868378225e-05
5.910465442256834e-06 1.463115868378225e-05
5.910465442256834e-06 1.463115868378225e-05
5.910465442256834e-06 1.463115868378225e-05
5.910465442256834e-06 1.463115868378225e-05
5.910465442256834e-06 1.463115868378225e-05
5.910465442256834e-06 1.463115868378225e-05
5.910465442256834e-06 1.463115868378225e-05
5.910465442256834e-06 1.463115868378225e-05
5.910465442256834e-06 1.463115868378225e-05
5.910465442256834e-06 1.463115868378225e-05
5.910465442256834e-06 1.463115868378225e-05
5.910465442256834e-06 1.463115868378225e-05
5.910465442256834e-06 1.463115868378225e-05
5.910465442256834e-06 1.463115868378225e-05
5.910465442256834e-06 1.463115868378225e-05
5.910465442256834e-06 1.463115868378225e-05
5.910465442256834e-06 1.463115868378225e-05
5.910465442256834e-06 1.463115868378225e-05
5.910465442256834e-06 1.463115868378225e-05
5.910465442256834e-06 1.463115868378225e-05
5.910465442256834e-06 1.463115868378225e-05
5.910465442256834e-06 1.463115868378225e-05
5.910465442256834e-06 1.463115868378225e-05
5.910465442256834e-06 1.463115868378225e-05
5.910465442256834e-06 1.463115868378225e-05
5.910465442256834e-06 1.463115868378225e-05
5.910465442256834e-06 1.463115868378225e-05
5.910465442256834e-06 1.463115868378225e-05
5.910465442256834e-06 1.463115868378225e-05
5.910465442256834e-06 1.463115868378225e-05
5.910465442256834e-06 1.463115868378225e-05
5.910465442256834e-06 1.463115868378225e-05
5.910465442256834e-06 1.463115868378225e-05
5.910465442256834e-06 1.463115868378225e-05
5.910465442256834e-06 1.463115868378225e-05
5.910465442256834e-06 1.463115868378225e-05
5.910465442256834e-06 1.463115868378225e-05
5.910465442256834e-06 1.463115868378225e-05
5.910465442256834e-06 1.463115868378225e-05
5.403855200828744e-06 1.4631227574078396e-05
5.403855200828744e-06 1.4631227574078396e-05
5.403855200828744e-06 1.4631227574078396e-05
5.403855200828744e-06 1.4631227574078396e-05
5.403855200828744e-06 1.4631227574078396e-05
5.403855200828744e-06 1.4631227574078396e-05
5.403855200828744e-06 1.4631227574078396e-05
5.403855200828744e-06 1.4631227574078396e-05
5.403855200828744e-06 1.4631227574078396e-05
5.403855200828744e-06 1.4631227574078396e-05
5.403855200828744e-06 1.4631227574078396e-05
5.403855200828744e-06 1.4631227574078396e-05
5.403855200828744e-06 1.4631227574078396e-05
5.403855200828744e-06 1.4631227574078396e-05
5.403855200828744e-06 1.4631227574078396e-05
5.403855200828744e-06 1.4631227574078396e-05
5.403855200828744e-06 1.4631227574078396e-05
5.403855200828744e-06 1.4631227574078396e-05
5.403855200828744e-06 1.4631227574078396e-05
5.403855200828744e-06 1.4631227574078396e-05
5.403855200828744e-06 1.4631227574078396e-05
5.403855200828744e-06 1.4631227574078396e-05
5.403855200828744e-06 1.4631227574078396e-05
5.403855200828744e-06 1.4631227574078396e-05
5.403855200828744e-06 1.4631227574078396e-05
5.403855200828744e-06 1.4631227574078396e-05
5.403855200828744e-06 1.4631227574078396e-05
5.403855200828744e-06 1.4631227574078396e-05
5.403855200828744e-06 1.4631227574078396e-05
5.403855200828744e-06 1.4631227574078396e-05
5.403855200828744e-06 1.4631227574078396e-05
5.403855200828744e-06 1.4631227574078396e-05
5.403855200828744e-06 1.4631227574078396e-05
4.1718959881929635e-06 9.227882911578568e-06
4.1718959881929635e-06 9.227882911578568e-06
2.1870531067638866e-06 9.227858298082765e-06
2.1870531067638866e-06 9.227858298082765e-06
2.1870531067638866e-06 9.227858298082765e-06
2.1870531067638866e-06 9.227858298082765e-06
2.1870531067638866e-06 9.227858298082765e-06
2.1870531067638866e-06 9.227858298082765e-06
3.4756753102093053e-07 9.214356976533032e-06
3.4756753102093053e-07 9.214356976533032e-06
3.739643825352261e-06 9.227878097479238e-06
3.739643825352261e-06 9.227878097479238e-06
3.739643825352261e-06 9.227878097479238e-06
3.739643825352261e-06 9.227878097479238e-06
3.739643825352261e-06 9.227878097479238e-06
3.739643825352261e-06 9.227878097479238e-06
3.739643825352261e-06 9.227878097479238e-06
3.739643825352261e-06 9.227878097479238e-06
3.739643825352261e-06 9.227878097479238e-06
3.739643825352261e-06 9.227878097479238e-06
3.739643825352261e-06 9.227878097479238e-06
3.739643825352261e-06 9.227878097479238e-06
3.739643825352261e-06 9.227878097479238e-06
3.739643825352261e-06 9.227878097479238e-06
3.739643825352261e-06 9.227878097479238e-06
3.739643825352261e-06 9.227878097479238e-06
3.739643825352261e-06 9.227878097479238e-06
3.739643825352261e-06 9.227878097479238e-06
1.7623994697887625e-06 9.227864616188151e-06
1.7623994697887625e-06 9.227864616188151e-06
3.196526164410157e-06 9.227856995964268e-06
3.196526164410157e-06 9.227856995964268e-06
2.8446440129690292e-06 9.211588572201661e-06
2.8446440129690292e-06 9.211588572201661e-06
2.8446440129690292e-06 9.211588572201661e-06
2.8446440129690292e-06 9.211588572201661e-06
2.8446440129690292e-06 9.211588572201661e-06
2.8446440129690292e-06 9.211588572201661e-06
2.825498904637213e-06 9.243887505797899e-06
2.825498904637213e-06 9.243887505797899e-06
1.7578255906117607e-06 9.228176283077422e-06
1.7578255906117607e-06 9.228176283077422e-06
4.283333849228897e-06 9.2278916397393e-06
4.283333849228897e-06 9.2278916397393e-06
8.253290892949411e-06 9.227882005569177e-06
8.253290892949411e-06 9.227882005569177e-06
9.232911902925981e-06 9.227872239993542e-06
9.232911902925981e-06 9.227872239993542e-06
9.232911902925981e-06 9.227872239993542e-06
9.232911902925981e-06 9.227872239993542e-06
7.265554217871831e-06 9.227907179810762e-06
7.265554217871831e-06 9.227907179810762e-06
2.0026614717567265e-06 9.22785168192566e-06
2.0026614717567265e-06 9.22785168192566e-06
3.7941428029447605e-06 9.227877321864767e-06
3.7941428029447605e-06 9.227877321864767e-06
3.7941428029447605e-06 9.227877321864767e-06
3.7941428029447605e-06 9.227877321864767e-06
2.825498904637213e-06 9.243887505797899e-06
2.825498904637213e-06 9.243887505797899e-06
2.825498904637213e-06 9.243887505797899e-06
2.825498904637213e-06 9.243887505797899e-06
4.582630819409643e-06 9.227873473177364e-06
4.582630819409643e-06 9.227873473177364e-06
4.582630819409643e-06 9.227873473177364e-06
4.582630819409643e-06 9.227873473177364e-06
4.000461606746746e-06 9.22799934757597e-06
4.000461606746746e-06 9.22799934757597e-06
4.000461606746746e-06 9.22799934757597e-06
4.000461606746746e-06 9.22799934757597e-06
2.098266990824084e-06 9.227858223648074e-06
2.098266990824084e-06 9.227858223648074e-06
2.098266990824084e-06 9.227858223648074e-06
2.098266990824084e-06 9.227858223648074e-06
2.098266990824084e-06 9.227858223648074e-06
2.098266990824084e-06 9.227858223648074e-06
3.588840356191956e-06 9.227876561975426e-06
3.588840356191956e-06 9.227876561975426e-06
3.588840356191956e-06 9.227876561975426e-06
3.588840356191956e-06 9.227876561975426e-06
9.232911902925981e-06 9.227872239993542e-06
9.232911902925981e-06 9.227872239993542e-06
9.232911902925981e-06 9.227872239993542e-06
9.232911902925981e-06 9.227872239993542e-06
6.4015894982529686e-06 9.227876372697017e-06
6.4015894982529686e-06 9.227876372697017e-06
4.283333849228897e-06 9.22786613358839e-06
4.283333849228897e-06 9.22786613358839e-06
4.283333849228897e-06 9.22786613358839e-06
4.283333849228897e-06 9.22786613358839e-06
4.283333849228897e-06 9.22786613358839e-06
4.283333849228897e-06 9.22786613358839e-06
4.283333849228897e-06 9.22786613358839e-06
4.283333849228897e-06 9.22786613358839e-06
8.253290892949411e-06 9.227882005569177e-06
8.253290892949411e-06 9.227882005569177e-06
8.253290892949411e-06 9.227882005569177e-06
8.253290892949411e-06 9.227882005569177e-06
8.253290892949411e-06 9.227882005569177e-06
8.253290892949411e-06 9.227882005569177e-06