1.8090477715245026e-06 0.008850212150927792
1.8090477715245026e-06 0.008850212150927792
1.8090477715245026e-06 0.008850212150927792
1.8090477715245026e-06 0.008850212150927792
1.8090477715245026e-06 0.008850212150927792
1.8090477715245026e-06 0.008850212150927792
1.8090477715245026e-06 0.008850212150927792
1.8090477715245026e-06 0.008850212150927792
1.8090477715245026e-06 0.008850212150927792
1.8090477715245026e-06 0.008850212150927792
1.8090477715245026e-06 0.008850212150927792
1.8090477715245026e-06 0.008850212150927792
1.8090477715245026e-06 0.008850212150927792
1.8090477715245026e-06 0.008850212150927792
1.8090477715245026e-06 0.008850212150927792
1.8090477715245026e-06 0.008850212150927792
1.8090477715245026e-06 0.008850212150927792
1.8090477715245026e-06 0.008850212150927792
1.8090477715245026e-06 0.008850212150927792
1.8090477715245026e-06 0.008850212150927792
0.9754403674537834 0.008850212150927792
0.9754403674537834 0.008850212150927792
0.9754403674537834 0.008850212150927792
0.9754403674537834 0.008850212150927792
0.9754403674537834 0.008850212150927792
0.9754403674537834 0.008850212150927792
0.9754403674537834 0.008850212150927792
0.9754403674537834 0.008850212150927792
0.9754403674537834 0.008850212150927792
0.9754403674537834 0.008850212150927792
0.4876638271051418 0.008846243856775099
0.4876638271051418 0.008846243856775099
0.4876638271051418 0.008846243856775099
0.4876638271051418 0.008846243856775099
0.4876638271051418 0.008846243856775099
0.4876638271051418 0.008846243856775099
0.4876638271051418 0.008846243856775099
0.4876638271051418 0.008846243856775099
0.4876638271051418 0.008846243856775099
0.4876638271051418 0.008846243856775099
0.4876638271051418 0.008846243856775099
0.4876638271051418 0.008846243856775099
0.4876638271051418 0.008846243856775099
0.4876638271051418 0.008846243856775099
0.4876638271051418 0.008846243856775099
0.4876638271051418 0.008846243856775099
0.4876638271051418 0.008846243856775099
0.4876638271051418 0.008846243856775099
0.4876638271051418 0.008846243856775099
0.4876638271051418 0.008846243856775099
0.4876638271051418 0.008846243856775099
0.4876638271051418 0.008846243856775099
0.4876638271051418 0.008846243856775099
0.4876638271051418 0.008846243856775099
0.4876638271051418 0.008846243856775099
0.4876638271051418 0.008846243856775099
0.4876638271051418 0.008846243856775099
0.4876638271051418 0.008846243856775099
0.4876638271051418 0.008846243856775099
0.4876638271051418 0.008846243856775099
0.89986882378662 0.007874015748031496
0.89986882378662 0.007874015748031496
0.89986882378662 0.007874015748031496
0.89986882378662 0.007874015748031496
0.89986882378662 0.007874015748031496
0.89986882378662 0.007874015748031496
0.89986882378662 0.007874015748031496
0.89986882378662 0.007874015748031496
0.89986882378662 0.007874015748031496
0.89986882378662 0.007874015748031496
1.4150796548337706e-06 0.008849436001031417
1.4150796548337706e-06 0.008849436001031417
1.4150796548337706e-06 0.008849436001031417
1.4150796548337706e-06 0.008849436001031417
1.4150796548337706e-06 0.008849436001031417
1.4150796548337706e-06 0.008849436001031417
1.4150796548337706e-06 0.008849436001031417
1.4150796548337706e-06 0.008849436001031417
1.4150796548337706e-06 0.008849436001031417
1.4150796548337706e-06 0.008849436001031417
1.4150796548337706e-06 0.008849436001031417
1.4150796548337706e-06 0.008849436001031417
1.4150796548337706e-06 0.008849436001031417
1.4150796548337706e-06 0.008849436001031417
1.4150796548337706e-06 0.008849436001031417
1.4150796548337706e-06 0.008849436001031417
1.4150796548337706e-06 0.008849436001031417
1.4150796548337706e-06 0.008849436001031417
1.4150796548337706e-06 0.008849436001031417
1.4150796548337706e-06 0.008849436001031417
1.4150796548337706e-06 0.008849436001031417
1.4150796548337706e-06 0.008849436001031417
1.4150796548337706e-06 0.008849436001031417
1.4150796548337706e-06 0.008849436001031417
1.4150796548337706e-06 0.008849436001031417
1.4150796548337706e-06 0.008849436001031417
1.4150796548337706e-06 0.008849436001031417
1.4150796548337706e-06 0.008849436001031417
1.4150796548337706e-06 0.008849436001031417
1.4150796548337706e-06 0.008849436001031417
1.4150796548337706e-06 0.008849436001031417
1.4150796548337706e-06 0.008849436001031417
1.4150796548337706e-06 0.008849436001031417
1.4150796548337706e-06 0.008849436001031417
1.4150796548337706e-06 0.008849436001031417
1.4150796548337706e-06 0.008849436001031417
1.4150796548337706e-06 0.008849436001031417
1.4150796548337706e-06 0.008849436001031417
1.4150796548337706e-06 0.008849436001031417
1.4150796548337706e-06 0.008849436001031417
1.4150796548337706e-06 0.008849436001031417
1.4150796548337706e-06 0.008849436001031417
1.4150796548337706e-06 0.008849436001031417
1.4150796548337706e-06 0.008849436001031417
1.4150796548337706e-06 0.008849436001031417
1.4150796548337706e-06 0.008849436001031417
1.4150796548337706e-06 0.008849436001031417
1.4150796548337706e-06 0.008849436001031417
1.4150796548337706e-06 0.008849436001031417
1.4150796548337706e-06 0.008849436001031417
1.4150796548337706e-06 0.008849436001031417
1.4150796548337706e-06 0.008849436001031417
1.4150796548337706e-06 0.008849436001031417
1.4150796548337706e-06 0.008849436001031417
1.4150796548337706e-06 0.008849436001031417
1.4150796548337706e-06 0.008849436001031417
1.4150796548337706e-06 0.008849436001031417
1.4150796548337706e-06 0.008849436001031417
1.4150796548337706e-06 0.008849436001031417
1.4150796548337706e-06 0.008849436001031417
1.4150796548337706e-06 0.008849436001031417
1.4150796548337706e-06 0.008849436001031417
1.4150796548337706e-06 0.008849436001031417
1.4150796548337706e-06 0.008849436001031417
1.4150796548337706e-06 0.008849436001031417
1.4150796548337706e-06 0.008849436001031417
1.4150796548337706e-06 0.008849436001031417
1.4150796548337706e-06 0.008849436001031417
1.4150796548337706e-06 0.008849436001031417
1.4150796548337706e-06 0.008849436001031417
1.4150796548337706e-06 0.008849436001031417
1.4150796548337706e-06 0.008849436001031417
1.4150796548337706e-06 0.008849436001031417
1.4150796548337706e-06 0.008849436001031417
1.4150796548337706e-06 0.008849436001031417
1.4150796548337706e-06 0.008849436001031417
1.4150796548337706e-06 0.008849436001031417
1.4150796548337706e-06 0.008849436001031417
1.4150796548337706e-06 0.008849436001031417
1.4150796548337706e-06 0.008849436001031417
1.4150796548337706e-06 0.008849436001031417
1.4150796548337706e-06 0.008849436001031417
1.4150796548337706e-06 0.008849436001031417
1.4150796548337706e-06 0.008849436001031417
1.4150796548337706e-06 0.008849436001031417
1.4150796548337706e-06 0.008849436001031417
1.4150796548337706e-06 0.008849436001031417
1.4150796548337706e-06 0.008849436001031417
1.4150796548337706e-06 0.008849436001031417
1.4150796548337706e-06 0.008849436001031417
1.4150796548337706e-06 0.008849436001031417
1.4150796548337706e-06 0.008849436001031417
1.4150796548337706e-06 0.008849436001031417
1.4150796548337706e-06 0.008849436001031417
1.4150796548337706e-06 0.008849436001031417
1.4150796548337706e-06 0.008849436001031417
1.4150796548337706e-06 0.008849436001031417
1.4150796548337706e-06 0.008849436001031417
1.4150796548337706e-06 0.008849436001031417
1.4150796548337706e-06 0.008849436001031417
1.4150796548337706e-06 0.008849436001031417
1.4150796548337706e-06 0.008849436001031417
1.4150796548337706e-06 0.008849436001031417
1.4150796548337706e-06 0.008849436001031417
1.4150796548337706e-06 0.008849436001031417
1.4150796548337706e-06 0.008849436001031417
1.4150796548337706e-06 0.008849436001031417
1.4150796548337706e-06 0.008849436001031417
1.4150796548337706e-06 0.008849436001031417
1.4150796548337706e-06 0.008849436001031417
1.4150796548337706e-06 0.008849436001031417
1.4150796548337706e-06 0.008849436001031417
1.4150796548337706e-06 0.008849436001031417
1.4150796548337706e-06 0.008849436001031417
1.4150796548337706e-06 0.008849436001031417
1.4150796548337706e-06 0.008849436001031417
1.4150796548337706e-06 0.008849436001031417
1.4150796548337706e-06 0.008849436001031417
1.4150796548337706e-06 0.008849436001031417
1.4150796548337706e-06 0.008849436001031417
1.4150796548337706e-06 0.008849436001031417
1.4150796548337706e-06 0.008849436001031417
1.4150796548337706e-06 0.008849436001031417
1.4150796548337706e-06 0.008849436001031417
1.4150796548337706e-06 0.008849436001031417
1.4150796548337706e-06 0.008849436001031417
1.4150796548337706e-06 0.008849436001031417
1.4150796548337706e-06 0.008849436001031417
1.4150796548337706e-06 0.008849436001031417
1.4150796548337706e-06 0.008849436001031417
1.4150796548337706e-06 0.008849436001031417
1.4150796548337706e-06 0.008849436001031417
1.4150796548337706e-06 0.008849436001031417
1.4150796548337706e-06 0.008849436001031417
1.4150796548337706e-06 0.008849436001031417
1.4150796548337706e-06 0.008849436001031417
1.4150796548337706e-06 0.008849436001031417
1.4150796548337706e-06 0.008849436001031417
1.4150796548337706e-06 0.008849436001031417
1.4150796548337706e-06 0.008849436001031417
1.4150796548337706e-06 0.008849436001031417
1.4150796548337706e-06 0.008849436001031417
1.4150796548337706e-06 0.008849436001031417
1.4150796548337706e-06 0.008849436001031417
1.4150796548337706e-06 0.008849436001031417
1.4150796548337706e-06 0.008849436001031417
1.4150796548337706e-06 0.008849436001031417
1.4150796548337706e-06 0.008849436001031417
1.4150796548337706e-06 0.008849436001031417
1.4150796548337706e-06 0.008849436001031417
1.4150796548337706e-06 0.008849436001031417
1.4150796548337706e-06 0.008849436001031417
1.4150796548337706e-06 0.008849436001031417
1.4150796548337706e-06 0.008849436001031417
1.4150796548337706e-06 0.008849436001031417
1.4150796548337706e-06 0.008849436001031417
1.4150796548337706e-06 0.008849436001031417
1.4150796548337706e-06 0.008849436001031417
1.4150796548337706e-06 0.008849436001031417
1.4150796548337706e-06 0.008849436001031417
1.4150796548337706e-06 0.008849436001031417
1.4150796548337706e-06 0.008849436001031417
1.4150796548337706e-06 0.008849436001031417
1.4150796548337706e-06 0.008849436001031417
1.4150796548337706e-06 0.008849436001031417
1.4150796548337706e-06 0.008849436001031417
1.4150796548337706e-06 0.008849436001031417
1.4150796548337706e-06 0.008849436001031417
1.4150796548337706e-06 0.008849436001031417
1.4150796548337706e-06 0.008849436001031417
1.4150796548337706e-06 0.008849436001031417
1.4150796548337706e-06 0.008849436001031417
1.4150796548337706e-06 0.008849436001031417
1.4150796548337706e-06 0.008849436001031417
1.4150796548337706e-06 0.008849436001031417
1.4150796548337706e-06 0.008849436001031417
1.4150796548337706e-06 0.008849436001031417
1.4150796548337706e-06 0.008849436001031417
1.4150796548337706e-06 0.008849436001031417
1.4150796548337706e-06 0.008849436001031417
0.8692140930612984 0.008849436001031417
0.8692140930612984 0.008849436001031417
0.8692140930612984 0.008849436001031417
0.8692140930612984 0.008849436001031417
0.8692140930612984 0.008849436001031417
0.8692140930612984 0.008849436001031417
0.8692140930612984 0.008849436001031417
0.8692140930612984 0.008849436001031417
0.8692140930612984 0.008849436001031417
0.8692140930612984 0.008849436001031417
0.8692140930612984 0.008849436001031417
0.8692140930612984 0.008849436001031417
0.8692140930612984 0.008849436001031417
0.8692140930612984 0.008849436001031417
0.8692140930612984 0.008849436001031417
0.8692140930612984 0.008849436001031417
0.8692140930612984 0.008849436001031417
0.8692140930612984 0.008849436001031417
0.8692140930612984 0.008849436001031417
0.8692140930612984 0.008849436001031417
0.8692140930612984 0.008849436001031417
0.8692140930612984 0.008849436001031417
0.8692140930612984 0.008849436001031417
0.8692140930612984 0.008849436001031417
0.8692140930612984 0.008849436001031417
0.8692140930612984 0.008849436001031417
0.8692140930612984 0.008849436001031417
0.8692140930612984 0.008849436001031417
0.8692140930612984 0.008849436001031417
0.8692140930612984 0.008849436001031417
0.8692140930612984 0.008849436001031417
0.8692140930612984 0.008849436001031417
0.8692140930612984 0.008849436001031417
0.8692140930612984 0.008849436001031417
0.8692140930612984 0.008849436001031417
0.8692140930612984 0.008849436001031417
0.8692140930612984 0.008849436001031417
0.8692140930612984 0.008849436001031417
0.8692140930612984 0.008849436001031417
0.8692140930612984 0.008849436001031417
0.8692140930612984 0.008849436001031417
0.8692140930612984 0.008849436001031417
0.8692140930612984 0.008849436001031417
0.8692140930612984 0.008849436001031417
0.8692140930612984 0.008849436001031417
0.8692140930612984 0.008849436001031417
0.8692140930612984 0.008849436001031417
0.8692140930612984 0.008849436001031417
0.8692140930612984 0.008849436001031417
0.8692140930612984 0.008849436001031417
0.8692140930612984 0.008849436001031417
0.8692140930612984 0.008849436001031417
0.8692140930612984 0.008849436001031417
0.8692140930612984 0.008849436001031417
0.8692140930612984 0.008849436001031417
0.8692140930612984 0.008849436001031417
0.8692140930612984 0.008849436001031417
0.8692140930612984 0.008849436001031417
0.8692140930612984 0.008849436001031417
0.8692140930612984 0.008849436001031417
0.8692140930612984 0.008849436001031417
0.8692140930612984 0.008849436001031417
0.8692140930612984 0.008849436001031417
0.8692140930612984 0.008849436001031417
0.8692140930612984 0.008849436001031417
0.8692140930612984 0.008849436001031417
0.8692140930612984 0.008849436001031417
0.8692140930612984 0.008849436001031417
0.8692140930612984 0.008849436001031417
0.8692140930612984 0.008849436001031417
0.8692140930612984 0.008849436001031417
0.8692140930612984 0.008849436001031417
0.8692140930612984 0.008849436001031417
0.8692140930612984 0.008849436001031417
0.8692140930612984 0.008849436001031417
0.8692140930612984 0.008849436001031417
0.8692140930612984 0.008849436001031417
0.8692140930612984 0.008849436001031417
0.8692140930612984 0.008849436001031417
0.8692140930612984 0.008849436001031417
0.8692140930612984 0.008849436001031417
0.8692140930612984 0.008849436001031417
0.8692140930612984 0.008849436001031417
0.8692140930612984 0.008849436001031417
0.8692140930612984 0.008849436001031417
0.8692140930612984 0.008849436001031417
0.8692140930612984 0.008849436001031417
0.8692140930612984 0.008849436001031417
0.8692140930612984 0.008849436001031417
0.8692140930612984 0.008849436001031417
0.992994567512853 0.008851058057514922
0.992994567512853 0.008851058057514922
0.992994567512853 0.008851058057514922
0.992994567512853 0.008851058057514922
0.992994567512853 0.008851058057514922
0.992994567512853 0.008851058057514922
0.992994567512853 0.008851058057514922
0.992994567512853 0.008851058057514922
0.992994567512853 0.008851058057514922
0.992994567512853 0.008851058057514922
0.992994567512853 0.008851058057514922
0.992994567512853 0.008851058057514922
0.992994567512853 0.008851058057514922
0.9937124403858081 0.008849730915930823
0.9937124403858081 0.008849730915930823
0.9937124403858081 0.008849730915930823
0.9937124403858081 0.008849730915930823
0.9937124403858081 0.008849730915930823
0.9937124403858081 0.008849730915930823
0.9937124403858081 0.008849730915930823
0.9937124403858081 0.008849730915930823
0.9937124403858081 0.008849730915930823
0.9937124403858081 0.008849730915930823
0.9937124403858081 0.008849730915930823
0.9937124403858081 0.008849730915930823
0.9937124403858081 0.008849730915930823
1.0 0.006369426751592357
1.0 0.006369426751592357
1.0 0.006369426751592357
1.0 0.006369426751592357
1.0 0.006369426751592357
1.0 0.006369426751592357
1.0 0.006369426751592357
1.0 0.006369426751592357
1.0 0.006369426751592357
1.0 0.006369426751592357
1.0 0.006369426751592357
1.0 0.006369426751592357
1.0 0.006369426751592357
1.0 0.006369426751592357
1.0 0.006369426751592357
1.0 0.006369426751592357
1.0 0.006369426751592357
1.0 0.006369426751592357
1.0 0.006369426751592357
1.0 0.006369426751592357
1.0 0.006369426751592357
1.0 0.006369426751592357
1.0 0.006369426751592357
1.0 0.006369426751592357
1.0 0.006369426751592357
1.0 0.006369426751592357
1.0 0.006369426751592357
1.0 0.006369426751592357
1.0 0.006369426751592357
1.0 0.006369426751592357
1.0 0.006369426751592357
1.0 0.006369426751592357
1.0 0.006369426751592357
1.0 0.006369426751592357
1.0 0.006369426751592357
1.0 0.006369426751592357
1.0 0.006369426751592357
1.0 0.006369426751592357
1.0 0.006369426751592357
1.0 0.006369426751592357
1.0 0.006369426751592357
1.0 0.006369426751592357
1.0 0.006369426751592357
1.0 0.006369426751592357
1.0 0.006369426751592357
1.0 0.006369426751592357
1.0 0.006369426751592357
1.0 0.006369426751592357
1.0 0.006369426751592357
1.0 0.006369426751592357
1.0 0.006369426751592357
1.0 0.006369426751592357
1.0 0.006369426751592357
1.0 0.006369426751592357
1.0 0.006369426751592357
1.0 0.006369426751592357
1.0 0.006369426751592357
1.0 0.006369426751592357
1.0 0.006369426751592357
1.0 0.006369426751592357
1.0 0.009569377990430622
1.0 0.009569377990430622
1.0 0.009569377990430622
1.0 0.009569377990430622
1.0 0.009569377990430622
1.0 0.009569377990430622
1.0 0.009569377990430622
1.0 0.009569377990430622
1.0 0.009569377990430622
1.0 0.009569377990430622
1.0 0.009569377990430622
1.0 0.009569377990430622
1.0 0.009569377990430622
1.0 0.009569377990430622
1.0 0.009569377990430622
1.0 0.009569377990430622
1.0 0.009569377990430622
1.0 0.009569377990430622
1.0 0.009569377990430622
1.0 0.009569377990430622
0.9878815911193339 0.008848667672197084
0.9878815911193339 0.008848667672197084
0.9878815911193339 0.008848667672197084
0.9878815911193339 0.008848667672197084
0.9878815911193339 0.008848667672197084
0.9878815911193339 0.008848667672197084
0.9878815911193339 0.008848667672197084
0.9878815911193339 0.008848667672197084
0.9878815911193339 0.008848667672197084
0.9878815911193339 0.008848667672197084
0.9878815911193339 0.008848667672197084
0.9878815911193339 0.008848667672197084
0.9878815911193339 0.008848667672197084
0.9878815911193339 0.008848667672197084
0.9878815911193339 0.008848667672197084
0.9878815911193339 0.008848667672197084
0.9878815911193339 0.008848667672197084
0.9878815911193339 0.008848667672197084
0.9878815911193339 0.008848667672197084
0.9878815911193339 0.008848667672197084
0.9891987350609881 0.008855222447455458
0.9891987350609881 0.008855222447455458
0.9891987350609881 0.008855222447455458
0.9891987350609881 0.008855222447455458
0.9891987350609881 0.008855222447455458
0.9891987350609881 0.008855222447455458
0.9891987350609881 0.008855222447455458
0.9891987350609881 0.008855222447455458
0.9891987350609881 0.008855222447455458
0.9891987350609881 0.008855222447455458
0.9891987350609881 0.008855222447455458
0.9891987350609881 0.008855222447455458
0.9891987350609881 0.008855222447455458
0.9874213503659292 0.008852041479325312
0.9874213503659292 0.008852041479325312
0.9874213503659292 0.008852041479325312
0.9874213503659292 0.008852041479325312
0.9874213503659292 0.008852041479325312
0.9874213503659292 0.008852041479325312
0.9874213503659292 0.008852041479325312
0.9874213503659292 0.008852041479325312
0.9874213503659292 0.008852041479325312
0.9874213503659292 0.008852041479325312
0.9874213503659292 0.008852041479325312
0.9874213503659292 0.008852041479325312
0.9874213503659292 0.008852041479325312
0.999855909058665 0.008849424076551395
0.999855909058665 0.008849424076551395
0.999855909058665 0.008849424076551395
0.999855909058665 0.008849424076551395
0.999855909058665 0.008849424076551395
0.999855909058665 0.008849424076551395
0.999855909058665 0.008849424076551395
0.999855909058665 0.008849424076551395
0.999855909058665 0.008849424076551395
0.999855909058665 0.008849424076551395
0.999855909058665 0.008849424076551395
0.999855909058665 0.008849424076551395
0.999855909058665 0.008849424076551395
0.999855909058665 0.008849424076551395
0.999855909058665 0.008849424076551395
0.999855909058665 0.008849424076551395
0.999855909058665 0.008849424076551395
0.999855909058665 0.008849424076551395
0.999855909058665 0.008849424076551395
0.999855909058665 0.008849424076551395
0.999855909058665 0.008849424076551395
0.999855909058665 0.008849424076551395
0.999855909058665 0.008849424076551395
0.999855909058665 0.008849424076551395
0.999855909058665 0.008849424076551395
0.999855909058665 0.008849424076551395
0.999855909058665 0.008849424076551395
0.999855909058665 0.008849424076551395
0.999855909058665 0.008849424076551395
0.999855909058665 0.008849424076551395
0.999855909058665 0.008849424076551395
0.999855909058665 0.008849424076551395
0.999855909058665 0.008849424076551395
0.999855909058665 0.008849424076551395
0.999855909058665 0.008849424076551395
0.999855909058665 0.008849424076551395
0.999855909058665 0.008849424076551395
0.999855909058665 0.008849424076551395
0.999855909058665 0.008849424076551395
0.999855909058665 0.008849424076551395
1.0 0.008845621036310258
1.0 0.008845621036310258
1.0 0.008845621036310258
1.0 0.008845621036310258
1.0 0.008845621036310258
1.0 0.008845621036310258
1.0 0.008845621036310258
1.0 0.008845621036310258
1.0 0.008845621036310258
1.0 0.008845621036310258
1.0 0.008845621036310258
1.0 0.008845621036310258
1.0 0.008845621036310258
1.0 0.008845621036310258
1.0 0.008845621036310258
1.0 0.008845621036310258
1.0 0.008845621036310258
1.0 0.008845621036310258
1.0 0.008845621036310258
1.0 0.008845621036310258
0.425218129874141 0.008848248620995668
0.425218129874141 0.008848248620995668
0.425218129874141 0.008848248620995668
0.425218129874141 0.008848248620995668
0.425218129874141 0.008848248620995668
0.425218129874141 0.008848248620995668
0.425218129874141 0.008848248620995668
0.425218129874141 0.008848248620995668
0.425218129874141 0.008848248620995668
0.425218129874141 0.008848248620995668
1.4940179521197128e-06 0.008849860703846567
1.4940179521197128e-06 0.008849860703846567
1.4940179521197128e-06 0.008849860703846567
1.4940179521197128e-06 0.008849860703846567
1.4940179521197128e-06 0.008849860703846567
1.4940179521197128e-06 0.008849860703846567
1.4940179521197128e-06 0.008849860703846567
1.4940179521197128e-06 0.008849860703846567
1.4940179521197128e-06 0.008849860703846567
1.4940179521197128e-06 0.008849860703846567
1.4940179521197128e-06 0.008849860703846567
1.4940179521197128e-06 0.008849860703846567
1.4940179521197128e-06 0.008849860703846567
1.4940179521197128e-06 0.008849860703846567
1.4940179521197128e-06 0.008849860703846567
1.4940179521197128e-06 0.008849860703846567
1.4940179521197128e-06 0.008849860703846567
1.4940179521197128e-06 0.008849860703846567
1.4940179521197128e-06 0.008849860703846567
1.4940179521197128e-06 0.008849860703846567
1.4940179521197128e-06 0.008849860703846567
1.4940179521197128e-06 0.008849860703846567
1.4940179521197128e-06 0.008849860703846567
1.4940179521197128e-06 0.008849860703846567
1.4940179521197128e-06 0.008849860703846567
1.4940179521197128e-06 0.008849860703846567
1.4940179521197128e-06 0.008849860703846567
1.4940179521197128e-06 0.008849860703846567
1.4940179521197128e-06 0.008849860703846567
1.4940179521197128e-06 0.008849860703846567
1.4940179521197128e-06 0.008849860703846567
1.4940179521197128e-06 0.008849860703846567
1.4940179521197128e-06 0.008849860703846567
1.4940179521197128e-06 0.008849860703846567
1.4940179521197128e-06 0.008849860703846567
1.4940179521197128e-06 0.008849860703846567
1.4940179521197128e-06 0.008849860703846567
1.4940179521197128e-06 0.008849860703846567
1.4940179521197128e-06 0.008849860703846567
1.4940179521197128e-06 0.008849860703846567
0.8796239855618105 0.008849860703846567
0.8796239855618105 0.008849860703846567
0.8796239855618105 0.008849860703846567
0.8796239855618105 0.008849860703846567
0.8796239855618105 0.008849860703846567
0.8796239855618105 0.008849860703846567
0.8796239855618105 0.008849860703846567
0.8796239855618105 0.008849860703846567
0.8796239855618105 0.008849860703846567
0.8796239855618105 0.008849860703846567
0.8796239855618105 0.008849860703846567
0.8796239855618105 0.008849860703846567
0.8796239855618105 0.008849860703846567
0.8796239855618105 0.008849860703846567
0.8796239855618105 0.008849860703846567
0.8796239855618105 0.008849860703846567
0.8796239855618105 0.008849860703846567
0.8796239855618105 0.008849860703846567
0.8796239855618105 0.008849860703846567
0.8796239855618105 0.008849860703846567
1.0 0.009569377990430622
1.0 0.009569377990430622
1.0 0.009569377990430622
1.0 0.009569377990430622
1.0 0.009569377990430622
1.0 0.009569377990430622
1.0 0.009569377990430622
1.0 0.009569377990430622
1.0 0.009569377990430622
1.0 0.009569377990430622
1.0 0.009569377990430622
1.0 0.009569377990430622
1.0 0.009569377990430622
1.0 0.009569377990430622
1.0 0.009569377990430622
1.0 0.009569377990430622
1.0 0.009569377990430622
1.0 0.009569377990430622
1.0 0.009569377990430622
1.0 0.009569377990430622
1.0 0.009569377990430622
1.0 0.009569377990430622
1.0 0.009569377990430622
1.0 0.009569377990430622
1.0 0.009569377990430622
1.0 0.009569377990430622
1.0 0.009569377990430622
1.0 0.009569377990430622
1.0 0.009569377990430622
1.0 0.009569377990430622
1.0 0.009569377990430622
1.0 0.009569377990430622
1.0 0.009569377990430622
1.0 0.009569377990430622
1.0 0.009569377990430622
1.0 0.009569377990430622
1.0 0.009569377990430622
1.0 0.009569377990430622
1.0 0.009569377990430622
1.0 0.009569377990430622
0.9999867218594708 0.008850350653133473
0.9999867218594708 0.008850350653133473
0.9999867218594708 0.008850350653133473
0.9999867218594708 0.008850350653133473
0.9999867218594708 0.008850350653133473
0.9999867218594708 0.008850350653133473
0.9999867218594708 0.008850350653133473
0.9999867218594708 0.008850350653133473
0.9999867218594708 0.008850350653133473
0.9999867218594708 0.008850350653133473
0.9999867218594708 0.008850350653133473
0.9999867218594708 0.008850350653133473
0.9999867218594708 0.008850350653133473
0.9999867218594708 0.008850350653133473
0.9999867218594708 0.008850350653133473
0.9999867218594708 0.008850350653133473
0.9999867218594708 0.008850350653133473
0.9999867218594708 0.008850350653133473
0.9999867218594708 0.008850350653133473
0.9999867218594708 0.008850350653133473
0.9999867218594708 0.008850350653133473
0.9999867218594708 0.008850350653133473
0.9999867218594708 0.008850350653133473
0.9999867218594708 0.008850350653133473
0.9999867218594708 0.008850350653133473
0.9999867218594708 0.008850350653133473
0.9999867218594708 0.008850350653133473
0.9999867218594708 0.008850350653133473
0.9999867218594708 0.008850350653133473
0.9999867218594708 0.008850350653133473
0.9999867218594708 0.008850350653133473
0.9999867218594708 0.008850350653133473
0.9999867218594708 0.008850350653133473
0.9999867218594708 0.008850350653133473
0.9999867218594708 0.008850350653133473
0.9999867218594708 0.008850350653133473
0.9999867218594708 0.008850350653133473
0.9999867218594708 0.008850350653133473
0.9999867218594708 0.008850350653133473
0.9999867218594708 0.008850350653133473
0.9874030063958963 0.0088408367823859
0.9874030063958963 0.0088408367823859
0.9874030063958963 0.0088408367823859
0.9874030063958963 0.0088408367823859
0.9874030063958963 0.0088408367823859
0.9874030063958963 0.0088408367823859
0.9874030063958963 0.0088408367823859
0.9874030063958963 0.0088408367823859
0.9874030063958963 0.0088408367823859
0.9874030063958963 0.0088408367823859
0.9874030063958963 0.0088408367823859
0.9874030063958963 0.0088408367823859
0.9874030063958963 0.0088408367823859
0.9874030063958963 0.0088408367823859
0.9874030063958963 0.0088408367823859
0.9874030063958963 0.0088408367823859
0.9874030063958963 0.0088408367823859
0.9874030063958963 0.0088408367823859
0.9874030063958963 0.0088408367823859
0.9874030063958963 0.0088408367823859
0.9874030063958963 0.0088408367823859
0.9874030063958963 0.0088408367823859
0.9874030063958963 0.0088408367823859
0.9874030063958963 0.0088408367823859
0.9874030063958963 0.0088408367823859
0.9874030063958963 0.0088408367823859
0.4403787274935004 0.0088504753673293
0.4403787274935004 0.0088504753673293
0.4403787274935004 0.0088504753673293
0.4403787274935004 0.0088504753673293
0.4403787274935004 0.0088504753673293
0.4403787274935004 0.0088504753673293
0.4403787274935004 0.0088504753673293
0.4403787274935004 0.0088504753673293
0.4403787274935004 0.0088504753673293
0.4403787274935004 0.0088504753673293
0.4403787274935004 0.0088504753673293
0.4403787274935004 0.0088504753673293
0.4403787274935004 0.0088504753673293
0.4403787274935004 0.0088504753673293
0.4403787274935004 0.0088504753673293
0.4403787274935004 0.0088504753673293
0.4403787274935004 0.0088504753673293
0.4403787274935004 0.0088504753673293
0.4403787274935004 0.0088504753673293
0.4403787274935004 0.0088504753673293
0.4403787274935004 0.0088504753673293
0.4403787274935004 0.0088504753673293
0.4403787274935004 0.0088504753673293
0.4403787274935004 0.0088504753673293
0.4403787274935004 0.0088504753673293
0.4403787274935004 0.0088504753673293
0.4403787274935004 0.0088504753673293
0.4403787274935004 0.0088504753673293
0.4403787274935004 0.0088504753673293
0.4403787274935004 0.0088504753673293
0.0801625253812393 0.008849089935883151
0.0801625253812393 0.008849089935883151
0.0801625253812393 0.008849089935883151
0.0801625253812393 0.008849089935883151
0.0801625253812393 0.008849089935883151
0.0801625253812393 0.008849089935883151
0.0801625253812393 0.008849089935883151
0.0801625253812393 0.008849089935883151
0.0801625253812393 0.008849089935883151
0.0801625253812393 0.008849089935883151
0.0801625253812393 0.008849089935883151
0.0801625253812393 0.008849089935883151
0.0801625253812393 0.008849089935883151
0.0801625253812393 0.008849089935883151
0.0801625253812393 0.008849089935883151
0.0801625253812393 0.008849089935883151
0.0801625253812393 0.008849089935883151
0.0801625253812393 0.008849089935883151
0.0801625253812393 0.008849089935883151
0.0801625253812393 0.008849089935883151
0.999855909058665 0.008849424076551395
0.999855909058665 0.008849424076551395
0.999855909058665 0.008849424076551395
0.999855909058665 0.008849424076551395
0.999855909058665 0.008849424076551395
0.999855909058665 0.008849424076551395
0.999855909058665 0.008849424076551395
0.999855909058665 0.008849424076551395
0.999855909058665 0.008849424076551395
0.999855909058665 0.008849424076551395
0.999855909058665 0.008849424076551395
0.999855909058665 0.008849424076551395
0.999855909058665 0.008849424076551395
0.999855909058665 0.008849424076551395
0.999855909058665 0.008849424076551395
0.999855909058665 0.008849424076551395
0.999855909058665 0.008849424076551395
0.999855909058665 0.008849424076551395
0.999855909058665 0.008849424076551395
0.999855909058665 0.008849424076551395
0.999855909058665 0.008849424076551395
0.999855909058665 0.008849424076551395
0.999855909058665 0.008849424076551395
0.999855909058665 0.008849424076551395
0.999855909058665 0.008849424076551395
0.999855909058665 0.008849424076551395
0.999855909058665 0.008849424076551395
0.999855909058665 0.008849424076551395
0.999855909058665 0.008849424076551395
0.999855909058665 0.008849424076551395
0.999855909058665 0.008849424076551395
0.999855909058665 0.008849424076551395
0.999855909058665 0.008849424076551395
0.999855909058665 0.008849424076551395
0.999855909058665 0.008849424076551395
0.999855909058665 0.008849424076551395
0.999855909058665 0.008849424076551395
0.999855909058665 0.008849424076551395
0.999855909058665 0.008849424076551395
0.999855909058665 0.008849424076551395
0.9998374960986166 0.00884933036430492
0.9998374960986166 0.00884933036430492
0.9998374960986166 0.00884933036430492
0.9998374960986166 0.00884933036430492
0.9998374960986166 0.00884933036430492
0.9998374960986166 0.00884933036430492
0.9998374960986166 0.00884933036430492
0.9998374960986166 0.00884933036430492
0.9998374960986166 0.00884933036430492
0.9998374960986166 0.00884933036430492
0.9998374960986166 0.00884933036430492
0.9998374960986166 0.00884933036430492
0.9998374960986166 0.00884933036430492
0.9998374960986166 0.00884933036430492
0.9998374960986166 0.00884933036430492
0.9998374960986166 0.00884933036430492
0.9998374960986166 0.00884933036430492
0.9998374960986166 0.00884933036430492
0.9998374960986166 0.00884933036430492
0.9998374960986166 0.00884933036430492
0.9891987350609881 0.0088448590011222
0.9891987350609881 0.0088448590011222
0.9891987350609881 0.0088448590011222
0.9891987350609881 0.0088448590011222
0.9891987350609881 0.0088448590011222
0.9891987350609881 0.0088448590011222
0.9891987350609881 0.0088448590011222
0.9891987350609881 0.0088448590011222
0.9891987350609881 0.0088448590011222
0.9891987350609881 0.0088448590011222
0.9891987350609881 0.0088448590011222
0.9891987350609881 0.0088448590011222
0.9891987350609881 0.0088448590011222
0.9891987350609881 0.0088448590011222
0.9891987350609881 0.0088448590011222
0.9891987350609881 0.0088448590011222
0.9891987350609881 0.0088448590011222
0.9891987350609881 0.0088448590011222
0.9891987350609881 0.0088448590011222
0.9891987350609881 0.0088448590011222
0.9891987350609881 0.0088448590011222
0.9891987350609881 0.0088448590011222
0.9891987350609881 0.0088448590011222
0.9891987350609881 0.0088448590011222
0.9891987350609881 0.0088448590011222
0.9891987350609881 0.0088448590011222
0.9891987350609881 0.0088448590011222
0.9891987350609881 0.0088448590011222
0.9891987350609881 0.0088448590011222
0.9891987350609881 0.0088448590011222
0.9891987350609881 0.0088448590011222
0.9891987350609881 0.0088448590011222
0.9891987350609881 0.0088448590011222
0.9891987350609881 0.0088448590011222
0.9891987350609881 0.0088448590011222
0.9891987350609881 0.0088448590011222
0.9891987350609881 0.0088448590011222
0.9891987350609881 0.0088448590011222
0.9891987350609881 0.0088448590011222
0.9891987350609881 0.0088448590011222
0.9891987350609881 0.0088448590011222
0.9891987350609881 0.0088448590011222
0.9891987350609881 0.0088448590011222
0.9891987350609881 0.0088448590011222
0.9891987350609881 0.0088448590011222
0.9891987350609881 0.0088448590011222
0.9891987350609881 0.0088448590011222
0.9891987350609881 0.0088448590011222
0.9891987350609881 0.0088448590011222
0.9891987350609881 0.0088448590011222
0.9891987350609881 0.0088448590011222
0.9891987350609881 0.0088448590011222
0.9874213503659292 0.008852041479325312
0.9874213503659292 0.008852041479325312
0.9874213503659292 0.008852041479325312
0.9874213503659292 0.008852041479325312
0.9874213503659292 0.008852041479325312
0.9874213503659292 0.008852041479325312
0.9874213503659292 0.008852041479325312
0.9874213503659292 0.008852041479325312
0.9874213503659292 0.008852041479325312
0.9874213503659292 0.008852041479325312
0.9874213503659292 0.008852041479325312
0.9874213503659292 0.008852041479325312
0.9874213503659292 0.008852041479325312
0.9874213503659292 0.008852041479325312
0.9874213503659292 0.008852041479325312
0.9874213503659292 0.008852041479325312
0.9874213503659292 0.008852041479325312
0.9874213503659292 0.008852041479325312
0.9874213503659292 0.008852041479325312
0.9874213503659292 0.008852041479325312
0.9874213503659292 0.008852041479325312
0.9874213503659292 0.008852041479325312
0.9874213503659292 0.008852041479325312
0.9874213503659292 0.008852041479325312
0.9874213503659292 0.008852041479325312
0.9874213503659292 0.008852041479325312
0.9874213503659292 0.008852041479325312
0.9874213503659292 0.008852041479325312
0.9874213503659292 0.008852041479325312
0.9874213503659292 0.008852041479325312
0.9874213503659292 0.008852041479325312
0.9874213503659292 0.008852041479325312
0.9874213503659292 0.008852041479325312
0.9874213503659292 0.008852041479325312
0.9874213503659292 0.008852041479325312
0.9874213503659292 0.008852041479325312
0.9874213503659292 0.008852041479325312
0.9874213503659292 0.008852041479325312
0.9874213503659292 0.008852041479325312