7.951569318016593e-07 2.0741675836397134e-06
1.1331876279914937e-06 2.074124602190662e-06
1.1331876279914937e-06 2.074124602190662e-06
1.7180673716992918e-07 2.0741803420647947e-06
7.696265254007051e-07 2.0743406024024316e-06
2.2555687306455013e-06 2.081150759404009e-06
1.697320891078488e-06 2.0741224464672065e-06
5.074523842818594e-07 2.074173843600331e-06
6.510798608217489e-07 2.074233703630585e-06
1.383715201479627e-06 2.0741261318053604e-06
1.4352167189237457e-06 2.0741213033822957e-06
1.4352167189237457e-06 2.0741213033822957e-06
1.4352167189237457e-06 2.0741213033822957e-06
6.764915844048757e-07 2.074125248917057e-06
6.764915844048757e-07 2.074125248917057e-06
6.764915844048757e-07 2.074125248917057e-06
6.764915844048757e-07 2.074125248917057e-06
6.764915844048757e-07 2.074125248917057e-06
6.764915844048757e-07 2.074125248917057e-06
6.764915844048757e-07 2.074125248917057e-06
6.764915844048757e-07 2.074125248917057e-06
1.1332314994997078e-06 2.074125033745773e-06
1.1332314994997078e-06 2.074125033745773e-06
2.5562483392180965e-06 2.0822961368169996e-06
1.2204559604175992e-06 2.0741645116977685e-06
1.2204559604175992e-06 2.0741645116977685e-06
1.0104793217970321e-06 2.0741212977198944e-06
1.0104793217970321e-06 2.0741212977198944e-06
1.0104793217970321e-06 2.0741212977198944e-06
1.0104793217970321e-06 2.0741212977198944e-06
1.0104793217970321e-06 2.0741212977198944e-06
1.0104793217970321e-06 2.0741212977198944e-06
2.1210408354583445e-06 2.074175882867421e-06
2.1210408354583445e-06 2.074175882867421e-06
2.1210408354583445e-06 2.074175882867421e-06
9.728642272758147e-07 2.074122714278282e-06
9.728642272758147e-07 2.074122714278282e-06
9.728642272758147e-07 2.074122714278282e-06
9.728642272758147e-07 2.074122714278282e-06
9.728642272758147e-07 2.074122714278282e-06
9.728642272758147e-07 2.074122714278282e-06
2.9396436251505452e-06 2.0738534548920406e-06
2.9396436251505452e-06 2.0738534548920406e-06
2.9396436251505452e-06 2.0738534548920406e-06
7.28624954280914e-07 2.073195456736026e-06
7.28624954280914e-07 2.073195456736026e-06
7.28624954280914e-07 2.073195456736026e-06
4.811526856664423e-07 2.0585762453302825e-06
4.811526856664423e-07 2.0585762453302825e-06
4.811526856664423e-07 2.0585762453302825e-06
3.8587785251594074e-07 2.074132740288383e-06
3.8587785251594074e-07 2.074132740288383e-06
3.8587785251594074e-07 2.074132740288383e-06
3.193312362886926e-07 2.0742237057657016e-06
3.193312362886926e-07 2.0742237057657016e-06
3.193312362886926e-07 2.0742237057657016e-06
2.3279737485668676e-07 2.070076671281848e-06
2.3279737485668676e-07 2.070076671281848e-06
2.3279737485668676e-07 2.070076671281848e-06
3.0524823913673195e-07 2.0741153883722253e-06
3.0524823913673195e-07 2.0741153883722253e-06
3.0524823913673195e-07 2.0741153883722253e-06
3.675435866122036e-07 2.0741368580054043e-06
3.675435866122036e-07 2.0741368580054043e-06
3.675435866122036e-07 2.0741368580054043e-06
3.675435866122036e-07 2.0741368580054043e-06
3.675435866122036e-07 2.0741368580054043e-06
3.675435866122036e-07 2.0741368580054043e-06
3.675435866122036e-07 2.0741368580054043e-06
3.675435866122036e-07 2.0741368580054043e-06
3.675435866122036e-07 2.0741368580054043e-06
8.388176843119773e-07 2.074127817987168e-06
8.388176843119773e-07 2.074127817987168e-06
8.388176843119773e-07 2.074127817987168e-06
8.388176843119773e-07 2.074127817987168e-06
8.388176843119773e-07 2.074127817987168e-06
8.388176843119773e-07 2.074127817987168e-06
8.388176843119773e-07 2.074127817987168e-06
8.388176843119773e-07 2.074127817987168e-06
8.388176843119773e-07 2.074127817987168e-06
8.388176843119773e-07 2.074127817987168e-06
8.388176843119773e-07 2.074127817987168e-06
8.388176843119773e-07 2.074127817987168e-06
8.388176843119773e-07 2.074127817987168e-06
8.388176843119773e-07 2.074127817987168e-06
8.388176843119773e-07 2.074127817987168e-06
8.388176843119773e-07 2.074127817987168e-06
8.388176843119773e-07 2.074127817987168e-06
8.388176843119773e-07 2.074127817987168e-06
8.388176843119773e-07 2.074127817987168e-06
8.388176843119773e-07 2.074127817987168e-06
8.388176843119773e-07 2.074127817987168e-06
8.388176843119773e-07 2.074127817987168e-06
8.388176843119773e-07 2.074127817987168e-06
8.388176843119773e-07 2.074127817987168e-06
9.728652697095611e-07 2.0741243142736896e-06
9.728652697095611e-07 2.0741243142736896e-06
9.728652697095611e-07 2.0741243142736896e-06
9.728652697095611e-07 2.0741243142736896e-06
9.728652697095611e-07 2.0741243142736896e-06
9.728652697095611e-07 2.0741243142736896e-06
1.5487785970900877e-06 2.0350227413791347e-06
1.5487785970900877e-06 2.0350227413791347e-06
1.5487785970900877e-06 2.0350227413791347e-06
4.898890128021823e-07 2.07390439437821e-06
4.898890128021823e-07 2.07390439437821e-06
4.898890128021823e-07 2.07390439437821e-06
4.898890128021823e-07 2.07390439437821e-06
4.898890128021823e-07 2.07390439437821e-06
4.898890128021823e-07 2.07390439437821e-06
1.3994537270685888e-06 2.074109540844187e-06
1.3994537270685888e-06 2.074109540844187e-06
1.3994537270685888e-06 2.074109540844187e-06
1.3994537270685888e-06 2.074109540844187e-06
1.3994537270685888e-06 2.074109540844187e-06
1.3994537270685888e-06 2.074109540844187e-06
1.3994537270685888e-06 2.074109540844187e-06
1.3994537270685888e-06 2.074109540844187e-06
1.3994537270685888e-06 2.074109540844187e-06
1.3994537270685888e-06 2.074109540844187e-06
1.3994537270685888e-06 2.074109540844187e-06
1.3994537270685888e-06 2.074109540844187e-06
1.3994537270685888e-06 2.074109540844187e-06
1.3994537270685888e-06 2.074109540844187e-06
1.3994537270685888e-06 2.074109540844187e-06
1.3994537270685888e-06 2.074109540844187e-06
1.3994537270685888e-06 2.074109540844187e-06
1.3994537270685888e-06 2.074109540844187e-06
1.6043798237249726e-06 2.1230302070803663e-06
7.527992253830703e-07 2.0746352352960075e-06
7.527992253830703e-07 2.0746352352960075e-06
2.061592935922354e-06 2.0908960295975293e-06
4.367990455940854e-07 2.4823504880301058e-06
3.0835969294775214e-07 3.645377661125693e-05
2.322137449841905e-07 2.0783829237825495e-06
4.1134805921827466e-07 2.026062531657227e-06
5.102742964172162e-07 3.6657428994560038e-06
2.249180694869549e-07 2.0713207746069823e-06
3.8324897748016454e-07 2.0798551704699318e-06
3.8324897748016454e-07 2.0798551704699318e-06
3.8324897748016454e-07 2.0798551704699318e-06
1.0309247012003545e-06 2.0740683698156314e-06
1.0309247012003545e-06 2.0740683698156314e-06
1.0309247012003545e-06 2.0740683698156314e-06
1.0309247012003545e-06 2.0740683698156314e-06
1.0309247012003545e-06 2.0740683698156314e-06
1.0309247012003545e-06 2.0740683698156314e-06
1.0309247012003545e-06 2.0740683698156314e-06
1.0309247012003545e-06 2.0740683698156314e-06
7.527699497950841e-07 2.0744902762448832e-06
7.527699497950841e-07 2.0744902762448832e-06
1.866964399899162e-06 2.8529042565331506e-05
4.7509115510174725e-07 2.0393721181122757e-06
4.7509115510174725e-07 2.0393721181122757e-06
1.1837121604654853e-06 2.0830729492146814e-06
1.1837121604654853e-06 2.0830729492146814e-06
1.1837121604654853e-06 2.0830729492146814e-06
1.1837121604654853e-06 2.0830729492146814e-06
1.1837121604654853e-06 2.0830729492146814e-06
1.1837121604654853e-06 2.0830729492146814e-06
1.0839033058313433e-06 2.0740810531333644e-06
1.0839033058313433e-06 2.0740810531333644e-06
1.0839033058313433e-06 2.0740810531333644e-06
1.0839033058313433e-06 2.0740810531333644e-06
1.0839033058313433e-06 2.0740810531333644e-06
1.0839033058313433e-06 2.0740810531333644e-06
1.0839033058313433e-06 2.0740810531333644e-06
1.0839033058313433e-06 2.0740810531333644e-06
1.0839033058313433e-06 2.0740810531333644e-06
1.098272956728732e-06 2.0741253793444002e-06
1.098272956728732e-06 2.0741253793444002e-06
1.098272956728732e-06 2.0741253793444002e-06
1.098272956728732e-06 2.0741253793444002e-06
1.098272956728732e-06 2.0741253793444002e-06
1.098272956728732e-06 2.0741253793444002e-06
1.098272956728732e-06 2.0741253793444002e-06
1.098272956728732e-06 2.0741253793444002e-06
1.098272956728732e-06 2.0741253793444002e-06
1.098272956728732e-06 2.0741253793444002e-06
1.098272956728732e-06 2.0741253793444002e-06
1.098272956728732e-06 2.0741253793444002e-06
1.098272956728732e-06 2.0741253793444002e-06
1.098272956728732e-06 2.0741253793444002e-06
1.098272956728732e-06 2.0741253793444002e-06
1.098272956728732e-06 2.0741253793444002e-06
1.098272956728732e-06 2.0741253793444002e-06
1.098272956728732e-06 2.0741253793444002e-06
7.745766049584043e-07 2.074116406924027e-06
7.745766049584043e-07 2.074116406924027e-06
7.745766049584043e-07 2.074116406924027e-06
7.745766049584043e-07 2.074116406924027e-06
7.745766049584043e-07 2.074116406924027e-06
7.745766049584043e-07 2.074116406924027e-06
7.745766049584043e-07 2.074116406924027e-06
7.745766049584043e-07 2.074116406924027e-06
7.745766049584043e-07 2.074116406924027e-06
7.606973461884765e-07 2.0741166258885653e-06
7.606973461884765e-07 2.0741166258885653e-06
7.606973461884765e-07 2.0741166258885653e-06
7.606973461884765e-07 2.0741166258885653e-06
7.606973461884765e-07 2.0741166258885653e-06
7.606973461884765e-07 2.0741166258885653e-06
7.606973461884765e-07 2.0741166258885653e-06
7.606973461884765e-07 2.0741166258885653e-06
7.606973461884765e-07 2.0741166258885653e-06
1.869142590623168e-06 2.076735460012162e-06
1.869142590623168e-06 2.076735460012162e-06
1.869142590623168e-06 2.076735460012162e-06
1.869142590623168e-06 2.076735460012162e-06
1.869142590623168e-06 2.076735460012162e-06
1.869142590623168e-06 2.076735460012162e-06
1.869142590623168e-06 2.076735460012162e-06
1.869142590623168e-06 2.076735460012162e-06
1.869142590623168e-06 2.076735460012162e-06
1.4117193983029505e-06 2.0741244598129747e-06
1.4117193983029505e-06 2.0741244598129747e-06
1.4117193983029505e-06 2.0741244598129747e-06
1.4117193983029505e-06 2.0741244598129747e-06
1.4117193983029505e-06 2.0741244598129747e-06
1.4117193983029505e-06 2.0741244598129747e-06
1.4117193983029505e-06 2.0741244598129747e-06
1.4117193983029505e-06 2.0741244598129747e-06
1.4117193983029505e-06 2.0741244598129747e-06
4.6648401652996193e-07 2.0740765248152397e-06
4.6648401652996193e-07 2.0740765248152397e-06
4.6648401652996193e-07 2.0740765248152397e-06
4.6648401652996193e-07 2.0740765248152397e-06
4.6648401652996193e-07 2.0740765248152397e-06
4.6648401652996193e-07 2.0740765248152397e-06
4.6648401652996193e-07 2.0740765248152397e-06
4.6648401652996193e-07 2.0740765248152397e-06
4.6648401652996193e-07 2.0740765248152397e-06
5.599877593116252e-07 2.073420638846939e-06
5.599877593116252e-07 2.073420638846939e-06
5.599877593116252e-07 2.073420638846939e-06
5.599877593116252e-07 2.073420638846939e-06
5.599877593116252e-07 2.073420638846939e-06
5.599877593116252e-07 2.073420638846939e-06
5.599877593116252e-07 2.073420638846939e-06
5.599877593116252e-07 2.073420638846939e-06
5.599877593116252e-07 2.073420638846939e-06
1.148850426344721e-06 2.0741240305209815e-06
1.148850426344721e-06 2.0741240305209815e-06
1.148850426344721e-06 2.0741240305209815e-06
1.148850426344721e-06 2.0741240305209815e-06
1.148850426344721e-06 2.0741240305209815e-06
1.148850426344721e-06 2.0741240305209815e-06
1.148850426344721e-06 2.0741240305209815e-06
1.148850426344721e-06 2.0741240305209815e-06
1.148850426344721e-06 2.0741240305209815e-06
1.20270258646189e-06 2.0741243456767047e-06
1.20270258646189e-06 2.0741243456767047e-06
1.20270258646189e-06 2.0741243456767047e-06
1.20270258646189e-06 2.0741243456767047e-06
1.20270258646189e-06 2.0741243456767047e-06
1.20270258646189e-06 2.0741243456767047e-06
1.20270258646189e-06 2.0741243456767047e-06
1.20270258646189e-06 2.0741243456767047e-06
1.20270258646189e-06 2.0741243456767047e-06
1.20270258646189e-06 2.0741243456767047e-06
1.20270258646189e-06 2.0741243456767047e-06
1.20270258646189e-06 2.0741243456767047e-06
1.20270258646189e-06 2.0741243456767047e-06
1.20270258646189e-06 2.0741243456767047e-06
1.20270258646189e-06 2.0741243456767047e-06
1.20270258646189e-06 2.0741243456767047e-06
1.20270258646189e-06 2.0741243456767047e-06
1.20270258646189e-06 2.0741243456767047e-06
1.20270258646189e-06 2.0741243456767047e-06
1.20270258646189e-06 2.0741243456767047e-06
1.20270258646189e-06 2.0741243456767047e-06
1.20270258646189e-06 2.0741243456767047e-06
1.20270258646189e-06 2.0741243456767047e-06
1.20270258646189e-06 2.0741243456767047e-06
1.20270258646189e-06 2.0741243456767047e-06
1.20270258646189e-06 2.0741243456767047e-06
1.20270258646189e-06 2.0741243456767047e-06
7.11842396515415e-07 2.0741245576433785e-06
7.11842396515415e-07 2.0741245576433785e-06
7.11842396515415e-07 2.0741245576433785e-06
7.11842396515415e-07 2.0741245576433785e-06
7.11842396515415e-07 2.0741245576433785e-06
7.11842396515415e-07 2.0741245576433785e-06
7.11842396515415e-07 2.0741245576433785e-06
7.11842396515415e-07 2.0741245576433785e-06
7.11842396515415e-07 2.0741245576433785e-06
7.11842396515415e-07 2.0741245576433785e-06
7.11842396515415e-07 2.0741245576433785e-06
7.11842396515415e-07 2.0741245576433785e-06
7.11842396515415e-07 2.0741245576433785e-06
7.11842396515415e-07 2.0741245576433785e-06
7.11842396515415e-07 2.0741245576433785e-06
7.11842396515415e-07 2.0741245576433785e-06
7.11842396515415e-07 2.0741245576433785e-06
7.11842396515415e-07 2.0741245576433785e-06
7.11842396515415e-07 2.0741245576433785e-06
7.11842396515415e-07 2.0741245576433785e-06
7.11842396515415e-07 2.0741245576433785e-06
7.11842396515415e-07 2.0741245576433785e-06
7.11842396515415e-07 2.0741245576433785e-06
7.11842396515415e-07 2.0741245576433785e-06
7.11842396515415e-07 2.0741245576433785e-06
7.11842396515415e-07 2.0741245576433785e-06
7.11842396515415e-07 2.0741245576433785e-06
7.11842396515415e-07 2.0741245576433785e-06
7.11842396515415e-07 2.0741245576433785e-06
7.11842396515415e-07 2.0741245576433785e-06
7.11842396515415e-07 2.0741245576433785e-06
7.11842396515415e-07 2.0741245576433785e-06
7.11842396515415e-07 2.0741245576433785e-06
7.11842396515415e-07 2.0741245576433785e-06
7.11842396515415e-07 2.0741245576433785e-06
7.11842396515415e-07 2.0741245576433785e-06
7.11842396515415e-07 2.0741245576433785e-06
7.11842396515415e-07 2.0741245576433785e-06
7.11842396515415e-07 2.0741245576433785e-06
7.11842396515415e-07 2.0741245576433785e-06
7.11842396515415e-07 2.0741245576433785e-06
7.11842396515415e-07 2.0741245576433785e-06
7.11842396515415e-07 2.0741245576433785e-06
7.11842396515415e-07 2.0741245576433785e-06
7.11842396515415e-07 2.0741245576433785e-06
7.11842396515415e-07 2.0741245576433785e-06
7.11842396515415e-07 2.0741245576433785e-06
7.11842396515415e-07 2.0741245576433785e-06
7.11842396515415e-07 2.0741245576433785e-06
7.11842396515415e-07 2.0741245576433785e-06
7.11842396515415e-07 2.0741245576433785e-06
7.11842396515415e-07 2.0741245576433785e-06
7.11842396515415e-07 2.0741245576433785e-06
7.11842396515415e-07 2.0741245576433785e-06
7.11842396515415e-07 2.0741245576433785e-06
7.11842396515415e-07 2.0741245576433785e-06
7.11842396515415e-07 2.0741245576433785e-06
7.11842396515415e-07 2.0741245576433785e-06
7.11842396515415e-07 2.0741245576433785e-06
7.11842396515415e-07 2.0741245576433785e-06
7.11842396515415e-07 2.0741245576433785e-06
7.11842396515415e-07 2.0741245576433785e-06
7.11842396515415e-07 2.0741245576433785e-06
7.11842396515415e-07 2.0741245576433785e-06
7.11842396515415e-07 2.0741245576433785e-06
7.11842396515415e-07 2.0741245576433785e-06
7.11842396515415e-07 2.0741245576433785e-06
7.11842396515415e-07 2.0741245576433785e-06
7.11842396515415e-07 2.0741245576433785e-06
7.11842396515415e-07 2.0741245576433785e-06
7.11842396515415e-07 2.0741245576433785e-06
7.11842396515415e-07 2.0741245576433785e-06
1.098307501070426e-06 2.074124893025816e-06
1.098307501070426e-06 2.074124893025816e-06
1.098307501070426e-06 2.074124893025816e-06
1.098307501070426e-06 2.074124893025816e-06
1.098307501070426e-06 2.074124893025816e-06
1.098307501070426e-06 2.074124893025816e-06
1.098307501070426e-06 2.074124893025816e-06
1.098307501070426e-06 2.074124893025816e-06
1.098307501070426e-06 2.074124893025816e-06
1.098307501070426e-06 2.074124893025816e-06
1.098307501070426e-06 2.074124893025816e-06
1.098307501070426e-06 2.074124893025816e-06
1.098307501070426e-06 2.074124893025816e-06
1.098307501070426e-06 2.074124893025816e-06
1.098307501070426e-06 2.074124893025816e-06
1.098307501070426e-06 2.074124893025816e-06
1.098307501070426e-06 2.074124893025816e-06
1.098307501070426e-06 2.074124893025816e-06
2.3368450911797167e-06 2.073050037722877e-06
2.3368450911797167e-06 2.073050037722877e-06
2.3368450911797167e-06 2.073050037722877e-06
2.3368450911797167e-06 2.073050037722877e-06
2.3368450911797167e-06 2.073050037722877e-06
2.3368450911797167e-06 2.073050037722877e-06
2.3368450911797167e-06 2.073050037722877e-06
2.3368450911797167e-06 2.073050037722877e-06
2.3368450911797167e-06 2.073050037722877e-06
1.0613556375853316e-06 2.0741136359252448e-06
1.0613556375853316e-06 2.0741136359252448e-06
1.0613556375853316e-06 2.0741136359252448e-06
1.0613556375853316e-06 2.0741136359252448e-06
1.0613556375853316e-06 2.0741136359252448e-06
1.0613556375853316e-06 2.0741136359252448e-06
1.0613556375853316e-06 2.0741136359252448e-06
1.0613556375853316e-06 2.0741136359252448e-06
1.0613556375853316e-06 2.0741136359252448e-06
1.0613556375853316e-06 2.0741136359252448e-06
1.0613556375853316e-06 2.0741136359252448e-06
1.0613556375853316e-06 2.0741136359252448e-06
1.0613556375853316e-06 2.0741136359252448e-06
1.0613556375853316e-06 2.0741136359252448e-06
1.0613556375853316e-06 2.0741136359252448e-06
1.0613556375853316e-06 2.0741136359252448e-06
1.0613556375853316e-06 2.0741136359252448e-06
1.0613556375853316e-06 2.0741136359252448e-06
1.0951888116722457e-06 2.0741298100441127e-06
1.0951888116722457e-06 2.0741298100441127e-06
1.0951888116722457e-06 2.0741298100441127e-06
1.0951888116722457e-06 2.0741298100441127e-06
1.0951888116722457e-06 2.0741298100441127e-06
1.0951888116722457e-06 2.0741298100441127e-06
1.0951888116722457e-06 2.0741298100441127e-06
1.0951888116722457e-06 2.0741298100441127e-06
1.0951888116722457e-06 2.0741298100441127e-06
1.0951888116722457e-06 2.0741298100441127e-06
1.0951888116722457e-06 2.0741298100441127e-06
1.0951888116722457e-06 2.0741298100441127e-06
1.0951888116722457e-06 2.0741298100441127e-06
1.0951888116722457e-06 2.0741298100441127e-06
1.0951888116722457e-06 2.0741298100441127e-06
1.0951888116722457e-06 2.0741298100441127e-06
1.0951888116722457e-06 2.0741298100441127e-06
1.0951888116722457e-06 2.0741298100441127e-06
1.0951888116722457e-06 2.0741298100441127e-06
1.0951888116722457e-06 2.0741298100441127e-06
1.0951888116722457e-06 2.0741298100441127e-06
1.0951888116722457e-06 2.0741298100441127e-06
1.0951888116722457e-06 2.0741298100441127e-06
1.0951888116722457e-06 2.0741298100441127e-06
1.0951888116722457e-06 2.0741298100441127e-06
1.0951888116722457e-06 2.0741298100441127e-06
1.0951888116722457e-06 2.0741298100441127e-06
1.0951888116722457e-06 2.0741298100441127e-06
1.0951888116722457e-06 2.0741298100441127e-06
1.0951888116722457e-06 2.0741298100441127e-06
1.0951888116722457e-06 2.0741298100441127e-06
1.0951888116722457e-06 2.0741298100441127e-06
1.0951888116722457e-06 2.0741298100441127e-06
1.0951888116722457e-06 2.0741298100441127e-06
1.0951888116722457e-06 2.0741298100441127e-06
1.0951888116722457e-06 2.0741298100441127e-06
1.0951888116722457e-06 2.0741298100441127e-06
1.0951888116722457e-06 2.0741298100441127e-06
1.0951888116722457e-06 2.0741298100441127e-06
1.0951888116722457e-06 2.0741298100441127e-06
1.0951888116722457e-06 2.0741298100441127e-06
1.0951888116722457e-06 2.0741298100441127e-06
1.0951888116722457e-06 2.0741298100441127e-06
1.0951888116722457e-06 2.0741298100441127e-06
1.0951888116722457e-06 2.0741298100441127e-06
1.0951888116722457e-06 2.0741298100441127e-06
1.0951888116722457e-06 2.0741298100441127e-06
1.0951888116722457e-06 2.0741298100441127e-06
1.0951888116722457e-06 2.0741298100441127e-06
1.0951888116722457e-06 2.0741298100441127e-06
1.0951888116722457e-06 2.0741298100441127e-06
1.0951888116722457e-06 2.0741298100441127e-06
1.0951888116722457e-06 2.0741298100441127e-06
1.0951888116722457e-06 2.0741298100441127e-06
1.7077986686449262e-06 2.0740606472871457e-06
1.1971874434519383e-06 2.074124468757572e-06
1.1971874434519383e-06 2.074124468757572e-06
1.5280834108096352e-06 2.07418568987826e-06
1.6454183102095001e-06 2.0740691577619963e-06
1.7306671486651708e-06 2.09333949612481e-06
1.4233218833178903e-06 2.0741306652493122e-06
1.1976825838631427e-06 2.074124843065643e-06
9.45005909677739e-07 2.0734586182286525e-06
9.32993912532237e-07 2.07412700085008e-06
8.942436683960188e-07 2.07411824936219e-06
8.942436683960188e-07 2.07411824936219e-06
8.942436683960188e-07 2.07411824936219e-06
8.498439221636276e-07 2.074125567154765e-06
8.498439221636276e-07 2.074125567154765e-06
8.498439221636276e-07 2.074125567154765e-06
8.498439221636276e-07 2.074125567154765e-06
8.498439221636276e-07 2.074125567154765e-06
8.498439221636276e-07 2.074125567154765e-06
8.498439221636276e-07 2.074125567154765e-06
8.498439221636276e-07 2.074125567154765e-06
1.1972307461724892e-06 2.0741239240485775e-06
1.1972307461724892e-06 2.0741239240485775e-06
2.408332724780073e-06 2.088788758089756e-06
6.806353238662002e-07 2.074196531394244e-06
6.806353238662002e-07 2.074196531394244e-06
1.3375784929362454e-06 2.074114949731827e-06
1.3375784929362454e-06 2.074114949731827e-06
1.3375784929362454e-06 2.074114949731827e-06
1.3375784929362454e-06 2.074114949731827e-06
1.3375784929362454e-06 2.074114949731827e-06
1.3375784929362454e-06 2.074114949731827e-06
1.639849591815204e-06 2.074102029026262e-06
1.2113549656942201e-06 2.074125160458595e-06
1.2113549656942201e-06 2.074125160458595e-06
1.4090935542650814e-06 2.0741118417475128e-06
1.5392255510118935e-06 2.0744484483232676e-06
1.8615480770839652e-06 2.08634492687996e-06
1.5271867522789669e-06 2.074121414851146e-06
1.0971829305222491e-06 2.0741610544465557e-06
8.606842748676351e-07 2.0751961320314393e-06
1.0032825724525984e-06 2.0741246689879774e-06
9.467841814336986e-07 2.0741141753423767e-06
9.467841814336986e-07 2.0741141753423767e-06
9.467841814336986e-07 2.0741141753423767e-06
8.474257602121404e-07 2.0741248140773246e-06
8.474257602121404e-07 2.0741248140773246e-06
8.474257602121404e-07 2.0741248140773246e-06
8.474257602121404e-07 2.0741248140773246e-06
8.474257602121404e-07 2.0741248140773246e-06
8.474257602121404e-07 2.0741248140773246e-06
8.474257602121404e-07 2.0741248140773246e-06
8.474257602121404e-07 2.0741248140773246e-06
1.2113969669402635e-06 2.0741249919982015e-06
1.2113969669402635e-06 2.0741249919982015e-06
2.3488395709458318e-06 2.0587373380554616e-06
6.935392453142919e-07 2.074194872227082e-06
6.935392453142919e-07 2.074194872227082e-06
1.2881538456718722e-06 2.0741267578316836e-06
1.2881538456718722e-06 2.0741267578316836e-06
1.2881538456718722e-06 2.0741267578316836e-06
1.2881538456718722e-06 2.0741267578316836e-06
1.2881538456718722e-06 2.0741267578316836e-06
1.2881538456718722e-06 2.0741267578316836e-06
6.450046859590435e-07 2.2080286867086976e-06
6.450046859590435e-07 2.2080286867086976e-06
6.450046859590435e-07 2.2080286867086976e-06
5.899535975017333e-07 2.0722360724642675e-06
5.899535975017333e-07 2.0722360724642675e-06
5.899535975017333e-07 2.0722360724642675e-06
5.899535975017333e-07 2.0722360724642675e-06
5.899535975017333e-07 2.0722360724642675e-06
5.899535975017333e-07 2.0722360724642675e-06
2.8524217821576326e-07 2.174607972547749e-06
2.8524217821576326e-07 2.174607972547749e-06
2.8524217821576326e-07 2.174607972547749e-06
2.3502715444985725e-08 2.008015999871487e-06
2.3502715444985725e-08 2.008015999871487e-06
2.3502715444985725e-08 2.008015999871487e-06
3.9820362381225813e-07 8.846426043878273e-05
3.9820362381225813e-07 8.846426043878273e-05
3.9820362381225813e-07 8.846426043878273e-05
6.704138689048044e-07 2.070183200297715e-06
6.704138689048044e-07 2.070183200297715e-06
6.704138689048044e-07 2.070183200297715e-06
9.238239377725129e-08 2.23488657950609e-06
9.238239377725129e-08 2.23488657950609e-06
9.238239377725129e-08 2.23488657950609e-06
6.58948230325338e-08 8.89584741842508e-06
6.58948230325338e-08 8.89584741842508e-06
6.58948230325338e-08 8.89584741842508e-06
1.1178517956560726e-06 2.0748015142200907e-06
1.1178517956560726e-06 2.0748015142200907e-06
1.1178517956560726e-06 2.0748015142200907e-06
3.0804049781972607e-06 2.044472646808789e-06
3.0804049781972607e-06 2.044472646808789e-06
3.0804049781972607e-06 2.044472646808789e-06
3.0804049781972607e-06 2.044472646808789e-06
3.0804049781972607e-06 2.044472646808789e-06
3.0804049781972607e-06 2.044472646808789e-06
3.0804049781972607e-06 2.044472646808789e-06
3.0804049781972607e-06 2.044472646808789e-06
3.0804049781972607e-06 2.044472646808789e-06
6.525524400696072e-07 2.073100462523165e-06
6.525524400696072e-07 2.073100462523165e-06
6.525524400696072e-07 2.073100462523165e-06
6.525524400696072e-07 2.073100462523165e-06
6.525524400696072e-07 2.073100462523165e-06
6.525524400696072e-07 2.073100462523165e-06
6.525524400696072e-07 2.073100462523165e-06
6.525524400696072e-07 2.073100462523165e-06
6.525524400696072e-07 2.073100462523165e-06
6.525524400696072e-07 2.073100462523165e-06
6.525524400696072e-07 2.073100462523165e-06
6.525524400696072e-07 2.073100462523165e-06
6.525524400696072e-07 2.073100462523165e-06
6.525524400696072e-07 2.073100462523165e-06
6.525524400696072e-07 2.073100462523165e-06
6.525524400696072e-07 2.073100462523165e-06
6.525524400696072e-07 2.073100462523165e-06
6.525524400696072e-07 2.073100462523165e-06
6.525524400696072e-07 2.073100462523165e-06
6.525524400696072e-07 2.073100462523165e-06
6.525524400696072e-07 2.073100462523165e-06
6.525524400696072e-07 2.073100462523165e-06
6.525524400696072e-07 2.073100462523165e-06
6.525524400696072e-07 2.073100462523165e-06
5.899306548128076e-07 2.072091281047608e-06
5.899306548128076e-07 2.072091281047608e-06
5.899306548128076e-07 2.072091281047608e-06
5.899306548128076e-07 2.072091281047608e-06
5.899306548128076e-07 2.072091281047608e-06
5.899306548128076e-07 2.072091281047608e-06
7.090954898477735e-08 6.923289947382996e-05
7.090954898477735e-08 6.923289947382996e-05
7.090954898477735e-08 6.923289947382996e-05
6.40069188274328e-06 1.9034805903987678e-06
6.40069188274328e-06 1.9034805903987678e-06
6.40069188274328e-06 1.9034805903987678e-06
6.40069188274328e-06 1.9034805903987678e-06
6.40069188274328e-06 1.9034805903987678e-06
6.40069188274328e-06 1.9034805903987678e-06
1.476466993819604e-06 2.0762020307061253e-06
1.476466993819604e-06 2.0762020307061253e-06
1.476466993819604e-06 2.0762020307061253e-06
1.476466993819604e-06 2.0762020307061253e-06
1.476466993819604e-06 2.0762020307061253e-06
1.476466993819604e-06 2.0762020307061253e-06
1.476466993819604e-06 2.0762020307061253e-06
1.476466993819604e-06 2.0762020307061253e-06
1.476466993819604e-06 2.0762020307061253e-06
1.476466993819604e-06 2.0762020307061253e-06
1.476466993819604e-06 2.0762020307061253e-06
1.476466993819604e-06 2.0762020307061253e-06
1.476466993819604e-06 2.0762020307061253e-06
1.476466993819604e-06 2.0762020307061253e-06
1.476466993819604e-06 2.0762020307061253e-06
1.476466993819604e-06 2.0762020307061253e-06
1.476466993819604e-06 2.0762020307061253e-06
1.476466993819604e-06 2.0762020307061253e-06
6.406636561040191e-07 2.2115502635615026e-06
5.880803650190833e-07 2.074342724824751e-06
5.880803650190833e-07 2.074342724824751e-06
2.833224327650683e-07 2.1780762468261345e-06
2.334453676560276e-08 1.5084139329178156e-06
3.9552362185726817e-07 6.645401382243488e-05
6.696961418239917e-07 2.064059996399488e-06
9.176063902384298e-08 2.014605892722236e-06
6.54513357210417e-08 6.682526529630323e-06
1.1150733891672122e-06 2.0727546523701226e-06
3.0624983273151143e-06 2.0637312856767545e-06
3.0624983273151143e-06 2.0637312856767545e-06
3.0624983273151143e-06 2.0637312856767545e-06
6.534517191313167e-07 2.073911161544671e-06
6.534517191313167e-07 2.073911161544671e-06
6.534517191313167e-07 2.073911161544671e-06
6.534517191313167e-07 2.073911161544671e-06
6.534517191313167e-07 2.073911161544671e-06
6.534517191313167e-07 2.073911161544671e-06
6.534517191313167e-07 2.073911161544671e-06
6.534517191313167e-07 2.073911161544671e-06
5.880574951782432e-07 2.074197786211938e-06
5.880574951782432e-07 2.074197786211938e-06
7.043231141449281e-08 5.200748907842729e-05
6.357613754536371e-06 2.0018422668404268e-06
6.357613754536371e-06 2.0018422668404268e-06
1.4665300314383167e-06 2.06821165467782e-06
1.4665300314383167e-06 2.06821165467782e-06
1.4665300314383167e-06 2.06821165467782e-06
1.4665300314383167e-06 2.06821165467782e-06
1.4665300314383167e-06 2.06821165467782e-06
1.4665300314383167e-06 2.06821165467782e-06
1.1239549740435247e-06 2.0740372023015886e-06
5.021474698387177e-07 2.074130166930998e-06
5.021474698387177e-07 2.074130166930998e-06
6.85390425386529e-07 2.071253050306331e-06
7.315845254471088e-08 2.0605131501949244e-06
6.523761496498698e-08 1.3965700240210045e-06
5.019183858925537e-07 2.074391882081583e-06
1.2675552380235092e-07 2.0745680188404645e-06
1.4034195288418366e-07 2.106558136791459e-06
7.118880295173196e-07 2.0740035674076993e-06
6.714848336296603e-07 2.0737161092530876e-06
6.714848336296603e-07 2.0737161092530876e-06
6.714848336296603e-07 2.0737161092530876e-06
5.660280856299826e-07 2.0741166882400883e-06
5.660280856299826e-07 2.0741166882400883e-06
5.660280856299826e-07 2.0741166882400883e-06
5.660280856299826e-07 2.0741166882400883e-06
5.660280856299826e-07 2.0741166882400883e-06
5.660280856299826e-07 2.0741166882400883e-06
5.660280856299826e-07 2.0741166882400883e-06
5.660280856299826e-07 2.0741166882400883e-06
5.021279418398308e-07 2.074136336693023e-06
5.021279418398308e-07 2.074136336693023e-06
5.343864308597476e-07 2.185935689772007e-06
1.37416248097175e-06 2.0734444681538312e-06
1.37416248097175e-06 2.0734444681538312e-06
4.1423156791001243e-07 2.074191499961808e-06
4.1423156791001243e-07 2.074191499961808e-06
4.1423156791001243e-07 2.074191499961808e-06
4.1423156791001243e-07 2.074191499961808e-06
4.1423156791001243e-07 2.074191499961808e-06
4.1423156791001243e-07 2.074191499961808e-06
2.2992484315577547e-06 2.0742426745823796e-06
1.995202897609079e-06 2.0741298525674456e-06
1.995202897609079e-06 2.0741298525674456e-06
1.200240953058567e-06 2.0747189998765307e-06
1.8308170354362673e-06 2.0727414702610284e-06
3.3307380608535692e-06 2.0374716976658726e-06
2.2884278021419503e-06 2.0741015756266393e-06
1.7923840514799308e-06 2.073892722845201e-06
1.2285527618271076e-06 2.0674801685812155e-06
1.4887768293835975e-06 2.074143426461258e-06
1.7287514089748947e-06 2.0741212696362443e-06
1.7287514089748947e-06 2.0741212696362443e-06
1.7287514089748947e-06 2.0741212696362443e-06
9.154067466608564e-07 2.0741259357823556e-06
9.154067466608564e-07 2.0741259357823556e-06
9.154067466608564e-07 2.0741259357823556e-06
9.154067466608564e-07 2.0741259357823556e-06
9.154067466608564e-07 2.0741259357823556e-06
9.154067466608564e-07 2.0741259357823556e-06
9.154067466608564e-07 2.0741259357823556e-06
9.154067466608564e-07 2.0741259357823556e-06
1.995371021393292e-06 2.074125203761805e-06
1.995371021393292e-06 2.074125203761805e-06
6.943760820389507e-06 2.029418449849011e-06
1.152880371772497e-06 2.0740383812711037e-06
1.152880371772497e-06 2.0740383812711037e-06
2.5662847344557264e-06 2.0741386280320302e-06
2.5662847344557264e-06 2.0741386280320302e-06
2.5662847344557264e-06 2.0741386280320302e-06
2.5662847344557264e-06 2.0741386280320302e-06
2.5662847344557264e-06 2.0741386280320302e-06
2.5662847344557264e-06 2.0741386280320302e-06
2.083828210858955e-06 2.0739986999457788e-06
1.9930038908291594e-06 2.074124482414088e-06
1.9930038908291594e-06 2.074124482414088e-06
1.1186003486939264e-06 2.07395857546955e-06
1.929943927496795e-06 2.0745758565712323e-06
3.1497135190010835e-06 2.093602816112367e-06
2.2705402360523843e-06 2.074114350764802e-06
2.1276791498438956e-06 2.0740574569724726e-06
1.4166680827686587e-06 2.0762603154202402e-06
1.495531093200867e-06 2.0741195251947432e-06
1.6381471701868813e-06 2.0741275825402135e-06
1.6381471701868813e-06 2.0741275825402135e-06
1.6381471701868813e-06 2.0741275825402135e-06
9.420181829308112e-07 2.074125380081315e-06
9.420181829308112e-07 2.074125380081315e-06
9.420181829308112e-07 2.074125380081315e-06
9.420181829308112e-07 2.074125380081315e-06
9.420181829308112e-07 2.074125380081315e-06
9.420181829308112e-07 2.074125380081315e-06
9.420181829308112e-07 2.074125380081315e-06
9.420181829308112e-07 2.074125380081315e-06
1.993179669059193e-06 2.074124053496831e-06
1.993179669059193e-06 2.074124053496831e-06
7.181134916942556e-06 2.090463981305602e-06
1.025255267914149e-06 2.0740690991250267e-06
1.025255267914149e-06 2.0740690991250267e-06
2.4199335812342026e-06 2.0741180186154733e-06
2.4199335812342026e-06 2.0741180186154733e-06
2.4199335812342026e-06 2.0741180186154733e-06
2.4199335812342026e-06 2.0741180186154733e-06
2.4199335812342026e-06 2.0741180186154733e-06
2.4199335812342026e-06 2.0741180186154733e-06
1.1431909638267233e-06 2.074163579366592e-06
1.1431909638267233e-06 2.074163579366592e-06
9.834378108632768e-07 2.0741246417696604e-06
9.834378108632768e-07 2.0741246417696604e-06
9.834378108632768e-07 2.0741246417696604e-06
9.834378108632768e-07 2.0741246417696604e-06
8.095192431399115e-07 2.074026539150926e-06
8.095192431399115e-07 2.074026539150926e-06
7.90752816611707e-07 2.0740557539273754e-06
7.90752816611707e-07 2.0740557539273754e-06
6.878595441837449e-08 2.064434779299356e-06
6.878595441837449e-08 2.064434779299356e-06
7.391028706362331e-07 2.0741207606889576e-06
7.391028706362331e-07 2.0741207606889576e-06
1.5764611335423128e-06 2.074071957674117e-06
1.5764611335423128e-06 2.074071957674117e-06
2.8981944141698724e-06 2.072959285310551e-06
2.8981944141698724e-06 2.072959285310551e-06
7.54085457461478e-07 2.0741249575291135e-06
7.54085457461478e-07 2.0741249575291135e-06
1.986405437821441e-06 2.0741349925223276e-06
1.986405437821441e-06 2.0741349925223276e-06
1.986405437821441e-06 2.0741349925223276e-06
1.986405437821441e-06 2.0741349925223276e-06
1.986405437821441e-06 2.0741349925223276e-06
1.986405437821441e-06 2.0741349925223276e-06
5.175589907795195e-07 2.074124679170771e-06
5.175589907795195e-07 2.074124679170771e-06
5.175589907795195e-07 2.074124679170771e-06
5.175589907795195e-07 2.074124679170771e-06
5.175589907795195e-07 2.074124679170771e-06
5.175589907795195e-07 2.074124679170771e-06
5.175589907795195e-07 2.074124679170771e-06
5.175589907795195e-07 2.074124679170771e-06
5.175589907795195e-07 2.074124679170771e-06
5.175589907795195e-07 2.074124679170771e-06
5.175589907795195e-07 2.074124679170771e-06
5.175589907795195e-07 2.074124679170771e-06
5.175589907795195e-07 2.074124679170771e-06
5.175589907795195e-07 2.074124679170771e-06
5.175589907795195e-07 2.074124679170771e-06
5.175589907795195e-07 2.074124679170771e-06
9.835520886018957e-07 2.074125380882016e-06
9.835520886018957e-07 2.074125380882016e-06
9.835520886018957e-07 2.074125380882016e-06
9.835520886018957e-07 2.074125380882016e-06
2.4406056524585033e-06 2.0839473953607866e-06
2.4406056524585033e-06 2.0839473953607866e-06
1.797937270216046e-06 2.0741074668309016e-06
1.797937270216046e-06 2.0741074668309016e-06
1.797937270216046e-06 2.0741074668309016e-06
1.797937270216046e-06 2.0741074668309016e-06
2.3877767237004397e-06 2.0741280363598046e-06
2.3877767237004397e-06 2.0741280363598046e-06
2.3877767237004397e-06 2.0741280363598046e-06
2.3877767237004397e-06 2.0741280363598046e-06
2.3877767237004397e-06 2.0741280363598046e-06
2.3877767237004397e-06 2.0741280363598046e-06
2.3877767237004397e-06 2.0741280363598046e-06
2.3877767237004397e-06 2.0741280363598046e-06
2.3877767237004397e-06 2.0741280363598046e-06
2.3877767237004397e-06 2.0741280363598046e-06
2.3877767237004397e-06 2.0741280363598046e-06
2.3877767237004397e-06 2.0741280363598046e-06
1.206187913189796e-06 2.074391171478115e-06
8.851301741406364e-07 2.074129625373726e-06
8.851301741406364e-07 2.074129625373726e-06
8.288765411884814e-07 2.074090081819686e-06
5.289930898105957e-07 2.0754662278452595e-06
4.0600973993005505e-08 2.118204271147092e-06
6.386187199608521e-07 2.074155596158961e-06
1.4758927753549204e-06 2.074502372500268e-06
5.551291241932559e-06 2.0767868691972887e-06
6.837131226464755e-07 2.074115917085135e-06
1.849021170714708e-06 2.074137871380215e-06
1.849021170714708e-06 2.074137871380215e-06
1.849021170714708e-06 2.074137871380215e-06
4.522306778449188e-07 2.0741257350104084e-06
4.522306778449188e-07 2.0741257350104084e-06
4.522306778449188e-07 2.0741257350104084e-06
4.522306778449188e-07 2.0741257350104084e-06
4.522306778449188e-07 2.0741257350104084e-06
4.522306778449188e-07 2.0741257350104084e-06
4.522306778449188e-07 2.0741257350104084e-06
4.522306778449188e-07 2.0741257350104084e-06
8.851495726010424e-07 2.074127930659994e-06
8.851495726010424e-07 2.074127930659994e-06
2.9425942128202055e-06 2.072156352209112e-06
1.972554905060949e-06 2.0737664193048457e-06
1.972554905060949e-06 2.0737664193048457e-06
2.268746885096167e-06 2.0741650752036005e-06
2.268746885096167e-06 2.0741650752036005e-06
2.268746885096167e-06 2.0741650752036005e-06
2.268746885096167e-06 2.0741650752036005e-06
2.268746885096167e-06 2.0741650752036005e-06
2.268746885096167e-06 2.0741650752036005e-06
2.083585174738037e-06 2.074047513635661e-06
1.0162872356001134e-06 2.074127843931546e-06
1.0162872356001134e-06 2.074127843931546e-06
2.82527073779252e-06 2.07433915470527e-06
7.913353139749182e-07 2.0735999848330974e-06
5.626792564516713e-07 2.054247604022265e-06
4.135746986686823e-07 2.0741469969780444e-06
3.4863408113819014e-07 2.074039611897551e-06
2.883477268859358e-07 2.0778751643708617e-06
3.173954773519369e-07 2.0741105331728186e-06
3.7719579791256647e-07 2.0741573933562565e-06
3.7719579791256647e-07 2.0741573933562565e-06
3.7719579791256647e-07 2.0741573933562565e-06
8.190648432046915e-07 2.0741276864010155e-06
8.190648432046915e-07 2.0741276864010155e-06
8.190648432046915e-07 2.0741276864010155e-06
8.190648432046915e-07 2.0741276864010155e-06
8.190648432046915e-07 2.0741276864010155e-06
8.190648432046915e-07 2.0741276864010155e-06
8.190648432046915e-07 2.0741276864010155e-06
8.190648432046915e-07 2.0741276864010155e-06
1.0162862103822919e-06 2.074126727219629e-06
1.0162862103822919e-06 2.074126727219629e-06
1.7001391583294314e-06 2.0805167549688416e-06
4.532873238184868e-07 2.0743331183608685e-06
4.532873238184868e-07 2.0743331183608685e-06
1.4376375866912314e-06 2.0740995766661778e-06
1.4376375866912314e-06 2.0740995766661778e-06
1.4376375866912314e-06 2.0740995766661778e-06
1.4376375866912314e-06 2.0740995766661778e-06
1.4376375866912314e-06 2.0740995766661778e-06
1.4376375866912314e-06 2.0740995766661778e-06
1.0195254217206556e-06 2.074146092624081e-06
1.0195254217206556e-06 2.074146092624081e-06
1.1128304488815295e-06 2.0741251824213746e-06
1.1128304488815295e-06 2.0741251824213746e-06
1.1128304488815295e-06 2.0741251824213746e-06
1.1128304488815295e-06 2.0741251824213746e-06
6.338842445034187e-07 2.074208767523477e-06
6.338842445034187e-07 2.074208767523477e-06
7.734069207289434e-07 2.0742080412029366e-06
7.734069207289434e-07 2.0742080412029366e-06
1.960766860997733e-06 2.076335434065709e-06
1.960766860997733e-06 2.076335434065709e-06
1.4737677392368204e-06 2.0741268406988582e-06
1.4737677392368204e-06 2.0741268406988582e-06
4.797955682789506e-07 2.074149817819324e-06
4.797955682789506e-07 2.074149817819324e-06
5.879132377812663e-07 2.0748854791536515e-06
5.879132377812663e-07 2.0748854791536515e-06
1.1980249641031832e-06 2.0741233398469654e-06
1.1980249641031832e-06 2.0741233398469654e-06
1.250971645399922e-06 2.0741277630322366e-06
1.250971645399922e-06 2.0741277630322366e-06
1.250971645399922e-06 2.0741277630322366e-06
1.250971645399922e-06 2.0741277630322366e-06
1.250971645399922e-06 2.0741277630322366e-06
1.250971645399922e-06 2.0741277630322366e-06
7.01319468266565e-07 2.0741256851959285e-06
7.01319468266565e-07 2.0741256851959285e-06
7.01319468266565e-07 2.0741256851959285e-06
7.01319468266565e-07 2.0741256851959285e-06
7.01319468266565e-07 2.0741256851959285e-06
7.01319468266565e-07 2.0741256851959285e-06
7.01319468266565e-07 2.0741256851959285e-06
7.01319468266565e-07 2.0741256851959285e-06
7.01319468266565e-07 2.0741256851959285e-06
7.01319468266565e-07 2.0741256851959285e-06
7.01319468266565e-07 2.0741256851959285e-06
7.01319468266565e-07 2.0741256851959285e-06
7.01319468266565e-07 2.0741256851959285e-06
7.01319468266565e-07 2.0741256851959285e-06
7.01319468266565e-07 2.0741256851959285e-06
7.01319468266565e-07 2.0741256851959285e-06
1.1128665020182682e-06 2.0741253368562243e-06
1.1128665020182682e-06 2.0741253368562243e-06
1.1128665020182682e-06 2.0741253368562243e-06
1.1128665020182682e-06 2.0741253368562243e-06
2.407164426183086e-06 2.0819776499191483e-06
2.407164426183086e-06 2.0819776499191483e-06
1.0868602639163563e-06 2.0741016143410547e-06
1.0868602639163563e-06 2.0741016143410547e-06
1.0868602639163563e-06 2.0741016143410547e-06
1.0868602639163563e-06 2.0741016143410547e-06
1.0848651910731549e-06 2.074128444871336e-06
1.0848651910731549e-06 2.074128444871336e-06
1.0848651910731549e-06 2.074128444871336e-06
1.0848651910731549e-06 2.074128444871336e-06
1.0848651910731549e-06 2.074128444871336e-06
1.0848651910731549e-06 2.074128444871336e-06
1.0848651910731549e-06 2.074128444871336e-06
1.0848651910731549e-06 2.074128444871336e-06
1.0848651910731549e-06 2.074128444871336e-06
1.0848651910731549e-06 2.074128444871336e-06
1.0848651910731549e-06 2.074128444871336e-06
1.0848651910731549e-06 2.074128444871336e-06
6.406636561040191e-07 2.2115502635615026e-06
6.406636561040191e-07 2.2115502635615026e-06
5.880803650190833e-07 2.074342724824751e-06
5.880803650190833e-07 2.074342724824751e-06
5.880803650190833e-07 2.074342724824751e-06
5.880803650190833e-07 2.074342724824751e-06
2.833224327650683e-07 2.1780762468261345e-06
2.833224327650683e-07 2.1780762468261345e-06
2.334453676560276e-08 1.5084139329178156e-06
2.334453676560276e-08 1.5084139329178156e-06
3.9552362185726817e-07 6.645401382243488e-05
3.9552362185726817e-07 6.645401382243488e-05
6.696961418239917e-07 2.064059996399488e-06
6.696961418239917e-07 2.064059996399488e-06
9.176063902384298e-08 2.014605892722236e-06
9.176063902384298e-08 2.014605892722236e-06
6.54513357210417e-08 6.682526529630323e-06
6.54513357210417e-08 6.682526529630323e-06
1.1150733891672122e-06 2.0727546523701226e-06
1.1150733891672122e-06 2.0727546523701226e-06
3.0624983273151143e-06 2.0637312856767545e-06
3.0624983273151143e-06 2.0637312856767545e-06
3.0624983273151143e-06 2.0637312856767545e-06
3.0624983273151143e-06 2.0637312856767545e-06
3.0624983273151143e-06 2.0637312856767545e-06
3.0624983273151143e-06 2.0637312856767545e-06
6.534517191313167e-07 2.073911161544671e-06
6.534517191313167e-07 2.073911161544671e-06
6.534517191313167e-07 2.073911161544671e-06
6.534517191313167e-07 2.073911161544671e-06
6.534517191313167e-07 2.073911161544671e-06
6.534517191313167e-07 2.073911161544671e-06
6.534517191313167e-07 2.073911161544671e-06
6.534517191313167e-07 2.073911161544671e-06
6.534517191313167e-07 2.073911161544671e-06
6.534517191313167e-07 2.073911161544671e-06
6.534517191313167e-07 2.073911161544671e-06
6.534517191313167e-07 2.073911161544671e-06
6.534517191313167e-07 2.073911161544671e-06
6.534517191313167e-07 2.073911161544671e-06
6.534517191313167e-07 2.073911161544671e-06
6.534517191313167e-07 2.073911161544671e-06
5.880574951782432e-07 2.074197786211938e-06
5.880574951782432e-07 2.074197786211938e-06
5.880574951782432e-07 2.074197786211938e-06
5.880574951782432e-07 2.074197786211938e-06
7.043231141449281e-08 5.200748907842729e-05
7.043231141449281e-08 5.200748907842729e-05
6.357613754536371e-06 2.0018422668404268e-06
6.357613754536371e-06 2.0018422668404268e-06
6.357613754536371e-06 2.0018422668404268e-06
6.357613754536371e-06 2.0018422668404268e-06
1.4665300314383167e-06 2.06821165467782e-06
1.4665300314383167e-06 2.06821165467782e-06
1.4665300314383167e-06 2.06821165467782e-06
1.4665300314383167e-06 2.06821165467782e-06
1.4665300314383167e-06 2.06821165467782e-06
1.4665300314383167e-06 2.06821165467782e-06
1.4665300314383167e-06 2.06821165467782e-06
1.4665300314383167e-06 2.06821165467782e-06
1.4665300314383167e-06 2.06821165467782e-06
1.4665300314383167e-06 2.06821165467782e-06
1.4665300314383167e-06 2.06821165467782e-06
1.4665300314383167e-06 2.06821165467782e-06
1.0324352924544344e-06 2.074042892600687e-06
1.0324352924544344e-06 2.074042892600687e-06
7.334274698330159e-07 2.0741260555662516e-06
7.334274698330159e-07 2.0741260555662516e-06
7.334274698330159e-07 2.0741260555662516e-06
7.334274698330159e-07 2.0741260555662516e-06
8.503793412560357e-07 2.074159636983946e-06
8.503793412560357e-07 2.074159636983946e-06
6.694338279289844e-07 2.0736907470417335e-06
6.694338279289844e-07 2.0736907470417335e-06
7.959393123991711e-08 2.0894438451741673e-06
7.959393123991711e-08 2.0894438451741673e-06
4.83948220963511e-07 2.0741280449082165e-06
4.83948220963511e-07 2.0741280449082165e-06
1.1430356263684138e-06 2.074150894477573e-06
1.1430356263684138e-06 2.074150894477573e-06
5.539660682914113e-08 2.074293949232693e-06
5.539660682914113e-08 2.074293949232693e-06
5.105620437023253e-07 2.0741246668116597e-06
5.105620437023253e-07 2.0741246668116597e-06
1.4928953732980244e-07 2.074128034472921e-06
1.4928953732980244e-07 2.074128034472921e-06
1.4928953732980244e-07 2.074128034472921e-06
1.4928953732980244e-07 2.074128034472921e-06
1.4928953732980244e-07 2.074128034472921e-06
1.4928953732980244e-07 2.074128034472921e-06
4.37968429737099e-07 2.074125851151249e-06
4.37968429737099e-07 2.074125851151249e-06
4.37968429737099e-07 2.074125851151249e-06
4.37968429737099e-07 2.074125851151249e-06
4.37968429737099e-07 2.074125851151249e-06
4.37968429737099e-07 2.074125851151249e-06
4.37968429737099e-07 2.074125851151249e-06
4.37968429737099e-07 2.074125851151249e-06
4.37968429737099e-07 2.074125851151249e-06
4.37968429737099e-07 2.074125851151249e-06
4.37968429737099e-07 2.074125851151249e-06
4.37968429737099e-07 2.074125851151249e-06
4.37968429737099e-07 2.074125851151249e-06
4.37968429737099e-07 2.074125851151249e-06
4.37968429737099e-07 2.074125851151249e-06
4.37968429737099e-07 2.074125851151249e-06
7.334510814289197e-07 2.074125422424338e-06
7.334510814289197e-07 2.074125422424338e-06
7.334510814289197e-07 2.074125422424338e-06
7.334510814289197e-07 2.074125422424338e-06
3.7464099251514196e-06 2.087510964651342e-06
3.7464099251514196e-06 2.087510964651342e-06
1.1299468478687489e-07 2.0742105839907816e-06
1.1299468478687489e-07 2.0742105839907816e-06
1.1299468478687489e-07 2.0742105839907816e-06
1.1299468478687489e-07 2.0742105839907816e-06
2.536025847517909e-07 2.074133656339033e-06
2.536025847517909e-07 2.074133656339033e-06
2.536025847517909e-07 2.074133656339033e-06
2.536025847517909e-07 2.074133656339033e-06
2.536025847517909e-07 2.074133656339033e-06
2.536025847517909e-07 2.074133656339033e-06
2.536025847517909e-07 2.074133656339033e-06
2.536025847517909e-07 2.074133656339033e-06
2.536025847517909e-07 2.074133656339033e-06
2.536025847517909e-07 2.074133656339033e-06
2.536025847517909e-07 2.074133656339033e-06
2.536025847517909e-07 2.074133656339033e-06
1.6239420274768316e-06 2.074087255689358e-06
1.6239420274768316e-06 2.074087255689358e-06
1.7413950529975943e-06 2.0741288459349364e-06
1.7413950529975943e-06 2.0741288459349364e-06
1.7413950529975943e-06 2.0741288459349364e-06
1.7413950529975943e-06 2.0741288459349364e-06
6.924821383708479e-07 2.0731340226129063e-06
6.924821383708479e-07 2.0731340226129063e-06
1.1513606478106361e-06 2.0770473802201393e-06
1.1513606478106361e-06 2.0770473802201393e-06
3.7091463289823216e-06 1.9552452190343906e-06
3.7091463289823216e-06 1.9552452190343906e-06
2.5008681357611288e-06 2.074132946661177e-06
2.5008681357611288e-06 2.074132946661177e-06
1.8425358907914755e-06 2.0746180850385953e-06
1.8425358907914755e-06 2.0746180850385953e-06
1.246524843132142e-06 2.084138479283585e-06
1.246524843132142e-06 2.084138479283585e-06
1.5982349312501557e-06 2.074080634684105e-06
1.5982349312501557e-06 2.074080634684105e-06
1.8877818230098224e-06 2.0740889200521127e-06
1.8877818230098224e-06 2.0740889200521127e-06
1.8877818230098224e-06 2.0740889200521127e-06
1.8877818230098224e-06 2.0740889200521127e-06
1.8877818230098224e-06 2.0740889200521127e-06
1.8877818230098224e-06 2.0740889200521127e-06
8.278002610140035e-07 2.07411953902305e-06
8.278002610140035e-07 2.07411953902305e-06
8.278002610140035e-07 2.07411953902305e-06
8.278002610140035e-07 2.07411953902305e-06
8.278002610140035e-07 2.07411953902305e-06
8.278002610140035e-07 2.07411953902305e-06
8.278002610140035e-07 2.07411953902305e-06
8.278002610140035e-07 2.07411953902305e-06
8.278002610140035e-07 2.07411953902305e-06
8.278002610140035e-07 2.07411953902305e-06
8.278002610140035e-07 2.07411953902305e-06
8.278002610140035e-07 2.07411953902305e-06
8.278002610140035e-07 2.07411953902305e-06
8.278002610140035e-07 2.07411953902305e-06
8.278002610140035e-07 2.07411953902305e-06
8.278002610140035e-07 2.07411953902305e-06
1.7415215762368458e-06 2.0741319974922618e-06
1.7415215762368458e-06 2.0741319974922618e-06
1.7415215762368458e-06 2.0741319974922618e-06
1.7415215762368458e-06 2.0741319974922618e-06
4.864059862461756e-06 2.1422686747681148e-06
4.864059862461756e-06 2.1422686747681148e-06
1.3873438388926745e-06 2.074936938198518e-06
1.3873438388926745e-06 2.074936938198518e-06
1.3873438388926745e-06 2.074936938198518e-06
1.3873438388926745e-06 2.074936938198518e-06
2.040669930587293e-06 2.0741560507226042e-06
2.040669930587293e-06 2.0741560507226042e-06
2.040669930587293e-06 2.0741560507226042e-06
2.040669930587293e-06 2.0741560507226042e-06
2.040669930587293e-06 2.0741560507226042e-06
2.040669930587293e-06 2.0741560507226042e-06
2.040669930587293e-06 2.0741560507226042e-06
2.040669930587293e-06 2.0741560507226042e-06
2.040669930587293e-06 2.0741560507226042e-06
2.040669930587293e-06 2.0741560507226042e-06
2.040669930587293e-06 2.0741560507226042e-06
2.040669930587293e-06 2.0741560507226042e-06
2.1510919169876734e-06 2.074370113570016e-06
2.1510919169876734e-06 2.074370113570016e-06
2.1510919169876734e-06 2.074370113570016e-06
1.002165275850289e-06 2.0741246915303126e-06
1.002165275850289e-06 2.0741246915303126e-06
1.002165275850289e-06 2.0741246915303126e-06
1.002165275850289e-06 2.0741246915303126e-06
1.002165275850289e-06 2.0741246915303126e-06
1.002165275850289e-06 2.0741246915303126e-06
2.9716482628298695e-06 2.07444819825469e-06
2.9716482628298695e-06 2.07444819825469e-06
2.9716482628298695e-06 2.07444819825469e-06
7.646293560356523e-07 2.0735672222700576e-06
7.646293560356523e-07 2.0735672222700576e-06
7.646293560356523e-07 2.0735672222700576e-06
5.253455536554274e-07 2.0407183328531644e-06
5.253455536554274e-07 2.0407183328531644e-06
5.253455536554274e-07 2.0407183328531644e-06
4.0544483340183753e-07 2.0741238193132263e-06
4.0544483340183753e-07 2.0741238193132263e-06
4.0544483340183753e-07 2.0741238193132263e-06
3.3608148335357417e-07 2.0743301642178047e-06
3.3608148335357417e-07 2.0743301642178047e-06
3.3608148335357417e-07 2.0743301642178047e-06
2.581948635077239e-07 2.0762615703297394e-06
2.581948635077239e-07 2.0762615703297394e-06
2.581948635077239e-07 2.0762615703297394e-06
3.142392998478675e-07 2.074121184753346e-06
3.142392998478675e-07 2.074121184753346e-06
3.142392998478675e-07 2.074121184753346e-06
3.7371019454236323e-07 2.0741082231940888e-06
3.7371019454236323e-07 2.0741082231940888e-06
3.7371019454236323e-07 2.0741082231940888e-06
3.7371019454236323e-07 2.0741082231940888e-06
3.7371019454236323e-07 2.0741082231940888e-06
3.7371019454236323e-07 2.0741082231940888e-06
3.7371019454236323e-07 2.0741082231940888e-06
3.7371019454236323e-07 2.0741082231940888e-06
3.7371019454236323e-07 2.0741082231940888e-06
8.438158220834132e-07 2.0741272957420866e-06
8.438158220834132e-07 2.0741272957420866e-06
8.438158220834132e-07 2.0741272957420866e-06
8.438158220834132e-07 2.0741272957420866e-06
8.438158220834132e-07 2.0741272957420866e-06
8.438158220834132e-07 2.0741272957420866e-06
8.438158220834132e-07 2.0741272957420866e-06
8.438158220834132e-07 2.0741272957420866e-06
8.438158220834132e-07 2.0741272957420866e-06
8.438158220834132e-07 2.0741272957420866e-06
8.438158220834132e-07 2.0741272957420866e-06
8.438158220834132e-07 2.0741272957420866e-06
8.438158220834132e-07 2.0741272957420866e-06
8.438158220834132e-07 2.0741272957420866e-06
8.438158220834132e-07 2.0741272957420866e-06
8.438158220834132e-07 2.0741272957420866e-06
8.438158220834132e-07 2.0741272957420866e-06
8.438158220834132e-07 2.0741272957420866e-06
8.438158220834132e-07 2.0741272957420866e-06
8.438158220834132e-07 2.0741272957420866e-06
8.438158220834132e-07 2.0741272957420866e-06
8.438158220834132e-07 2.0741272957420866e-06
8.438158220834132e-07 2.0741272957420866e-06
8.438158220834132e-07 2.0741272957420866e-06
1.0021653006833741e-06 2.074122627926753e-06
1.0021653006833741e-06 2.074122627926753e-06
1.0021653006833741e-06 2.074122627926753e-06
1.0021653006833741e-06 2.074122627926753e-06
1.0021653006833741e-06 2.074122627926753e-06
1.0021653006833741e-06 2.074122627926753e-06
1.6549024881357876e-06 2.0668144752170157e-06
1.6549024881357876e-06 2.0668144752170157e-06
1.6549024881357876e-06 2.0668144752170157e-06
4.6884926714430785e-07 2.0741028652736652e-06
4.6884926714430785e-07 2.0741028652736652e-06
4.6884926714430785e-07 2.0741028652736652e-06
4.6884926714430785e-07 2.0741028652736652e-06
4.6884926714430785e-07 2.0741028652736652e-06
4.6884926714430785e-07 2.0741028652736652e-06
1.4263292795719853e-06 2.074097429233866e-06
1.4263292795719853e-06 2.074097429233866e-06
1.4263292795719853e-06 2.074097429233866e-06
1.4263292795719853e-06 2.074097429233866e-06
1.4263292795719853e-06 2.074097429233866e-06
1.4263292795719853e-06 2.074097429233866e-06
1.4263292795719853e-06 2.074097429233866e-06
1.4263292795719853e-06 2.074097429233866e-06
1.4263292795719853e-06 2.074097429233866e-06
1.4263292795719853e-06 2.074097429233866e-06
1.4263292795719853e-06 2.074097429233866e-06
1.4263292795719853e-06 2.074097429233866e-06
1.4263292795719853e-06 2.074097429233866e-06
1.4263292795719853e-06 2.074097429233866e-06
1.4263292795719853e-06 2.074097429233866e-06
1.4263292795719853e-06 2.074097429233866e-06
1.4263292795719853e-06 2.074097429233866e-06
1.4263292795719853e-06 2.074097429233866e-06
9.439652577760052e-07 2.074154275984209e-06
9.439652577760052e-07 2.074154275984209e-06
9.625051378095373e-07 2.074125266450899e-06
9.625051378095373e-07 2.074125266450899e-06
9.625051378095373e-07 2.074125266450899e-06
9.625051378095373e-07 2.074125266450899e-06
7.751315697139214e-07 2.074132660525744e-06
7.751315697139214e-07 2.074132660525744e-06
5.64048225643138e-07 2.0742073340628267e-06
5.64048225643138e-07 2.0742073340628267e-06
1.2933461009969647e-06 2.073925687350023e-06
1.2933461009969647e-06 2.073925687350023e-06
1.0411934573075528e-06 2.0741230987637416e-06
1.0411934573075528e-06 2.0741230987637416e-06
4.2277492006058866e-07 2.07415407106944e-06
4.2277492006058866e-07 2.07415407106944e-06
5.126834055905582e-07 2.0742821851046173e-06
5.126834055905582e-07 2.0742821851046173e-06
9.860019063674686e-07 2.074124982739933e-06
9.860019063674686e-07 2.074124982739933e-06
9.881089159572963e-07 2.074120914694819e-06
9.881089159572963e-07 2.074120914694819e-06
9.881089159572963e-07 2.074120914694819e-06
9.881089159572963e-07 2.074120914694819e-06
9.881089159572963e-07 2.074120914694819e-06
9.881089159572963e-07 2.074120914694819e-06
7.091087121212793e-07 2.0741254707138853e-06
7.091087121212793e-07 2.0741254707138853e-06
7.091087121212793e-07 2.0741254707138853e-06
7.091087121212793e-07 2.0741254707138853e-06
7.091087121212793e-07 2.0741254707138853e-06
7.091087121212793e-07 2.0741254707138853e-06
7.091087121212793e-07 2.0741254707138853e-06
7.091087121212793e-07 2.0741254707138853e-06
7.091087121212793e-07 2.0741254707138853e-06
7.091087121212793e-07 2.0741254707138853e-06
7.091087121212793e-07 2.0741254707138853e-06
7.091087121212793e-07 2.0741254707138853e-06
7.091087121212793e-07 2.0741254707138853e-06
7.091087121212793e-07 2.0741254707138853e-06
7.091087121212793e-07 2.0741254707138853e-06
7.091087121212793e-07 2.0741254707138853e-06
9.625196296624688e-07 2.0741253244212665e-06
9.625196296624688e-07 2.0741253244212665e-06
9.625196296624688e-07 2.0741253244212665e-06
9.625196296624688e-07 2.0741253244212665e-06
1.5958109461800533e-06 2.072538446087582e-06
1.5958109461800533e-06 2.072538446087582e-06
9.217710568327761e-07 2.0741488100705557e-06
9.217710568327761e-07 2.0741488100705557e-06
9.217710568327761e-07 2.0741488100705557e-06
9.217710568327761e-07 2.0741488100705557e-06
9.799587935273314e-07 2.074121033568612e-06
9.799587935273314e-07 2.074121033568612e-06
9.799587935273314e-07 2.074121033568612e-06
9.799587935273314e-07 2.074121033568612e-06
9.799587935273314e-07 2.074121033568612e-06
9.799587935273314e-07 2.074121033568612e-06
9.799587935273314e-07 2.074121033568612e-06
9.799587935273314e-07 2.074121033568612e-06
9.799587935273314e-07 2.074121033568612e-06
9.799587935273314e-07 2.074121033568612e-06
9.799587935273314e-07 2.074121033568612e-06
9.799587935273314e-07 2.074121033568612e-06
1.1431909638267233e-06 2.074163579366592e-06
1.1431909638267233e-06 2.074163579366592e-06
9.834378108632768e-07 2.0741246417696604e-06
9.834378108632768e-07 2.0741246417696604e-06
9.834378108632768e-07 2.0741246417696604e-06
9.834378108632768e-07 2.0741246417696604e-06
8.095192431399115e-07 2.074026539150926e-06
8.095192431399115e-07 2.074026539150926e-06
7.90752816611707e-07 2.0740557539273754e-06
7.90752816611707e-07 2.0740557539273754e-06
6.878595441837449e-08 2.064434779299356e-06
6.878595441837449e-08 2.064434779299356e-06
7.391028706362331e-07 2.0741207606889576e-06
7.391028706362331e-07 2.0741207606889576e-06
1.5764611335423128e-06 2.074071957674117e-06
1.5764611335423128e-06 2.074071957674117e-06
2.8981944141698724e-06 2.072959285310551e-06
2.8981944141698724e-06 2.072959285310551e-06
7.54085457461478e-07 2.0741249575291135e-06
7.54085457461478e-07 2.0741249575291135e-06
1.986405437821441e-06 2.0741349925223276e-06
1.986405437821441e-06 2.0741349925223276e-06
1.986405437821441e-06 2.0741349925223276e-06
1.986405437821441e-06 2.0741349925223276e-06
1.986405437821441e-06 2.0741349925223276e-06
1.986405437821441e-06 2.0741349925223276e-06
5.175589907795195e-07 2.074124679170771e-06
5.175589907795195e-07 2.074124679170771e-06
5.175589907795195e-07 2.074124679170771e-06
5.175589907795195e-07 2.074124679170771e-06
5.175589907795195e-07 2.074124679170771e-06
5.175589907795195e-07 2.074124679170771e-06
5.175589907795195e-07 2.074124679170771e-06
5.175589907795195e-07 2.074124679170771e-06
5.175589907795195e-07 2.074124679170771e-06
5.175589907795195e-07 2.074124679170771e-06
5.175589907795195e-07 2.074124679170771e-06
5.175589907795195e-07 2.074124679170771e-06
5.175589907795195e-07 2.074124679170771e-06
5.175589907795195e-07 2.074124679170771e-06
5.175589907795195e-07 2.074124679170771e-06
5.175589907795195e-07 2.074124679170771e-06
9.835520886018957e-07 2.074125380882016e-06
9.835520886018957e-07 2.074125380882016e-06
9.835520886018957e-07 2.074125380882016e-06
9.835520886018957e-07 2.074125380882016e-06
2.4406056524585033e-06 2.0839473953607866e-06
2.4406056524585033e-06 2.0839473953607866e-06
1.797937270216046e-06 2.0741074668309016e-06
1.797937270216046e-06 2.0741074668309016e-06
1.797937270216046e-06 2.0741074668309016e-06
1.797937270216046e-06 2.0741074668309016e-06
2.3877767237004397e-06 2.0741280363598046e-06
2.3877767237004397e-06 2.0741280363598046e-06
2.3877767237004397e-06 2.0741280363598046e-06
2.3877767237004397e-06 2.0741280363598046e-06
2.3877767237004397e-06 2.0741280363598046e-06
2.3877767237004397e-06 2.0741280363598046e-06
2.3877767237004397e-06 2.0741280363598046e-06
2.3877767237004397e-06 2.0741280363598046e-06
2.3877767237004397e-06 2.0741280363598046e-06
2.3877767237004397e-06 2.0741280363598046e-06
2.3877767237004397e-06 2.0741280363598046e-06
2.3877767237004397e-06 2.0741280363598046e-06
1.0405566938597062e-06 2.0740619199981684e-06
8.997421545402832e-07 2.0741240311245916e-06
8.997421545402832e-07 2.0741240311245916e-06
7.42873819500531e-07 2.0740721311326377e-06
6.860577968317298e-07 2.0736565560082337e-06
7.094333796707325e-08 2.0945055148775845e-06
7.403981945395689e-07 2.074127939608619e-06
7.623755872944867e-07 2.0742218825229805e-06
1.3964245397628316e-06 2.074837627598929e-06
7.844112796654294e-07 2.074128037221812e-06
2.0796767478827e-06 2.074131815536945e-06
2.0796767478827e-06 2.074131815536945e-06
2.0796767478827e-06 2.074131815536945e-06
5.080156473706636e-07 2.0741245935369235e-06
5.080156473706636e-07 2.0741245935369235e-06
5.080156473706636e-07 2.0741245935369235e-06
5.080156473706636e-07 2.0741245935369235e-06
5.080156473706636e-07 2.0741245935369235e-06
5.080156473706636e-07 2.0741245935369235e-06
5.080156473706636e-07 2.0741245935369235e-06
5.080156473706636e-07 2.0741245935369235e-06
8.998209791968809e-07 2.0741261583314813e-06
8.998209791968809e-07 2.0741261583314813e-06
2.013851274247096e-06 2.057691819426452e-06
1.9812529306597643e-06 2.074057399279052e-06
1.9812529306597643e-06 2.074057399279052e-06
2.063696402298281e-06 2.074133424763274e-06
2.063696402298281e-06 2.074133424763274e-06
2.063696402298281e-06 2.074133424763274e-06
2.063696402298281e-06 2.074133424763274e-06
2.063696402298281e-06 2.074133424763274e-06
2.063696402298281e-06 2.074133424763274e-06
2.2992484315577547e-06 2.074087255689358e-06
2.2992484315577547e-06 2.074087255689358e-06
2.2992484315577547e-06 2.074087255689358e-06
2.2992484315577547e-06 2.074087255689358e-06
1.995202897609079e-06 2.074125823780385e-06
1.995202897609079e-06 2.074125823780385e-06
1.995202897609079e-06 2.074125823780385e-06
1.995202897609079e-06 2.074125823780385e-06
1.995202897609079e-06 2.074125823780385e-06
1.995202897609079e-06 2.074125823780385e-06
1.995202897609079e-06 2.074125823780385e-06
1.995202897609079e-06 2.074125823780385e-06
1.200240953058567e-06 2.0735917691403106e-06
1.200240953058567e-06 2.0735917691403106e-06
1.200240953058567e-06 2.0735917691403106e-06
1.200240953058567e-06 2.0735917691403106e-06
1.8308170354362673e-06 2.07324326413915e-06
1.8308170354362673e-06 2.07324326413915e-06
1.8308170354362673e-06 2.07324326413915e-06
1.8308170354362673e-06 2.07324326413915e-06
3.3307380608535692e-06 2.0111093681496586e-06
3.3307380608535692e-06 2.0111093681496586e-06
3.3307380608535692e-06 2.0111093681496586e-06
3.3307380608535692e-06 2.0111093681496586e-06
2.2884278021419503e-06 2.074109177632887e-06
2.2884278021419503e-06 2.074109177632887e-06
2.2884278021419503e-06 2.074109177632887e-06
2.2884278021419503e-06 2.074109177632887e-06
1.7923840514799308e-06 2.0737713021467428e-06
1.7923840514799308e-06 2.0737713021467428e-06
1.7923840514799308e-06 2.0737713021467428e-06
1.7923840514799308e-06 2.0737713021467428e-06
1.2285527618271076e-06 2.072903231416827e-06
1.2285527618271076e-06 2.072903231416827e-06
1.2285527618271076e-06 2.072903231416827e-06
1.2285527618271076e-06 2.072903231416827e-06
1.4887768293835975e-06 2.074121156734642e-06
1.4887768293835975e-06 2.074121156734642e-06
1.4887768293835975e-06 2.074121156734642e-06
1.4887768293835975e-06 2.074121156734642e-06
1.7287514089748947e-06 2.0740889200521127e-06
1.7287514089748947e-06 2.0740889200521127e-06
1.7287514089748947e-06 2.0740889200521127e-06
1.7287514089748947e-06 2.0740889200521127e-06
1.7287514089748947e-06 2.0740889200521127e-06
1.7287514089748947e-06 2.0740889200521127e-06
1.7287514089748947e-06 2.0740889200521127e-06
1.7287514089748947e-06 2.0740889200521127e-06
1.7287514089748947e-06 2.0740889200521127e-06
1.7287514089748947e-06 2.0740889200521127e-06
1.7287514089748947e-06 2.0740889200521127e-06
1.7287514089748947e-06 2.0740889200521127e-06
9.154067466608564e-07 2.0741289799276632e-06
9.154067466608564e-07 2.0741289799276632e-06
9.154067466608564e-07 2.0741289799276632e-06
9.154067466608564e-07 2.0741289799276632e-06
9.154067466608564e-07 2.0741289799276632e-06
9.154067466608564e-07 2.0741289799276632e-06
9.154067466608564e-07 2.0741289799276632e-06
9.154067466608564e-07 2.0741289799276632e-06
9.154067466608564e-07 2.0741289799276632e-06
9.154067466608564e-07 2.0741289799276632e-06
9.154067466608564e-07 2.0741289799276632e-06
9.154067466608564e-07 2.0741289799276632e-06
9.154067466608564e-07 2.0741289799276632e-06
9.154067466608564e-07 2.0741289799276632e-06
9.154067466608564e-07 2.0741289799276632e-06
9.154067466608564e-07 2.0741289799276632e-06
9.154067466608564e-07 2.0741289799276632e-06
9.154067466608564e-07 2.0741289799276632e-06
9.154067466608564e-07 2.0741289799276632e-06
9.154067466608564e-07 2.0741289799276632e-06
9.154067466608564e-07 2.0741289799276632e-06
9.154067466608564e-07 2.0741289799276632e-06
9.154067466608564e-07 2.0741289799276632e-06
9.154067466608564e-07 2.0741289799276632e-06
9.154067466608564e-07 2.0741289799276632e-06
9.154067466608564e-07 2.0741289799276632e-06
9.154067466608564e-07 2.0741289799276632e-06
9.154067466608564e-07 2.0741289799276632e-06
9.154067466608564e-07 2.0741289799276632e-06
9.154067466608564e-07 2.0741289799276632e-06
9.154067466608564e-07 2.0741289799276632e-06
9.154067466608564e-07 2.0741289799276632e-06
1.995371021393292e-06 2.0741259536054873e-06
1.995371021393292e-06 2.0741259536054873e-06
1.995371021393292e-06 2.0741259536054873e-06
1.995371021393292e-06 2.0741259536054873e-06
1.995371021393292e-06 2.0741259536054873e-06
1.995371021393292e-06 2.0741259536054873e-06
1.995371021393292e-06 2.0741259536054873e-06
1.995371021393292e-06 2.0741259536054873e-06
6.943760820389507e-06 2.098548905895296e-06
6.943760820389507e-06 2.098548905895296e-06
6.943760820389507e-06 2.098548905895296e-06
6.943760820389507e-06 2.098548905895296e-06
1.152880371772497e-06 2.07421572271774e-06
1.152880371772497e-06 2.07421572271774e-06
1.152880371772497e-06 2.07421572271774e-06
1.152880371772497e-06 2.07421572271774e-06
1.152880371772497e-06 2.07421572271774e-06
1.152880371772497e-06 2.07421572271774e-06
1.152880371772497e-06 2.07421572271774e-06
1.152880371772497e-06 2.07421572271774e-06
2.5662847344557264e-06 2.0741275486057088e-06
2.5662847344557264e-06 2.0741275486057088e-06
2.5662847344557264e-06 2.0741275486057088e-06
2.5662847344557264e-06 2.0741275486057088e-06
2.5662847344557264e-06 2.0741275486057088e-06
2.5662847344557264e-06 2.0741275486057088e-06
2.5662847344557264e-06 2.0741275486057088e-06
2.5662847344557264e-06 2.0741275486057088e-06
2.5662847344557264e-06 2.0741275486057088e-06
2.5662847344557264e-06 2.0741275486057088e-06
2.5662847344557264e-06 2.0741275486057088e-06
2.5662847344557264e-06 2.0741275486057088e-06
2.5662847344557264e-06 2.0741275486057088e-06
2.5662847344557264e-06 2.0741275486057088e-06
2.5662847344557264e-06 2.0741275486057088e-06
2.5662847344557264e-06 2.0741275486057088e-06
2.5662847344557264e-06 2.0741275486057088e-06
2.5662847344557264e-06 2.0741275486057088e-06
2.5662847344557264e-06 2.0741275486057088e-06
2.5662847344557264e-06 2.0741275486057088e-06
2.5662847344557264e-06 2.0741275486057088e-06
2.5662847344557264e-06 2.0741275486057088e-06
2.5662847344557264e-06 2.0741275486057088e-06
2.5662847344557264e-06 2.0741275486057088e-06
2.083828210858955e-06 2.0739986999457788e-06
2.083828210858955e-06 2.0739986999457788e-06
2.083828210858955e-06 2.0739986999457788e-06
1.9930038908291594e-06 2.074124482414088e-06
1.9930038908291594e-06 2.074124482414088e-06
1.9930038908291594e-06 2.074124482414088e-06
1.9930038908291594e-06 2.074124482414088e-06
1.9930038908291594e-06 2.074124482414088e-06
1.9930038908291594e-06 2.074124482414088e-06
1.1186003486939264e-06 2.07395857546955e-06
1.1186003486939264e-06 2.07395857546955e-06
1.1186003486939264e-06 2.07395857546955e-06
1.929943927496795e-06 2.0745758565712323e-06
1.929943927496795e-06 2.0745758565712323e-06
1.929943927496795e-06 2.0745758565712323e-06
3.1497135190010835e-06 2.093602816112367e-06
3.1497135190010835e-06 2.093602816112367e-06
3.1497135190010835e-06 2.093602816112367e-06
2.2705402360523843e-06 2.074114350764802e-06
2.2705402360523843e-06 2.074114350764802e-06
2.2705402360523843e-06 2.074114350764802e-06
2.1276791498438956e-06 2.0740574569724726e-06
2.1276791498438956e-06 2.0740574569724726e-06
2.1276791498438956e-06 2.0740574569724726e-06
1.4166680827686587e-06 2.0762603154202402e-06
1.4166680827686587e-06 2.0762603154202402e-06
1.4166680827686587e-06 2.0762603154202402e-06
1.495531093200867e-06 2.0741195251947432e-06
1.495531093200867e-06 2.0741195251947432e-06
1.495531093200867e-06 2.0741195251947432e-06
1.6381471701868813e-06 2.0741275825402135e-06
1.6381471701868813e-06 2.0741275825402135e-06
1.6381471701868813e-06 2.0741275825402135e-06
1.6381471701868813e-06 2.0741275825402135e-06
1.6381471701868813e-06 2.0741275825402135e-06
1.6381471701868813e-06 2.0741275825402135e-06
1.6381471701868813e-06 2.0741275825402135e-06
1.6381471701868813e-06 2.0741275825402135e-06
1.6381471701868813e-06 2.0741275825402135e-06
9.420181829308112e-07 2.074125380081315e-06
9.420181829308112e-07 2.074125380081315e-06
9.420181829308112e-07 2.074125380081315e-06
9.420181829308112e-07 2.074125380081315e-06
9.420181829308112e-07 2.074125380081315e-06
9.420181829308112e-07 2.074125380081315e-06
9.420181829308112e-07 2.074125380081315e-06
9.420181829308112e-07 2.074125380081315e-06
9.420181829308112e-07 2.074125380081315e-06
9.420181829308112e-07 2.074125380081315e-06
9.420181829308112e-07 2.074125380081315e-06
9.420181829308112e-07 2.074125380081315e-06
9.420181829308112e-07 2.074125380081315e-06
9.420181829308112e-07 2.074125380081315e-06
9.420181829308112e-07 2.074125380081315e-06
9.420181829308112e-07 2.074125380081315e-06
9.420181829308112e-07 2.074125380081315e-06
9.420181829308112e-07 2.074125380081315e-06
9.420181829308112e-07 2.074125380081315e-06
9.420181829308112e-07 2.074125380081315e-06
9.420181829308112e-07 2.074125380081315e-06
9.420181829308112e-07 2.074125380081315e-06
9.420181829308112e-07 2.074125380081315e-06
9.420181829308112e-07 2.074125380081315e-06
1.993179669059193e-06 2.074124053496831e-06
1.993179669059193e-06 2.074124053496831e-06
1.993179669059193e-06 2.074124053496831e-06
1.993179669059193e-06 2.074124053496831e-06
1.993179669059193e-06 2.074124053496831e-06
1.993179669059193e-06 2.074124053496831e-06
7.181134916942556e-06 2.090463981305602e-06
7.181134916942556e-06 2.090463981305602e-06
7.181134916942556e-06 2.090463981305602e-06
1.025255267914149e-06 2.0740690991250267e-06
1.025255267914149e-06 2.0740690991250267e-06
1.025255267914149e-06 2.0740690991250267e-06
1.025255267914149e-06 2.0740690991250267e-06
1.025255267914149e-06 2.0740690991250267e-06
1.025255267914149e-06 2.0740690991250267e-06
2.4199335812342026e-06 2.0741180186154733e-06
2.4199335812342026e-06 2.0741180186154733e-06
2.4199335812342026e-06 2.0741180186154733e-06
2.4199335812342026e-06 2.0741180186154733e-06
2.4199335812342026e-06 2.0741180186154733e-06
2.4199335812342026e-06 2.0741180186154733e-06
2.4199335812342026e-06 2.0741180186154733e-06
2.4199335812342026e-06 2.0741180186154733e-06
2.4199335812342026e-06 2.0741180186154733e-06
2.4199335812342026e-06 2.0741180186154733e-06
2.4199335812342026e-06 2.0741180186154733e-06
2.4199335812342026e-06 2.0741180186154733e-06
2.4199335812342026e-06 2.0741180186154733e-06
2.4199335812342026e-06 2.0741180186154733e-06
2.4199335812342026e-06 2.0741180186154733e-06
2.4199335812342026e-06 2.0741180186154733e-06
2.4199335812342026e-06 2.0741180186154733e-06
2.4199335812342026e-06 2.0741180186154733e-06