1.740489799746287e-06 2.0741250923458547e-06
1.740489799746287e-06 2.0741250923458547e-06
1.740489799746287e-06 2.0741250923458547e-06
1.740489799746287e-06 2.0741250923458547e-06
1.740489799746287e-06 2.0741250923458547e-06
1.740489799746287e-06 2.0741250923458547e-06
1.740489799746287e-06 2.0741250923458547e-06
1.740489799746287e-06 2.0741250923458547e-06
1.740489799746287e-06 2.0741250923458547e-06
1.740489799746287e-06 2.0741250923458547e-06
1.740489799746287e-06 2.0741250923458547e-06
1.740489799746287e-06 2.0741250923458547e-06
1.740489799746287e-06 2.0741250923458547e-06
1.740489799746287e-06 2.0741250923458547e-06
1.740489799746287e-06 2.0741250923458547e-06
1.740489799746287e-06 2.0741250923458547e-06
1.740489799746287e-06 2.0741250923458547e-06
1.740489799746287e-06 2.0741250923458547e-06
1.740489799746287e-06 2.0741250923458547e-06
1.740489799746287e-06 2.0741250923458547e-06
1.740489799746287e-06 2.0741250923458547e-06
1.740489799746287e-06 2.0741250923458547e-06
1.740489799746287e-06 2.0741250923458547e-06
1.740489799746287e-06 2.0741250923458547e-06
1.740489799746287e-06 2.0741250923458547e-06
1.740489799746287e-06 2.0741250923458547e-06
1.740489799746287e-06 2.0741250923458547e-06
1.740489799746287e-06 2.0741250923458547e-06
1.740489799746287e-06 2.0741250923458547e-06
1.740489799746287e-06 2.0741250923458547e-06
1.740489799746287e-06 2.0741250923458547e-06
1.740489799746287e-06 2.0741250923458547e-06
1.740489799746287e-06 2.0741250923458547e-06
1.740489799746287e-06 2.0741250923458547e-06
1.740489799746287e-06 2.0741250923458547e-06
1.740489799746287e-06 2.0741250923458547e-06
1.740489799746287e-06 2.0741250923458547e-06