0.04140644814829834 0.05174216333040671
0.0006656283120947352 0.0008751068688570653
0.06449636004012967 0.08062212971785662
0.004209487195053331 0.005461799437599266
0.004209487195053331 0.005461799437599266
0.004209487195053331 0.005461799437599266
0.015424148486463438 0.019021516783119627
0.015424148486463438 0.019021516783119627
0.10698955318679752 0.133357456560794
0.10698955318679752 0.133357456560794
0.10698955318679752 0.133357456560794
0.10698955318679752 0.133357456560794
0.10698955318679752 0.133357456560794
0.10698955318679752 0.133357456560794
0.029866891134258 0.03719960043105072
0.09381831898377226 0.11755994194108638
0.09381831898377226 0.11755994194108638
0.024656561945784645 0.03045597458998712
0.05397564145909373 0.06756871220597717
0.05397564145909373 0.06756871220597717
0.05497048463931896 0.0686372208122345