7.995499966798756e-07 2.0647593544471384e-06
7.707293431966941e-07 2.064760846053639e-06
7.707293431966941e-07 2.064760846053639e-06
7.707293431966941e-07 2.064760846053639e-06
8.915954171482273e-07 2.065450297121016e-06
7.932735352434831e-07 2.064759646187162e-06
7.932735352434831e-07 2.064759646187162e-06
7.932735352434831e-07 2.064759646187162e-06
7.932735352434831e-07 2.064759646187162e-06
7.932735352434831e-07 2.064759646187162e-06
7.932735352434831e-07 2.064759646187162e-06
7.932735352434831e-07 2.064759646187162e-06
7.932735352434831e-07 2.064759646187162e-06
7.932735352434831e-07 2.064759646187162e-06
9.414742490387085e-07 2.0647603725673723e-06
9.520628001717367e-07 2.0647594292981283e-06
6.591539793044921e-07 2.0630880796224615e-06
6.591539793044921e-07 2.0630880796224615e-06
6.591539793044921e-07 2.0630880796224615e-06
6.58375362353594e-07 2.0663784912327043e-06
4.3597816351350967e-07 2.0647824848869194e-06
1.1873531133280636e-06 2.064755275073812e-06
1.2081871049633894e-06 2.064757289630241e-06
7.481166145434874e-07 2.064758615470686e-06
7.481166145434874e-07 2.064758615470686e-06
6.481607966816092e-07 2.0647547373786336e-06
7.256637187765648e-07 2.064759638674655e-06
7.866833487390327e-07 2.0647594053202773e-06
7.866833487390327e-07 2.0647594053202773e-06
6.58375362353594e-07 2.0663784912327043e-06
6.58375362353594e-07 2.0663784912327043e-06
4.860012936923343e-07 2.0647580755864303e-06
4.860012936923343e-07 2.0647580755864303e-06
1.1910895976868236e-06 2.064768194226272e-06
1.1910895976868236e-06 2.064768194226272e-06
7.637762428078633e-07 2.064757924434664e-06
7.637762428078633e-07 2.064757924434664e-06
7.637762428078633e-07 2.064757924434664e-06
7.54221774432603e-07 2.0647594226172296e-06
7.54221774432603e-07 2.0647594226172296e-06
7.481166145434874e-07 2.064758615470686e-06
7.481166145434874e-07 2.064758615470686e-06
7.597266572625274e-07 2.0647588335422525e-06
1.1873531133280636e-06 2.064762365071596e-06
1.1873531133280636e-06 2.064762365071596e-06
1.1873531133280636e-06 2.064762365071596e-06
1.1873531133280636e-06 2.064762365071596e-06
1.2081871049633894e-06 2.064757289630241e-06
1.2081871049633894e-06 2.064757289630241e-06
1.2081871049633894e-06 2.064757289630241e-06