1.58848095637909e-06 2.06475770208617e-06
2.5102614453128975e-06 2.064431650997337e-06
1.5140281441321181e-06 2.064760687696455e-06
1.681707442528815e-06 2.0647423931192888e-06
1.681707442528815e-06 2.0647423931192888e-06
1.681707442528815e-06 2.0647423931192888e-06
1.6795106851235627e-06 2.064744475749969e-06
1.6795106851235627e-06 2.064744475749969e-06
1.534934770339677e-06 2.064756671278335e-06
1.534934770339677e-06 2.064756671278335e-06
1.534934770339677e-06 2.064756671278335e-06
1.534934770339677e-06 2.064756671278335e-06
1.534934770339677e-06 2.064756671278335e-06
1.534934770339677e-06 2.064756671278335e-06
1.638445388858946e-06 2.0647689831794634e-06
1.5116773910910526e-06 2.064758359472021e-06
1.5116773910910526e-06 2.064758359472021e-06
1.634697929255796e-06 2.064761435949961e-06
1.5471180988925815e-06 2.0647618746408445e-06
1.5471180988925815e-06 2.0647618746408445e-06
1.533883778282215e-06 2.064763788038634e-06