1.5716430577640666e-06 2.064754725672734e-06
1.3251574789167016e-06 2.0647592054300194e-06
1.3251574789167016e-06 2.0647592054300194e-06
1.504553056888119e-06 2.0647568125480233e-06
1.3739867785328568e-06 2.064662440643639e-06
1.7527815301468995e-06 2.0631521825332127e-06
1.3959733469670422e-06 2.0647588578337365e-06
1.1129294162286965e-06 2.0647836353502093e-06
1.4543123789580968e-06 2.0645577910510854e-06
1.1710457262606798e-06 2.064758635316986e-06
1.3565144632003054e-06 2.0647587084455697e-06
1.3565144632003054e-06 2.0647587084455697e-06
1.3565144632003054e-06 2.0647587084455697e-06
9.27262096941409e-07 2.064758943651397e-06
9.27262096941409e-07 2.064758943651397e-06
9.27262096941409e-07 2.064758943651397e-06
9.27262096941409e-07 2.064758943651397e-06
9.27262096941409e-07 2.064758943651397e-06
9.27262096941409e-07 2.064758943651397e-06
9.27262096941409e-07 2.064758943651397e-06
9.27262096941409e-07 2.064758943651397e-06
1.3251894001693595e-06 2.064759206563919e-06
1.3251894001693595e-06 2.064759206563919e-06
2.155294260293821e-06 2.063589754576168e-06
9.136238580051958e-07 2.0647600656022963e-06
9.136238580051958e-07 2.0647600656022963e-06
1.5119039796899643e-06 2.0647593667869032e-06
1.5119039796899643e-06 2.0647593667869032e-06
1.5119039796899643e-06 2.0647593667869032e-06
1.5119039796899643e-06 2.0647593667869032e-06
1.5119039796899643e-06 2.0647593667869032e-06
1.5119039796899643e-06 2.0647593667869032e-06