0.00010431114081617672 0.008849814018646443
7.726751171568646e-06 0.008849814018646443
7.726751171568646e-06 0.008849814018646443
7.726751171568646e-06 0.008849814018646443
0.6818664740130042 0.008849814018646443
0.6818664740130042 0.008849814018646443
0.6818664740130042 0.008849814018646443
0.6818664740130042 0.008849814018646443
0.6818664740130042 0.008849814018646443
0.6818664740130042 0.008849814018646443
0.6818664740130042 0.008849814018646443
0.6818664740130042 0.008849814018646443
0.6818664740130042 0.008849814018646443
0.6818664740130042 0.008849814018646443
0.6818664740130042 0.008849814018646443
0.6818664740130042 0.008849814018646443
0.6818664740130042 0.008849814018646443
0.6818664740130042 0.008849814018646443
0.6818664740130042 0.008849814018646443
0.6818664740130042 0.008849814018646443
0.6818664740130042 0.008849814018646443
0.6818664740130042 0.008849814018646443
0.6818664740130042 0.008849814018646443
0.6818664740130042 0.008849814018646443
0.6818664740130042 0.008849814018646443
0.6818664740130042 0.008849814018646443
0.6818664740130042 0.008849814018646443
0.6818664740130042 0.008849814018646443
0.6818664740130042 0.008849814018646443
0.6818664740130042 0.008849814018646443
0.6818664740130042 0.008849814018646443
0.6818664740130042 0.008849814018646443
0.3039336890214456 0.008849814018646443
0.3039336890214456 0.008849814018646443
0.3039336890214456 0.008849814018646443
0.3039336890214456 0.008849814018646443
0.3039336890214456 0.008849814018646443
0.3039336890214456 0.008849814018646443
0.3039336890214456 0.008849814018646443
0.3039336890214456 0.008849814018646443
0.3039336890214456 0.008849814018646443
0.3039336890214456 0.008849814018646443
0.001201634222542658 0.00879698389123729
0.03664984378755107 0.00879698389123729
0.03664984378755107 0.00879698389123729
0.03664984378755107 0.00879698389123729
0.03664984378755107 0.00879698389123729
0.03664984378755107 0.00879698389123729
0.03664984378755107 0.00879698389123729
0.03664984378755107 0.00879698389123729
0.03664984378755107 0.00879698389123729
0.03664984378755107 0.00879698389123729
0.03664984378755107 0.00879698389123729
0.03664984378755107 0.00879698389123729
0.03664984378755107 0.00879698389123729
0.03664984378755107 0.00879698389123729
0.03664984378755107 0.00879698389123729
0.03664984378755107 0.00879698389123729
0.03664984378755107 0.00879698389123729
0.03664984378755107 0.00879698389123729
0.03664984378755107 0.00879698389123729
0.03664984378755107 0.00879698389123729
0.03664984378755107 0.00879698389123729
0.03664984378755107 0.00879698389123729
0.03664984378755107 0.00879698389123729
0.03664984378755107 0.00879698389123729
0.03664984378755107 0.00879698389123729
0.03664984378755107 0.00879698389123729
0.03664984378755107 0.00879698389123729
0.03664984378755107 0.00879698389123729
0.03664984378755107 0.00879698389123729
0.9500120163422254 0.00879698389123729
0.9500120163422254 0.00879698389123729
0.9500120163422254 0.00879698389123729
0.9500120163422254 0.00879698389123729
0.9500120163422254 0.00879698389123729
0.9500120163422254 0.00879698389123729
0.9500120163422254 0.00879698389123729
0.9500120163422254 0.00879698389123729
0.9500120163422254 0.00879698389123729
0.9500120163422254 0.00879698389123729
0.00017113838026204013 0.008849414854764683
8.680932332132472e-06 0.008849414854764683
8.680932332132472e-06 0.008849414854764683
8.680932332132472e-06 0.008849414854764683
0.5567813583178833 0.008849414854764683
0.5567813583178833 0.008849414854764683
0.5567813583178833 0.008849414854764683
0.5567813583178833 0.008849414854764683
0.5567813583178833 0.008849414854764683
0.5567813583178833 0.008849414854764683
0.5567813583178833 0.008849414854764683
0.5567813583178833 0.008849414854764683
0.5567813583178833 0.008849414854764683
0.5567813583178833 0.008849414854764683
0.5567813583178833 0.008849414854764683
0.5567813583178833 0.008849414854764683
0.5567813583178833 0.008849414854764683
0.5567813583178833 0.008849414854764683
0.5567813583178833 0.008849414854764683
0.5567813583178833 0.008849414854764683
0.5567813583178833 0.008849414854764683
0.5567813583178833 0.008849414854764683
0.5567813583178833 0.008849414854764683
0.5567813583178833 0.008849414854764683
0.5567813583178833 0.008849414854764683
0.5567813583178833 0.008849414854764683
0.5567813583178833 0.008849414854764683
0.5567813583178833 0.008849414854764683
0.5567813583178833 0.008849414854764683
0.5567813583178833 0.008849414854764683
0.5567813583178833 0.008849414854764683
0.5567813583178833 0.008849414854764683
0.38876439329583995 0.008849414854764683
0.38876439329583995 0.008849414854764683
0.38876439329583995 0.008849414854764683
0.38876439329583995 0.008849414854764683
0.38876439329583995 0.008849414854764683
0.38876439329583995 0.008849414854764683
0.38876439329583995 0.008849414854764683
0.38876439329583995 0.008849414854764683
0.38876439329583995 0.008849414854764683
0.38876439329583995 0.008849414854764683
0.00039901955195804597 0.008841457833751305
0.00039901955195804597 0.008841457833751305
0.00039901955195804597 0.008841457833751305
1.9000931045621236e-05 0.008841457833751305
1.9000931045621236e-05 0.008841457833751305
1.9000931045621236e-05 0.008841457833751305
1.9000931045621236e-05 0.008841457833751305
1.9000931045621236e-05 0.008841457833751305
1.9000931045621236e-05 0.008841457833751305
1.9000931045621236e-05 0.008841457833751305
1.9000931045621236e-05 0.008841457833751305
1.9000931045621236e-05 0.008841457833751305
0.30114575614205097 0.008841457833751305
0.30114575614205097 0.008841457833751305
0.30114575614205097 0.008841457833751305
0.30114575614205097 0.008841457833751305
0.30114575614205097 0.008841457833751305
0.30114575614205097 0.008841457833751305
0.30114575614205097 0.008841457833751305
0.30114575614205097 0.008841457833751305
0.30114575614205097 0.008841457833751305
0.30114575614205097 0.008841457833751305
0.30114575614205097 0.008841457833751305
0.30114575614205097 0.008841457833751305
0.30114575614205097 0.008841457833751305
0.30114575614205097 0.008841457833751305
0.30114575614205097 0.008841457833751305
0.30114575614205097 0.008841457833751305
0.30114575614205097 0.008841457833751305
0.30114575614205097 0.008841457833751305
0.30114575614205097 0.008841457833751305
0.30114575614205097 0.008841457833751305
0.30114575614205097 0.008841457833751305
0.30114575614205097 0.008841457833751305
0.30114575614205097 0.008841457833751305
0.30114575614205097 0.008841457833751305
0.30114575614205097 0.008841457833751305
0.30114575614205097 0.008841457833751305
0.30114575614205097 0.008841457833751305
0.30114575614205097 0.008841457833751305
0.30114575614205097 0.008841457833751305
0.30114575614205097 0.008841457833751305
0.30114575614205097 0.008841457833751305
0.30114575614205097 0.008841457833751305
0.30114575614205097 0.008841457833751305
0.30114575614205097 0.008841457833751305
0.30114575614205097 0.008841457833751305
0.30114575614205097 0.008841457833751305
0.30114575614205097 0.008841457833751305
0.30114575614205097 0.008841457833751305
0.30114575614205097 0.008841457833751305
0.30114575614205097 0.008841457833751305
0.30114575614205097 0.008841457833751305
0.30114575614205097 0.008841457833751305
0.30114575614205097 0.008841457833751305
0.30114575614205097 0.008841457833751305
0.30114575614205097 0.008841457833751305
0.30114575614205097 0.008841457833751305
0.30114575614205097 0.008841457833751305
0.30114575614205097 0.008841457833751305
0.30114575614205097 0.008841457833751305
0.30114575614205097 0.008841457833751305
0.30114575614205097 0.008841457833751305
0.30114575614205097 0.008841457833751305
0.30114575614205097 0.008841457833751305
0.30114575614205097 0.008841457833751305
0.30114575614205097 0.008841457833751305
0.30114575614205097 0.008841457833751305
0.30114575614205097 0.008841457833751305
0.30114575614205097 0.008841457833751305
0.30114575614205097 0.008841457833751305
0.30114575614205097 0.008841457833751305
0.30114575614205097 0.008841457833751305
0.30114575614205097 0.008841457833751305
0.30114575614205097 0.008841457833751305
0.30114575614205097 0.008841457833751305
0.30114575614205097 0.008841457833751305
0.30114575614205097 0.008841457833751305
0.30114575614205097 0.008841457833751305
0.30114575614205097 0.008841457833751305
0.30114575614205097 0.008841457833751305
0.30114575614205097 0.008841457833751305
0.30114575614205097 0.008841457833751305
0.30114575614205097 0.008841457833751305
0.30114575614205097 0.008841457833751305
0.30114575614205097 0.008841457833751305
0.30114575614205097 0.008841457833751305
0.30114575614205097 0.008841457833751305
0.30114575614205097 0.008841457833751305
0.30114575614205097 0.008841457833751305
0.30114575614205097 0.008841457833751305
0.30114575614205097 0.008841457833751305
0.30114575614205097 0.008841457833751305
0.30114575614205097 0.008841457833751305
0.30114575614205097 0.008841457833751305
0.30114575614205097 0.008841457833751305
0.6870926675407095 0.008841457833751305
0.6870926675407095 0.008841457833751305
0.6870926675407095 0.008841457833751305
0.6870926675407095 0.008841457833751305
0.6870926675407095 0.008841457833751305
0.6870926675407095 0.008841457833751305
0.6870926675407095 0.008841457833751305
0.6870926675407095 0.008841457833751305
0.6870926675407095 0.008841457833751305
0.6870926675407095 0.008841457833751305
0.6870926675407095 0.008841457833751305
0.6870926675407095 0.008841457833751305
0.6870926675407095 0.008841457833751305
0.6870926675407095 0.008841457833751305
0.6870926675407095 0.008841457833751305
0.6870926675407095 0.008841457833751305
0.6870926675407095 0.008841457833751305
0.6870926675407095 0.008841457833751305
0.6870926675407095 0.008841457833751305
0.6870926675407095 0.008841457833751305
0.6870926675407095 0.008841457833751305
0.6870926675407095 0.008841457833751305
0.6870926675407095 0.008841457833751305
0.6870926675407095 0.008841457833751305
0.6870926675407095 0.008841457833751305
0.6870926675407095 0.008841457833751305
0.6870926675407095 0.008841457833751305
0.6870926675407095 0.008841457833751305
0.6870926675407095 0.008841457833751305
0.6870926675407095 0.008841457833751305
0.0001659415367223435 0.00885137159466605
0.0001659415367223435 0.00885137159466605
1.0371346045146469e-05 0.00885137159466605
1.0371346045146469e-05 0.00885137159466605
1.0371346045146469e-05 0.00885137159466605
1.0371346045146469e-05 0.00885137159466605
1.0371346045146469e-05 0.00885137159466605
1.0371346045146469e-05 0.00885137159466605
0.6304326407002733 0.00885137159466605
0.6304326407002733 0.00885137159466605
0.6304326407002733 0.00885137159466605
0.6304326407002733 0.00885137159466605
0.6304326407002733 0.00885137159466605
0.6304326407002733 0.00885137159466605
0.6304326407002733 0.00885137159466605
0.6304326407002733 0.00885137159466605
0.6304326407002733 0.00885137159466605
0.6304326407002733 0.00885137159466605
0.6304326407002733 0.00885137159466605
0.6304326407002733 0.00885137159466605
0.6304326407002733 0.00885137159466605
0.6304326407002733 0.00885137159466605
0.6304326407002733 0.00885137159466605
0.6304326407002733 0.00885137159466605
0.6304326407002733 0.00885137159466605
0.6304326407002733 0.00885137159466605
0.6304326407002733 0.00885137159466605
0.6304326407002733 0.00885137159466605
0.6304326407002733 0.00885137159466605
0.6304326407002733 0.00885137159466605
0.6304326407002733 0.00885137159466605
0.6304326407002733 0.00885137159466605
0.6304326407002733 0.00885137159466605
0.6304326407002733 0.00885137159466605
0.6304326407002733 0.00885137159466605
0.6304326407002733 0.00885137159466605
0.6304326407002733 0.00885137159466605
0.6304326407002733 0.00885137159466605
0.6304326407002733 0.00885137159466605
0.6304326407002733 0.00885137159466605
0.6304326407002733 0.00885137159466605
0.6304326407002733 0.00885137159466605
0.6304326407002733 0.00885137159466605
0.6304326407002733 0.00885137159466605
0.6304326407002733 0.00885137159466605
0.6304326407002733 0.00885137159466605
0.6304326407002733 0.00885137159466605
0.6304326407002733 0.00885137159466605
0.6304326407002733 0.00885137159466605
0.6304326407002733 0.00885137159466605
0.6304326407002733 0.00885137159466605
0.6304326407002733 0.00885137159466605
0.6304326407002733 0.00885137159466605
0.6304326407002733 0.00885137159466605
0.6304326407002733 0.00885137159466605
0.6304326407002733 0.00885137159466605
0.6304326407002733 0.00885137159466605
0.6304326407002733 0.00885137159466605
0.6304326407002733 0.00885137159466605
0.6304326407002733 0.00885137159466605
0.6304326407002733 0.00885137159466605
0.6304326407002733 0.00885137159466605
0.6304326407002733 0.00885137159466605
0.6304326407002733 0.00885137159466605
0.3599427501698308 0.00885137159466605
0.3599427501698308 0.00885137159466605
0.3599427501698308 0.00885137159466605
0.3599427501698308 0.00885137159466605
0.3599427501698308 0.00885137159466605
0.3599427501698308 0.00885137159466605
0.3599427501698308 0.00885137159466605
0.3599427501698308 0.00885137159466605
0.3599427501698308 0.00885137159466605
0.3599427501698308 0.00885137159466605
0.3599427501698308 0.00885137159466605
0.3599427501698308 0.00885137159466605
0.3599427501698308 0.00885137159466605
0.3599427501698308 0.00885137159466605
0.3599427501698308 0.00885137159466605
0.3599427501698308 0.00885137159466605
0.3599427501698308 0.00885137159466605
0.3599427501698308 0.00885137159466605
0.3599427501698308 0.00885137159466605
0.3599427501698308 0.00885137159466605
0.00017119780149128983 0.008849643772599242
0.00017119780149128983 0.008849643772599242
0.00017119780149128983 0.008849643772599242
0.00017119780149128983 0.008849643772599242
0.00017119780149128983 0.008849643772599242
0.00017119780149128983 0.008849643772599242
6.728297875203531e-06 0.008849643772599242
6.728297875203531e-06 0.008849643772599242
6.728297875203531e-06 0.008849643772599242
6.728297875203531e-06 0.008849643772599242
6.728297875203531e-06 0.008849643772599242
6.728297875203531e-06 0.008849643772599242
6.728297875203531e-06 0.008849643772599242
6.728297875203531e-06 0.008849643772599242
6.728297875203531e-06 0.008849643772599242
6.728297875203531e-06 0.008849643772599242
6.728297875203531e-06 0.008849643772599242
6.728297875203531e-06 0.008849643772599242
6.728297875203531e-06 0.008849643772599242
6.728297875203531e-06 0.008849643772599242
6.728297875203531e-06 0.008849643772599242
6.728297875203531e-06 0.008849643772599242
6.728297875203531e-06 0.008849643772599242
6.728297875203531e-06 0.008849643772599242
0.33957719376152223 0.008849643772599242
0.33957719376152223 0.008849643772599242
0.33957719376152223 0.008849643772599242
0.33957719376152223 0.008849643772599242
0.33957719376152223 0.008849643772599242
0.33957719376152223 0.008849643772599242
0.33957719376152223 0.008849643772599242
0.33957719376152223 0.008849643772599242
0.33957719376152223 0.008849643772599242
0.33957719376152223 0.008849643772599242
0.33957719376152223 0.008849643772599242
0.33957719376152223 0.008849643772599242
0.33957719376152223 0.008849643772599242
0.33957719376152223 0.008849643772599242
0.33957719376152223 0.008849643772599242
0.33957719376152223 0.008849643772599242
0.33957719376152223 0.008849643772599242
0.33957719376152223 0.008849643772599242
0.33957719376152223 0.008849643772599242
0.33957719376152223 0.008849643772599242
0.33957719376152223 0.008849643772599242
0.33957719376152223 0.008849643772599242
0.33957719376152223 0.008849643772599242
0.33957719376152223 0.008849643772599242
0.33957719376152223 0.008849643772599242
0.33957719376152223 0.008849643772599242
0.33957719376152223 0.008849643772599242
0.33957719376152223 0.008849643772599242
0.33957719376152223 0.008849643772599242
0.33957719376152223 0.008849643772599242
0.33957719376152223 0.008849643772599242
0.33957719376152223 0.008849643772599242
0.33957719376152223 0.008849643772599242
0.33957719376152223 0.008849643772599242
0.33957719376152223 0.008849643772599242
0.33957719376152223 0.008849643772599242
0.33957719376152223 0.008849643772599242
0.33957719376152223 0.008849643772599242
0.33957719376152223 0.008849643772599242
0.33957719376152223 0.008849643772599242
0.33957719376152223 0.008849643772599242
0.33957719376152223 0.008849643772599242
0.33957719376152223 0.008849643772599242
0.33957719376152223 0.008849643772599242
0.33957719376152223 0.008849643772599242
0.33957719376152223 0.008849643772599242
0.33957719376152223 0.008849643772599242
0.33957719376152223 0.008849643772599242
0.33957719376152223 0.008849643772599242
0.33957719376152223 0.008849643772599242
0.33957719376152223 0.008849643772599242
0.33957719376152223 0.008849643772599242
0.33957719376152223 0.008849643772599242
0.33957719376152223 0.008849643772599242
0.33957719376152223 0.008849643772599242
0.33957719376152223 0.008849643772599242
0.33957719376152223 0.008849643772599242
0.33957719376152223 0.008849643772599242
0.33957719376152223 0.008849643772599242
0.33957719376152223 0.008849643772599242
0.33957719376152223 0.008849643772599242
0.33957719376152223 0.008849643772599242
0.33957719376152223 0.008849643772599242
0.33957719376152223 0.008849643772599242
0.33957719376152223 0.008849643772599242
0.33957719376152223 0.008849643772599242
0.33957719376152223 0.008849643772599242
0.33957719376152223 0.008849643772599242
0.33957719376152223 0.008849643772599242
0.33957719376152223 0.008849643772599242
0.33957719376152223 0.008849643772599242
0.33957719376152223 0.008849643772599242
0.33957719376152223 0.008849643772599242
0.33957719376152223 0.008849643772599242
0.33957719376152223 0.008849643772599242
0.33957719376152223 0.008849643772599242
0.33957719376152223 0.008849643772599242
0.33957719376152223 0.008849643772599242
0.33957719376152223 0.008849643772599242
0.33957719376152223 0.008849643772599242
0.33957719376152223 0.008849643772599242
0.33957719376152223 0.008849643772599242
0.33957719376152223 0.008849643772599242
0.33957719376152223 0.008849643772599242
0.33957719376152223 0.008849643772599242
0.33957719376152223 0.008849643772599242
0.33957719376152223 0.008849643772599242
0.33957719376152223 0.008849643772599242
0.33957719376152223 0.008849643772599242
0.33957719376152223 0.008849643772599242
0.33957719376152223 0.008849643772599242
0.33957719376152223 0.008849643772599242
0.33957719376152223 0.008849643772599242
0.33957719376152223 0.008849643772599242
0.33957719376152223 0.008849643772599242
0.33957719376152223 0.008849643772599242
0.33957719376152223 0.008849643772599242
0.33957719376152223 0.008849643772599242
0.33957719376152223 0.008849643772599242
0.33957719376152223 0.008849643772599242
0.33957719376152223 0.008849643772599242
0.33957719376152223 0.008849643772599242
0.33957719376152223 0.008849643772599242
0.33957719376152223 0.008849643772599242
0.33957719376152223 0.008849643772599242
0.33957719376152223 0.008849643772599242
0.33957719376152223 0.008849643772599242
0.33957719376152223 0.008849643772599242
0.33957719376152223 0.008849643772599242
0.33957719376152223 0.008849643772599242
0.33957719376152223 0.008849643772599242
0.33957719376152223 0.008849643772599242
0.33957719376152223 0.008849643772599242
0.33957719376152223 0.008849643772599242
0.33957719376152223 0.008849643772599242
0.33957719376152223 0.008849643772599242
0.33957719376152223 0.008849643772599242
0.33957719376152223 0.008849643772599242
0.33957719376152223 0.008849643772599242
0.33957719376152223 0.008849643772599242
0.33957719376152223 0.008849643772599242
0.33957719376152223 0.008849643772599242
0.33957719376152223 0.008849643772599242
0.33957719376152223 0.008849643772599242
0.33957719376152223 0.008849643772599242
0.33957719376152223 0.008849643772599242
0.33957719376152223 0.008849643772599242
0.33957719376152223 0.008849643772599242
0.33957719376152223 0.008849643772599242
0.33957719376152223 0.008849643772599242
0.33957719376152223 0.008849643772599242
0.33957719376152223 0.008849643772599242
0.33957719376152223 0.008849643772599242
0.33957719376152223 0.008849643772599242
0.33957719376152223 0.008849643772599242
0.33957719376152223 0.008849643772599242
0.33957719376152223 0.008849643772599242
0.33957719376152223 0.008849643772599242
0.33957719376152223 0.008849643772599242
0.33957719376152223 0.008849643772599242
0.33957719376152223 0.008849643772599242
0.33957719376152223 0.008849643772599242
0.33957719376152223 0.008849643772599242
0.33957719376152223 0.008849643772599242
0.33957719376152223 0.008849643772599242
0.33957719376152223 0.008849643772599242
0.33957719376152223 0.008849643772599242
0.33957719376152223 0.008849643772599242
0.33957719376152223 0.008849643772599242
0.33957719376152223 0.008849643772599242
0.33957719376152223 0.008849643772599242
0.33957719376152223 0.008849643772599242
0.33957719376152223 0.008849643772599242
0.33957719376152223 0.008849643772599242
0.33957719376152223 0.008849643772599242
0.33957719376152223 0.008849643772599242
0.33957719376152223 0.008849643772599242
0.33957719376152223 0.008849643772599242
0.33957719376152223 0.008849643772599242
0.33957719376152223 0.008849643772599242
0.33957719376152223 0.008849643772599242
0.33957719376152223 0.008849643772599242
0.33957719376152223 0.008849643772599242
0.33957719376152223 0.008849643772599242
0.33957719376152223 0.008849643772599242
0.33957719376152223 0.008849643772599242
0.33957719376152223 0.008849643772599242
0.33957719376152223 0.008849643772599242
0.31680115786530544 0.008849643772599242
0.31680115786530544 0.008849643772599242
0.31680115786530544 0.008849643772599242
0.31680115786530544 0.008849643772599242
0.31680115786530544 0.008849643772599242
0.31680115786530544 0.008849643772599242
0.31680115786530544 0.008849643772599242
0.31680115786530544 0.008849643772599242
0.31680115786530544 0.008849643772599242
0.31680115786530544 0.008849643772599242
0.31680115786530544 0.008849643772599242
0.31680115786530544 0.008849643772599242
0.31680115786530544 0.008849643772599242
0.31680115786530544 0.008849643772599242
0.31680115786530544 0.008849643772599242
0.31680115786530544 0.008849643772599242
0.31680115786530544 0.008849643772599242
0.31680115786530544 0.008849643772599242
0.31680115786530544 0.008849643772599242
0.31680115786530544 0.008849643772599242
0.31680115786530544 0.008849643772599242
0.31680115786530544 0.008849643772599242
0.31680115786530544 0.008849643772599242
0.31680115786530544 0.008849643772599242
0.31680115786530544 0.008849643772599242
0.31680115786530544 0.008849643772599242
0.31680115786530544 0.008849643772599242
0.31680115786530544 0.008849643772599242
0.31680115786530544 0.008849643772599242
0.31680115786530544 0.008849643772599242
0.31680115786530544 0.008849643772599242
0.31680115786530544 0.008849643772599242
0.31680115786530544 0.008849643772599242
0.31680115786530544 0.008849643772599242
0.31680115786530544 0.008849643772599242
0.31680115786530544 0.008849643772599242
0.31680115786530544 0.008849643772599242
0.31680115786530544 0.008849643772599242
0.31680115786530544 0.008849643772599242
0.31680115786530544 0.008849643772599242
0.31680115786530544 0.008849643772599242
0.31680115786530544 0.008849643772599242
0.31680115786530544 0.008849643772599242
0.31680115786530544 0.008849643772599242
0.31680115786530544 0.008849643772599242
0.31680115786530544 0.008849643772599242
0.31680115786530544 0.008849643772599242
0.31680115786530544 0.008849643772599242
0.31680115786530544 0.008849643772599242
0.31680115786530544 0.008849643772599242
0.31680115786530544 0.008849643772599242
0.31680115786530544 0.008849643772599242
0.31680115786530544 0.008849643772599242
0.31680115786530544 0.008849643772599242
0.31680115786530544 0.008849643772599242
0.31680115786530544 0.008849643772599242
0.31680115786530544 0.008849643772599242
0.31680115786530544 0.008849643772599242
0.31680115786530544 0.008849643772599242
0.31680115786530544 0.008849643772599242
0.00011515523193067119 0.008850508910981564
8.034085948651479e-06 0.008850508910981564
8.034085948651479e-06 0.008850508910981564
8.034085948651479e-06 0.008850508910981564
0.6958803885283965 0.008850508910981564
0.6958803885283965 0.008850508910981564
0.6958803885283965 0.008850508910981564
0.6958803885283965 0.008850508910981564
0.6958803885283965 0.008850508910981564
0.6958803885283965 0.008850508910981564
0.6958803885283965 0.008850508910981564
0.6958803885283965 0.008850508910981564
0.6958803885283965 0.008850508910981564
0.6958803885283965 0.008850508910981564
0.6958803885283965 0.008850508910981564
0.6958803885283965 0.008850508910981564
0.6958803885283965 0.008850508910981564
0.6958803885283965 0.008850508910981564
0.6958803885283965 0.008850508910981564
0.6958803885283965 0.008850508910981564
0.6958803885283965 0.008850508910981564
0.6958803885283965 0.008850508910981564
0.6958803885283965 0.008850508910981564
0.6958803885283965 0.008850508910981564
0.6958803885283965 0.008850508910981564
0.6958803885283965 0.008850508910981564
0.6958803885283965 0.008850508910981564
0.6958803885283965 0.008850508910981564
0.6958803885283965 0.008850508910981564
0.6958803885283965 0.008850508910981564
0.6958803885283965 0.008850508910981564
0.6958803885283965 0.008850508910981564
0.29421893955421535 0.008850508910981564
0.29421893955421535 0.008850508910981564
0.29421893955421535 0.008850508910981564
0.29421893955421535 0.008850508910981564
0.29421893955421535 0.008850508910981564
0.29421893955421535 0.008850508910981564
0.29421893955421535 0.008850508910981564
0.29421893955421535 0.008850508910981564
0.29421893955421535 0.008850508910981564
0.29421893955421535 0.008850508910981564
0.000185854590096849 0.008849903727743419
0.000185854590096849 0.008849903727743419
6.820351930159596e-06 0.008849903727743419
6.820351930159596e-06 0.008849903727743419
6.820351930159596e-06 0.008849903727743419
6.820351930159596e-06 0.008849903727743419
6.820351930159596e-06 0.008849903727743419
6.820351930159596e-06 0.008849903727743419
0.2763240008184422 0.008849903727743419
0.2763240008184422 0.008849903727743419
0.2763240008184422 0.008849903727743419
0.2763240008184422 0.008849903727743419
0.2763240008184422 0.008849903727743419
0.2763240008184422 0.008849903727743419
0.2763240008184422 0.008849903727743419
0.2763240008184422 0.008849903727743419
0.2763240008184422 0.008849903727743419
0.2763240008184422 0.008849903727743419
0.2763240008184422 0.008849903727743419
0.2763240008184422 0.008849903727743419
0.2763240008184422 0.008849903727743419
0.2763240008184422 0.008849903727743419
0.2763240008184422 0.008849903727743419
0.2763240008184422 0.008849903727743419
0.2763240008184422 0.008849903727743419
0.2763240008184422 0.008849903727743419
0.2763240008184422 0.008849903727743419
0.2763240008184422 0.008849903727743419
0.2763240008184422 0.008849903727743419
0.2763240008184422 0.008849903727743419
0.2763240008184422 0.008849903727743419
0.2763240008184422 0.008849903727743419
0.2763240008184422 0.008849903727743419
0.2763240008184422 0.008849903727743419
0.2763240008184422 0.008849903727743419
0.2763240008184422 0.008849903727743419
0.2763240008184422 0.008849903727743419
0.2763240008184422 0.008849903727743419
0.2763240008184422 0.008849903727743419
0.2763240008184422 0.008849903727743419
0.2763240008184422 0.008849903727743419
0.2763240008184422 0.008849903727743419
0.2763240008184422 0.008849903727743419
0.2763240008184422 0.008849903727743419
0.2763240008184422 0.008849903727743419
0.2763240008184422 0.008849903727743419
0.2763240008184422 0.008849903727743419
0.2763240008184422 0.008849903727743419
0.2763240008184422 0.008849903727743419
0.2763240008184422 0.008849903727743419
0.2763240008184422 0.008849903727743419
0.2763240008184422 0.008849903727743419
0.2763240008184422 0.008849903727743419
0.2763240008184422 0.008849903727743419
0.2763240008184422 0.008849903727743419
0.2763240008184422 0.008849903727743419
0.2763240008184422 0.008849903727743419
0.2763240008184422 0.008849903727743419
0.2763240008184422 0.008849903727743419
0.2763240008184422 0.008849903727743419
0.2763240008184422 0.008849903727743419
0.2763240008184422 0.008849903727743419
0.2763240008184422 0.008849903727743419
0.2763240008184422 0.008849903727743419
0.33293036420679306 0.008849903727743419
0.33293036420679306 0.008849903727743419
0.33293036420679306 0.008849903727743419
0.33293036420679306 0.008849903727743419
0.33293036420679306 0.008849903727743419
0.33293036420679306 0.008849903727743419
0.33293036420679306 0.008849903727743419
0.33293036420679306 0.008849903727743419
0.33293036420679306 0.008849903727743419
0.33293036420679306 0.008849903727743419
0.33293036420679306 0.008849903727743419
0.33293036420679306 0.008849903727743419
0.33293036420679306 0.008849903727743419
0.33293036420679306 0.008849903727743419
0.33293036420679306 0.008849903727743419
0.33293036420679306 0.008849903727743419
0.33293036420679306 0.008849903727743419
0.33293036420679306 0.008849903727743419
0.33293036420679306 0.008849903727743419
0.33293036420679306 0.008849903727743419
0.00013948946854512484 0.00885034190026295
9.731823386869175e-06 0.00885034190026295
9.731823386869175e-06 0.00885034190026295
9.731823386869175e-06 0.00885034190026295
0.6322895412094062 0.00885034190026295
0.6322895412094062 0.00885034190026295
0.6322895412094062 0.00885034190026295
0.6322895412094062 0.00885034190026295
0.6322895412094062 0.00885034190026295
0.6322895412094062 0.00885034190026295
0.6322895412094062 0.00885034190026295
0.6322895412094062 0.00885034190026295
0.6322895412094062 0.00885034190026295
0.6322895412094062 0.00885034190026295
0.6322895412094062 0.00885034190026295
0.6322895412094062 0.00885034190026295
0.6322895412094062 0.00885034190026295
0.6322895412094062 0.00885034190026295
0.6322895412094062 0.00885034190026295
0.6322895412094062 0.00885034190026295
0.6322895412094062 0.00885034190026295
0.6322895412094062 0.00885034190026295
0.6322895412094062 0.00885034190026295
0.6322895412094062 0.00885034190026295
0.6322895412094062 0.00885034190026295
0.6322895412094062 0.00885034190026295
0.6322895412094062 0.00885034190026295
0.6322895412094062 0.00885034190026295
0.6322895412094062 0.00885034190026295
0.6322895412094062 0.00885034190026295
0.6322895412094062 0.00885034190026295
0.6322895412094062 0.00885034190026295
0.35639234819166504 0.00885034190026295
0.35639234819166504 0.00885034190026295
0.35639234819166504 0.00885034190026295
0.35639234819166504 0.00885034190026295
0.35639234819166504 0.00885034190026295
0.35639234819166504 0.00885034190026295
0.35639234819166504 0.00885034190026295
0.35639234819166504 0.00885034190026295
0.35639234819166504 0.00885034190026295
0.35639234819166504 0.00885034190026295
0.00025784348011641484 0.008849989642212423
0.00025784348011641484 0.008849989642212423
5.927436324515284e-06 0.008849989642212423
5.927436324515284e-06 0.008849989642212423
5.927436324515284e-06 0.008849989642212423
5.927436324515284e-06 0.008849989642212423
5.927436324515284e-06 0.008849989642212423
5.927436324515284e-06 0.008849989642212423
0.03792225574516766 0.008849989642212423
0.03792225574516766 0.008849989642212423
0.03792225574516766 0.008849989642212423
0.03792225574516766 0.008849989642212423
0.03792225574516766 0.008849989642212423
0.03792225574516766 0.008849989642212423
0.03792225574516766 0.008849989642212423
0.03792225574516766 0.008849989642212423
0.03792225574516766 0.008849989642212423
0.03792225574516766 0.008849989642212423
0.03792225574516766 0.008849989642212423
0.03792225574516766 0.008849989642212423
0.03792225574516766 0.008849989642212423
0.03792225574516766 0.008849989642212423
0.03792225574516766 0.008849989642212423
0.03792225574516766 0.008849989642212423
0.03792225574516766 0.008849989642212423
0.03792225574516766 0.008849989642212423
0.03792225574516766 0.008849989642212423
0.03792225574516766 0.008849989642212423
0.03792225574516766 0.008849989642212423
0.03792225574516766 0.008849989642212423
0.03792225574516766 0.008849989642212423
0.03792225574516766 0.008849989642212423
0.03792225574516766 0.008849989642212423
0.03792225574516766 0.008849989642212423
0.03792225574516766 0.008849989642212423
0.03792225574516766 0.008849989642212423
0.03792225574516766 0.008849989642212423
0.03792225574516766 0.008849989642212423
0.03792225574516766 0.008849989642212423
0.03792225574516766 0.008849989642212423
0.03792225574516766 0.008849989642212423
0.03792225574516766 0.008849989642212423
0.03792225574516766 0.008849989642212423
0.03792225574516766 0.008849989642212423
0.03792225574516766 0.008849989642212423
0.03792225574516766 0.008849989642212423
0.03792225574516766 0.008849989642212423
0.03792225574516766 0.008849989642212423
0.03792225574516766 0.008849989642212423
0.03792225574516766 0.008849989642212423
0.03792225574516766 0.008849989642212423
0.03792225574516766 0.008849989642212423
0.03792225574516766 0.008849989642212423
0.03792225574516766 0.008849989642212423
0.03792225574516766 0.008849989642212423
0.03792225574516766 0.008849989642212423
0.03792225574516766 0.008849989642212423
0.03792225574516766 0.008849989642212423
0.03792225574516766 0.008849989642212423
0.03792225574516766 0.008849989642212423
0.03792225574516766 0.008849989642212423
0.03792225574516766 0.008849989642212423
0.03792225574516766 0.008849989642212423
0.03792225574516766 0.008849989642212423
0.31368289401151106 0.008849989642212423
0.31368289401151106 0.008849989642212423
0.31368289401151106 0.008849989642212423
0.31368289401151106 0.008849989642212423
0.31368289401151106 0.008849989642212423
0.31368289401151106 0.008849989642212423
0.31368289401151106 0.008849989642212423
0.31368289401151106 0.008849989642212423
0.31368289401151106 0.008849989642212423
0.31368289401151106 0.008849989642212423
0.31368289401151106 0.008849989642212423
0.31368289401151106 0.008849989642212423
0.31368289401151106 0.008849989642212423
0.31368289401151106 0.008849989642212423
0.31368289401151106 0.008849989642212423
0.31368289401151106 0.008849989642212423
0.31368289401151106 0.008849989642212423
0.31368289401151106 0.008849989642212423
0.31368289401151106 0.008849989642212423
0.31368289401151106 0.008849989642212423
0.0002531767129805447 0.008849145019642917
5.820154321391832e-06 0.008849145019642917
5.820154321391832e-06 0.008849145019642917
5.820154321391832e-06 0.008849145019642917
0.053471212789207107 0.008849145019642917
0.053471212789207107 0.008849145019642917
0.053471212789207107 0.008849145019642917
0.053471212789207107 0.008849145019642917
0.053471212789207107 0.008849145019642917
0.053471212789207107 0.008849145019642917
0.053471212789207107 0.008849145019642917
0.053471212789207107 0.008849145019642917
0.053471212789207107 0.008849145019642917
0.053471212789207107 0.008849145019642917
0.053471212789207107 0.008849145019642917
0.053471212789207107 0.008849145019642917
0.053471212789207107 0.008849145019642917
0.053471212789207107 0.008849145019642917
0.053471212789207107 0.008849145019642917
0.053471212789207107 0.008849145019642917
0.053471212789207107 0.008849145019642917
0.053471212789207107 0.008849145019642917
0.053471212789207107 0.008849145019642917
0.053471212789207107 0.008849145019642917
0.053471212789207107 0.008849145019642917
0.053471212789207107 0.008849145019642917
0.053471212789207107 0.008849145019642917
0.053471212789207107 0.008849145019642917
0.053471212789207107 0.008849145019642917
0.053471212789207107 0.008849145019642917
0.053471212789207107 0.008849145019642917
0.053471212789207107 0.008849145019642917
0.30800547676521645 0.008849145019642917
0.30800547676521645 0.008849145019642917
0.30800547676521645 0.008849145019642917
0.30800547676521645 0.008849145019642917
0.30800547676521645 0.008849145019642917
0.30800547676521645 0.008849145019642917
0.30800547676521645 0.008849145019642917
0.30800547676521645 0.008849145019642917
0.30800547676521645 0.008849145019642917
0.30800547676521645 0.008849145019642917