8.212604307213192e-07 1.0207852367223684e-06
1.1431496313890412e-06 1.020784220428046e-06
8.175475141786741e-07 1.0207852184422187e-06
9.698125964384037e-07 1.0207851653565156e-06
9.698125964384037e-07 1.0207851653565156e-06
9.698125964384037e-07 1.0207851653565156e-06
8.937264672094405e-07 1.0207852613959553e-06
8.937264672094405e-07 1.0207852613959553e-06
8.151767373988949e-07 1.0207852233956657e-06
8.151767373988949e-07 1.0207852233956657e-06
8.151767373988949e-07 1.0207852233956657e-06
8.151767373988949e-07 1.0207852233956657e-06
8.151767373988949e-07 1.0207852233956657e-06
8.151767373988949e-07 1.0207852233956657e-06
8.426546568644011e-07 1.0207852568903158e-06
8.054051352191189e-07 1.0207852261531504e-06
8.054051352191189e-07 1.0207852261531504e-06
8.529399693424488e-07 1.0207851846965218e-06
8.208171529873147e-07 1.0207852370167092e-06
8.208171529873147e-07 1.0207852370167092e-06
8.188175982462328e-07 1.0207852325269272e-06