1.2738350614323784e-05 2.0647229284805286e-06
4.599235990248087e-06 2.0647229284805286e-06
4.599235990248087e-06 2.0647229284805286e-06
4.599235990248087e-06 2.0647229284805286e-06
1.12906572741485e-06 2.0647229284805286e-06
1.12906572741485e-06 2.0647229284805286e-06
1.12906572741485e-06 2.0647229284805286e-06
1.12906572741485e-06 2.0647229284805286e-06
1.12906572741485e-06 2.0647229284805286e-06
1.12906572741485e-06 2.0647229284805286e-06
1.12906572741485e-06 2.0647229284805286e-06
1.12906572741485e-06 2.0647229284805286e-06
1.12906572741485e-06 2.0647229284805286e-06
1.12906572741485e-06 2.0647229284805286e-06
1.12906572741485e-06 2.0647229284805286e-06
1.12906572741485e-06 2.0647229284805286e-06
1.12906572741485e-06 2.0647229284805286e-06
1.12906572741485e-06 2.0647229284805286e-06
1.12906572741485e-06 2.0647229284805286e-06
1.12906572741485e-06 2.0647229284805286e-06
1.12906572741485e-06 2.0647229284805286e-06
1.12906572741485e-06 2.0647229284805286e-06
1.12906572741485e-06 2.0647229284805286e-06
1.12906572741485e-06 2.0647229284805286e-06
1.12906572741485e-06 2.0647229284805286e-06
1.12906572741485e-06 2.0647229284805286e-06
1.12906572741485e-06 2.0647229284805286e-06
1.12906572741485e-06 2.0647229284805286e-06
1.12906572741485e-06 2.0647229284805286e-06
1.12906572741485e-06 2.0647229284805286e-06
1.12906572741485e-06 2.0647229284805286e-06
1.12906572741485e-06 2.0647229284805286e-06
1.12906572741485e-06 2.0647229284805286e-06
1.12906572741485e-06 2.0647229284805286e-06
1.12906572741485e-06 2.0647229284805286e-06
1.12906572741485e-06 2.0647229284805286e-06
1.12906572741485e-06 2.0647229284805286e-06
1.12906572741485e-06 2.0647229284805286e-06
1.12906572741485e-06 2.0647229284805286e-06
1.12906572741485e-06 2.0647229284805286e-06
1.12906572741485e-06 2.0647229284805286e-06
1.12906572741485e-06 2.0647229284805286e-06