0.3751223700848167 0.3750086048542247
0.006030281840677954 0.0063425927603285425
0.5843076443713384 0.5843192382801885
0.03813598930461909 0.03958522791088632
0.03813598930461909 0.03958522791088632
0.03813598930461909 0.03958522791088632
0.1397348617969834 0.13786099627907988
0.1397348617969834 0.13786099627907988
0.9692754169278316 0.9665254866724394
0.9692754169278316 0.9665254866724394
0.9692754169278316 0.9665254866724394
0.9692754169278316 0.9665254866724394
0.9692754169278316 0.9665254866724394
0.9692754169278316 0.9665254866724394
0.2705793693638205 0.26960837949762145
0.8499494578036064 0.8520305644422062
0.8499494578036064 0.8520305644422062
0.22337621871909047 0.2207342567398653
0.48899339509505196 0.4897122174437605
0.48899339509505196 0.4897122174437605
0.498006934606731 0.4974562239363494