7.744188138593108e-07 2.0647580612056434e-06
7.744188138593108e-07 2.0647580612056434e-06
7.744188138593108e-07 2.0647580612056434e-06
7.744188138593108e-07 2.0647580612056434e-06
7.744188138593108e-07 2.0647580612056434e-06
7.744188138593108e-07 2.0647580612056434e-06
7.744188138593108e-07 2.0647580612056434e-06
7.744188138593108e-07 2.0647580612056434e-06
7.744188138593108e-07 2.0647580612056434e-06
7.744188138593108e-07 2.0647580612056434e-06
7.744188138593108e-07 2.0647580612056434e-06
7.744188138593108e-07 2.0647580612056434e-06
7.744188138593108e-07 2.0647580612056434e-06
8.116951594237836e-07 2.0647580612056434e-06
8.116951594237836e-07 2.0647580612056434e-06
8.035437797177055e-07 2.0647580612056434e-06
8.035437797177055e-07 2.0647580612056434e-06
8.035437797177055e-07 2.0647580612056434e-06
8.035437797177055e-07 2.0647580612056434e-06
8.035437797177055e-07 2.0647580612056434e-06
8.035437797177055e-07 2.0647580612056434e-06
8.035437797177055e-07 2.0647580612056434e-06
8.035437797177055e-07 2.0647580612056434e-06
8.035437797177055e-07 2.0647580612056434e-06
8.035437797177055e-07 2.0647580612056434e-06
8.035437797177055e-07 2.0647580612056434e-06
8.035437797177055e-07 2.0647580612056434e-06
8.035437797177055e-07 2.0647580612056434e-06
8.035437797177055e-07 2.0647580612056434e-06
8.035437797177055e-07 2.0647580612056434e-06
8.035437797177055e-07 2.0647580612056434e-06
8.035437797177055e-07 2.0647580612056434e-06
8.035437797177055e-07 2.0647580612056434e-06
8.035437797177055e-07 2.0647580612056434e-06
8.035437797177055e-07 2.0647580612056434e-06
6.972727852383883e-07 2.0647580612056434e-06
6.972727852383883e-07 2.0647580612056434e-06
6.972727852383883e-07 2.0647580612056434e-06
6.972727852383883e-07 2.0647580612056434e-06
6.972727852383883e-07 2.0647580612056434e-06
6.972727852383883e-07 2.0647580612056434e-06
6.972727852383883e-07 2.0647580612056434e-06
6.972727852383883e-07 2.0647580612056434e-06
6.972727852383883e-07 2.0647580612056434e-06
6.972727852383883e-07 2.0647580612056434e-06
1.798597452512404e-06 2.0647580612056434e-06
1.798597452512404e-06 2.0647580612056434e-06