7.856125124299049e-07 2.064757331746767e-06
7.274157563921288e-07 2.0647549207289723e-06
7.274157563921288e-07 2.0647549207289723e-06
7.274157563921288e-07 2.0647549207289723e-06
8.623757046536498e-07 2.0641350076156184e-06
7.729386257948431e-07 2.0647598083765235e-06
7.729386257948431e-07 2.0647598083765235e-06
7.729386257948431e-07 2.0647598083765235e-06
7.729386257948431e-07 2.0647598083765235e-06
7.729386257948431e-07 2.0647598083765235e-06
7.729386257948431e-07 2.0647598083765235e-06
7.729386257948431e-07 2.0647598083765235e-06
7.729386257948431e-07 2.0647598083765235e-06
7.729386257948431e-07 2.0647598083765235e-06
8.8070429487838e-07 2.0647557699602466e-06
8.98237508947032e-07 2.0647585881002834e-06
5.73725454015402e-07 2.067656044186302e-06
5.73725454015402e-07 2.067656044186302e-06
5.73725454015402e-07 2.067656044186302e-06
5.709475417017214e-07 2.0617084120245675e-06
3.88660587376545e-07 2.064783680903391e-06
9.521324487396098e-07 2.0647529937217646e-06
1.0557936068966502e-06 2.06476138662689e-06
7.463417056793126e-07 2.0647575457377993e-06
7.463417056793126e-07 2.0647575457377993e-06
6.400220644287049e-07 2.0647626148631107e-06
6.828084382583066e-07 2.064764796977192e-06
7.677100836327577e-07 2.0647586679288138e-06
7.677100836327577e-07 2.0647586679288138e-06
5.709475417017214e-07 2.0617084120245675e-06
5.709475417017214e-07 2.0617084120245675e-06
4.968190173030497e-07 2.0647609506268384e-06
4.968190173030497e-07 2.0647609506268384e-06
8.924985870799114e-07 2.0647480186661938e-06
8.924985870799114e-07 2.0647480186661938e-06
7.188769811270474e-07 2.0647606491855455e-06
7.188769811270474e-07 2.0647606491855455e-06
7.188769811270474e-07 2.0647606491855455e-06
7.438362757496226e-07 2.064758931650413e-06
7.438362757496226e-07 2.064758931650413e-06
7.463417056793126e-07 2.0647575457377993e-06
7.463417056793126e-07 2.0647575457377993e-06
7.494051560536824e-07 2.0647595053384893e-06
9.521324487396098e-07 2.0647557906940885e-06
9.521324487396098e-07 2.0647557906940885e-06
9.521324487396098e-07 2.0647557906940885e-06
9.521324487396098e-07 2.0647557906940885e-06
1.0557936068966502e-06 2.06476138662689e-06
1.0557936068966502e-06 2.06476138662689e-06
1.0557936068966502e-06 2.06476138662689e-06
1.090819720921648e-06 2.0646848304643483e-06
7.464488045581012e-07 2.0649757589937828e-06
7.464488045581012e-07 2.0649757589937828e-06
7.464488045581012e-07 2.0649757589937828e-06
6.830452511173832e-07 2.0990178695388426e-06
1.015823823356999e-06 2.06474173253342e-06
1.015823823356999e-06 2.06474173253342e-06
1.015823823356999e-06 2.06474173253342e-06
1.015823823356999e-06 2.06474173253342e-06
1.015823823356999e-06 2.06474173253342e-06
1.015823823356999e-06 2.06474173253342e-06
1.015823823356999e-06 2.06474173253342e-06
1.015823823356999e-06 2.06474173253342e-06
1.015823823356999e-06 2.06474173253342e-06
1.3694510408232182e-06 2.0645928484115458e-06
1.3899194857969293e-06 2.064633649644262e-06
9.499084763183068e-07 2.183054981695084e-06
9.499084763183068e-07 2.183054981695084e-06
9.499084763183068e-07 2.183054981695084e-06
9.435153738416832e-07 2.1865367280773726e-06
4.5575396044633655e-07 2.067810751892176e-06
2.0151435686814736e-06 2.064494654552543e-06
1.958519246567667e-06 2.0647931680441955e-06
1.100400566903357e-06 2.0648552156513706e-06
1.100400566903357e-06 2.0648552156513706e-06
8.958901051801964e-07 2.064722819767736e-06
6.639147893491465e-07 2.0645049676810346e-06
1.016477967423914e-06 2.064830547906428e-06
1.016477967423914e-06 2.064830547906428e-06
9.435153738416832e-07 2.1865367280773726e-06
9.435153738416832e-07 2.1865367280773726e-06
7.838123690182219e-07 2.0646635351513308e-06
7.838123690182219e-07 2.0646635351513308e-06
1.9701479899485154e-06 2.065103507475052e-06
1.9701479899485154e-06 2.065103507475052e-06
7.349143666948668e-07 2.0647322695930107e-06
7.349143666948668e-07 2.0647322695930107e-06
7.349143666948668e-07 2.0647322695930107e-06
8.956203388404972e-07 2.0647361054786485e-06
8.956203388404972e-07 2.0647361054786485e-06
1.100400566903357e-06 2.0648552156513706e-06
1.100400566903357e-06 2.0648552156513706e-06
1.0529095817916724e-06 2.0648997394254887e-06
2.0151435686814736e-06 2.065103507475052e-06
2.0151435686814736e-06 2.065103507475052e-06
2.0151435686814736e-06 2.065103507475052e-06
2.0151435686814736e-06 2.065103507475052e-06
1.958519246567667e-06 2.0647931680441955e-06
1.958519246567667e-06 2.0647931680441955e-06
1.958519246567667e-06 2.0647931680441955e-06
8.045474478385665e-07 2.0647581290506155e-06
7.68438248702968e-07 2.0647580583332255e-06
7.68438248702968e-07 2.0647580583332255e-06
7.68438248702968e-07 2.0647580583332255e-06
8.751967508315202e-07 2.0635927616730256e-06
7.966837123404849e-07 2.0647600073332172e-06
7.966837123404849e-07 2.0647600073332172e-06
7.966837123404849e-07 2.0647600073332172e-06
7.966837123404849e-07 2.0647600073332172e-06
7.966837123404849e-07 2.0647600073332172e-06
7.966837123404849e-07 2.0647600073332172e-06
7.966837123404849e-07 2.0647600073332172e-06
7.966837123404849e-07 2.0647600073332172e-06
7.966837123404849e-07 2.0647600073332172e-06
9.48744064611964e-07 2.0647589237693904e-06
9.573804132195411e-07 2.0647607058034796e-06
6.715345734060692e-07 2.0615817859865314e-06
6.715345734060692e-07 2.0615817859865314e-06
6.715345734060692e-07 2.0615817859865314e-06
6.697971184875867e-07 2.06486979521458e-06
4.2595879145246286e-07 2.064727796112836e-06
1.2454979840420442e-06 2.0647583001055293e-06
1.246354495501779e-06 2.064761293136767e-06
7.5096532772032e-07 2.0647585792407788e-06
7.5096532772032e-07 2.0647585792407788e-06
6.520525284984997e-07 2.064761958026511e-06
7.236264781972168e-07 2.064761695021653e-06
7.904557699661286e-07 2.0647587673144345e-06
7.904557699661286e-07 2.0647587673144345e-06
6.697971184875867e-07 2.06486979521458e-06
6.697971184875867e-07 2.06486979521458e-06
4.841816355936493e-07 2.0647597345299262e-06
4.841816355936493e-07 2.0647597345299262e-06
1.2924345121515178e-06 2.0647526848938912e-06
1.2924345121515178e-06 2.0647526848938912e-06
7.60843639233825e-07 2.0647539964286394e-06
7.60843639233825e-07 2.0647539964286394e-06
7.60843639233825e-07 2.0647539964286394e-06
7.543724223942939e-07 2.0647584713399223e-06
7.543724223942939e-07 2.0647584713399223e-06
7.5096532772032e-07 2.0647585792407788e-06
7.5096532772032e-07 2.0647585792407788e-06
7.653016123514392e-07 2.0647599819441064e-06
1.2454979840420442e-06 2.0647576728818726e-06
1.2454979840420442e-06 2.0647576728818726e-06
1.2454979840420442e-06 2.0647576728818726e-06
1.2454979840420442e-06 2.0647576728818726e-06
1.246354495501779e-06 2.064761293136767e-06
1.246354495501779e-06 2.064761293136767e-06
1.246354495501779e-06 2.064761293136767e-06
9.499829611359266e-07 2.064757389242443e-06
9.499829611359266e-07 2.064757389242443e-06
9.499829611359266e-07 2.064757389242443e-06
6.1707930216973e-07 2.06471854938104e-06
6.1707930216973e-07 2.06471854938104e-06
6.1707930216973e-07 2.06471854938104e-06
6.1707930216973e-07 2.06471854938104e-06
6.1707930216973e-07 2.06471854938104e-06
6.1707930216973e-07 2.06471854938104e-06
6.1707930216973e-07 2.06471854938104e-06
6.1707930216973e-07 2.06471854938104e-06
6.1707930216973e-07 2.06471854938104e-06
6.397340142163687e-07 2.065952010625335e-06
6.397340142163687e-07 2.065952010625335e-06
6.397340142163687e-07 2.065952010625335e-06
8.774843629082844e-07 2.0647497926396603e-06
8.774843629082844e-07 2.0647497926396603e-06
8.774843629082844e-07 2.0647497926396603e-06
8.774843629082844e-07 2.0647497926396603e-06
8.774843629082844e-07 2.0647497926396603e-06
8.774843629082844e-07 2.0647497926396603e-06
8.774843629082844e-07 2.0647497926396603e-06
8.774843629082844e-07 2.0647497926396603e-06
8.774843629082844e-07 2.0647497926396603e-06
8.774843629082844e-07 2.0647497926396603e-06
8.774843629082844e-07 2.0647497926396603e-06
8.774843629082844e-07 2.0647497926396603e-06
8.774843629082844e-07 2.0647497926396603e-06
8.774843629082844e-07 2.0647497926396603e-06
8.774843629082844e-07 2.0647497926396603e-06
8.774843629082844e-07 2.0647497926396603e-06
8.774843629082844e-07 2.0647497926396603e-06
8.774843629082844e-07 2.0647497926396603e-06
8.774843629082844e-07 2.0647497926396603e-06
8.774843629082844e-07 2.0647497926396603e-06
8.774843629082844e-07 2.0647497926396603e-06
8.774843629082844e-07 2.0647497926396603e-06
8.774843629082844e-07 2.0647497926396603e-06
8.774843629082844e-07 2.0647497926396603e-06
8.774843629082844e-07 2.0647497926396603e-06
8.774843629082844e-07 2.0647497926396603e-06
8.774843629082844e-07 2.0647497926396603e-06
8.3705547807697e-07 2.0647533740264903e-06
8.3705547807697e-07 2.0647533740264903e-06
8.3705547807697e-07 2.0647533740264903e-06
8.380859956849676e-07 2.0647735629324013e-06
8.380859956849676e-07 2.0647735629324013e-06
8.380859956849676e-07 2.0647735629324013e-06
6.437356650125771e-07 2.098696324821293e-06
6.437356650125771e-07 2.098696324821293e-06
6.437356650125771e-07 2.098696324821293e-06
6.437356650125771e-07 2.098696324821293e-06
6.437356650125771e-07 2.098696324821293e-06
6.437356650125771e-07 2.098696324821293e-06
6.437356650125771e-07 2.098696324821293e-06
6.437356650125771e-07 2.098696324821293e-06
6.437356650125771e-07 2.098696324821293e-06
6.394031759603332e-07 2.1020435278911837e-06
6.394031759603332e-07 2.1020435278911837e-06
6.394031759603332e-07 2.1020435278911837e-06
4.851301543562869e-07 2.06521285069309e-06
4.851301543562869e-07 2.06521285069309e-06
4.851301543562869e-07 2.06521285069309e-06
1.1114895664153154e-06 2.0647897046985905e-06
1.1114895664153154e-06 2.0647897046985905e-06
1.1114895664153154e-06 2.0647897046985905e-06
1.0964918058987865e-06 2.0647395439797116e-06
1.0964918058987865e-06 2.0647395439797116e-06
1.0964918058987865e-06 2.0647395439797116e-06
9.66338937470389e-07 2.0647584596280253e-06
9.66338937470389e-07 2.0647584596280253e-06
9.66338937470389e-07 2.0647584596280253e-06
9.66338937470389e-07 2.0647584596280253e-06
9.66338937470389e-07 2.0647584596280253e-06
9.66338937470389e-07 2.0647584596280253e-06
8.959246107466416e-07 2.06473443479805e-06
8.959246107466416e-07 2.06473443479805e-06
8.959246107466416e-07 2.06473443479805e-06
5.907684014905014e-07 2.064836338168484e-06
5.907684014905014e-07 2.064836338168484e-06
5.907684014905014e-07 2.064836338168484e-06
8.874288928388215e-07 2.0647715201039946e-06
8.874288928388215e-07 2.0647715201039946e-06
8.874288928388215e-07 2.0647715201039946e-06
8.874288928388215e-07 2.0647715201039946e-06
8.874288928388215e-07 2.0647715201039946e-06
8.874288928388215e-07 2.0647715201039946e-06
6.394031759603332e-07 2.1020435278911837e-06
6.394031759603332e-07 2.1020435278911837e-06
6.394031759603332e-07 2.1020435278911837e-06
6.394031759603332e-07 2.1020435278911837e-06
6.394031759603332e-07 2.1020435278911837e-06
6.394031759603332e-07 2.1020435278911837e-06
7.64775380097254e-07 2.0647414063556212e-06
7.64775380097254e-07 2.0647414063556212e-06
7.64775380097254e-07 2.0647414063556212e-06
7.64775380097254e-07 2.0647414063556212e-06
7.64775380097254e-07 2.0647414063556212e-06
7.64775380097254e-07 2.0647414063556212e-06
1.0740112642585166e-06 2.064673667892611e-06
1.0740112642585166e-06 2.064673667892611e-06
1.0740112642585166e-06 2.064673667892611e-06
1.0740112642585166e-06 2.064673667892611e-06
1.0740112642585166e-06 2.064673667892611e-06
1.0740112642585166e-06 2.064673667892611e-06
6.19120169202298e-07 2.064685472539185e-06
6.19120169202298e-07 2.064685472539185e-06
6.19120169202298e-07 2.064685472539185e-06
6.19120169202298e-07 2.064685472539185e-06
6.19120169202298e-07 2.064685472539185e-06
6.19120169202298e-07 2.064685472539185e-06
6.19120169202298e-07 2.064685472539185e-06
6.19120169202298e-07 2.064685472539185e-06
6.19120169202298e-07 2.064685472539185e-06
8.07103677032358e-07 2.0647647248276986e-06
8.07103677032358e-07 2.0647647248276986e-06
8.07103677032358e-07 2.0647647248276986e-06
8.07103677032358e-07 2.0647647248276986e-06
8.07103677032358e-07 2.0647647248276986e-06
8.07103677032358e-07 2.0647647248276986e-06
9.66338937470389e-07 2.0647584596280253e-06
9.66338937470389e-07 2.0647584596280253e-06
9.66338937470389e-07 2.0647584596280253e-06
9.66338937470389e-07 2.0647584596280253e-06
9.66338937470389e-07 2.0647584596280253e-06
9.66338937470389e-07 2.0647584596280253e-06
9.550383750512027e-07 2.064750806364041e-06
9.550383750512027e-07 2.064750806364041e-06
9.550383750512027e-07 2.064750806364041e-06
1.1114895664153154e-06 2.064820923699465e-06
1.1114895664153154e-06 2.064820923699465e-06
1.1114895664153154e-06 2.064820923699465e-06
1.1114895664153154e-06 2.064820923699465e-06
1.1114895664153154e-06 2.064820923699465e-06
1.1114895664153154e-06 2.064820923699465e-06
1.1114895664153154e-06 2.064820923699465e-06
1.1114895664153154e-06 2.064820923699465e-06
1.1114895664153154e-06 2.064820923699465e-06
1.1114895664153154e-06 2.064820923699465e-06
1.1114895664153154e-06 2.064820923699465e-06
1.1114895664153154e-06 2.064820923699465e-06
1.0964918058987865e-06 2.0647395439797116e-06
1.0964918058987865e-06 2.0647395439797116e-06
1.0964918058987865e-06 2.0647395439797116e-06
1.0964918058987865e-06 2.0647395439797116e-06
1.0964918058987865e-06 2.0647395439797116e-06
1.0964918058987865e-06 2.0647395439797116e-06
1.0964918058987865e-06 2.0647395439797116e-06
1.0964918058987865e-06 2.0647395439797116e-06
1.0964918058987865e-06 2.0647395439797116e-06
8.27847217865428e-07 2.064762548414255e-06
8.27847217865428e-07 2.064762548414255e-06
5.309437469001115e-07 2.064740914109473e-06
5.309437469001115e-07 2.064740914109473e-06
5.309437469001115e-07 2.064740914109473e-06
5.309437469001115e-07 2.064740914109473e-06
5.309437469001115e-07 2.064740914109473e-06
5.309437469001115e-07 2.064740914109473e-06
7.459931895175313e-07 2.0693538992897604e-06
7.459931895175313e-07 2.0693538992897604e-06
7.631886150710004e-07 2.064758317008324e-06
7.631886150710004e-07 2.064758317008324e-06
7.631886150710004e-07 2.064758317008324e-06
7.631886150710004e-07 2.064758317008324e-06
7.631886150710004e-07 2.064758317008324e-06
7.631886150710004e-07 2.064758317008324e-06
7.631886150710004e-07 2.064758317008324e-06
7.631886150710004e-07 2.064758317008324e-06
7.631886150710004e-07 2.064758317008324e-06
7.631886150710004e-07 2.064758317008324e-06
7.631886150710004e-07 2.064758317008324e-06
7.631886150710004e-07 2.064758317008324e-06
7.631886150710004e-07 2.064758317008324e-06
7.631886150710004e-07 2.064758317008324e-06
7.631886150710004e-07 2.064758317008324e-06
7.631886150710004e-07 2.064758317008324e-06
7.631886150710004e-07 2.064758317008324e-06
7.631886150710004e-07 2.064758317008324e-06
6.926654681445767e-07 2.0647582980615266e-06
6.926654681445767e-07 2.0647582980615266e-06
7.100905398555278e-07 2.0647601855584425e-06
7.100905398555278e-07 2.0647601855584425e-06
5.797646857535294e-07 2.075680586370392e-06
5.797646857535294e-07 2.075680586370392e-06
5.797646857535294e-07 2.075680586370392e-06
5.797646857535294e-07 2.075680586370392e-06
5.797646857535294e-07 2.075680586370392e-06
5.797646857535294e-07 2.075680586370392e-06
5.75862736101795e-07 2.0622250246127814e-06
5.75862736101795e-07 2.0622250246127814e-06
3.8232945411571395e-07 2.064938445318626e-06
3.8232945411571395e-07 2.064938445318626e-06
7.354658304086233e-07 2.0647793753600385e-06
7.354658304086233e-07 2.0647793753600385e-06
8.174039525820837e-07 2.0647605220038352e-06
8.174039525820837e-07 2.0647605220038352e-06
8.469321042111865e-07 2.064754176044419e-06
8.469321042111865e-07 2.064754176044419e-06
8.469321042111865e-07 2.064754176044419e-06
8.469321042111865e-07 2.064754176044419e-06
7.338371449658891e-07 2.0647740372099933e-06
7.338371449658891e-07 2.0647740372099933e-06
5.074048406596466e-07 2.064772578984785e-06
5.074048406596466e-07 2.064772578984785e-06
7.720449854369785e-07 2.064756158598075e-06
7.720449854369785e-07 2.064756158598075e-06
7.720449854369785e-07 2.064756158598075e-06
7.720449854369785e-07 2.064756158598075e-06
5.75862736101795e-07 2.0622250246127814e-06
5.75862736101795e-07 2.0622250246127814e-06
5.75862736101795e-07 2.0622250246127814e-06
5.75862736101795e-07 2.0622250246127814e-06
6.45852958316349e-07 2.064763945868366e-06
6.45852958316349e-07 2.064763945868366e-06
6.45852958316349e-07 2.064763945868366e-06
6.45852958316349e-07 2.064763945868366e-06
6.872477282602495e-07 2.064755723494171e-06
6.872477282602495e-07 2.064755723494171e-06
6.872477282602495e-07 2.064755723494171e-06
6.872477282602495e-07 2.064755723494171e-06
5.257563736114075e-07 2.064757322348382e-06
5.257563736114075e-07 2.064757322348382e-06
5.257563736114075e-07 2.064757322348382e-06
5.257563736114075e-07 2.064757322348382e-06
5.257563736114075e-07 2.064757322348382e-06
5.257563736114075e-07 2.064757322348382e-06
7.529343567969305e-07 2.0647587155973297e-06
7.529343567969305e-07 2.0647587155973297e-06
7.529343567969305e-07 2.0647587155973297e-06
7.529343567969305e-07 2.0647587155973297e-06
8.469321042111865e-07 2.064754176044419e-06
8.469321042111865e-07 2.064754176044419e-06
8.469321042111865e-07 2.064754176044419e-06
8.469321042111865e-07 2.064754176044419e-06
8.338371424106043e-07 2.0647569433611125e-06
8.338371424106043e-07 2.0647569433611125e-06
7.354658304086233e-07 2.0647768649149964e-06
7.354658304086233e-07 2.0647768649149964e-06
7.354658304086233e-07 2.0647768649149964e-06
7.354658304086233e-07 2.0647768649149964e-06
7.354658304086233e-07 2.0647768649149964e-06
7.354658304086233e-07 2.0647768649149964e-06
7.354658304086233e-07 2.0647768649149964e-06
7.354658304086233e-07 2.0647768649149964e-06
8.174039525820837e-07 2.0647605220038352e-06
8.174039525820837e-07 2.0647605220038352e-06
8.174039525820837e-07 2.0647605220038352e-06
8.174039525820837e-07 2.0647605220038352e-06
8.174039525820837e-07 2.0647605220038352e-06
8.174039525820837e-07 2.0647605220038352e-06
7.964192588097071e-07 2.0647594375033326e-06
7.964192588097071e-07 2.0647594375033326e-06
7.964192588097071e-07 2.0647594375033326e-06
7.964192588097071e-07 2.0647594375033326e-06
7.964192588097071e-07 2.0647594375033326e-06
7.964192588097071e-07 2.0647594375033326e-06
7.729896746883645e-07 2.0647563747980288e-06
7.729896746883645e-07 2.0647563747980288e-06
7.729896746883645e-07 2.0647563747980288e-06
7.729896746883645e-07 2.0647563747980288e-06
7.729896746883645e-07 2.0647563747980288e-06
7.729896746883645e-07 2.0647563747980288e-06
7.729896746883645e-07 2.0647563747980288e-06
7.729896746883645e-07 2.0647563747980288e-06
7.729896746883645e-07 2.0647563747980288e-06
7.729896746883645e-07 2.0647563747980288e-06
7.729896746883645e-07 2.0647563747980288e-06
7.729896746883645e-07 2.0647563747980288e-06
7.729896746883645e-07 2.0647563747980288e-06
7.729896746883645e-07 2.0647563747980288e-06
7.729896746883645e-07 2.0647563747980288e-06
7.729896746883645e-07 2.0647563747980288e-06
7.729896746883645e-07 2.0647563747980288e-06
7.729896746883645e-07 2.0647563747980288e-06
8.973025150577512e-07 2.064177790494215e-06
8.973025150577512e-07 2.064177790494215e-06
8.973025150577512e-07 2.064177790494215e-06
8.973025150577512e-07 2.064177790494215e-06
8.973025150577512e-07 2.064177790494215e-06
8.973025150577512e-07 2.064177790494215e-06
7.91316845663727e-07 2.064758838475561e-06
7.91316845663727e-07 2.064758838475561e-06
7.91316845663727e-07 2.064758838475561e-06
7.91316845663727e-07 2.064758838475561e-06
7.91316845663727e-07 2.064758838475561e-06
7.91316845663727e-07 2.064758838475561e-06
7.91316845663727e-07 2.064758838475561e-06
7.91316845663727e-07 2.064758838475561e-06
7.91316845663727e-07 2.064758838475561e-06
7.91316845663727e-07 2.064758838475561e-06
7.91316845663727e-07 2.064758838475561e-06
7.91316845663727e-07 2.064758838475561e-06
7.91316845663727e-07 2.064758838475561e-06
7.91316845663727e-07 2.064758838475561e-06
7.91316845663727e-07 2.064758838475561e-06
7.91316845663727e-07 2.064758838475561e-06
7.91316845663727e-07 2.064758838475561e-06
7.91316845663727e-07 2.064758838475561e-06
7.91316845663727e-07 2.064758838475561e-06
7.91316845663727e-07 2.064758838475561e-06
7.91316845663727e-07 2.064758838475561e-06
7.91316845663727e-07 2.064758838475561e-06
7.91316845663727e-07 2.064758838475561e-06
7.91316845663727e-07 2.064758838475561e-06
7.91316845663727e-07 2.064758838475561e-06
7.91316845663727e-07 2.064758838475561e-06
7.91316845663727e-07 2.064758838475561e-06
7.91316845663727e-07 2.064758838475561e-06
7.91316845663727e-07 2.064758838475561e-06
7.91316845663727e-07 2.064758838475561e-06
7.91316845663727e-07 2.064758838475561e-06
7.91316845663727e-07 2.064758838475561e-06
7.91316845663727e-07 2.064758838475561e-06
7.91316845663727e-07 2.064758838475561e-06
7.91316845663727e-07 2.064758838475561e-06
7.91316845663727e-07 2.064758838475561e-06
7.91316845663727e-07 2.064758838475561e-06
7.91316845663727e-07 2.064758838475561e-06
7.91316845663727e-07 2.064758838475561e-06
7.91316845663727e-07 2.064758838475561e-06
7.91316845663727e-07 2.064758838475561e-06
7.91316845663727e-07 2.064758838475561e-06
7.91316845663727e-07 2.064758838475561e-06
7.91316845663727e-07 2.064758838475561e-06
7.91316845663727e-07 2.064758838475561e-06
7.91316845663727e-07 2.064758838475561e-06
7.91316845663727e-07 2.064758838475561e-06
7.91316845663727e-07 2.064758838475561e-06
7.91316845663727e-07 2.064758838475561e-06
7.91316845663727e-07 2.064758838475561e-06
7.91316845663727e-07 2.064758838475561e-06
7.91316845663727e-07 2.064758838475561e-06
7.91316845663727e-07 2.064758838475561e-06
7.91316845663727e-07 2.064758838475561e-06
9.419523387522398e-07 2.064757725584643e-06
9.419523387522398e-07 2.064757725584643e-06
9.419523387522398e-07 2.064757725584643e-06
9.419523387522398e-07 2.064757725584643e-06
9.419523387522398e-07 2.064757725584643e-06
9.419523387522398e-07 2.064757725584643e-06
9.526934333055212e-07 2.06475883111669e-06
9.526934333055212e-07 2.06475883111669e-06
9.526934333055212e-07 2.06475883111669e-06
9.526934333055212e-07 2.06475883111669e-06
9.526934333055212e-07 2.06475883111669e-06
9.526934333055212e-07 2.06475883111669e-06
6.572532650537611e-07 2.062911908174748e-06
6.572532650537611e-07 2.062911908174748e-06
6.572532650537611e-07 2.062911908174748e-06
6.572532650537611e-07 2.062911908174748e-06
6.572532650537611e-07 2.062911908174748e-06
6.572532650537611e-07 2.062911908174748e-06
6.572532650537611e-07 2.062911908174748e-06
6.572532650537611e-07 2.062911908174748e-06
6.572532650537611e-07 2.062911908174748e-06
6.572532650537611e-07 2.062911908174748e-06
6.572532650537611e-07 2.062911908174748e-06
6.572532650537611e-07 2.062911908174748e-06
6.572532650537611e-07 2.062911908174748e-06
6.572532650537611e-07 2.062911908174748e-06
6.572532650537611e-07 2.062911908174748e-06
6.572532650537611e-07 2.062911908174748e-06
6.572532650537611e-07 2.062911908174748e-06
6.572532650537611e-07 2.062911908174748e-06
6.566033821006251e-07 2.066202038809796e-06
6.566033821006251e-07 2.066202038809796e-06
6.566033821006251e-07 2.066202038809796e-06
6.566033821006251e-07 2.066202038809796e-06
6.566033821006251e-07 2.066202038809796e-06
6.566033821006251e-07 2.066202038809796e-06
4.343068214233547e-07 2.064752387604211e-06
4.343068214233547e-07 2.064752387604211e-06
4.343068214233547e-07 2.064752387604211e-06
4.343068214233547e-07 2.064752387604211e-06
4.343068214233547e-07 2.064752387604211e-06
4.343068214233547e-07 2.064752387604211e-06
1.1857723998351617e-06 2.0647575893559532e-06
1.1857723998351617e-06 2.0647575893559532e-06
1.1857723998351617e-06 2.0647575893559532e-06
1.1857723998351617e-06 2.0647575893559532e-06
1.1857723998351617e-06 2.0647575893559532e-06
1.1857723998351617e-06 2.0647575893559532e-06
1.2078139294101792e-06 2.064758692481486e-06
1.2078139294101792e-06 2.064758692481486e-06
1.2078139294101792e-06 2.064758692481486e-06
1.2078139294101792e-06 2.064758692481486e-06
1.2078139294101792e-06 2.064758692481486e-06
1.2078139294101792e-06 2.064758692481486e-06
7.439775217209693e-07 2.0647587951162157e-06
7.439775217209693e-07 2.0647587951162157e-06
7.439775217209693e-07 2.0647587951162157e-06
7.439775217209693e-07 2.0647587951162157e-06
7.439775217209693e-07 2.0647587951162157e-06
7.439775217209693e-07 2.0647587951162157e-06
7.439775217209693e-07 2.0647587951162157e-06
7.439775217209693e-07 2.0647587951162157e-06
7.439775217209693e-07 2.0647587951162157e-06
7.439775217209693e-07 2.0647587951162157e-06
7.439775217209693e-07 2.0647587951162157e-06
7.439775217209693e-07 2.0647587951162157e-06
6.430760216847844e-07 2.0647552408263433e-06
6.430760216847844e-07 2.0647552408263433e-06
6.430760216847844e-07 2.0647552408263433e-06
6.430760216847844e-07 2.0647552408263433e-06
6.430760216847844e-07 2.0647552408263433e-06
6.430760216847844e-07 2.0647552408263433e-06
7.27353045085971e-07 2.064760971836309e-06
7.27353045085971e-07 2.064760971836309e-06
7.27353045085971e-07 2.064760971836309e-06
7.27353045085971e-07 2.064760971836309e-06
7.27353045085971e-07 2.064760971836309e-06
7.27353045085971e-07 2.064760971836309e-06
7.843919828146538e-07 2.064758544633666e-06
7.843919828146538e-07 2.064758544633666e-06
7.843919828146538e-07 2.064758544633666e-06
7.843919828146538e-07 2.064758544633666e-06
7.843919828146538e-07 2.064758544633666e-06
7.843919828146538e-07 2.064758544633666e-06
7.843919828146538e-07 2.064758544633666e-06
7.843919828146538e-07 2.064758544633666e-06
7.843919828146538e-07 2.064758544633666e-06
7.843919828146538e-07 2.064758544633666e-06
7.843919828146538e-07 2.064758544633666e-06
7.843919828146538e-07 2.064758544633666e-06
6.566033821006251e-07 2.066202038809796e-06
6.566033821006251e-07 2.066202038809796e-06
6.566033821006251e-07 2.066202038809796e-06
6.566033821006251e-07 2.066202038809796e-06
6.566033821006251e-07 2.066202038809796e-06
6.566033821006251e-07 2.066202038809796e-06
6.566033821006251e-07 2.066202038809796e-06
6.566033821006251e-07 2.066202038809796e-06
6.566033821006251e-07 2.066202038809796e-06
6.566033821006251e-07 2.066202038809796e-06
6.566033821006251e-07 2.066202038809796e-06
6.566033821006251e-07 2.066202038809796e-06
4.814642951790527e-07 2.064759148103529e-06
4.814642951790527e-07 2.064759148103529e-06
4.814642951790527e-07 2.064759148103529e-06
4.814642951790527e-07 2.064759148103529e-06
4.814642951790527e-07 2.064759148103529e-06
4.814642951790527e-07 2.064759148103529e-06
4.814642951790527e-07 2.064759148103529e-06
4.814642951790527e-07 2.064759148103529e-06
4.814642951790527e-07 2.064759148103529e-06
4.814642951790527e-07 2.064759148103529e-06
4.814642951790527e-07 2.064759148103529e-06
4.814642951790527e-07 2.064759148103529e-06
1.1900836604041699e-06 2.0647630151532366e-06
1.1900836604041699e-06 2.0647630151532366e-06
1.1900836604041699e-06 2.0647630151532366e-06
1.1900836604041699e-06 2.0647630151532366e-06
1.1900836604041699e-06 2.0647630151532366e-06
1.1900836604041699e-06 2.0647630151532366e-06
1.1900836604041699e-06 2.0647630151532366e-06
1.1900836604041699e-06 2.0647630151532366e-06
1.1900836604041699e-06 2.0647630151532366e-06
1.1900836604041699e-06 2.0647630151532366e-06
1.1900836604041699e-06 2.0647630151532366e-06
1.1900836604041699e-06 2.0647630151532366e-06
7.657048923996122e-07 2.064757131004998e-06
7.657048923996122e-07 2.064757131004998e-06
7.657048923996122e-07 2.064757131004998e-06
7.657048923996122e-07 2.064757131004998e-06
7.657048923996122e-07 2.064757131004998e-06
7.657048923996122e-07 2.064757131004998e-06
7.657048923996122e-07 2.064757131004998e-06
7.657048923996122e-07 2.064757131004998e-06
7.657048923996122e-07 2.064757131004998e-06
7.657048923996122e-07 2.064757131004998e-06
7.657048923996122e-07 2.064757131004998e-06
7.657048923996122e-07 2.064757131004998e-06
7.657048923996122e-07 2.064757131004998e-06
7.657048923996122e-07 2.064757131004998e-06
7.657048923996122e-07 2.064757131004998e-06
7.657048923996122e-07 2.064757131004998e-06
7.657048923996122e-07 2.064757131004998e-06
7.657048923996122e-07 2.064757131004998e-06
7.530984103093648e-07 2.064759245460031e-06
7.530984103093648e-07 2.064759245460031e-06
7.530984103093648e-07 2.064759245460031e-06
7.530984103093648e-07 2.064759245460031e-06
7.530984103093648e-07 2.064759245460031e-06
7.530984103093648e-07 2.064759245460031e-06
7.530984103093648e-07 2.064759245460031e-06
7.530984103093648e-07 2.064759245460031e-06
7.530984103093648e-07 2.064759245460031e-06
7.530984103093648e-07 2.064759245460031e-06
7.530984103093648e-07 2.064759245460031e-06
7.530984103093648e-07 2.064759245460031e-06
7.439775217209693e-07 2.0647587951162157e-06
7.439775217209693e-07 2.0647587951162157e-06
7.439775217209693e-07 2.0647587951162157e-06
7.439775217209693e-07 2.0647587951162157e-06
7.439775217209693e-07 2.0647587951162157e-06
7.439775217209693e-07 2.0647587951162157e-06
7.439775217209693e-07 2.0647587951162157e-06
7.439775217209693e-07 2.0647587951162157e-06
7.439775217209693e-07 2.0647587951162157e-06
7.439775217209693e-07 2.0647587951162157e-06
7.439775217209693e-07 2.0647587951162157e-06
7.439775217209693e-07 2.0647587951162157e-06
7.560213289267536e-07 2.0647598998095374e-06
7.560213289267536e-07 2.0647598998095374e-06
7.560213289267536e-07 2.0647598998095374e-06
7.560213289267536e-07 2.0647598998095374e-06
7.560213289267536e-07 2.0647598998095374e-06
7.560213289267536e-07 2.0647598998095374e-06
1.1857723998351617e-06 2.064759999632821e-06
1.1857723998351617e-06 2.064759999632821e-06
1.1857723998351617e-06 2.064759999632821e-06
1.1857723998351617e-06 2.064759999632821e-06
1.1857723998351617e-06 2.064759999632821e-06
1.1857723998351617e-06 2.064759999632821e-06
1.1857723998351617e-06 2.064759999632821e-06
1.1857723998351617e-06 2.064759999632821e-06
1.1857723998351617e-06 2.064759999632821e-06
1.1857723998351617e-06 2.064759999632821e-06
1.1857723998351617e-06 2.064759999632821e-06
1.1857723998351617e-06 2.064759999632821e-06
1.1857723998351617e-06 2.064759999632821e-06
1.1857723998351617e-06 2.064759999632821e-06
1.1857723998351617e-06 2.064759999632821e-06
1.1857723998351617e-06 2.064759999632821e-06
1.1857723998351617e-06 2.064759999632821e-06
1.1857723998351617e-06 2.064759999632821e-06
1.1857723998351617e-06 2.064759999632821e-06
1.1857723998351617e-06 2.064759999632821e-06
1.1857723998351617e-06 2.064759999632821e-06
1.1857723998351617e-06 2.064759999632821e-06
1.1857723998351617e-06 2.064759999632821e-06
1.1857723998351617e-06 2.064759999632821e-06
1.2078139294101792e-06 2.064758692481486e-06
1.2078139294101792e-06 2.064758692481486e-06
1.2078139294101792e-06 2.064758692481486e-06
1.2078139294101792e-06 2.064758692481486e-06
1.2078139294101792e-06 2.064758692481486e-06
1.2078139294101792e-06 2.064758692481486e-06
1.2078139294101792e-06 2.064758692481486e-06
1.2078139294101792e-06 2.064758692481486e-06
1.2078139294101792e-06 2.064758692481486e-06
1.2078139294101792e-06 2.064758692481486e-06
1.2078139294101792e-06 2.064758692481486e-06
1.2078139294101792e-06 2.064758692481486e-06
1.2078139294101792e-06 2.064758692481486e-06
1.2078139294101792e-06 2.064758692481486e-06
1.2078139294101792e-06 2.064758692481486e-06
1.2078139294101792e-06 2.064758692481486e-06
1.2078139294101792e-06 2.064758692481486e-06
1.2078139294101792e-06 2.064758692481486e-06
7.862143348287866e-07 2.0647593200708953e-06
6.555990654256731e-07 2.0647639327353243e-06
6.555990654256731e-07 2.0647639327353243e-06
6.555990654256731e-07 2.0647639327353243e-06
9.039956788163448e-07 2.0668985360002476e-06
7.577693968300333e-07 2.064760222251752e-06
7.577693968300333e-07 2.064760222251752e-06
7.577693968300333e-07 2.064760222251752e-06
7.577693968300333e-07 2.064760222251752e-06
7.577693968300333e-07 2.064760222251752e-06
7.577693968300333e-07 2.064760222251752e-06
7.577693968300333e-07 2.064760222251752e-06
7.577693968300333e-07 2.064760222251752e-06
7.577693968300333e-07 2.064760222251752e-06
8.272281153539332e-07 2.0647605838679017e-06
8.458568949226858e-07 2.064756139103669e-06
5.700828915192184e-07 2.071391696009813e-06
5.700828915192184e-07 2.071391696009813e-06
5.700828915192184e-07 2.071391696009813e-06
5.66246102569005e-07 2.070408790384754e-06
3.8894588157208826e-07 2.064738633999269e-06
8.125336969346801e-07 2.0647529244627074e-06
9.558061409895327e-07 2.064752428691186e-06
7.822315186284563e-07 2.064758282529769e-06
7.822315186284563e-07 2.064758282529769e-06
6.695649798690465e-07 2.064763690251458e-06
6.229640680163014e-07 2.0647556456565637e-06
7.577857311836869e-07 2.0647586623970953e-06
7.577857311836869e-07 2.0647586623970953e-06
5.66246102569005e-07 2.070408790384754e-06
5.66246102569005e-07 2.070408790384754e-06
5.393270044545815e-07 2.064759070610575e-06
5.393270044545815e-07 2.064759070610575e-06
7.471283460143302e-07 2.0647344109277797e-06
7.471283460143302e-07 2.0647344109277797e-06
6.477869194463163e-07 2.064769758728663e-06
6.477869194463163e-07 2.064769758728663e-06
6.477869194463163e-07 2.064769758728663e-06
7.399867568896136e-07 2.064759143654844e-06
7.399867568896136e-07 2.064759143654844e-06
7.822315186284563e-07 2.064758282529769e-06
7.822315186284563e-07 2.064758282529769e-06
7.759439546623332e-07 2.0647592068319182e-06
8.125336969346801e-07 2.0647668421601827e-06
8.125336969346801e-07 2.0647668421601827e-06
8.125336969346801e-07 2.0647668421601827e-06
8.125336969346801e-07 2.0647668421601827e-06
9.558061409895327e-07 2.064752428691186e-06
9.558061409895327e-07 2.064752428691186e-06
9.558061409895327e-07 2.064752428691186e-06
7.961731891545999e-07 2.0647583473515533e-06
7.961731891545999e-07 2.0647583473515533e-06
8.119601119217903e-07 2.0647594908228645e-06
8.119601119217903e-07 2.0647594908228645e-06
8.119601119217903e-07 2.0647594908228645e-06
8.119601119217903e-07 2.0647594908228645e-06
8.119601119217903e-07 2.0647594908228645e-06
8.119601119217903e-07 2.0647594908228645e-06
9.080879592188881e-07 2.0647690506039225e-06
9.080879592188881e-07 2.0647690506039225e-06
7.996112101559418e-07 2.064758571000584e-06
7.996112101559418e-07 2.064758571000584e-06
7.996112101559418e-07 2.064758571000584e-06
7.996112101559418e-07 2.064758571000584e-06
7.996112101559418e-07 2.064758571000584e-06
7.996112101559418e-07 2.064758571000584e-06
7.996112101559418e-07 2.064758571000584e-06
7.996112101559418e-07 2.064758571000584e-06
7.996112101559418e-07 2.064758571000584e-06
7.996112101559418e-07 2.064758571000584e-06
7.996112101559418e-07 2.064758571000584e-06
7.996112101559418e-07 2.064758571000584e-06
7.996112101559418e-07 2.064758571000584e-06
7.996112101559418e-07 2.064758571000584e-06
7.996112101559418e-07 2.064758571000584e-06
7.996112101559418e-07 2.064758571000584e-06
7.996112101559418e-07 2.064758571000584e-06
7.996112101559418e-07 2.064758571000584e-06
9.820658378631343e-07 2.064758124858603e-06
9.820658378631343e-07 2.064758124858603e-06
9.914825656080347e-07 2.0647601138254185e-06
9.914825656080347e-07 2.0647601138254185e-06
6.739478191857309e-07 2.0638591162314752e-06
6.739478191857309e-07 2.0638591162314752e-06
6.739478191857309e-07 2.0638591162314752e-06
6.739478191857309e-07 2.0638591162314752e-06
6.739478191857309e-07 2.0638591162314752e-06
6.739478191857309e-07 2.0638591162314752e-06
6.737153582161295e-07 2.063081563160522e-06
6.737153582161295e-07 2.063081563160522e-06
4.446478281942623e-07 2.0647959849358367e-06
4.446478281942623e-07 2.0647959849358367e-06
1.2674541024264202e-06 2.0647603283492022e-06
1.2674541024264202e-06 2.0647603283492022e-06
1.275718837342257e-06 2.064758248503202e-06
1.275718837342257e-06 2.064758248503202e-06
7.316675168036741e-07 2.064759053624203e-06
7.316675168036741e-07 2.064759053624203e-06
7.316675168036741e-07 2.064759053624203e-06
7.316675168036741e-07 2.064759053624203e-06
6.338186876574844e-07 2.064755206378542e-06
6.338186876574844e-07 2.064755206378542e-06
7.628710416652893e-07 2.0647620202905518e-06
7.628710416652893e-07 2.0647620202905518e-06
7.903739119467303e-07 2.0647590047612874e-06
7.903739119467303e-07 2.0647590047612874e-06
7.903739119467303e-07 2.0647590047612874e-06
7.903739119467303e-07 2.0647590047612874e-06
6.737153582161295e-07 2.063081563160522e-06
6.737153582161295e-07 2.063081563160522e-06
6.737153582161295e-07 2.063081563160522e-06
6.737153582161295e-07 2.063081563160522e-06
4.5999911330240257e-07 2.064758933450296e-06
4.5999911330240257e-07 2.064758933450296e-06
4.5999911330240257e-07 2.064758933450296e-06
4.5999911330240257e-07 2.064758933450296e-06
1.2819575648734688e-06 2.0647705589629103e-06
1.2819575648734688e-06 2.0647705589629103e-06
1.2819575648734688e-06 2.0647705589629103e-06
1.2819575648734688e-06 2.0647705589629103e-06
8.044927704030745e-07 2.0647620665921835e-06
8.044927704030745e-07 2.0647620665921835e-06
8.044927704030745e-07 2.0647620665921835e-06
8.044927704030745e-07 2.0647620665921835e-06
8.044927704030745e-07 2.0647620665921835e-06
8.044927704030745e-07 2.0647620665921835e-06
7.554308526811905e-07 2.064758733208964e-06
7.554308526811905e-07 2.064758733208964e-06
7.554308526811905e-07 2.064758733208964e-06
7.554308526811905e-07 2.064758733208964e-06
7.316675168036741e-07 2.064759053624203e-06
7.316675168036741e-07 2.064759053624203e-06
7.316675168036741e-07 2.064759053624203e-06
7.316675168036741e-07 2.064759053624203e-06
7.477118871853501e-07 2.064758923265912e-06
7.477118871853501e-07 2.064758923265912e-06
1.2674541024264202e-06 2.0647602967347952e-06
1.2674541024264202e-06 2.0647602967347952e-06
1.2674541024264202e-06 2.0647602967347952e-06
1.2674541024264202e-06 2.0647602967347952e-06
1.2674541024264202e-06 2.0647602967347952e-06
1.2674541024264202e-06 2.0647602967347952e-06
1.2674541024264202e-06 2.0647602967347952e-06
1.2674541024264202e-06 2.0647602967347952e-06
1.275718837342257e-06 2.064758248503202e-06
1.275718837342257e-06 2.064758248503202e-06
1.275718837342257e-06 2.064758248503202e-06
1.275718837342257e-06 2.064758248503202e-06
1.275718837342257e-06 2.064758248503202e-06
1.275718837342257e-06 2.064758248503202e-06
7.901625741473729e-07 2.064756624213608e-06
6.067911218494684e-07 2.0647710393210405e-06
6.067911218494684e-07 2.0647710393210405e-06
6.067911218494684e-07 2.0647710393210405e-06
9.035376034740803e-07 2.0678852076597467e-06
7.502285785648404e-07 2.0647594436326604e-06
7.502285785648404e-07 2.0647594436326604e-06
7.502285785648404e-07 2.0647594436326604e-06
7.502285785648404e-07 2.0647594436326604e-06
7.502285785648404e-07 2.0647594436326604e-06
7.502285785648404e-07 2.0647594436326604e-06
7.502285785648404e-07 2.0647594436326604e-06
7.502285785648404e-07 2.0647594436326604e-06
7.502285785648404e-07 2.0647594436326604e-06
7.822716715849676e-07 2.0647549436215984e-06
7.990303522888557e-07 2.0647548389212555e-06
5.65995374843323e-07 2.070025534705891e-06
5.65995374843323e-07 2.070025534705891e-06
5.65995374843323e-07 2.070025534705891e-06
5.621860958202608e-07 2.0576199880284214e-06
3.9011317924544954e-07 2.064727238168411e-06
7.78133755822606e-07 2.0647761682833656e-06
9.040998218707965e-07 2.0647557288635302e-06
7.997815237290558e-07 2.0647568369744134e-06
7.997815237290558e-07 2.0647568369744134e-06
6.886803254570767e-07 2.0647521577592834e-06
5.805802717178364e-07 2.0647466236015913e-06
7.536656524385684e-07 2.0647599463255265e-06
7.536656524385684e-07 2.0647599463255265e-06
5.621860958202608e-07 2.0576199880284214e-06
5.621860958202608e-07 2.0576199880284214e-06
5.689902482445528e-07 2.064763277973597e-06
5.689902482445528e-07 2.064763277973597e-06
7.225960223943964e-07 2.064750658855867e-06
7.225960223943964e-07 2.064750658855867e-06
6.015013419412655e-07 2.0647672943107733e-06
6.015013419412655e-07 2.0647672943107733e-06
6.015013419412655e-07 2.0647672943107733e-06
7.37339198228466e-07 2.0647585810829136e-06
7.37339198228466e-07 2.0647585810829136e-06
7.997815237290558e-07 2.0647568369744134e-06
7.997815237290558e-07 2.0647568369744134e-06
7.902359509180712e-07 2.064761935446979e-06
7.78133755822606e-07 2.064777066875907e-06
7.78133755822606e-07 2.064777066875907e-06
7.78133755822606e-07 2.064777066875907e-06
7.78133755822606e-07 2.064777066875907e-06
9.040998218707965e-07 2.0647557288635302e-06
9.040998218707965e-07 2.0647557288635302e-06
9.040998218707965e-07 2.0647557288635302e-06
8.03706094278357e-07 2.0647582870777755e-06
8.03706094278357e-07 2.0647582870777755e-06
7.796810553567907e-07 2.064758749105417e-06
7.796810553567907e-07 2.064758749105417e-06
7.796810553567907e-07 2.064758749105417e-06
7.796810553567907e-07 2.064758749105417e-06
7.796810553567907e-07 2.064758749105417e-06
7.796810553567907e-07 2.064758749105417e-06
9.174956094789726e-07 2.066120356481882e-06
9.174956094789726e-07 2.066120356481882e-06
7.984740050619541e-07 2.0647583774447425e-06
7.984740050619541e-07 2.0647583774447425e-06
7.984740050619541e-07 2.0647583774447425e-06
7.984740050619541e-07 2.0647583774447425e-06
7.984740050619541e-07 2.0647583774447425e-06
7.984740050619541e-07 2.0647583774447425e-06
7.984740050619541e-07 2.0647583774447425e-06
7.984740050619541e-07 2.0647583774447425e-06
7.984740050619541e-07 2.0647583774447425e-06
7.984740050619541e-07 2.0647583774447425e-06
7.984740050619541e-07 2.0647583774447425e-06
7.984740050619541e-07 2.0647583774447425e-06
7.984740050619541e-07 2.0647583774447425e-06
7.984740050619541e-07 2.0647583774447425e-06
7.984740050619541e-07 2.0647583774447425e-06
7.984740050619541e-07 2.0647583774447425e-06
7.984740050619541e-07 2.0647583774447425e-06
7.984740050619541e-07 2.0647583774447425e-06
9.52516554540564e-07 2.0647565624999683e-06
9.52516554540564e-07 2.0647565624999683e-06
9.633150217233874e-07 2.0647607801492435e-06
9.633150217233874e-07 2.0647607801492435e-06
6.886335537939129e-07 2.064017724540153e-06
6.886335537939129e-07 2.064017724540153e-06
6.886335537939129e-07 2.064017724540153e-06
6.886335537939129e-07 2.064017724540153e-06
6.886335537939129e-07 2.064017724540153e-06
6.886335537939129e-07 2.064017724540153e-06
6.889855178103155e-07 2.0673096188376652e-06
6.889855178103155e-07 2.0673096188376652e-06
4.6429756778754086e-07 2.0647133261525885e-06
4.6429756778754086e-07 2.0647133261525885e-06
1.2008521678839727e-06 2.0647574101515562e-06
1.2008521678839727e-06 2.0647574101515562e-06
1.2186985490704518e-06 2.064758437410904e-06
1.2186985490704518e-06 2.064758437410904e-06
7.543059020649881e-07 2.0647604380532847e-06
7.543059020649881e-07 2.0647604380532847e-06
7.543059020649881e-07 2.0647604380532847e-06
7.543059020649881e-07 2.0647604380532847e-06
6.568314036449404e-07 2.0647649192145395e-06
6.568314036449404e-07 2.0647649192145395e-06
7.347190535052265e-07 2.064757596603341e-06
7.347190535052265e-07 2.064757596603341e-06
7.916926055589764e-07 2.0647581634915646e-06
7.916926055589764e-07 2.0647581634915646e-06
7.916926055589764e-07 2.0647581634915646e-06
7.916926055589764e-07 2.0647581634915646e-06
6.889855178103155e-07 2.0673096188376652e-06
6.889855178103155e-07 2.0673096188376652e-06
6.889855178103155e-07 2.0673096188376652e-06
6.889855178103155e-07 2.0673096188376652e-06
4.884256171296076e-07 2.064757212513187e-06
4.884256171296076e-07 2.064757212513187e-06
4.884256171296076e-07 2.064757212513187e-06
4.884256171296076e-07 2.064757212513187e-06
1.194782260990005e-06 2.0647750577492724e-06
1.194782260990005e-06 2.0647750577492724e-06
1.194782260990005e-06 2.0647750577492724e-06
1.194782260990005e-06 2.0647750577492724e-06
7.731467481439847e-07 2.0647537827665906e-06
7.731467481439847e-07 2.0647537827665906e-06
7.731467481439847e-07 2.0647537827665906e-06
7.731467481439847e-07 2.0647537827665906e-06
7.731467481439847e-07 2.0647537827665906e-06
7.731467481439847e-07 2.0647537827665906e-06
7.59634346674963e-07 2.0647587038140935e-06
7.59634346674963e-07 2.0647587038140935e-06
7.59634346674963e-07 2.0647587038140935e-06
7.59634346674963e-07 2.0647587038140935e-06
7.543059020649881e-07 2.0647604380532847e-06
7.543059020649881e-07 2.0647604380532847e-06
7.543059020649881e-07 2.0647604380532847e-06
7.543059020649881e-07 2.0647604380532847e-06
7.669081242136601e-07 2.0647597296860955e-06
7.669081242136601e-07 2.0647597296860955e-06
1.2008521678839727e-06 2.0647512512994113e-06
1.2008521678839727e-06 2.0647512512994113e-06
1.2008521678839727e-06 2.0647512512994113e-06
1.2008521678839727e-06 2.0647512512994113e-06
1.2008521678839727e-06 2.0647512512994113e-06
1.2008521678839727e-06 2.0647512512994113e-06
1.2008521678839727e-06 2.0647512512994113e-06
1.2008521678839727e-06 2.0647512512994113e-06
1.2186985490704518e-06 2.064758437410904e-06
1.2186985490704518e-06 2.064758437410904e-06
1.2186985490704518e-06 2.064758437410904e-06
1.2186985490704518e-06 2.064758437410904e-06
1.2186985490704518e-06 2.064758437410904e-06
1.2186985490704518e-06 2.064758437410904e-06
8.04558207586125e-07 2.0647592476920824e-06
7.823041206373814e-07 2.064762721923169e-06
7.823041206373814e-07 2.064762721923169e-06
7.823041206373814e-07 2.064762721923169e-06
9.244298457567043e-07 2.06454243677875e-06
7.997117901161872e-07 2.064759927209274e-06
7.997117901161872e-07 2.064759927209274e-06
7.997117901161872e-07 2.064759927209274e-06
7.997117901161872e-07 2.064759927209274e-06
7.997117901161872e-07 2.064759927209274e-06
7.997117901161872e-07 2.064759927209274e-06
7.997117901161872e-07 2.064759927209274e-06
7.997117901161872e-07 2.064759927209274e-06
7.997117901161872e-07 2.064759927209274e-06
9.568763131580011e-07 2.0647612056986657e-06
9.667242667231336e-07 2.064759976562133e-06
7.016391573219402e-07 2.0689988093422143e-06
7.016391573219402e-07 2.0689988093422143e-06
7.016391573219402e-07 2.0689988093422143e-06
7.018133365671586e-07 2.0630058289044863e-06
4.6908505573659884e-07 2.064795011938604e-06
1.2257684657668664e-06 2.064765149015727e-06
1.2324374121377062e-06 2.064757062912469e-06
7.536587893917644e-07 2.06475942157996e-06
7.536587893917644e-07 2.06475942157996e-06
6.576972079770232e-07 2.0647606555968667e-06
7.37636988244244e-07 2.0647546904267567e-06
7.929044635692631e-07 2.0647584319990946e-06
7.929044635692631e-07 2.0647584319990946e-06
7.018133365671586e-07 2.0630058289044863e-06
7.018133365671586e-07 2.0630058289044863e-06
4.870624120482132e-07 2.0647580873404037e-06
4.870624120482132e-07 2.0647580873404037e-06
1.2349947601063817e-06 2.064745239920015e-06
1.2349947601063817e-06 2.064745239920015e-06
7.759866134706803e-07 2.0647532925245977e-06
7.759866134706803e-07 2.0647532925245977e-06
7.759866134706803e-07 2.0647532925245977e-06
7.600315010271508e-07 2.064759236102252e-06
7.600315010271508e-07 2.064759236102252e-06
7.536587893917644e-07 2.06475942157996e-06
7.536587893917644e-07 2.06475942157996e-06
7.673948003121766e-07 2.0647589777697025e-06
1.2257684657668664e-06 2.0647569578449198e-06
1.2257684657668664e-06 2.0647569578449198e-06
1.2257684657668664e-06 2.0647569578449198e-06
1.2257684657668664e-06 2.0647569578449198e-06
1.2324374121377062e-06 2.064757062912469e-06
1.2324374121377062e-06 2.064757062912469e-06
1.2324374121377062e-06 2.064757062912469e-06