1.263754122743154e-06 1.0207835742347604e-06
1.263754122743154e-06 1.0207835742347604e-06
1.1059111425325627e-06 1.0207848902582558e-06
1.1059111425325627e-06 1.0207848902582558e-06
1.1059111425325627e-06 1.0207848902582558e-06
1.1059111425325627e-06 1.0207848902582558e-06
1.1059111425325627e-06 1.0207848902582558e-06
1.1059111425325627e-06 1.0207848902582558e-06
1.1059111425325627e-06 1.0207848902582558e-06
1.1059111425325627e-06 1.0207848902582558e-06
1.1059111425325627e-06 1.0207848902582558e-06
1.1059111425325627e-06 1.0207848902582558e-06
1.1059111425325627e-06 1.0207848902582558e-06
1.1059111425325627e-06 1.0207848902582558e-06
1.1059111425325627e-06 1.0207848902582558e-06
1.1059111425325627e-06 1.0207848902582558e-06
1.0546969434692894e-06 1.0207847803494245e-06
1.0546969434692894e-06 1.0207847803494245e-06
1.4334616188383754e-06 1.020796752263779e-06
7.617912533213615e-07 1.0207851928794238e-06
7.617912533213615e-07 1.0207851928794238e-06
7.849072188575972e-07 1.020785368601033e-06
5.826616454586718e-07 1.020785484811668e-06
5.826616454586718e-07 1.020785484811668e-06
5.826616454586718e-07 1.020785484811668e-06
5.826616454586718e-07 1.020785484811668e-06
5.826616454586718e-07 1.020785484811668e-06
5.826616454586718e-07 1.020785484811668e-06
5.826616454586718e-07 1.020785484811668e-06
5.826616454586718e-07 1.020785484811668e-06
5.826616454586718e-07 1.020785484811668e-06
5.826616454586718e-07 1.020785484811668e-06
5.826616454586718e-07 1.020785484811668e-06
1.0908880716899766e-06 1.0207853755189843e-06
1.0908880716899766e-06 1.0207853755189843e-06