7.776832636134097e-06 2.074048884176718e-06
7.93494579872459e-06 2.0741255559695946e-06
7.93494579872459e-06 2.0741255559695946e-06
7.380303510457907e-06 2.0741281092326537e-06
9.076867084859366e-06 2.0739897182548554e-06
9.556688956936506e-06 2.074849504249292e-06
8.210811138989909e-06 2.074118613936213e-06
7.720176408441251e-06 2.0741615653759875e-06
7.322647492036324e-06 2.0750554037733813e-06
7.564250043721011e-06 2.0741247510825983e-06
6.9372402688169025e-06 2.074116076448489e-06
6.9372402688169025e-06 2.074116076448489e-06
6.9372402688169025e-06 2.074116076448489e-06
5.223756310704206e-06 2.0741250682963807e-06
5.223756310704206e-06 2.0741250682963807e-06
5.223756310704206e-06 2.0741250682963807e-06
5.223756310704206e-06 2.0741250682963807e-06
5.223756310704206e-06 2.0741250682963807e-06
5.223756310704206e-06 2.0741250682963807e-06
5.223756310704206e-06 2.0741250682963807e-06
5.223756310704206e-06 2.0741250682963807e-06
7.934861082371131e-06 2.0741242774508113e-06
7.934861082371131e-06 2.0741242774508113e-06
8.378608127190317e-06 2.0740480946300377e-06
4.149677865859442e-06 2.074153438211813e-06
4.149677865859442e-06 2.074153438211813e-06
7.895883860819825e-06 2.0741229751794983e-06
7.895883860819825e-06 2.0741229751794983e-06
7.895883860819825e-06 2.0741229751794983e-06
7.895883860819825e-06 2.0741229751794983e-06
7.895883860819825e-06 2.0741229751794983e-06
7.895883860819825e-06 2.0741229751794983e-06