5.526168618877834e-08 5.526168618877834e-08
5.526168618877834e-08 5.526168618877834e-08
5.526168618877834e-08 5.526168618877834e-08
5.526168618877834e-08 5.526168618877834e-08
5.526168618877834e-08 5.526168618877834e-08
5.526168618877834e-08 5.526168618877834e-08
5.526168618877834e-08 5.526168618877834e-08
5.526168618877834e-08 5.526168618877834e-08
5.526168618877834e-08 5.526168618877834e-08
5.526168618877834e-08 5.526168618877834e-08
5.526168618877834e-08 5.526168618877834e-08
5.526168618877834e-08 5.526168618877834e-08
5.526168618877834e-08 5.526168618877834e-08
5.526168618877834e-08 5.526168618877834e-08
5.526168618877834e-08 5.526168618877834e-08
5.526168618877834e-08 5.526168618877834e-08
5.526168618877834e-08 5.526168618877834e-08
5.526168618877834e-08 5.526168618877834e-08
5.526168618877834e-08 5.526168618877834e-08
5.526168618877834e-08 5.526168618877834e-08
5.526168618877834e-08 5.526168618877834e-08
5.526168618877834e-08 5.526168618877834e-08
5.526168618877834e-08 5.526168618877834e-08
5.526168618877834e-08 5.526168618877834e-08
5.526168618877834e-08 5.526168618877834e-08
5.526168618877834e-08 5.526168618877834e-08
5.526168618877834e-08 5.526168618877834e-08
5.526168618877834e-08 5.526168618877834e-08
5.526168618877834e-08 5.526168618877834e-08
5.526168618877834e-08 5.526168618877834e-08
5.526168618877834e-08 5.526168618877834e-08
5.526168618877834e-08 5.526168618877834e-08
5.526168618877834e-08 5.526168618877834e-08
5.526168618877834e-08 5.526168618877834e-08
5.526168618877834e-08 5.526168618877834e-08
5.526168618877834e-08 5.526168618877834e-08
5.526168618877834e-08 5.526168618877834e-08
5.526168618877834e-08 5.526168618877834e-08
5.526168618877834e-08 5.526168618877834e-08
5.526168618877834e-08 5.526168618877834e-08
5.526168618877834e-08 5.526168618877834e-08
5.526168618877834e-08 5.526168618877834e-08
5.526168618877834e-08 5.526168618877834e-08
5.526168618877834e-08 5.526168618877834e-08
5.526168618877834e-08 5.526168618877834e-08
5.526168618877834e-08 5.526168618877834e-08
5.526168618877834e-08 5.526168618877834e-08
5.526168618877834e-08 5.526168618877834e-08
5.526168618877834e-08 5.526168618877834e-08
5.526168618877834e-08 5.526168618877834e-08