1.347211572327062e-06 1.0207853173135782e-06
1.3378057578509256e-06 1.020785055493633e-06
4.578305622849735e-06 1.0209005795007194e-06
4.578305622849735e-06 1.0209005795007194e-06
4.578305622849735e-06 1.0209005795007194e-06
4.578305622849735e-06 1.0209005795007194e-06
4.578305622849735e-06 1.0209005795007194e-06
4.578305622849735e-06 1.0209005795007194e-06
1.2937867433648875e-06 1.0206686252978236e-06
1.2937867433648875e-06 1.0206686252978236e-06
1.390344148925726e-06 1.0206686252978236e-06
1.390344148925726e-06 1.0206686252978236e-06
1.0215017614129531e-06 1.020787348527699e-06
1.0215017614129531e-06 1.020787348527699e-06
1.0215017614129531e-06 1.020787348527699e-06
1.0215017614129531e-06 1.020787348527699e-06
1.0215017614129531e-06 1.020787348527699e-06
1.0215017614129531e-06 1.020787348527699e-06
1.0215017614129531e-06 1.020787348527699e-06
1.4054319230833887e-06 1.0207850476020305e-06
1.3487410046556674e-06 1.0207852665969733e-06
1.3273440478269485e-06 1.0207851196149376e-06
1.3273440478269485e-06 1.0207851196149376e-06
1.120277191087967e-06 1.020785181502581e-06
1.120277191087967e-06 1.020785181502581e-06
1.2780279326849703e-06 1.0207847399445667e-06
1.1186026308983561e-06 1.0209005795007194e-06
1.4356457372341212e-06 1.0207847399445667e-06
1.3726797978604373e-06 1.0207853167696522e-06
1.5199115977358144e-06 1.0206428016253945e-06
1.5199115977358144e-06 1.0206428016253945e-06
1.120277191087967e-06 1.020785179664915e-06
1.3738381151630947e-06 1.0207852558522327e-06
1.3738381151630947e-06 1.0207852558522327e-06
1.3738381151630947e-06 1.0207852558522327e-06
1.3738381151630947e-06 1.0207852558522327e-06
1.3738381151630947e-06 1.0207852558522327e-06
1.3738381151630947e-06 1.0207852558522327e-06
1.3738381151630947e-06 1.0207852558522327e-06
1.3738381151630947e-06 1.0207852558522327e-06
6.847465175951337e-07 1.0122585204941162e-06
6.847465175951337e-07 1.0122585204941162e-06
6.847465175951337e-07 1.0122585204941162e-06
6.847465175951337e-07 1.0122585204941162e-06
6.847465175951337e-07 1.0122585204941162e-06
6.847465175951337e-07 1.0122585204941162e-06
6.847465175951337e-07 1.0122585204941162e-06
6.847465175951337e-07 1.0122585204941162e-06
6.847465175951337e-07 1.0122585204941162e-06
6.847465175951337e-07 1.0122585204941162e-06
6.847465175951337e-07 1.0122585204941162e-06
6.847465175951337e-07 1.0122585204941162e-06
6.847465175951337e-07 1.0122585204941162e-06
6.847465175951337e-07 1.0122585204941162e-06
7.256304597484231e-06 1.0122585204941162e-06
9.732904009116662e-07 1.0215659034917058e-06
9.732904009116662e-07 1.0215659034917058e-06
9.732904009116662e-07 1.0215659034917058e-06
9.732904009116662e-07 1.0215659034917058e-06
9.732904009116662e-07 1.0215659034917058e-06
9.732904009116662e-07 1.0215659034917058e-06
9.732904009116662e-07 1.0215659034917058e-06
2.447672544833084e-06 1.0122585204941162e-06
2.447672544833084e-06 1.0122585204941162e-06
2.447672544833084e-06 1.0122585204941162e-06
1.2141323147888048e-06 1.0198589527606198e-06
1.2141323147888048e-06 1.0198589527606198e-06
1.2141323147888048e-06 1.0198589527606198e-06
9.15309471473152e-07 1.0122585204941162e-06
9.15309471473152e-07 1.0122585204941162e-06
9.15309471473152e-07 1.0122585204941162e-06
9.15309471473152e-07 1.0122585204941162e-06
9.15309471473152e-07 1.0122585204941162e-06
9.15309471473152e-07 1.0122585204941162e-06
9.15309471473152e-07 1.0122585204941162e-06
9.15309471473152e-07 1.0122585204941162e-06
1.1913902875518966e-06 1.0122585204941162e-06
1.1913902875518966e-06 1.0122585204941162e-06
1.1913902875518966e-06 1.0122585204941162e-06
9.912358298838126e-07 1.0222808820831668e-06
9.912358298838126e-07 1.0222808820831668e-06
1.4365149361242605e-06 1.0197567317570355e-06
1.2923006894951496e-06 1.0273668566208942e-06
1.4365149361242605e-06 1.0197567317570355e-06
1.2141323147888048e-06 1.0198589527606198e-06
1.2141323147888048e-06 1.0198589527606198e-06
1.347129556886191e-06 1.021351622074087e-06
1.4365149361242605e-06 1.0197567317570355e-06
1.4365149361242605e-06 1.0197567317570355e-06
1.4365149361242605e-06 1.0197567317570355e-06
1.4365149361242605e-06 1.0197567317570355e-06
1.4365149361242605e-06 1.0197567317570355e-06
1.4365149361242605e-06 1.0197567317570355e-06
1.4365149361242605e-06 1.0197567317570355e-06
1.5081027311394374e-06 1.0197567317570355e-06
1.6590075706463031e-06 1.0222808820831668e-06
1.6590075706463031e-06 1.0197567317570355e-06
1.2692444080552973e-06 1.0182482158816554e-06
1.2692444080552973e-06 1.0182482158816554e-06
1.347129556886191e-06 1.021351622074087e-06
1.347129556886191e-06 1.021351622074087e-06
1.3458195119372032e-06 1.0197567317570355e-06
1.329558831813398e-06 1.020836982532202e-06
1.329558831813398e-06 1.020836982532202e-06
1.329558831813398e-06 1.020836982532202e-06
1.329558831813398e-06 1.020836982532202e-06
1.329558831813398e-06 1.020836982532202e-06
1.329558831813398e-06 1.020836982532202e-06
1.329558831813398e-06 1.020836982532202e-06