6.847465175951337e-07 1.0122585204941162e-06
6.847465175951337e-07 1.0122585204941162e-06
6.847465175951337e-07 1.0122585204941162e-06
6.847465175951337e-07 1.0122585204941162e-06
6.847465175951337e-07 1.0122585204941162e-06
6.847465175951337e-07 1.0122585204941162e-06
6.847465175951337e-07 1.0122585204941162e-06
6.847465175951337e-07 1.0122585204941162e-06
6.847465175951337e-07 1.0122585204941162e-06
6.847465175951337e-07 1.0122585204941162e-06
6.847465175951337e-07 1.0122585204941162e-06
6.847465175951337e-07 1.0122585204941162e-06
6.847465175951337e-07 1.0122585204941162e-06
6.847465175951337e-07 1.0122585204941162e-06
7.256304597484231e-06 1.0122585204941162e-06
9.732904009116662e-07 1.0215659034917058e-06
9.732904009116662e-07 1.0215659034917058e-06
9.732904009116662e-07 1.0215659034917058e-06
9.732904009116662e-07 1.0215659034917058e-06
9.732904009116662e-07 1.0215659034917058e-06
9.732904009116662e-07 1.0215659034917058e-06
9.732904009116662e-07 1.0215659034917058e-06
2.447672544833084e-06 1.0122585204941162e-06
2.447672544833084e-06 1.0122585204941162e-06
2.447672544833084e-06 1.0122585204941162e-06
1.2141323147888048e-06 1.0198589527606198e-06
1.2141323147888048e-06 1.0198589527606198e-06
1.2141323147888048e-06 1.0198589527606198e-06
9.15309471473152e-07 1.0122585204941162e-06
9.15309471473152e-07 1.0122585204941162e-06
9.15309471473152e-07 1.0122585204941162e-06
9.15309471473152e-07 1.0122585204941162e-06
9.15309471473152e-07 1.0122585204941162e-06
9.15309471473152e-07 1.0122585204941162e-06
9.15309471473152e-07 1.0122585204941162e-06
9.15309471473152e-07 1.0122585204941162e-06
1.1913902875518966e-06 1.0122585204941162e-06
1.1913902875518966e-06 1.0122585204941162e-06
1.1913902875518966e-06 1.0122585204941162e-06
9.912358298838126e-07 1.0222808820831668e-06
9.912358298838126e-07 1.0222808820831668e-06
1.4365149361242605e-06 1.0197567317570355e-06
1.2923006894951496e-06 1.0273668566208942e-06
1.4365149361242605e-06 1.0197567317570355e-06
1.2141323147888048e-06 1.0198589527606198e-06
1.2141323147888048e-06 1.0198589527606198e-06
1.347129556886191e-06 1.021351622074087e-06
1.4365149361242605e-06 1.0197567317570355e-06
1.4365149361242605e-06 1.0197567317570355e-06
1.4365149361242605e-06 1.0197567317570355e-06
1.4365149361242605e-06 1.0197567317570355e-06
1.4365149361242605e-06 1.0197567317570355e-06
1.4365149361242605e-06 1.0197567317570355e-06
1.4365149361242605e-06 1.0197567317570355e-06
1.5081027311394374e-06 1.0197567317570355e-06
1.6590075706463031e-06 1.0222808820831668e-06
1.6590075706463031e-06 1.0197567317570355e-06
1.2692444080552973e-06 1.0182482158816554e-06
1.2692444080552973e-06 1.0182482158816554e-06
1.347129556886191e-06 1.021351622074087e-06
1.347129556886191e-06 1.021351622074087e-06
1.3458195119372032e-06 1.0197567317570355e-06
1.329558831813398e-06 1.020836982532202e-06
1.329558831813398e-06 1.020836982532202e-06
1.329558831813398e-06 1.020836982532202e-06
1.329558831813398e-06 1.020836982532202e-06
1.329558831813398e-06 1.020836982532202e-06
1.329558831813398e-06 1.020836982532202e-06
1.329558831813398e-06 1.020836982532202e-06