5.263638065643232e-06 6.124712767103985e-06
5.263638065643232e-06 6.124712767103985e-06
5.263638065643232e-06 6.124712767103985e-06
5.263638065643232e-06 6.124712767103985e-06
5.263638065643232e-06 6.124712767103985e-06
5.263638065643232e-06 6.124712767103985e-06
5.263638065643232e-06 6.124712767103985e-06
5.263638065643232e-06 6.124712767103985e-06
5.263638065643232e-06 6.124712767103985e-06
5.263638065643232e-06 6.124712767103985e-06
5.263638065643232e-06 6.124712767103985e-06
5.263638065643232e-06 6.124712767103985e-06
5.263638065643232e-06 6.124712767103985e-06
5.263638065643232e-06 6.124712767103985e-06
5.263638065643232e-06 6.124712767103985e-06
5.263638065643232e-06 6.124712767103985e-06
5.263638065643232e-06 6.124712767103985e-06
5.263638065643232e-06 6.124712767103985e-06
5.263638065643232e-06 6.124712767103985e-06
5.263638065643232e-06 6.124712767103985e-06
5.263638065643232e-06 6.124712767103985e-06
5.263638065643232e-06 6.124712767103985e-06
5.263638065643232e-06 6.124712767103985e-06
5.263638065643232e-06 6.124712767103985e-06
5.263638065643232e-06 6.124712767103985e-06
5.263638065643232e-06 6.124712767103985e-06