1.347211572327062e-06 1.0207853173135782e-06
1.3378057578509256e-06 1.020785055493633e-06
4.578305622849735e-06 1.0209005795007194e-06
4.578305622849735e-06 1.0209005795007194e-06
4.578305622849735e-06 1.0209005795007194e-06
4.578305622849735e-06 1.0209005795007194e-06
4.578305622849735e-06 1.0209005795007194e-06
4.578305622849735e-06 1.0209005795007194e-06
1.2937867433648875e-06 1.0206686252978236e-06
1.2937867433648875e-06 1.0206686252978236e-06
1.390344148925726e-06 1.0206686252978236e-06
1.390344148925726e-06 1.0206686252978236e-06
1.0215017614129531e-06 1.020787348527699e-06
1.0215017614129531e-06 1.020787348527699e-06
1.0215017614129531e-06 1.020787348527699e-06
1.0215017614129531e-06 1.020787348527699e-06
1.0215017614129531e-06 1.020787348527699e-06
1.0215017614129531e-06 1.020787348527699e-06
1.0215017614129531e-06 1.020787348527699e-06
1.4054319230833887e-06 1.0207850476020305e-06
1.3487410046556674e-06 1.0207852665969733e-06
1.3273440478269485e-06 1.0207851196149376e-06
1.3273440478269485e-06 1.0207851196149376e-06
1.120277191087967e-06 1.020785181502581e-06
1.120277191087967e-06 1.020785181502581e-06
1.2780279326849703e-06 1.0207847399445667e-06
1.1186026308983561e-06 1.0209005795007194e-06
1.4356457372341212e-06 1.0207847399445667e-06
1.3726797978604373e-06 1.0207853167696522e-06
1.5199115977358144e-06 1.0206428016253945e-06
1.5199115977358144e-06 1.0206428016253945e-06
1.120277191087967e-06 1.020785179664915e-06
1.3738381151630947e-06 1.0207852558522327e-06
1.3738381151630947e-06 1.0207852558522327e-06
1.3738381151630947e-06 1.0207852558522327e-06
1.3738381151630947e-06 1.0207852558522327e-06
1.3738381151630947e-06 1.0207852558522327e-06
1.3738381151630947e-06 1.0207852558522327e-06
1.3738381151630947e-06 1.0207852558522327e-06
1.3738381151630947e-06 1.0207852558522327e-06