3.6951646212192008e-06 1.00530779260472e-05
3.6951646212192008e-06 1.00530779260472e-05
3.6951646212192008e-06 1.00530779260472e-05
3.6951646212192008e-06 1.00530779260472e-05
3.6951646212192008e-06 1.00530779260472e-05
3.6951646212192008e-06 1.00530779260472e-05
3.6951646212192008e-06 1.00530779260472e-05
3.6951646212192008e-06 1.00530779260472e-05
3.6951646212192008e-06 1.00530779260472e-05
3.6951646212192008e-06 1.00530779260472e-05
3.6951646212192008e-06 1.00530779260472e-05
3.6951646212192008e-06 1.00530779260472e-05
3.5530965978611866e-06 1.0053079495038983e-05
3.5530965978611866e-06 1.0053079495038983e-05
3.5530965978611866e-06 1.0053079495038983e-05
3.5530965978611866e-06 1.0053079495038983e-05
3.3046589542471645e-06 1.00530779260472e-05
3.3046589542471645e-06 1.00530779260472e-05
3.5530965978611866e-06 1.005308001804657e-05
3.5530965978611866e-06 1.005308001804657e-05
3.5530965978611866e-06 1.00530779260472e-05
3.5530965978611866e-06 1.00530779260472e-05
3.5530965978611866e-06 1.00530779260472e-05
3.5530965978611866e-06 1.00530779260472e-05
3.5530965978611866e-06 1.00530779260472e-05
3.5530965978611866e-06 1.00530779260472e-05
3.5530965978611866e-06 1.00530779260472e-05
9.202535886223521e-06 1.00530779260472e-05
9.202535886223521e-06 1.00530779260472e-05
9.202535886223521e-06 1.00530779260472e-05
9.202535886223521e-06 1.00530779260472e-05
9.202535886223521e-06 1.00530779260472e-05
9.202535886223521e-06 1.00530779260472e-05
9.202535886223521e-06 1.00530779260472e-05
9.202535886223521e-06 1.00530779260472e-05
9.202535886223521e-06 1.00530779260472e-05
2.295734107776598e-06 1.00530779260472e-05
2.295734107776598e-06 1.00530779260472e-05
2.295734107776598e-06 1.00530779260472e-05
2.295734107776598e-06 1.005308001804657e-05
2.295734107776598e-06 1.005308001804657e-05
5.526168618877834e-08 5.526168618877834e-08
5.526168618877834e-08 5.526168618877834e-08
5.526168618877834e-08 5.526168618877834e-08
5.526168618877834e-08 5.526168618877834e-08
5.526168618877834e-08 5.526168618877834e-08
5.526168618877834e-08 5.526168618877834e-08
5.526168618877834e-08 5.526168618877834e-08
5.526168618877834e-08 5.526168618877834e-08
5.526168618877834e-08 5.526168618877834e-08
5.526168618877834e-08 5.526168618877834e-08
5.526168618877834e-08 5.526168618877834e-08
5.526168618877834e-08 5.526168618877834e-08
5.526168618877834e-08 5.526168618877834e-08
5.526168618877834e-08 5.526168618877834e-08
5.526168618877834e-08 5.526168618877834e-08
5.526168618877834e-08 5.526168618877834e-08
5.526168618877834e-08 5.526168618877834e-08
5.526168618877834e-08 5.526168618877834e-08
5.526168618877834e-08 5.526168618877834e-08
5.526168618877834e-08 5.526168618877834e-08
5.526168618877834e-08 5.526168618877834e-08
5.526168618877834e-08 5.526168618877834e-08
5.526168618877834e-08 5.526168618877834e-08
5.526168618877834e-08 5.526168618877834e-08
5.526168618877834e-08 5.526168618877834e-08
5.526168618877834e-08 5.526168618877834e-08
5.526168618877834e-08 5.526168618877834e-08
5.526168618877834e-08 5.526168618877834e-08
5.526168618877834e-08 5.526168618877834e-08
5.526168618877834e-08 5.526168618877834e-08
5.526168618877834e-08 5.526168618877834e-08
5.526168618877834e-08 5.526168618877834e-08
5.526168618877834e-08 5.526168618877834e-08
5.526168618877834e-08 5.526168618877834e-08
5.526168618877834e-08 5.526168618877834e-08
5.526168618877834e-08 5.526168618877834e-08
5.526168618877834e-08 5.526168618877834e-08
5.526168618877834e-08 5.526168618877834e-08
5.526168618877834e-08 5.526168618877834e-08
5.526168618877834e-08 5.526168618877834e-08
5.526168618877834e-08 5.526168618877834e-08
5.526168618877834e-08 5.526168618877834e-08
5.526168618877834e-08 5.526168618877834e-08
5.526168618877834e-08 5.526168618877834e-08
5.526168618877834e-08 5.526168618877834e-08
5.526168618877834e-08 5.526168618877834e-08
5.526168618877834e-08 5.526168618877834e-08
5.526168618877834e-08 5.526168618877834e-08
5.526168618877834e-08 5.526168618877834e-08
5.526168618877834e-08 5.526168618877834e-08