5.873963929760832e-06 2.0741203798942357e-06
4.652020832956114e-06 2.0741251352275296e-06
4.652020832956114e-06 2.0741251352275296e-06
3.0838477519711323e-06 2.07412132753603e-06
5.949428281686137e-06 2.0740902472088394e-06
6.682377156147704e-06 2.075383325756342e-06
4.707092283932132e-06 2.0741251789759584e-06
3.5335111230424727e-06 2.074132020207085e-06
2.944134207684192e-06 2.074011216850351e-06
2.9647842183222568e-06 2.074124853345139e-06
3.6205795257469995e-06 2.0741241728457207e-06
3.6205795257469995e-06 2.0741241728457207e-06
3.6205795257469995e-06 2.0741241728457207e-06
1.1676686734660856e-06 2.074125037128692e-06
1.1676686734660856e-06 2.074125037128692e-06
1.1676686734660856e-06 2.074125037128692e-06
1.1676686734660856e-06 2.074125037128692e-06
1.1676686734660856e-06 2.074125037128692e-06
1.1676686734660856e-06 2.074125037128692e-06
1.1676686734660856e-06 2.074125037128692e-06
1.1676686734660856e-06 2.074125037128692e-06
4.652640697254751e-06 2.074125029385511e-06
4.652640697254751e-06 2.074125029385511e-06
2.115566969553607e-05 2.0735145730832917e-06
1.6416728489112773e-06 2.0741215981773505e-06
1.6416728489112773e-06 2.0741215981773505e-06
6.7729768966364684e-06 2.074125527173304e-06
6.7729768966364684e-06 2.074125527173304e-06
6.7729768966364684e-06 2.074125527173304e-06
6.7729768966364684e-06 2.074125527173304e-06
6.7729768966364684e-06 2.074125527173304e-06
6.7729768966364684e-06 2.074125527173304e-06