1.360790521078979e-06 2.074165250504039e-06
1.360790521078979e-06 2.074165250504039e-06
1.360790521078979e-06 2.074165250504039e-06
1.360790521078979e-06 2.074165250504039e-06
1.360790521078979e-06 2.074165250504039e-06
1.360790521078979e-06 2.074165250504039e-06
1.360790521078979e-06 2.074165250504039e-06
1.360790521078979e-06 2.074165250504039e-06
1.360790521078979e-06 2.074165250504039e-06
1.360790521078979e-06 2.074165250504039e-06
1.360790521078979e-06 2.074165250504039e-06
1.360790521078979e-06 2.074165250504039e-06
1.360790521078979e-06 2.074165250504039e-06
1.360790521078979e-06 2.074165250504039e-06
1.0348280978058194e-05 2.074165250504039e-06
1.91673304903346e-06 2.0738564111278475e-06
1.91673304903346e-06 2.0738564111278475e-06
1.91673304903346e-06 2.0738564111278475e-06
1.91673304903346e-06 2.0738564111278475e-06
1.91673304903346e-06 2.0738564111278475e-06
1.91673304903346e-06 2.0738564111278475e-06
1.91673304903346e-06 2.0738564111278475e-06
2.3543708045317586e-06 2.074165250504039e-06
2.3543708045317586e-06 2.074165250504039e-06
2.3543708045317586e-06 2.074165250504039e-06
2.4869616913623473e-06 2.073914747454461e-06
2.4869616913623473e-06 2.073914747454461e-06
2.4869616913623473e-06 2.073914747454461e-06
1.774694128982378e-06 2.074165250504039e-06
1.774694128982378e-06 2.074165250504039e-06
1.774694128982378e-06 2.074165250504039e-06
1.774694128982378e-06 2.074165250504039e-06
1.774694128982378e-06 2.074165250504039e-06
1.774694128982378e-06 2.074165250504039e-06
1.774694128982378e-06 2.074165250504039e-06
1.774694128982378e-06 2.074165250504039e-06
2.9791347456961236e-06 2.074165250504039e-06
2.9791347456961236e-06 2.074165250504039e-06
2.9791347456961236e-06 2.074165250504039e-06
1.955352039332263e-06 2.0757277942786333e-06
1.955352039332263e-06 2.0757277942786333e-06
3.4224986071150224e-06 2.075334264735402e-06
2.9521656113834672e-06 2.0765207269403675e-06
3.4224986071150224e-06 2.075334264735402e-06
2.4869616913623473e-06 2.073914747454461e-06
2.4869616913623473e-06 2.073914747454461e-06
2.83593461567132e-06 2.0744328502009174e-06
3.4224986071150224e-06 2.075334264735402e-06
3.4224986071150224e-06 2.075334264735402e-06
3.4224986071150224e-06 2.075334264735402e-06
3.4224986071150224e-06 2.075334264735402e-06
3.4224986071150224e-06 2.075334264735402e-06
3.4224986071150224e-06 2.075334264735402e-06
3.4224986071150224e-06 2.075334264735402e-06
3.3469285736624427e-06 2.075334264735402e-06
3.910212316000851e-06 2.0757277942786333e-06
3.910212316000851e-06 2.075334264735402e-06
2.9579090757410442e-06 2.075099078440335e-06
2.9579090757410442e-06 2.075099078440335e-06
2.83593461567132e-06 2.0744328502009174e-06
2.83593461567132e-06 2.0744328502009174e-06
2.847458680360676e-06 2.075334264735402e-06
3.0955592871463528e-06 2.0738786580320645e-06
3.0955592871463528e-06 2.0738786580320645e-06
3.0955592871463528e-06 2.0738786580320645e-06
3.0955592871463528e-06 2.0738786580320645e-06
3.0955592871463528e-06 2.0738786580320645e-06
3.0955592871463528e-06 2.0738786580320645e-06
3.0955592871463528e-06 2.0738786580320645e-06