1.3141345148775254e-06 2.0459839147302104e-06
1.3141345148775254e-06 2.0459839147302104e-06
1.3141345148775254e-06 2.0459839147302104e-06
1.3141345148775254e-06 2.0459839147302104e-06
1.3141345148775254e-06 2.0459839147302104e-06
1.3141345148775254e-06 2.0459839147302104e-06
1.3141345148775254e-06 2.0459839147302104e-06
1.3141345148775254e-06 2.0459839147302104e-06
1.3141345148775254e-06 2.0459839147302104e-06
1.3141345148775254e-06 2.0459839147302104e-06
1.3141345148775254e-06 2.0459839147302104e-06
1.3141345148775254e-06 2.0459839147302104e-06
1.3141345148775254e-06 2.0459839147302104e-06
1.3141345148775254e-06 2.0459839147302104e-06
2.1738579094008483e-06 2.0459839147302104e-06
1.3738168766228717e-06 2.0663230813102434e-06
1.3738168766228717e-06 2.0663230813102434e-06
1.3738168766228717e-06 2.0663230813102434e-06
1.3738168766228717e-06 2.0663230813102434e-06
1.3738168766228717e-06 2.0663230813102434e-06
1.3738168766228717e-06 2.0663230813102434e-06
1.3738168766228717e-06 2.0663230813102434e-06
8.281363464384185e-07 2.0459839147302104e-06
8.281363464384185e-07 2.0459839147302104e-06
8.281363464384185e-07 2.0459839147302104e-06
1.629394603822507e-06 2.0638231263324103e-06
1.629394603822507e-06 2.0638231263324103e-06
1.629394603822507e-06 2.0638231263324103e-06
1.391373521551896e-06 2.0459839147302104e-06
1.391373521551896e-06 2.0459839147302104e-06
1.391373521551896e-06 2.0459839147302104e-06
1.391373521551896e-06 2.0459839147302104e-06
1.391373521551896e-06 2.0459839147302104e-06
1.391373521551896e-06 2.0459839147302104e-06
1.391373521551896e-06 2.0459839147302104e-06
1.391373521551896e-06 2.0459839147302104e-06
1.9463204470642056e-06 2.0459839147302104e-06
1.9463204470642056e-06 2.0459839147302104e-06
1.9463204470642056e-06 2.0459839147302104e-06
1.4961677301754282e-06 2.066241181212688e-06
1.4961677301754282e-06 2.066241181212688e-06
1.8978301362490094e-06 2.0611393511356195e-06
1.8381537494536023e-06 2.0765209880843927e-06
1.8978301362490094e-06 2.0611393511356195e-06
1.629394603822507e-06 2.0638231263324103e-06
1.629394603822507e-06 2.0638231263324103e-06
1.73558519901274e-06 2.0663476270368105e-06
1.8978301362490094e-06 2.0611393511356195e-06
1.8978301362490094e-06 2.0611393511356195e-06
1.8978301362490094e-06 2.0611393511356195e-06
1.8978301362490094e-06 2.0611393511356195e-06
1.8978301362490094e-06 2.0611393511356195e-06
1.8978301362490094e-06 2.0611393511356195e-06
1.8978301362490094e-06 2.0611393511356195e-06
1.8905336805498406e-06 2.0611393511356195e-06
1.9823898138327457e-06 2.066241181212688e-06
1.9823898138327457e-06 2.0611393511356195e-06
1.7821415223938073e-06 2.058090328426839e-06
1.7821415223938073e-06 2.058090328426839e-06
1.73558519901274e-06 2.0663476270368105e-06
1.73558519901274e-06 2.0663476270368105e-06
1.7288092749041203e-06 2.0611393511356195e-06
1.8106414682897483e-06 2.0663931822412022e-06
1.8106414682897483e-06 2.0663931822412022e-06
1.8106414682897483e-06 2.0663931822412022e-06
1.8106414682897483e-06 2.0663931822412022e-06
1.8106414682897483e-06 2.0663931822412022e-06
1.8106414682897483e-06 2.0663931822412022e-06
1.8106414682897483e-06 2.0663931822412022e-06