3.39506048811453e-06 6.1248092021169315e-06
3.39506048811453e-06 6.1248092021169315e-06
3.39506048811453e-06 6.1248092021169315e-06
3.39506048811453e-06 6.1248092021169315e-06
3.39506048811453e-06 6.1248092021169315e-06
3.39506048811453e-06 6.1248092021169315e-06
3.39506048811453e-06 6.1248092021169315e-06
3.39506048811453e-06 6.1248092021169315e-06
3.39506048811453e-06 6.1248092021169315e-06
3.39506048811453e-06 6.1248092021169315e-06
3.39506048811453e-06 6.1248092021169315e-06
3.39506048811453e-06 6.1248092021169315e-06
3.39506048811453e-06 6.1248092021169315e-06
3.39506048811453e-06 6.1248092021169315e-06
3.39506048811453e-06 6.1248092021169315e-06
3.39506048811453e-06 6.1248092021169315e-06
3.39506048811453e-06 6.1248092021169315e-06
3.39506048811453e-06 6.1248092021169315e-06
3.39506048811453e-06 6.1248092021169315e-06
3.39506048811453e-06 6.1248092021169315e-06
3.39506048811453e-06 6.1248092021169315e-06
3.39506048811453e-06 6.1248092021169315e-06
3.39506048811453e-06 6.1248092021169315e-06
3.39506048811453e-06 6.1248092021169315e-06
3.39506048811453e-06 6.1248092021169315e-06
3.39506048811453e-06 6.1248092021169315e-06