8.257294448137598e-07 1.1824819886493457e-05
8.257294448137598e-07 1.1824819886493457e-05
1.3824819491060008e-06 1.1824586461962552e-05
1.3824819491060008e-06 1.1824586461962552e-05
1.3824819491060008e-06 1.1824586461962552e-05
1.3824819491060008e-06 1.1824586461962552e-05
1.3824819491060008e-06 1.1824586461962552e-05
1.3824819491060008e-06 1.1824586461962552e-05
1.3824819491060008e-06 1.1824586461962552e-05
1.3824819491060008e-06 1.1824586461962552e-05
1.3824819491060008e-06 1.1824586461962552e-05
1.3824819491060008e-06 1.1824586461962552e-05
1.3824819491060008e-06 1.1824586461962552e-05
1.3824819491060008e-06 1.1824586461962552e-05
1.1966413861033834e-06 1.1824761529496745e-05
1.1966413861033834e-06 1.1824761529496745e-05
1.1966413861033834e-06 1.1824761529496745e-05
1.1966413861033834e-06 1.1824761529496745e-05
8.716576883720182e-07 1.1824586461962552e-05
8.716576883720182e-07 1.1824586461962552e-05
1.1966413861033834e-06 1.1824819886493457e-05
1.1966413861033834e-06 1.1824819886493457e-05