7.246193031336162e-07 7.246193031336162e-07
7.246193031336162e-07 7.246193031336162e-07
7.246193031336162e-07 7.246193031336162e-07
7.246193031336162e-07 7.246193031336162e-07
7.246193031336162e-07 7.246193031336162e-07
7.246193031336162e-07 7.246193031336162e-07
7.246193031336162e-07 7.246193031336162e-07
7.246193031336162e-07 7.246193031336162e-07
7.246193031336162e-07 7.246193031336162e-07
7.246193031336162e-07 7.246193031336162e-07
7.246193031336162e-07 7.246193031336162e-07
7.246193031336162e-07 7.246193031336162e-07
7.246193031336162e-07 7.246193031336162e-07
7.246193031336162e-07 7.246193031336162e-07
7.246193031336162e-07 7.246193031336162e-07
7.246193031336162e-07 7.246193031336162e-07
7.246193031336162e-07 7.246193031336162e-07
7.246193031336162e-07 7.246193031336162e-07
7.246193031336162e-07 7.246193031336162e-07
7.246193031336162e-07 7.246193031336162e-07
7.246193031336162e-07 7.246193031336162e-07
7.246193031336162e-07 7.246193031336162e-07
7.246193031336162e-07 7.246193031336162e-07
7.246193031336162e-07 7.246193031336162e-07
7.246193031336162e-07 7.246193031336162e-07
7.246193031336162e-07 7.246193031336162e-07