2.0051636662024913e-06 2.064776627252922e-06
4.799005895943275e-06 2.0642606550917476e-06
1.9147917739157133e-06 2.0647392444138255e-06
3.6542444645194155e-06 2.065043861833693e-06
3.6542444645194155e-06 2.065043861833693e-06
3.6542444645194155e-06 2.065043861833693e-06
2.8052110590157644e-06 2.0648257001381995e-06
2.8052110590157644e-06 2.0648257001381995e-06
1.8521367440132932e-06 2.0647484972877193e-06
1.8521367440132932e-06 2.0647484972877193e-06
1.8521367440132932e-06 2.0647484972877193e-06
1.8521367440132932e-06 2.0647484972877193e-06
1.8521367440132932e-06 2.0647484972877193e-06
1.8521367440132932e-06 2.0647484972877193e-06
2.2382523676661134e-06 2.0647876899601104e-06
1.7480889179264855e-06 2.0647587815363315e-06
1.7480889179264855e-06 2.0647587815363315e-06
2.3988099517455305e-06 2.064739122679096e-06
1.8839770569393554e-06 2.0647601540164475e-06
1.8839770569393554e-06 2.0647601540164475e-06
1.8714637632758246e-06 2.0647642061062998e-06