3.4962068545924065e-06 9.804902058833335e-06
3.4962068545924065e-06 9.804902058833335e-06
3.4962068545924065e-06 9.804902058833335e-06
3.4962068545924065e-06 9.804902058833335e-06
3.4962068545924065e-06 9.804902058833335e-06
3.4962068545924065e-06 9.804902058833335e-06
3.4962068545924065e-06 9.804902058833335e-06
3.4962068545924065e-06 9.804902058833335e-06
3.4962068545924065e-06 9.804902058833335e-06
3.4962068545924065e-06 9.804902058833335e-06
3.4962068545924065e-06 9.804902058833335e-06
3.4962068545924065e-06 9.804902058833335e-06
3.4962068545924065e-06 9.804902058833335e-06
3.4962068545924065e-06 9.804902058833335e-06
6.949965323148021e-07 1.0046666767133334e-05
6.949965323148021e-07 1.0046666767133334e-05
6.949965323148021e-07 1.0046666767133334e-05
6.949965323148021e-07 1.0046666767133334e-05
6.949965323148021e-07 1.0046666767133334e-05
6.949965323148021e-07 1.0046666767133334e-05
6.949965323148021e-07 1.0046666767133334e-05
4.762381000004762e-06 9.804902058833335e-06
4.762381000004762e-06 9.804902058833335e-06
4.762381000004762e-06 9.804902058833335e-06
3.623632308094093e-06 1.0001000100010001e-05
3.623632308094093e-06 1.0001000100010001e-05
3.623632308094093e-06 1.0001000100010001e-05
7.935796108695341e-07 9.804902058833335e-06
7.935796108695341e-07 9.804902058833335e-06
7.935796108695341e-07 9.804902058833335e-06
7.935796108695341e-07 9.804902058833335e-06
7.935796108695341e-07 9.804902058833335e-06
7.935796108695341e-07 9.804902058833335e-06
7.935796108695341e-07 9.804902058833335e-06
7.935796108695341e-07 9.804902058833335e-06
2.4157005072487925e-06 9.804902058833335e-06
2.4157005072487925e-06 9.804902058833335e-06
2.4157005072487925e-06 9.804902058833335e-06
1.0267606231683368e-06 9.901980297039606e-06
1.0267606231683368e-06 9.901980297039606e-06
2.131008531910141e-06 1.0124469237047162e-05
1.3998395606322888e-06 9.951243880606966e-06
2.131008531910141e-06 1.0124469237047162e-05
3.623632308094093e-06 1.0001000100010001e-05
3.623632308094093e-06 1.0001000100010001e-05
4.980227659006267e-06 1.0090029774490802e-05
2.131008531910141e-06 1.0124469237047162e-05
2.131008531910141e-06 1.0124469237047162e-05
2.131008531910141e-06 1.0124469237047162e-05
2.131008531910141e-06 1.0124469237047162e-05
2.131008531910141e-06 1.0124469237047162e-05
2.131008531910141e-06 1.0124469237047162e-05
2.131008531910141e-06 1.0124469237047162e-05
2.795219210064578e-06 1.0124469237047162e-05
6.714780388929982e-06 9.901980297039606e-06
6.714780388929982e-06 1.0124469237047162e-05
1.0871352530769697e-06 1.0060177615394675e-05
1.0871352530769697e-06 1.0060177615394675e-05
4.980227659006267e-06 1.0090029774490802e-05
4.980227659006267e-06 1.0090029774490802e-05
7.863366464851614e-06 1.0124469237047162e-05
1.4740200545417143e-06 1.0029251512721894e-05
1.4740200545417143e-06 1.0029251512721894e-05
1.4740200545417143e-06 1.0029251512721894e-05
1.4740200545417143e-06 1.0029251512721894e-05
1.4740200545417143e-06 1.0029251512721894e-05
1.4740200545417143e-06 1.0029251512721894e-05
1.4740200545417143e-06 1.0029251512721894e-05