1.915568805429587e-07 2.0743927870947485e-06
2.620109520365528e-06 2.074125202665513e-06
2.620109520365528e-06 2.074125202665513e-06
2.095704256849873e-07 2.075242613977266e-06
1.3875823933416581e-08 2.0704046024610867e-06
1.9748096107212977e-06 1.8520370555574077e-06
1.2770703511689608e-06 2.0742210886553738e-06
3.097295911429156e-06 2.075061307300321e-06
2.5209662989872334e-06 2.0951815851976258e-06
1.6617171632097485e-06 2.0741098445483834e-06
2.3608833479589798e-06 2.074220568953064e-06
2.3608833479589798e-06 2.074220568953064e-06
2.3608833479589798e-06 2.074220568953064e-06
1.1276382377075858e-06 2.0741308034633946e-06
1.1276382377075858e-06 2.0741308034633946e-06
1.1276382377075858e-06 2.0741308034633946e-06
1.1276382377075858e-06 2.0741308034633946e-06
1.1276382377075858e-06 2.0741308034633946e-06
1.1276382377075858e-06 2.0741308034633946e-06
1.1276382377075858e-06 2.0741308034633946e-06
1.1276382377075858e-06 2.0741308034633946e-06
2.620007626999793e-06 2.074130556787779e-06
2.620007626999793e-06 2.074130556787779e-06
4.843717659052941e-06 2.174130456523913e-06
1.050420731400246e-06 2.074201801866876e-06
1.050420731400246e-06 2.074201801866876e-06
4.5546880418713995e-06 2.0740925188512803e-06
4.5546880418713995e-06 2.0740925188512803e-06
4.5546880418713995e-06 2.0740925188512803e-06
4.5546880418713995e-06 2.0740925188512803e-06
4.5546880418713995e-06 2.0740925188512803e-06
4.5546880418713995e-06 2.0740925188512803e-06