2.4271997528929003e-07 2.3994683943739595e-07
2.4271997528929003e-07 2.3994683943739595e-07
2.486953436497475e-07 2.3994727762420605e-07
2.3983920679456846e-07 2.399484239345778e-07
2.3983920679456846e-07 2.399484239345778e-07
2.3744893975596744e-07 2.3994654919414895e-07
2.223236676883674e-06 2.4141650941154106e-07
2.223236676883674e-06 2.4141650941154106e-07
2.223236676883674e-06 2.4141650941154106e-07
2.223236676883674e-06 2.4141650941154106e-07
2.223236676883674e-06 2.4141650941154106e-07
2.223236676883674e-06 2.4141650941154106e-07
2.223236676883674e-06 2.4141650941154106e-07
2.223236676883674e-06 2.4141650941154106e-07
2.223236676883674e-06 2.4141650941154106e-07
2.223236676883674e-06 2.4141650941154106e-07
2.223236676883674e-06 2.4141650941154106e-07
2.223236676883674e-06 2.4141650941154106e-07
2.1862861557073e-06 2.392317343119773e-07
2.1862861557073e-06 2.392317343119773e-07
2.1862861557073e-06 2.392317343119773e-07
2.1862861557073e-06 2.392317343119773e-07
2.1862861557073e-06 2.392317343119773e-07
2.1862861557073e-06 2.392317343119773e-07
2.603849890479402e-07 2.434426223639281e-07
2.603849890479402e-07 2.434426223639281e-07
2.603849890479402e-07 2.434426223639281e-07
2.603849890479402e-07 2.434426223639281e-07
2.8922205546837114e-07 2.4123951131402665e-07
2.8922205546837114e-07 2.4123951131402665e-07
2.712767991760446e-07 2.434426223639281e-07
2.712767991760446e-07 2.434426223639281e-07
2.712767991760446e-07 2.434426223639281e-07
2.712767991760446e-07 2.434426223639281e-07
2.999120590746564e-07 2.4123951131402665e-07
2.999120590746564e-07 2.4123951131402665e-07
2.4307968545319894e-07 2.399603520713345e-07
2.4307968545319894e-07 2.399603520713345e-07
2.4307968545319894e-07 2.399603520713345e-07
2.4307968545319894e-07 2.399603520713345e-07
2.4307968545319894e-07 2.399603520713345e-07
2.4307968545319894e-07 2.399603520713345e-07
2.4307968545319894e-07 2.399603520713345e-07
2.4307968545319894e-07 2.399603520713345e-07
2.4307968545319894e-07 2.399603520713345e-07
2.4307968545319894e-07 2.399603520713345e-07
2.4307968545319894e-07 2.399603520713345e-07
2.4307968545319894e-07 2.399603520713345e-07
2.4307968545319894e-07 2.399603520713345e-07
2.4307968545319894e-07 2.399603520713345e-07
2.5710898889777317e-07 2.39970948949384e-07
2.5710898889777317e-07 2.39970948949384e-07
2.5710898889777317e-07 2.39970948949384e-07
2.5710898889777317e-07 2.39970948949384e-07
2.5710898889777317e-07 2.39970948949384e-07
2.5710898889777317e-07 2.39970948949384e-07
2.5710898889777317e-07 2.39970948949384e-07
2.6036382671138506e-07 2.3995007512801747e-07
2.6036382671138506e-07 2.3995007512801747e-07
2.580490835256855e-07 2.3995266117303877e-07
2.4283782740763723e-07 2.3994572890706375e-07
2.4283782740763723e-07 2.3994572890706375e-07
2.5179725874849106e-07 2.399460970809788e-07
1.8499506564858654e-07 2.399381938604172e-07
1.8499506564858654e-07 2.399381938604172e-07
1.8512668068029869e-07 2.399446181251952e-07
1.8499506564858654e-07 2.399381938604172e-07
1.8499506564858654e-07 2.399381938604172e-07
1.8512668068029869e-07 2.399446181251952e-07
2.3944380743490835e-07 2.399466363766527e-07
2.3944380743490835e-07 2.399466363766527e-07
2.3944380743490835e-07 2.399466363766527e-07
2.3944380743490835e-07 2.399466363766527e-07
2.3933708250726106e-07 2.3994665850460466e-07
2.3933708250726106e-07 2.3994665850460466e-07
2.2879330649487545e-07 2.399477114478687e-07
2.2879330649487545e-07 2.399477114478687e-07
2.2648153335232918e-07 2.399538426466329e-07
1.9361520609497464e-07 2.4141650941154106e-07
1.9361520609497464e-07 2.4141650941154106e-07
1.9368000478488094e-07 2.392317343119773e-07
2.0999129655125707e-07 2.399477114478687e-07
2.0999129655125707e-07 2.399477114478687e-07
2.1153100969714035e-07 2.399538426466329e-07
2.5009251717061563e-07 2.3994566403540854e-07
2.5009251717061563e-07 2.3994566403540854e-07
2.4832841604933006e-07 2.3994689100461307e-07
1.7778696886430913e-07 2.4237272578153083e-07
1.7778696886430913e-07 2.4237272578153083e-07
1.7778696886430913e-07 2.4237272578153083e-07
1.7778696886430913e-07 2.4237272578153083e-07
1.7965729683845025e-07 2.4017929709932675e-07
1.7965729683845025e-07 2.4017929709932675e-07
2.3944380743490835e-07 2.399458576811786e-07
2.3944380743490835e-07 2.399458576811786e-07
2.3933708250726106e-07 2.3994566597919626e-07
2.3562469483280202e-07 2.3994640705708464e-07
2.3562469483280202e-07 2.3994640705708464e-07
2.3562469483280202e-07 2.3994640705708464e-07
2.3562469483280202e-07 2.3994640705708464e-07
2.3562469483280202e-07 2.3994640705708464e-07
2.3562469483280202e-07 2.3994640705708464e-07
2.3562469483280202e-07 2.3994640705708464e-07
2.3562469483280202e-07 2.3994640705708464e-07
2.3562469483280202e-07 2.3994640705708464e-07
2.3562469483280202e-07 2.3994640705708464e-07
2.3562469483280202e-07 2.3994640705708464e-07
2.3562469483280202e-07 2.3994640705708464e-07
2.3562469483280202e-07 2.3994640705708464e-07
2.3562469483280202e-07 2.3994640705708464e-07
2.3562469483280202e-07 2.3994640705708464e-07
2.3562469483280202e-07 2.3994640705708464e-07
2.3601350367208254e-07 2.3994693511283593e-07
2.3601350367208254e-07 2.3994693511283593e-07
2.3601350367208254e-07 2.3994693511283593e-07
2.3601350367208254e-07 2.3994693511283593e-07
2.3601350367208254e-07 2.3994693511283593e-07
2.3601350367208254e-07 2.3994693511283593e-07
2.3601350367208254e-07 2.3994693511283593e-07
2.3601350367208254e-07 2.3994693511283593e-07