2.3995252779190167e-07 2.3994659748526366e-07
2.3995252779190167e-07 2.3994659748526366e-07
2.3995252779190167e-07 2.3994659748526366e-07
2.3995252779190167e-07 2.3994659748526366e-07
2.3995252779190167e-07 2.3994659748526366e-07
2.3995252779190167e-07 2.3994659748526366e-07
2.3995252779190167e-07 2.3994659748526366e-07
2.3995252779190167e-07 2.3994659748526366e-07
2.3995252779190167e-07 2.3994659748526366e-07
2.3995252779190167e-07 2.3994659748526366e-07
2.3995252779190167e-07 2.3994659748526366e-07
2.3995252779190167e-07 2.3994659748526366e-07
2.3995252779190167e-07 2.3994659748526366e-07
2.3995252779190167e-07 2.3994659748526366e-07
2.3995252779190167e-07 2.3994659748526366e-07
2.3995252779190167e-07 2.3994659748526366e-07
2.3995252779190167e-07 2.3994659748526366e-07
2.3995252779190167e-07 2.3994659748526366e-07
2.3995252779190167e-07 2.3994659748526366e-07
2.3995252779190167e-07 2.3994659748526366e-07
2.3995252779190167e-07 2.3994659748526366e-07
2.3995252779190167e-07 2.3994659748526366e-07
2.3995252779190167e-07 2.3994659748526366e-07
2.3995252779190167e-07 2.3994659748526366e-07
2.3995252779190167e-07 2.3994659748526366e-07
2.3995252779190167e-07 2.3994659748526366e-07
2.3995252779190167e-07 2.3994659748526366e-07
2.3995252779190167e-07 2.3994659748526366e-07
2.3995252779190167e-07 2.3994659748526366e-07
2.3995252779190167e-07 2.3994659748526366e-07
2.3995252779190167e-07 2.3994659748526366e-07
2.3995252779190167e-07 2.3994659748526366e-07
2.3995252779190167e-07 2.3994659748526366e-07
2.3995252779190167e-07 2.3994659748526366e-07
2.3995252779190167e-07 2.3994659748526366e-07
2.3995252779190167e-07 2.3994659748526366e-07
2.3995252779190167e-07 2.3994659748526366e-07