2.795596388485475e-07 2.399465820487034e-07
2.5051944300698076e-07 2.3994663451567164e-07
6.7044943619341e-06 2.3992519726172513e-07
6.7044943619341e-06 2.3992519726172513e-07
6.7044943619341e-06 2.3992519726172513e-07
6.7044943619341e-06 2.3992519726172513e-07
6.7044943619341e-06 2.3992519726172513e-07
6.7044943619341e-06 2.3992519726172513e-07
2.217187876115585e-07 2.399718759933884e-07
2.217187876115585e-07 2.399718759933884e-07
2.1885718216411487e-07 2.399718759933884e-07
2.1885718216411487e-07 2.399718759933884e-07
2.587900741471922e-07 2.399460716295563e-07
2.587900741471922e-07 2.399460716295563e-07
2.587900741471922e-07 2.399460716295563e-07
2.587900741471922e-07 2.399460716295563e-07
2.587900741471922e-07 2.399460716295563e-07
2.587900741471922e-07 2.399460716295563e-07
2.587900741471922e-07 2.399460716295563e-07
2.7367450277139594e-07 2.399466295899607e-07
2.814873996588114e-07 2.399465851236121e-07
2.0018063535267292e-07 2.399465942313865e-07
2.0018063535267292e-07 2.399465942313865e-07
2.4427726756174013e-07 2.399466084864357e-07
2.4427726756174013e-07 2.399466084864357e-07
2.049495886474759e-07 2.399467415603398e-07
1.2945998394100311e-07 2.3992519726172513e-07
2.55434396805175e-07 2.399467415603398e-07
2.4971480714638974e-07 2.3994657482184244e-07
2.923705214048115e-07 2.399902423806023e-07
2.923705214048115e-07 2.399902423806023e-07
2.4427726756174013e-07 2.39946605445507e-07
2.7883344915868954e-07 2.3994659117196166e-07
2.7883344915868954e-07 2.3994659117196166e-07
2.7883344915868954e-07 2.3994659117196166e-07
2.7883344915868954e-07 2.3994659117196166e-07
2.7883344915868954e-07 2.3994659117196166e-07
2.7883344915868954e-07 2.3994659117196166e-07
2.7883344915868954e-07 2.3994659117196166e-07
2.7883344915868954e-07 2.3994659117196166e-07