3.3680867660995496e-07 2.399567510871734e-07
3.3680867660995496e-07 2.399567510871734e-07
2.1977726424787096e-07 2.399573876983588e-07
2.1977726424787096e-07 2.399573876983588e-07
5.3708577259788384e-06 2.382699883303302e-07
5.3708577259788384e-06 2.382699883303302e-07
5.3708577259788384e-06 2.382699883303302e-07
5.3708577259788384e-06 2.382699883303302e-07
5.3708577259788384e-06 2.382699883303302e-07
5.3708577259788384e-06 2.382699883303302e-07
5.3708577259788384e-06 2.382699883303302e-07
5.3708577259788384e-06 2.382699883303302e-07
5.3708577259788384e-06 2.382699883303302e-07
5.3708577259788384e-06 2.382699883303302e-07
5.3708577259788384e-06 2.382699883303302e-07
5.3708577259788384e-06 2.382699883303302e-07
2.9044532028786274e-07 2.324177430029186e-07
2.9044532028786274e-07 2.324177430029186e-07
2.9044532028786274e-07 2.324177430029186e-07
2.9044532028786274e-07 2.324177430029186e-07
3.237011681769461e-07 2.324177430029186e-07
3.237011681769461e-07 2.324177430029186e-07
3.237011681769461e-07 2.324177430029186e-07
3.237011681769461e-07 2.324177430029186e-07
2.3025172391071224e-07 2.398086053854979e-07
2.3025172391071224e-07 2.398086053854979e-07
2.3025172391071224e-07 2.398086053854979e-07
2.3025172391071224e-07 2.398086053854979e-07
2.3025172391071224e-07 2.398086053854979e-07
2.3025172391071224e-07 2.398086053854979e-07
2.3025172391071224e-07 2.398086053854979e-07
2.3025172391071224e-07 2.398086053854979e-07
2.3025172391071224e-07 2.398086053854979e-07
2.3025172391071224e-07 2.398086053854979e-07
2.3025172391071224e-07 2.398086053854979e-07
2.3025172391071224e-07 2.398086053854979e-07
2.3025172391071224e-07 2.398086053854979e-07
2.3025172391071224e-07 2.398086053854979e-07
4.1751796926098873e-07 2.399429918459606e-07
4.1751796926098873e-07 2.399429918459606e-07
3.2299992446861336e-07 2.3994591570002904e-07
3.2299992446861336e-07 2.3994591570002904e-07
4.818387018285258e-07 2.399794777104114e-07
4.818387018285258e-07 2.399794777104114e-07
4.818387018285258e-07 2.399794777104114e-07
4.818387018285258e-07 2.399794777104114e-07
3.8918198430178364e-07 2.3994468385131725e-07
3.8918198430178364e-07 2.3994468385131725e-07
3.8918198430178364e-07 2.3994468385131725e-07
3.8918198430178364e-07 2.3994468385131725e-07
6.800057606287135e-08 2.3995667518503334e-07
6.800057606287135e-08 2.3995667518503334e-07
8.064350939908167e-09 2.382699883303302e-07
8.064350939908167e-09 2.382699883303302e-07
2.059377962415199e-09 2.3995667518503334e-07
2.059377962415199e-09 2.3995667518503334e-07
2.786918736697074e-07 2.399369407149141e-07
2.786918736697074e-07 2.399369407149141e-07
9.364329294909032e-08 2.537894894859456e-07
9.364329294909032e-08 2.537894894859456e-07
9.364329294909032e-08 2.537894894859456e-07
9.364329294909032e-08 2.537894894859456e-07
3.8918198430178364e-07 2.3995219297819355e-07
3.8918198430178364e-07 2.3995219297819355e-07
3.5973078376129997e-07 2.399447961596735e-07
3.5973078376129997e-07 2.399447961596735e-07
3.5973078376129997e-07 2.399447961596735e-07
3.5973078376129997e-07 2.399447961596735e-07
3.5973078376129997e-07 2.399447961596735e-07
3.5973078376129997e-07 2.399447961596735e-07
3.5973078376129997e-07 2.399447961596735e-07
3.5973078376129997e-07 2.399447961596735e-07
3.5973078376129997e-07 2.399447961596735e-07
3.5973078376129997e-07 2.399447961596735e-07
3.5973078376129997e-07 2.399447961596735e-07
3.5973078376129997e-07 2.399447961596735e-07
3.5973078376129997e-07 2.399447961596735e-07
3.5973078376129997e-07 2.399447961596735e-07
3.5973078376129997e-07 2.399447961596735e-07
3.5973078376129997e-07 2.399447961596735e-07
3.314387184903621e-06 2.2267110599535505e-06
3.314387184903621e-06 2.2267110599535505e-06
3.314387184903621e-06 2.2267110599535505e-06
3.314387184903621e-06 2.2267110599535505e-06
3.314387184903621e-06 2.2267110599535505e-06
3.314387184903621e-06 2.2267110599535505e-06
3.314387184903621e-06 2.2267110599535505e-06
3.314387184903621e-06 2.2267110599535505e-06
3.314387184903621e-06 2.2267110599535505e-06
3.314387184903621e-06 2.2267110599535505e-06
3.314387184903621e-06 2.2267110599535505e-06
3.314387184903621e-06 2.2267110599535505e-06
3.314387184903621e-06 2.2267110599535505e-06
3.314387184903621e-06 2.2267110599535505e-06
2.2039036336248216e-06 2.2266865460107543e-06
2.2039036336248216e-06 2.2266865460107543e-06
2.2039036336248216e-06 2.2266865460107543e-06
2.2039036336248216e-06 2.2266865460107543e-06
2.2039036336248216e-06 2.2266865460107543e-06
2.2039036336248216e-06 2.2266865460107543e-06
2.2039036336248216e-06 2.2266865460107543e-06
2.2039036336248216e-06 2.2266865460107543e-06
2.2039036336248216e-06 2.2266865460107543e-06
2.2039036336248216e-06 2.2266865460107543e-06
2.2039036336248216e-06 2.2266865460107543e-06
2.2039036336248216e-06 2.2266865460107543e-06
2.2039036336248216e-06 2.2266865460107543e-06
2.2039036336248216e-06 2.2266865460107543e-06
2.1483430903915354e-05 2.223853224416415e-06
2.1483430903915354e-05 2.223853224416415e-06
2.1483430903915354e-05 2.223853224416415e-06
2.1483430903915354e-05 2.223853224416415e-06
2.1483430903915354e-05 2.223853224416415e-06
2.1483430903915354e-05 2.223853224416415e-06
2.1483430903915354e-05 2.223853224416415e-06
2.1483430903915354e-05 2.223853224416415e-06
2.1483430903915354e-05 2.223853224416415e-06
2.1483430903915354e-05 2.223853224416415e-06
2.1483430903915354e-05 2.223853224416415e-06
2.1483430903915354e-05 2.223853224416415e-06
2.1483430903915354e-05 2.223853224416415e-06
2.1483430903915354e-05 2.223853224416415e-06
2.1483430903915354e-05 2.223853224416415e-06
2.1483430903915354e-05 2.223853224416415e-06
2.1483430903915354e-05 2.223853224416415e-06
2.1483430903915354e-05 2.223853224416415e-06
2.1483430903915354e-05 2.223853224416415e-06
2.1483430903915354e-05 2.223853224416415e-06
2.1483430903915354e-05 2.223853224416415e-06
2.1483430903915354e-05 2.223853224416415e-06
2.1483430903915354e-05 2.223853224416415e-06
2.1483430903915354e-05 2.223853224416415e-06
2.1483430903915354e-05 2.223853224416415e-06
2.1483430903915354e-05 2.223853224416415e-06
2.1483430903915354e-05 2.223853224416415e-06
2.1483430903915354e-05 2.223853224416415e-06
2.1483430903915354e-05 2.223853224416415e-06
2.1483430903915354e-05 2.223853224416415e-06
2.1483430903915354e-05 2.223853224416415e-06
2.1483430903915354e-05 2.223853224416415e-06
2.1483430903915354e-05 2.223853224416415e-06
2.1483430903915354e-05 2.223853224416415e-06
2.1483430903915354e-05 2.223853224416415e-06
2.1483430903915354e-05 2.223853224416415e-06
2.1483430903915354e-05 2.223853224416415e-06
2.1483430903915354e-05 2.223853224416415e-06
2.1483430903915354e-05 2.223853224416415e-06
2.1483430903915354e-05 2.223853224416415e-06
2.1483430903915354e-05 2.223853224416415e-06
2.1483430903915354e-05 2.223853224416415e-06
2.1483430903915354e-05 2.223853224416415e-06
2.1483430903915354e-05 2.223853224416415e-06
2.1483430903915354e-05 2.223853224416415e-06
2.1483430903915354e-05 2.223853224416415e-06
2.1483430903915354e-05 2.223853224416415e-06
2.1483430903915354e-05 2.223853224416415e-06
2.1483430903915354e-05 2.223853224416415e-06
2.1483430903915354e-05 2.223853224416415e-06
2.1483430903915354e-05 2.223853224416415e-06
2.1483430903915354e-05 2.223853224416415e-06
2.1483430903915354e-05 2.223853224416415e-06
2.1483430903915354e-05 2.223853224416415e-06
2.1483430903915354e-05 2.223853224416415e-06
2.1483430903915354e-05 2.223853224416415e-06
2.1483430903915354e-05 2.223853224416415e-06
2.1483430903915354e-05 2.223853224416415e-06
2.1483430903915354e-05 2.223853224416415e-06
2.1483430903915354e-05 2.223853224416415e-06
2.1483430903915354e-05 2.223853224416415e-06
2.1483430903915354e-05 2.223853224416415e-06
2.1483430903915354e-05 2.223853224416415e-06
2.1483430903915354e-05 2.223853224416415e-06
2.1483430903915354e-05 2.223853224416415e-06
2.1483430903915354e-05 2.223853224416415e-06
2.1483430903915354e-05 2.223853224416415e-06
2.1483430903915354e-05 2.223853224416415e-06
2.1483430903915354e-05 2.223853224416415e-06
2.1483430903915354e-05 2.223853224416415e-06
2.1483430903915354e-05 2.223853224416415e-06
2.1483430903915354e-05 2.223853224416415e-06
2.1483430903915354e-05 2.223853224416415e-06
2.1483430903915354e-05 2.223853224416415e-06
2.1483430903915354e-05 2.223853224416415e-06
2.1483430903915354e-05 2.223853224416415e-06
2.1483430903915354e-05 2.223853224416415e-06
2.1483430903915354e-05 2.223853224416415e-06
2.1483430903915354e-05 2.223853224416415e-06
2.1483430903915354e-05 2.223853224416415e-06
2.1483430903915354e-05 2.223853224416415e-06
2.1483430903915354e-05 2.223853224416415e-06
2.1483430903915354e-05 2.223853224416415e-06
2.1483430903915354e-05 2.223853224416415e-06
1.1554327495604593e-06 2.2079685585277265e-06
1.1554327495604593e-06 2.2079685585277265e-06
1.1554327495604593e-06 2.2079685585277265e-06
1.1554327495604593e-06 2.2079685585277265e-06
1.1554327495604593e-06 2.2079685585277265e-06
1.1554327495604593e-06 2.2079685585277265e-06
1.1554327495604593e-06 2.2079685585277265e-06
1.1554327495604593e-06 2.2079685585277265e-06
1.1554327495604593e-06 2.2079685585277265e-06
1.1554327495604593e-06 2.2079685585277265e-06
1.1554327495604593e-06 2.2079685585277265e-06
1.1554327495604593e-06 2.2079685585277265e-06
1.1554327495604593e-06 2.2079685585277265e-06
1.1554327495604593e-06 2.2079685585277265e-06
1.1554327495604593e-06 2.2079685585277265e-06
1.1554327495604593e-06 2.2079685585277265e-06
1.1554327495604593e-06 2.2079685585277265e-06
1.1554327495604593e-06 2.2079685585277265e-06
1.1554327495604593e-06 2.2079685585277265e-06
1.1554327495604593e-06 2.2079685585277265e-06
1.1554327495604593e-06 2.2079685585277265e-06
1.1554327495604593e-06 2.2079685585277265e-06
1.1554327495604593e-06 2.2079685585277265e-06
1.1554327495604593e-06 2.2079685585277265e-06
1.1554327495604593e-06 2.2079685585277265e-06
1.1554327495604593e-06 2.2079685585277265e-06
1.1554327495604593e-06 2.2079685585277265e-06
1.1554327495604593e-06 2.2079685585277265e-06
1.282889292284093e-06 2.2079685585277265e-06
1.282889292284093e-06 2.2079685585277265e-06
1.282889292284093e-06 2.2079685585277265e-06
1.282889292284093e-06 2.2079685585277265e-06
1.282889292284093e-06 2.2079685585277265e-06
1.282889292284093e-06 2.2079685585277265e-06
1.282889292284093e-06 2.2079685585277265e-06
1.282889292284093e-06 2.2079685585277265e-06
1.282889292284093e-06 2.2079685585277265e-06
1.282889292284093e-06 2.2079685585277265e-06
1.282889292284093e-06 2.2079685585277265e-06
1.282889292284093e-06 2.2079685585277265e-06
1.282889292284093e-06 2.2079685585277265e-06
1.282889292284093e-06 2.2079685585277265e-06
1.282889292284093e-06 2.2079685585277265e-06
1.282889292284093e-06 2.2079685585277265e-06
1.282889292284093e-06 2.2079685585277265e-06
1.282889292284093e-06 2.2079685585277265e-06
1.282889292284093e-06 2.2079685585277265e-06
1.282889292284093e-06 2.2079685585277265e-06
1.282889292284093e-06 2.2079685585277265e-06
1.282889292284093e-06 2.2079685585277265e-06
1.282889292284093e-06 2.2079685585277265e-06
1.282889292284093e-06 2.2079685585277265e-06
1.282889292284093e-06 2.2079685585277265e-06
1.282889292284093e-06 2.2079685585277265e-06
1.282889292284093e-06 2.2079685585277265e-06
1.282889292284093e-06 2.2079685585277265e-06
1.4077143642824703e-06 2.226876544721583e-06
1.4077143642824703e-06 2.226876544721583e-06
1.4077143642824703e-06 2.226876544721583e-06
1.4077143642824703e-06 2.226876544721583e-06
1.4077143642824703e-06 2.226876544721583e-06
1.4077143642824703e-06 2.226876544721583e-06
1.4077143642824703e-06 2.226876544721583e-06
1.4077143642824703e-06 2.226876544721583e-06
1.4077143642824703e-06 2.226876544721583e-06
1.4077143642824703e-06 2.226876544721583e-06
1.4077143642824703e-06 2.226876544721583e-06
1.4077143642824703e-06 2.226876544721583e-06
1.4077143642824703e-06 2.226876544721583e-06
1.4077143642824703e-06 2.226876544721583e-06
1.4077143642824703e-06 2.226876544721583e-06
1.4077143642824703e-06 2.226876544721583e-06
1.4077143642824703e-06 2.226876544721583e-06
1.4077143642824703e-06 2.226876544721583e-06
1.4077143642824703e-06 2.226876544721583e-06
1.4077143642824703e-06 2.226876544721583e-06
1.4077143642824703e-06 2.226876544721583e-06
1.4077143642824703e-06 2.226876544721583e-06
1.4077143642824703e-06 2.226876544721583e-06
1.4077143642824703e-06 2.226876544721583e-06
1.4077143642824703e-06 2.226876544721583e-06
1.4077143642824703e-06 2.226876544721583e-06
1.4077143642824703e-06 2.226876544721583e-06
1.4077143642824703e-06 2.226876544721583e-06
1.4077143642824703e-06 2.226876544721583e-06
1.4077143642824703e-06 2.226876544721583e-06
1.4077143642824703e-06 2.226876544721583e-06
1.4077143642824703e-06 2.226876544721583e-06
1.4077143642824703e-06 2.226876544721583e-06
1.4077143642824703e-06 2.226876544721583e-06
1.4077143642824703e-06 2.226876544721583e-06
1.4077143642824703e-06 2.226876544721583e-06
1.4077143642824703e-06 2.226876544721583e-06
1.4077143642824703e-06 2.226876544721583e-06
1.4077143642824703e-06 2.226876544721583e-06
1.4077143642824703e-06 2.226876544721583e-06
1.4077143642824703e-06 2.226876544721583e-06
1.4077143642824703e-06 2.226876544721583e-06
1.4077143642824703e-06 2.226876544721583e-06
1.4077143642824703e-06 2.226876544721583e-06
1.4077143642824703e-06 2.226876544721583e-06
1.4077143642824703e-06 2.226876544721583e-06
1.4077143642824703e-06 2.226876544721583e-06
1.4077143642824703e-06 2.226876544721583e-06
1.4077143642824703e-06 2.226876544721583e-06
1.4077143642824703e-06 2.226876544721583e-06
1.4077143642824703e-06 2.226876544721583e-06
1.4077143642824703e-06 2.226876544721583e-06
1.4077143642824703e-06 2.226876544721583e-06
1.4077143642824703e-06 2.226876544721583e-06
1.4077143642824703e-06 2.226876544721583e-06
1.4077143642824703e-06 2.226876544721583e-06
1.4077143642824703e-06 2.226876544721583e-06
1.4077143642824703e-06 2.226876544721583e-06
1.4077143642824703e-06 2.226876544721583e-06
1.4077143642824703e-06 2.226876544721583e-06
1.4077143642824703e-06 2.226876544721583e-06
1.4077143642824703e-06 2.226876544721583e-06
1.4077143642824703e-06 2.226876544721583e-06
1.4077143642824703e-06 2.226876544721583e-06
1.4077143642824703e-06 2.226876544721583e-06
1.4077143642824703e-06 2.226876544721583e-06
1.4077143642824703e-06 2.226876544721583e-06
1.4077143642824703e-06 2.226876544721583e-06
1.4077143642824703e-06 2.226876544721583e-06
1.4077143642824703e-06 2.226876544721583e-06
1.4077143642824703e-06 2.226876544721583e-06
1.4077143642824703e-06 2.226876544721583e-06
1.4077143642824703e-06 2.226876544721583e-06
1.4077143642824703e-06 2.226876544721583e-06
1.4077143642824703e-06 2.226876544721583e-06
1.4077143642824703e-06 2.226876544721583e-06
1.4077143642824703e-06 2.226876544721583e-06
1.4077143642824703e-06 2.226876544721583e-06
1.4077143642824703e-06 2.226876544721583e-06
1.4077143642824703e-06 2.226876544721583e-06
1.4077143642824703e-06 2.226876544721583e-06
1.4077143642824703e-06 2.226876544721583e-06
1.4077143642824703e-06 2.226876544721583e-06
1.4077143642824703e-06 2.226876544721583e-06
1.4077143642824703e-06 2.226876544721583e-06
1.4077143642824703e-06 2.226876544721583e-06
1.4077143642824703e-06 2.226876544721583e-06
1.4077143642824703e-06 2.226876544721583e-06
1.4077143642824703e-06 2.226876544721583e-06
1.4077143642824703e-06 2.226876544721583e-06
1.4077143642824703e-06 2.226876544721583e-06
1.4077143642824703e-06 2.226876544721583e-06
1.4077143642824703e-06 2.226876544721583e-06
1.4077143642824703e-06 2.226876544721583e-06
1.4077143642824703e-06 2.226876544721583e-06
1.4077143642824703e-06 2.226876544721583e-06
1.4077143642824703e-06 2.226876544721583e-06
1.4077143642824703e-06 2.226876544721583e-06
2.9562607988541e-06 2.226731223986001e-06
2.9562607988541e-06 2.226731223986001e-06
2.9562607988541e-06 2.226731223986001e-06
2.9562607988541e-06 2.226731223986001e-06
2.9562607988541e-06 2.226731223986001e-06
2.9562607988541e-06 2.226731223986001e-06
2.9562607988541e-06 2.226731223986001e-06
2.9562607988541e-06 2.226731223986001e-06
2.9562607988541e-06 2.226731223986001e-06
2.9562607988541e-06 2.226731223986001e-06
2.9562607988541e-06 2.226731223986001e-06
2.9562607988541e-06 2.226731223986001e-06
2.9562607988541e-06 2.226731223986001e-06
2.9562607988541e-06 2.226731223986001e-06
3.324905865574612e-06 2.2266953823520707e-06
3.324905865574612e-06 2.2266953823520707e-06
3.324905865574612e-06 2.2266953823520707e-06
3.324905865574612e-06 2.2266953823520707e-06
3.324905865574612e-06 2.2266953823520707e-06
3.324905865574612e-06 2.2266953823520707e-06
3.324905865574612e-06 2.2266953823520707e-06
3.324905865574612e-06 2.2266953823520707e-06
3.324905865574612e-06 2.2266953823520707e-06
3.324905865574612e-06 2.2266953823520707e-06
3.324905865574612e-06 2.2266953823520707e-06
3.324905865574612e-06 2.2266953823520707e-06
3.324905865574612e-06 2.2266953823520707e-06
3.324905865574612e-06 2.2266953823520707e-06
3.017912977870564e-06 2.226694825968736e-06
3.017912977870564e-06 2.226694825968736e-06
3.017912977870564e-06 2.226694825968736e-06
3.017912977870564e-06 2.226694825968736e-06
3.017912977870564e-06 2.226694825968736e-06
3.017912977870564e-06 2.226694825968736e-06
3.017912977870564e-06 2.226694825968736e-06
3.017912977870564e-06 2.226694825968736e-06
3.017912977870564e-06 2.226694825968736e-06
3.017912977870564e-06 2.226694825968736e-06
3.017912977870564e-06 2.226694825968736e-06
3.017912977870564e-06 2.226694825968736e-06
3.017912977870564e-06 2.226694825968736e-06
3.017912977870564e-06 2.226694825968736e-06
3.017912977870564e-06 2.226694825968736e-06
3.017912977870564e-06 2.226694825968736e-06
3.017912977870564e-06 2.226694825968736e-06
3.017912977870564e-06 2.226694825968736e-06
3.017912977870564e-06 2.226694825968736e-06
3.017912977870564e-06 2.226694825968736e-06
3.017912977870564e-06 2.226694825968736e-06
3.017912977870564e-06 2.226694825968736e-06
3.017912977870564e-06 2.226694825968736e-06
3.017912977870564e-06 2.226694825968736e-06
3.017912977870564e-06 2.226694825968736e-06
3.017912977870564e-06 2.226694825968736e-06
3.017912977870564e-06 2.226694825968736e-06
3.017912977870564e-06 2.226694825968736e-06
3.084254378720921e-06 2.226696914214471e-06
3.084254378720921e-06 2.226696914214471e-06
3.084254378720921e-06 2.226696914214471e-06
3.084254378720921e-06 2.226696914214471e-06
3.084254378720921e-06 2.226696914214471e-06
3.084254378720921e-06 2.226696914214471e-06
3.084254378720921e-06 2.226696914214471e-06
3.084254378720921e-06 2.226696914214471e-06
3.084254378720921e-06 2.226696914214471e-06
3.084254378720921e-06 2.226696914214471e-06
3.084254378720921e-06 2.226696914214471e-06
3.084254378720921e-06 2.226696914214471e-06
3.084254378720921e-06 2.226696914214471e-06
3.084254378720921e-06 2.226696914214471e-06
3.084254378720921e-06 2.226696914214471e-06
3.084254378720921e-06 2.226696914214471e-06
3.084254378720921e-06 2.226696914214471e-06
3.084254378720921e-06 2.226696914214471e-06
3.084254378720921e-06 2.226696914214471e-06
3.084254378720921e-06 2.226696914214471e-06
3.084254378720921e-06 2.226696914214471e-06
3.084254378720921e-06 2.226696914214471e-06
3.084254378720921e-06 2.226696914214471e-06
3.084254378720921e-06 2.226696914214471e-06
3.084254378720921e-06 2.226696914214471e-06
3.084254378720921e-06 2.226696914214471e-06
3.084254378720921e-06 2.226696914214471e-06
3.084254378720921e-06 2.226696914214471e-06
1.020602532437069e-06 2.226745496170621e-06
1.020602532437069e-06 2.226745496170621e-06
1.020602532437069e-06 2.226745496170621e-06
1.020602532437069e-06 2.226745496170621e-06
1.020602532437069e-06 2.226745496170621e-06
1.020602532437069e-06 2.226745496170621e-06
1.020602532437069e-06 2.226745496170621e-06
1.020602532437069e-06 2.226745496170621e-06
1.020602532437069e-06 2.226745496170621e-06
1.020602532437069e-06 2.226745496170621e-06
1.020602532437069e-06 2.226745496170621e-06
1.020602532437069e-06 2.226745496170621e-06
1.020602532437069e-06 2.226745496170621e-06
1.020602532437069e-06 2.226745496170621e-06
2.1773747537752048e-07 2.223853224416415e-06
2.1773747537752048e-07 2.223853224416415e-06
2.1773747537752048e-07 2.223853224416415e-06
2.1773747537752048e-07 2.223853224416415e-06
2.1773747537752048e-07 2.223853224416415e-06
2.1773747537752048e-07 2.223853224416415e-06
2.1773747537752048e-07 2.223853224416415e-06
2.1773747537752048e-07 2.223853224416415e-06
2.1773747537752048e-07 2.223853224416415e-06
2.1773747537752048e-07 2.223853224416415e-06
2.1773747537752048e-07 2.223853224416415e-06
2.1773747537752048e-07 2.223853224416415e-06
2.1773747537752048e-07 2.223853224416415e-06
2.1773747537752048e-07 2.223853224416415e-06
7.949198934922668e-07 2.226745496170621e-06
7.949198934922668e-07 2.226745496170621e-06
7.949198934922668e-07 2.226745496170621e-06
7.949198934922668e-07 2.226745496170621e-06
7.949198934922668e-07 2.226745496170621e-06
7.949198934922668e-07 2.226745496170621e-06
7.949198934922668e-07 2.226745496170621e-06
7.949198934922668e-07 2.226745496170621e-06
7.949198934922668e-07 2.226745496170621e-06
7.949198934922668e-07 2.226745496170621e-06
7.949198934922668e-07 2.226745496170621e-06
7.949198934922668e-07 2.226745496170621e-06
7.949198934922668e-07 2.226745496170621e-06
7.949198934922668e-07 2.226745496170621e-06
2.1740968213098966e-06 2.226709219190595e-06
2.1740968213098966e-06 2.226709219190595e-06
2.1740968213098966e-06 2.226709219190595e-06
2.1740968213098966e-06 2.226709219190595e-06
2.1740968213098966e-06 2.226709219190595e-06
2.1740968213098966e-06 2.226709219190595e-06
2.1740968213098966e-06 2.226709219190595e-06
2.1740968213098966e-06 2.226709219190595e-06
2.1740968213098966e-06 2.226709219190595e-06
2.1740968213098966e-06 2.226709219190595e-06
2.1740968213098966e-06 2.226709219190595e-06
2.1740968213098966e-06 2.226709219190595e-06
2.1740968213098966e-06 2.226709219190595e-06
2.1740968213098966e-06 2.226709219190595e-06
3.3533781740883106e-06 2.220658033002024e-06
3.3533781740883106e-06 2.220658033002024e-06
3.3533781740883106e-06 2.220658033002024e-06
3.3533781740883106e-06 2.220658033002024e-06
3.3533781740883106e-06 2.220658033002024e-06
3.3533781740883106e-06 2.220658033002024e-06
3.3533781740883106e-06 2.220658033002024e-06
3.3533781740883106e-06 2.220658033002024e-06
3.3533781740883106e-06 2.220658033002024e-06
3.3533781740883106e-06 2.220658033002024e-06
3.3533781740883106e-06 2.220658033002024e-06
3.3533781740883106e-06 2.220658033002024e-06
3.3533781740883106e-06 2.220658033002024e-06
3.3533781740883106e-06 2.220658033002024e-06
3.3533781740883106e-06 2.220658033002024e-06
3.3533781740883106e-06 2.220658033002024e-06
3.3533781740883106e-06 2.220658033002024e-06
3.3533781740883106e-06 2.220658033002024e-06
3.3533781740883106e-06 2.220658033002024e-06
3.3533781740883106e-06 2.220658033002024e-06
3.3533781740883106e-06 2.220658033002024e-06
3.3533781740883106e-06 2.220658033002024e-06
3.3533781740883106e-06 2.220658033002024e-06
3.3533781740883106e-06 2.220658033002024e-06
3.3533781740883106e-06 2.220658033002024e-06
3.3533781740883106e-06 2.220658033002024e-06
3.3533781740883106e-06 2.220658033002024e-06
3.3533781740883106e-06 2.220658033002024e-06
3.084254378720921e-06 2.2266999722818643e-06
3.084254378720921e-06 2.2266999722818643e-06
3.084254378720921e-06 2.2266999722818643e-06
3.084254378720921e-06 2.2266999722818643e-06
3.084254378720921e-06 2.2266999722818643e-06
3.084254378720921e-06 2.2266999722818643e-06
3.084254378720921e-06 2.2266999722818643e-06
3.084254378720921e-06 2.2266999722818643e-06
3.084254378720921e-06 2.2266999722818643e-06
3.084254378720921e-06 2.2266999722818643e-06
3.084254378720921e-06 2.2266999722818643e-06
3.084254378720921e-06 2.2266999722818643e-06
3.084254378720921e-06 2.2266999722818643e-06
3.084254378720921e-06 2.2266999722818643e-06
3.651103511748785e-06 2.2266993968724373e-06
3.651103511748785e-06 2.2266993968724373e-06
3.651103511748785e-06 2.2266993968724373e-06
3.651103511748785e-06 2.2266993968724373e-06
3.651103511748785e-06 2.2266993968724373e-06
3.651103511748785e-06 2.2266993968724373e-06
3.651103511748785e-06 2.2266993968724373e-06
3.651103511748785e-06 2.2266993968724373e-06
3.651103511748785e-06 2.2266993968724373e-06
3.651103511748785e-06 2.2266993968724373e-06
3.651103511748785e-06 2.2266993968724373e-06
3.651103511748785e-06 2.2266993968724373e-06
3.651103511748785e-06 2.2266993968724373e-06
3.651103511748785e-06 2.2266993968724373e-06
3.651103511748785e-06 2.2266993968724373e-06
3.651103511748785e-06 2.2266993968724373e-06
3.651103511748785e-06 2.2266993968724373e-06
3.651103511748785e-06 2.2266993968724373e-06
3.651103511748785e-06 2.2266993968724373e-06
3.651103511748785e-06 2.2266993968724373e-06
3.651103511748785e-06 2.2266993968724373e-06
3.651103511748785e-06 2.2266993968724373e-06
3.651103511748785e-06 2.2266993968724373e-06
3.651103511748785e-06 2.2266993968724373e-06
3.651103511748785e-06 2.2266993968724373e-06
3.651103511748785e-06 2.2266993968724373e-06
3.651103511748785e-06 2.2266993968724373e-06
3.651103511748785e-06 2.2266993968724373e-06
3.651103511748785e-06 2.2266993968724373e-06
3.651103511748785e-06 2.2266993968724373e-06
3.651103511748785e-06 2.2266993968724373e-06
3.651103511748785e-06 2.2266993968724373e-06
3.651103511748785e-06 2.2266993968724373e-06
3.651103511748785e-06 2.2266993968724373e-06
3.651103511748785e-06 2.2266993968724373e-06
3.651103511748785e-06 2.2266993968724373e-06
3.651103511748785e-06 2.2266993968724373e-06
3.651103511748785e-06 2.2266993968724373e-06
3.651103511748785e-06 2.2266993968724373e-06
3.651103511748785e-06 2.2266993968724373e-06
3.651103511748785e-06 2.2266993968724373e-06
3.651103511748785e-06 2.2266993968724373e-06
3.651103511748785e-06 2.2266993968724373e-06
3.651103511748785e-06 2.2266993968724373e-06
3.651103511748785e-06 2.2266993968724373e-06
3.651103511748785e-06 2.2266993968724373e-06
3.651103511748785e-06 2.2266993968724373e-06
3.651103511748785e-06 2.2266993968724373e-06
3.651103511748785e-06 2.2266993968724373e-06
3.651103511748785e-06 2.2266993968724373e-06
3.651103511748785e-06 2.2266993968724373e-06
3.651103511748785e-06 2.2266993968724373e-06
3.651103511748785e-06 2.2266993968724373e-06
3.651103511748785e-06 2.2266993968724373e-06
3.651103511748785e-06 2.2266993968724373e-06
3.651103511748785e-06 2.2266993968724373e-06
3.651103511748785e-06 2.2266993968724373e-06
3.651103511748785e-06 2.2266993968724373e-06
3.651103511748785e-06 2.2266993968724373e-06
3.651103511748785e-06 2.2266993968724373e-06
3.651103511748785e-06 2.2266993968724373e-06
3.651103511748785e-06 2.2266993968724373e-06
3.651103511748785e-06 2.2266993968724373e-06
3.651103511748785e-06 2.2266993968724373e-06
3.651103511748785e-06 2.2266993968724373e-06
3.651103511748785e-06 2.2266993968724373e-06
3.651103511748785e-06 2.2266993968724373e-06
3.651103511748785e-06 2.2266993968724373e-06
3.651103511748785e-06 2.2266993968724373e-06
3.651103511748785e-06 2.2266993968724373e-06
3.651103511748785e-06 2.2266993968724373e-06
3.651103511748785e-06 2.2266993968724373e-06
3.651103511748785e-06 2.2266993968724373e-06
3.651103511748785e-06 2.2266993968724373e-06
3.651103511748785e-06 2.2266993968724373e-06
3.651103511748785e-06 2.2266993968724373e-06
3.651103511748785e-06 2.2266993968724373e-06
3.651103511748785e-06 2.2266993968724373e-06
3.651103511748785e-06 2.2266993968724373e-06
3.651103511748785e-06 2.2266993968724373e-06
3.651103511748785e-06 2.2266993968724373e-06
3.651103511748785e-06 2.2266993968724373e-06
3.651103511748785e-06 2.2266993968724373e-06
3.651103511748785e-06 2.2266993968724373e-06
3.651103511748785e-06 2.2266993968724373e-06
3.651103511748785e-06 2.2266993968724373e-06
3.651103511748785e-06 2.2266993968724373e-06
3.651103511748785e-06 2.2266993968724373e-06
3.651103511748785e-06 2.2266993968724373e-06
3.651103511748785e-06 2.2266993968724373e-06
3.651103511748785e-06 2.2266993968724373e-06
3.651103511748785e-06 2.2266993968724373e-06
3.651103511748785e-06 2.2266993968724373e-06
3.651103511748785e-06 2.2266993968724373e-06
3.651103511748785e-06 2.2266993968724373e-06
3.651103511748785e-06 2.2266993968724373e-06
3.651103511748785e-06 2.2266993968724373e-06
3.651103511748785e-06 2.2266993968724373e-06
3.651103511748785e-06 2.2266993968724373e-06
3.651103511748785e-06 2.2266993968724373e-06
3.651103511748785e-06 2.2266993968724373e-06
3.651103511748785e-06 2.2266993968724373e-06
3.651103511748785e-06 2.2266993968724373e-06
3.651103511748785e-06 2.2266993968724373e-06
3.651103511748785e-06 2.2266993968724373e-06
3.651103511748785e-06 2.2266993968724373e-06
3.651103511748785e-06 2.2266993968724373e-06
3.651103511748785e-06 2.2266993968724373e-06
3.651103511748785e-06 2.2266993968724373e-06
3.651103511748785e-06 2.2266993968724373e-06
3.651103511748785e-06 2.2266993968724373e-06
3.651103511748785e-06 2.2266993968724373e-06
2.805822889056174e-06 1.8459844483719926e-06
2.805822889056174e-06 1.8459844483719926e-06
1.8555319581439593e-06 1.8460000510188089e-06
1.8555319581439593e-06 1.8460000510188089e-06
1.6112573177936518e-05 1.8532110203470127e-06
1.6112573177936518e-05 1.8532110203470127e-06
1.6112573177936518e-05 1.8532110203470127e-06
1.6112573177936518e-05 1.8532110203470127e-06
1.6112573177936518e-05 1.8532110203470127e-06
1.6112573177936518e-05 1.8532110203470127e-06
1.6112573177936518e-05 1.8532110203470127e-06
1.6112573177936518e-05 1.8532110203470127e-06
1.6112573177936518e-05 1.8532110203470127e-06
1.6112573177936518e-05 1.8532110203470127e-06
1.6112573177936518e-05 1.8532110203470127e-06
1.6112573177936518e-05 1.8532110203470127e-06
8.126120436469166e-07 1.8593419440233487e-06
8.126120436469166e-07 1.8593419440233487e-06
8.126120436469166e-07 1.8593419440233487e-06
8.126120436469166e-07 1.8593419440233487e-06
8.996112219886907e-07 1.8593419440233487e-06
8.996112219886907e-07 1.8593419440233487e-06
8.996112219886907e-07 1.8593419440233487e-06
8.996112219886907e-07 1.8593419440233487e-06
1.1336460809708388e-06 1.845834505875876e-06
1.1336460809708388e-06 1.845834505875876e-06
1.1336460809708388e-06 1.845834505875876e-06
1.1336460809708388e-06 1.845834505875876e-06
1.1336460809708388e-06 1.845834505875876e-06
1.1336460809708388e-06 1.845834505875876e-06
1.1336460809708388e-06 1.845834505875876e-06
1.1336460809708388e-06 1.845834505875876e-06
1.1336460809708388e-06 1.845834505875876e-06
1.1336460809708388e-06 1.845834505875876e-06
1.1336460809708388e-06 1.845834505875876e-06
1.1336460809708388e-06 1.845834505875876e-06
1.1336460809708388e-06 1.845834505875876e-06
1.1336460809708388e-06 1.845834505875876e-06
2.411677221045991e-06 1.8459997643217484e-06
2.411677221045991e-06 1.8459997643217484e-06
2.8217420681417837e-06 1.8459814978129355e-06
2.8217420681417837e-06 1.8459814978129355e-06
2.332140411835295e-06 1.8458749334709025e-06
2.332140411835295e-06 1.8458749334709025e-06
2.332140411835295e-06 1.8458749334709025e-06
2.332140411835295e-06 1.8458749334709025e-06
2.486562097129029e-06 1.845980955931261e-06
2.486562097129029e-06 1.845980955931261e-06
2.486562097129029e-06 1.845980955931261e-06
2.486562097129029e-06 1.845980955931261e-06
9.270646221322461e-07 1.8459617886638795e-06
9.270646221322461e-07 1.8459617886638795e-06
1.9757659802775006e-07 1.8532110203470127e-06
1.9757659802775006e-07 1.8532110203470127e-06
7.413760664694716e-07 1.8459617886638795e-06
7.413760664694716e-07 1.8459617886638795e-06
1.7744616806681216e-06 1.8459853347015605e-06
1.7744616806681216e-06 1.8459853347015605e-06
3.0214778952814082e-06 1.8399737987731054e-06
3.0214778952814082e-06 1.8399737987731054e-06
3.0214778952814082e-06 1.8399737987731054e-06
3.0214778952814082e-06 1.8399737987731054e-06
2.486562097129029e-06 1.845982090373772e-06
2.486562097129029e-06 1.845982090373772e-06
3.032829927704504e-06 1.84598427658647e-06
3.032829927704504e-06 1.84598427658647e-06
3.032829927704504e-06 1.84598427658647e-06
3.032829927704504e-06 1.84598427658647e-06
3.032829927704504e-06 1.84598427658647e-06
3.032829927704504e-06 1.84598427658647e-06
3.032829927704504e-06 1.84598427658647e-06
3.032829927704504e-06 1.84598427658647e-06
3.032829927704504e-06 1.84598427658647e-06
3.032829927704504e-06 1.84598427658647e-06
3.032829927704504e-06 1.84598427658647e-06
3.032829927704504e-06 1.84598427658647e-06
3.032829927704504e-06 1.84598427658647e-06
3.032829927704504e-06 1.84598427658647e-06
3.032829927704504e-06 1.84598427658647e-06
3.032829927704504e-06 1.84598427658647e-06
1.6317475832474073e-07 5.992774061046643e-08
1.3572638052540737e-07 5.992378479680327e-08
5.3708577259788384e-06 5.2948886295628934e-08
5.3708577259788384e-06 5.2948886295628934e-08
5.3708577259788384e-06 5.2948886295628934e-08
5.3708577259788384e-06 5.2948886295628934e-08
5.3708577259788384e-06 5.2948886295628934e-08
5.3708577259788384e-06 5.2948886295628934e-08
5.237538562568017e-08 1.162088715014593e-07
5.237538562568017e-08 1.162088715014593e-07
5.957690211845634e-08 1.162088715014593e-07
5.957690211845634e-08 1.162088715014593e-07
4.360177234503226e-08 5.995215134637448e-08
4.360177234503226e-08 5.995215134637448e-08
4.360177234503226e-08 5.995215134637448e-08
4.360177234503226e-08 5.995215134637448e-08
4.360177234503226e-08 5.995215134637448e-08
4.360177234503226e-08 5.995215134637448e-08
4.360177234503226e-08 5.995215134637448e-08
1.3080283232791815e-07 5.998574796149015e-08
1.6221943271595847e-07 5.991859532003743e-08
1.9520117984524496e-08 5.979816493767629e-08
1.9520117984524496e-08 5.979816493767629e-08
7.095941111099746e-08 5.9927943268243e-08
7.095941111099746e-08 5.9927943268243e-08
2.705175755164882e-07 5.979248299692634e-08
2.0160877349770415e-08 5.2948886295628934e-08
5.560320498521037e-08 5.979248299692634e-08
1.2484595389239746e-07 5.991362989097821e-08
2.382569858578121e-07 6.34473723714864e-08
2.382569858578121e-07 6.34473723714864e-08
7.095941111099746e-08 5.992028555732282e-08
1.6003472068149082e-07 5.992267452542094e-08
1.6003472068149082e-07 5.992267452542094e-08
1.6003472068149082e-07 5.992267452542094e-08
1.6003472068149082e-07 5.992267452542094e-08
1.6003472068149082e-07 5.992267452542094e-08
1.6003472068149082e-07 5.992267452542094e-08
1.6003472068149082e-07 5.992267452542094e-08
1.6003472068149082e-07 5.992267452542094e-08
2.8570312525677554e-06 3.857362310613737e-06
2.8570312525677554e-06 3.857362310613737e-06
3.794051260729934e-06 3.857347788315011e-06
3.794051260729934e-06 3.857347788315011e-06
7.519200816370374e-05 3.865268699580912e-06
7.519200816370374e-05 3.865268699580912e-06
7.519200816370374e-05 3.865268699580912e-06
7.519200816370374e-05 3.865268699580912e-06
7.519200816370374e-05 3.865268699580912e-06
7.519200816370374e-05 3.865268699580912e-06
7.519200816370374e-05 3.865268699580912e-06
7.519200816370374e-05 3.865268699580912e-06
7.519200816370374e-05 3.865268699580912e-06
7.519200816370374e-05 3.865268699580912e-06
7.519200816370374e-05 3.865268699580912e-06
7.519200816370374e-05 3.865268699580912e-06
9.96719459785671e-07 3.8348927595481565e-06
9.96719459785671e-07 3.8348927595481565e-06
9.96719459785671e-07 3.8348927595481565e-06
9.96719459785671e-07 3.8348927595481565e-06
9.790470914799658e-07 3.8348927595481565e-06
9.790470914799658e-07 3.8348927595481565e-06
9.790470914799658e-07 3.8348927595481565e-06
9.790470914799658e-07 3.8348927595481565e-06
1.0567523149633435e-06 3.857113890947997e-06
1.0567523149633435e-06 3.857113890947997e-06
1.0567523149633435e-06 3.857113890947997e-06
1.0567523149633435e-06 3.857113890947997e-06
1.0567523149633435e-06 3.857113890947997e-06
1.0567523149633435e-06 3.857113890947997e-06
1.0567523149633435e-06 3.857113890947997e-06
1.0567523149633435e-06 3.857113890947997e-06
1.0567523149633435e-06 3.857113890947997e-06
1.0567523149633435e-06 3.857113890947997e-06
1.0567523149633435e-06 3.857113890947997e-06
1.0567523149633435e-06 3.857113890947997e-06
1.0567523149633435e-06 3.857113890947997e-06
1.0567523149633435e-06 3.857113890947997e-06
3.5292239197476413e-06 3.857302719943767e-06
3.5292239197476413e-06 3.857302719943767e-06
2.9637951664749732e-06 3.857372713069026e-06
2.9637951664749732e-06 3.857372713069026e-06
4.182955809157447e-06 3.857243911133357e-06
4.182955809157447e-06 3.857243911133357e-06
4.182955809157447e-06 3.857243911133357e-06
4.182955809157447e-06 3.857243911133357e-06
1.2098735991112026e-06 3.857363501104429e-06
1.2098735991112026e-06 3.857363501104429e-06
1.2098735991112026e-06 3.857363501104429e-06
1.2098735991112026e-06 3.857363501104429e-06
3.3427182739726758e-06 3.8574018964990775e-06
3.3427182739726758e-06 3.8574018964990775e-06
1.1491700089369137e-06 3.865268699580912e-06
1.1491700089369137e-06 3.865268699580912e-06
3.4020923939099085e-06 3.8574018964990775e-06
3.4020923939099085e-06 3.8574018964990775e-06
3.848769799492046e-06 3.857368599193064e-06
3.848769799492046e-06 3.857368599193064e-06
4.791217596205355e-06 3.87028971466067e-06
4.791217596205355e-06 3.87028971466067e-06
4.791217596205355e-06 3.87028971466067e-06
4.791217596205355e-06 3.87028971466067e-06
1.2098735991112026e-06 3.857359347727693e-06
1.2098735991112026e-06 3.857359347727693e-06
3.159649895037006e-06 3.857360979118436e-06
3.159649895037006e-06 3.857360979118436e-06
3.159649895037006e-06 3.857360979118436e-06
3.159649895037006e-06 3.857360979118436e-06
3.159649895037006e-06 3.857360979118436e-06
3.159649895037006e-06 3.857360979118436e-06
3.159649895037006e-06 3.857360979118436e-06
3.159649895037006e-06 3.857360979118436e-06
3.159649895037006e-06 3.857360979118436e-06
3.159649895037006e-06 3.857360979118436e-06
3.159649895037006e-06 3.857360979118436e-06
3.159649895037006e-06 3.857360979118436e-06
3.159649895037006e-06 3.857360979118436e-06
3.159649895037006e-06 3.857360979118436e-06
3.159649895037006e-06 3.857360979118436e-06
3.159649895037006e-06 3.857360979118436e-06
5.429806658723927e-06 6.302579476245792e-06
6.887417819047072e-06 6.302585687301853e-06
7.519200816370374e-05 6.3009174691798436e-06
7.519200816370374e-05 6.3009174691798436e-06
7.519200816370374e-05 6.3009174691798436e-06
7.519200816370374e-05 6.3009174691798436e-06
7.519200816370374e-05 6.3009174691798436e-06
7.519200816370374e-05 6.3009174691798436e-06
1.4109611460978687e-06 6.275279061078802e-06
1.4109611460978687e-06 6.275279061078802e-06
1.461619998639462e-06 6.275279061078802e-06
1.461619998639462e-06 6.275279061078802e-06
1.908812565666511e-06 6.302469910287618e-06
1.908812565666511e-06 6.302469910287618e-06
1.908812565666511e-06 6.302469910287618e-06
1.908812565666511e-06 6.302469910287618e-06
1.908812565666511e-06 6.302469910287618e-06
1.908812565666511e-06 6.302469910287618e-06
1.908812565666511e-06 6.302469910287618e-06
5.057398081364435e-06 6.30261214883054e-06
5.617308107289354e-06 6.302585419818982e-06
7.279462946281491e-06 6.3026741299004344e-06
7.279462946281491e-06 6.3026741299004344e-06
2.0534996709437444e-06 6.3025773075624514e-06
2.0534996709437444e-06 6.3025773075624514e-06
5.178139936176204e-06 6.302599753794434e-06
1.552387555932322e-06 6.3009174691798436e-06
5.2081668669480385e-06 6.302599753794434e-06
6.853458466343525e-06 6.302591097501193e-06
7.964421333227061e-06 6.2812898647771536e-06
7.964421333227061e-06 6.2812898647771536e-06
2.0534996709437444e-06 6.302580433774547e-06
5.851088473344682e-06 6.302584705862015e-06
5.851088473344682e-06 6.302584705862015e-06
5.851088473344682e-06 6.302584705862015e-06
5.851088473344682e-06 6.302584705862015e-06
5.851088473344682e-06 6.302584705862015e-06
5.851088473344682e-06 6.302584705862015e-06
5.851088473344682e-06 6.302584705862015e-06
5.851088473344682e-06 6.302584705862015e-06
3.1543561060377e-06 3.4392311361008138e-06
3.1543561060377e-06 3.4392311361008138e-06
3.1543561060377e-06 3.4392311361008138e-06
3.1543561060377e-06 3.4392311361008138e-06
3.1543561060377e-06 3.4392311361008138e-06
3.1543561060377e-06 3.4392311361008138e-06
3.1543561060377e-06 3.4392311361008138e-06
3.1543561060377e-06 3.4392311361008138e-06
3.1543561060377e-06 3.4392311361008138e-06
3.1543561060377e-06 3.4392311361008138e-06
3.1543561060377e-06 3.4392311361008138e-06
3.645843933942799e-06 3.43922531835701e-06
3.645843933942799e-06 3.43922531835701e-06
3.645843933942799e-06 3.43922531835701e-06
3.645843933942799e-06 3.43922531835701e-06
3.645843933942799e-06 3.43922531835701e-06
3.645843933942799e-06 3.43922531835701e-06
3.645843933942799e-06 3.43922531835701e-06
3.645843933942799e-06 3.43922531835701e-06
3.645843933942799e-06 3.43922531835701e-06
3.645843933942799e-06 3.43922531835701e-06
3.645843933942799e-06 3.43922531835701e-06
2.1483430903915354e-05 3.4416776092158807e-06
2.1483430903915354e-05 3.4416776092158807e-06
2.1483430903915354e-05 3.4416776092158807e-06
2.1483430903915354e-05 3.4416776092158807e-06
2.1483430903915354e-05 3.4416776092158807e-06
2.1483430903915354e-05 3.4416776092158807e-06
2.1483430903915354e-05 3.4416776092158807e-06
2.1483430903915354e-05 3.4416776092158807e-06
2.1483430903915354e-05 3.4416776092158807e-06
2.1483430903915354e-05 3.4416776092158807e-06
2.1483430903915354e-05 3.4416776092158807e-06
2.1483430903915354e-05 3.4416776092158807e-06
2.1483430903915354e-05 3.4416776092158807e-06
2.1483430903915354e-05 3.4416776092158807e-06
2.1483430903915354e-05 3.4416776092158807e-06
2.1483430903915354e-05 3.4416776092158807e-06
2.1483430903915354e-05 3.4416776092158807e-06
2.1483430903915354e-05 3.4416776092158807e-06
2.1483430903915354e-05 3.4416776092158807e-06
2.1483430903915354e-05 3.4416776092158807e-06
2.1483430903915354e-05 3.4416776092158807e-06
2.1483430903915354e-05 3.4416776092158807e-06
2.1483430903915354e-05 3.4416776092158807e-06
2.1483430903915354e-05 3.4416776092158807e-06
2.1483430903915354e-05 3.4416776092158807e-06
2.1483430903915354e-05 3.4416776092158807e-06
2.1483430903915354e-05 3.4416776092158807e-06
2.1483430903915354e-05 3.4416776092158807e-06
2.1483430903915354e-05 3.4416776092158807e-06
2.1483430903915354e-05 3.4416776092158807e-06
2.1483430903915354e-05 3.4416776092158807e-06
2.1483430903915354e-05 3.4416776092158807e-06
2.1483430903915354e-05 3.4416776092158807e-06
2.1483430903915354e-05 3.4416776092158807e-06
2.1483430903915354e-05 3.4416776092158807e-06
2.1483430903915354e-05 3.4416776092158807e-06
2.1483430903915354e-05 3.4416776092158807e-06
2.1483430903915354e-05 3.4416776092158807e-06
2.1483430903915354e-05 3.4416776092158807e-06
2.1483430903915354e-05 3.4416776092158807e-06
2.1483430903915354e-05 3.4416776092158807e-06
2.1483430903915354e-05 3.4416776092158807e-06
2.1483430903915354e-05 3.4416776092158807e-06
2.1483430903915354e-05 3.4416776092158807e-06
2.1483430903915354e-05 3.4416776092158807e-06
2.1483430903915354e-05 3.4416776092158807e-06
2.1483430903915354e-05 3.4416776092158807e-06
2.1483430903915354e-05 3.4416776092158807e-06
2.1483430903915354e-05 3.4416776092158807e-06
2.1483430903915354e-05 3.4416776092158807e-06
2.1483430903915354e-05 3.4416776092158807e-06
2.1483430903915354e-05 3.4416776092158807e-06
2.1483430903915354e-05 3.4416776092158807e-06
2.1483430903915354e-05 3.4416776092158807e-06
2.1483430903915354e-05 3.4416776092158807e-06
2.1483430903915354e-05 3.4416776092158807e-06
2.1483430903915354e-05 3.4416776092158807e-06
2.1483430903915354e-05 3.4416776092158807e-06
2.1483430903915354e-05 3.4416776092158807e-06
2.1483430903915354e-05 3.4416776092158807e-06
2.1483430903915354e-05 3.4416776092158807e-06
2.1483430903915354e-05 3.4416776092158807e-06
2.1483430903915354e-05 3.4416776092158807e-06
2.1483430903915354e-05 3.4416776092158807e-06
2.1483430903915354e-05 3.4416776092158807e-06
2.1483430903915354e-05 3.4416776092158807e-06
8.221348410334038e-07 3.4862661450437788e-06
8.221348410334038e-07 3.4862661450437788e-06
8.221348410334038e-07 3.4862661450437788e-06
8.221348410334038e-07 3.4862661450437788e-06
8.221348410334038e-07 3.4862661450437788e-06
8.221348410334038e-07 3.4862661450437788e-06
8.221348410334038e-07 3.4862661450437788e-06
8.221348410334038e-07 3.4862661450437788e-06
8.221348410334038e-07 3.4862661450437788e-06
8.221348410334038e-07 3.4862661450437788e-06
8.221348410334038e-07 3.4862661450437788e-06
8.221348410334038e-07 3.4862661450437788e-06
8.221348410334038e-07 3.4862661450437788e-06
8.221348410334038e-07 3.4862661450437788e-06
8.221348410334038e-07 3.4862661450437788e-06
8.221348410334038e-07 3.4862661450437788e-06
8.221348410334038e-07 3.4862661450437788e-06
8.221348410334038e-07 3.4862661450437788e-06
8.221348410334038e-07 3.4862661450437788e-06
8.221348410334038e-07 3.4862661450437788e-06
8.221348410334038e-07 3.4862661450437788e-06
8.221348410334038e-07 3.4862661450437788e-06
9.393291567343283e-07 3.4862661450437788e-06
9.393291567343283e-07 3.4862661450437788e-06
9.393291567343283e-07 3.4862661450437788e-06
9.393291567343283e-07 3.4862661450437788e-06
9.393291567343283e-07 3.4862661450437788e-06
9.393291567343283e-07 3.4862661450437788e-06
9.393291567343283e-07 3.4862661450437788e-06
9.393291567343283e-07 3.4862661450437788e-06
9.393291567343283e-07 3.4862661450437788e-06
9.393291567343283e-07 3.4862661450437788e-06
9.393291567343283e-07 3.4862661450437788e-06
9.393291567343283e-07 3.4862661450437788e-06
9.393291567343283e-07 3.4862661450437788e-06
9.393291567343283e-07 3.4862661450437788e-06
9.393291567343283e-07 3.4862661450437788e-06
9.393291567343283e-07 3.4862661450437788e-06
9.393291567343283e-07 3.4862661450437788e-06
9.393291567343283e-07 3.4862661450437788e-06
9.393291567343283e-07 3.4862661450437788e-06
9.393291567343283e-07 3.4862661450437788e-06
9.393291567343283e-07 3.4862661450437788e-06
9.393291567343283e-07 3.4862661450437788e-06
1.1037906802025656e-06 3.439178220504521e-06
1.1037906802025656e-06 3.439178220504521e-06
1.1037906802025656e-06 3.439178220504521e-06
1.1037906802025656e-06 3.439178220504521e-06
1.1037906802025656e-06 3.439178220504521e-06
1.1037906802025656e-06 3.439178220504521e-06
1.1037906802025656e-06 3.439178220504521e-06
1.1037906802025656e-06 3.439178220504521e-06
1.1037906802025656e-06 3.439178220504521e-06
1.1037906802025656e-06 3.439178220504521e-06
1.1037906802025656e-06 3.439178220504521e-06
1.1037906802025656e-06 3.439178220504521e-06
1.1037906802025656e-06 3.439178220504521e-06
1.1037906802025656e-06 3.439178220504521e-06
1.1037906802025656e-06 3.439178220504521e-06
1.1037906802025656e-06 3.439178220504521e-06
1.1037906802025656e-06 3.439178220504521e-06
1.1037906802025656e-06 3.439178220504521e-06
1.1037906802025656e-06 3.439178220504521e-06
1.1037906802025656e-06 3.439178220504521e-06
1.1037906802025656e-06 3.439178220504521e-06
1.1037906802025656e-06 3.439178220504521e-06
1.1037906802025656e-06 3.439178220504521e-06
1.1037906802025656e-06 3.439178220504521e-06
1.1037906802025656e-06 3.439178220504521e-06
1.1037906802025656e-06 3.439178220504521e-06
1.1037906802025656e-06 3.439178220504521e-06
1.1037906802025656e-06 3.439178220504521e-06
1.1037906802025656e-06 3.439178220504521e-06
1.1037906802025656e-06 3.439178220504521e-06
1.1037906802025656e-06 3.439178220504521e-06
1.1037906802025656e-06 3.439178220504521e-06
1.1037906802025656e-06 3.439178220504521e-06
1.1037906802025656e-06 3.439178220504521e-06
1.1037906802025656e-06 3.439178220504521e-06
1.1037906802025656e-06 3.439178220504521e-06
1.1037906802025656e-06 3.439178220504521e-06
1.1037906802025656e-06 3.439178220504521e-06
1.1037906802025656e-06 3.439178220504521e-06
1.1037906802025656e-06 3.439178220504521e-06
1.1037906802025656e-06 3.439178220504521e-06
1.1037906802025656e-06 3.439178220504521e-06
1.1037906802025656e-06 3.439178220504521e-06
1.1037906802025656e-06 3.439178220504521e-06
1.1037906802025656e-06 3.439178220504521e-06
1.1037906802025656e-06 3.439178220504521e-06
1.1037906802025656e-06 3.439178220504521e-06
1.1037906802025656e-06 3.439178220504521e-06
1.1037906802025656e-06 3.439178220504521e-06
1.1037906802025656e-06 3.439178220504521e-06
1.1037906802025656e-06 3.439178220504521e-06
1.1037906802025656e-06 3.439178220504521e-06
1.1037906802025656e-06 3.439178220504521e-06
1.1037906802025656e-06 3.439178220504521e-06
1.1037906802025656e-06 3.439178220504521e-06
1.1037906802025656e-06 3.439178220504521e-06
1.1037906802025656e-06 3.439178220504521e-06
1.1037906802025656e-06 3.439178220504521e-06
1.1037906802025656e-06 3.439178220504521e-06
1.1037906802025656e-06 3.439178220504521e-06
1.1037906802025656e-06 3.439178220504521e-06
1.1037906802025656e-06 3.439178220504521e-06
1.1037906802025656e-06 3.439178220504521e-06
1.1037906802025656e-06 3.439178220504521e-06
1.1037906802025656e-06 3.439178220504521e-06
1.1037906802025656e-06 3.439178220504521e-06
1.1037906802025656e-06 3.439178220504521e-06
1.1037906802025656e-06 3.439178220504521e-06
1.1037906802025656e-06 3.439178220504521e-06
1.1037906802025656e-06 3.439178220504521e-06
1.1037906802025656e-06 3.439178220504521e-06
1.1037906802025656e-06 3.439178220504521e-06
1.1037906802025656e-06 3.439178220504521e-06
1.1037906802025656e-06 3.439178220504521e-06
1.1037906802025656e-06 3.439178220504521e-06
1.1037906802025656e-06 3.439178220504521e-06
1.1037906802025656e-06 3.439178220504521e-06
2.9633848816862453e-06 3.4391828831254353e-06
2.9633848816862453e-06 3.4391828831254353e-06
2.9633848816862453e-06 3.4391828831254353e-06
2.9633848816862453e-06 3.4391828831254353e-06
2.9633848816862453e-06 3.4391828831254353e-06
2.9633848816862453e-06 3.4391828831254353e-06
2.9633848816862453e-06 3.4391828831254353e-06
2.9633848816862453e-06 3.4391828831254353e-06
2.9633848816862453e-06 3.4391828831254353e-06
2.9633848816862453e-06 3.4391828831254353e-06
2.9633848816862453e-06 3.4391828831254353e-06
3.3649422817888817e-06 3.4392323343231903e-06
3.3649422817888817e-06 3.4392323343231903e-06
3.3649422817888817e-06 3.4392323343231903e-06
3.3649422817888817e-06 3.4392323343231903e-06
3.3649422817888817e-06 3.4392323343231903e-06
3.3649422817888817e-06 3.4392323343231903e-06
3.3649422817888817e-06 3.4392323343231903e-06
3.3649422817888817e-06 3.4392323343231903e-06
3.3649422817888817e-06 3.4392323343231903e-06
3.3649422817888817e-06 3.4392323343231903e-06
3.3649422817888817e-06 3.4392323343231903e-06
2.988632800893777e-06 3.4391813018760932e-06
2.988632800893777e-06 3.4391813018760932e-06
2.988632800893777e-06 3.4391813018760932e-06
2.988632800893777e-06 3.4391813018760932e-06
2.988632800893777e-06 3.4391813018760932e-06
2.988632800893777e-06 3.4391813018760932e-06
2.988632800893777e-06 3.4391813018760932e-06
2.988632800893777e-06 3.4391813018760932e-06
2.988632800893777e-06 3.4391813018760932e-06
2.988632800893777e-06 3.4391813018760932e-06
2.988632800893777e-06 3.4391813018760932e-06
2.988632800893777e-06 3.4391813018760932e-06
2.988632800893777e-06 3.4391813018760932e-06
2.988632800893777e-06 3.4391813018760932e-06
2.988632800893777e-06 3.4391813018760932e-06
2.988632800893777e-06 3.4391813018760932e-06
2.988632800893777e-06 3.4391813018760932e-06
2.988632800893777e-06 3.4391813018760932e-06
2.988632800893777e-06 3.4391813018760932e-06
2.988632800893777e-06 3.4391813018760932e-06
2.988632800893777e-06 3.4391813018760932e-06
2.988632800893777e-06 3.4391813018760932e-06
1.1003959182409609e-06 3.4392304262800487e-06
1.1003959182409609e-06 3.4392304262800487e-06
1.1003959182409609e-06 3.4392304262800487e-06
1.1003959182409609e-06 3.4392304262800487e-06
1.1003959182409609e-06 3.4392304262800487e-06
1.1003959182409609e-06 3.4392304262800487e-06
1.1003959182409609e-06 3.4392304262800487e-06
1.1003959182409609e-06 3.4392304262800487e-06
1.1003959182409609e-06 3.4392304262800487e-06
1.1003959182409609e-06 3.4392304262800487e-06
1.1003959182409609e-06 3.4392304262800487e-06
1.1003959182409609e-06 3.4392304262800487e-06
1.1003959182409609e-06 3.4392304262800487e-06
1.1003959182409609e-06 3.4392304262800487e-06
1.1003959182409609e-06 3.4392304262800487e-06
1.1003959182409609e-06 3.4392304262800487e-06
1.1003959182409609e-06 3.4392304262800487e-06
1.1003959182409609e-06 3.4392304262800487e-06
1.1003959182409609e-06 3.4392304262800487e-06
1.1003959182409609e-06 3.4392304262800487e-06
1.1003959182409609e-06 3.4392304262800487e-06
1.1003959182409609e-06 3.4392304262800487e-06
2.429313156202404e-06 3.4391167632530356e-06
2.429313156202404e-06 3.4391167632530356e-06
2.429313156202404e-06 3.4391167632530356e-06
2.429313156202404e-06 3.4391167632530356e-06
2.429313156202404e-06 3.4391167632530356e-06
2.429313156202404e-06 3.4391167632530356e-06
2.429313156202404e-06 3.4391167632530356e-06
2.429313156202404e-06 3.4391167632530356e-06
2.429313156202404e-06 3.4391167632530356e-06
2.429313156202404e-06 3.4391167632530356e-06
2.429313156202404e-06 3.4391167632530356e-06
7.782098657011381e-07 3.4416776092158807e-06
7.782098657011381e-07 3.4416776092158807e-06
7.782098657011381e-07 3.4416776092158807e-06
7.782098657011381e-07 3.4416776092158807e-06
7.782098657011381e-07 3.4416776092158807e-06
7.782098657011381e-07 3.4416776092158807e-06
7.782098657011381e-07 3.4416776092158807e-06
7.782098657011381e-07 3.4416776092158807e-06
7.782098657011381e-07 3.4416776092158807e-06
7.782098657011381e-07 3.4416776092158807e-06
7.782098657011381e-07 3.4416776092158807e-06
2.0099528913172343e-06 3.4391167632530356e-06
2.0099528913172343e-06 3.4391167632530356e-06
2.0099528913172343e-06 3.4391167632530356e-06
2.0099528913172343e-06 3.4391167632530356e-06
2.0099528913172343e-06 3.4391167632530356e-06
2.0099528913172343e-06 3.4391167632530356e-06
2.0099528913172343e-06 3.4391167632530356e-06
2.0099528913172343e-06 3.4391167632530356e-06
2.0099528913172343e-06 3.4391167632530356e-06
2.0099528913172343e-06 3.4391167632530356e-06
2.0099528913172343e-06 3.4391167632530356e-06
3.748740931657131e-06 3.4392239121963646e-06
3.748740931657131e-06 3.4392239121963646e-06
3.748740931657131e-06 3.4392239121963646e-06
3.748740931657131e-06 3.4392239121963646e-06
3.748740931657131e-06 3.4392239121963646e-06
3.748740931657131e-06 3.4392239121963646e-06
3.748740931657131e-06 3.4392239121963646e-06
3.748740931657131e-06 3.4392239121963646e-06
3.748740931657131e-06 3.4392239121963646e-06
3.748740931657131e-06 3.4392239121963646e-06
3.748740931657131e-06 3.4392239121963646e-06
5.842630265140079e-06 3.4261581080602655e-06
5.842630265140079e-06 3.4261581080602655e-06
5.842630265140079e-06 3.4261581080602655e-06
5.842630265140079e-06 3.4261581080602655e-06
5.842630265140079e-06 3.4261581080602655e-06
5.842630265140079e-06 3.4261581080602655e-06
5.842630265140079e-06 3.4261581080602655e-06
5.842630265140079e-06 3.4261581080602655e-06
5.842630265140079e-06 3.4261581080602655e-06
5.842630265140079e-06 3.4261581080602655e-06
5.842630265140079e-06 3.4261581080602655e-06
5.842630265140079e-06 3.4261581080602655e-06
5.842630265140079e-06 3.4261581080602655e-06
5.842630265140079e-06 3.4261581080602655e-06
5.842630265140079e-06 3.4261581080602655e-06
5.842630265140079e-06 3.4261581080602655e-06
5.842630265140079e-06 3.4261581080602655e-06
5.842630265140079e-06 3.4261581080602655e-06
5.842630265140079e-06 3.4261581080602655e-06
5.842630265140079e-06 3.4261581080602655e-06
5.842630265140079e-06 3.4261581080602655e-06
5.842630265140079e-06 3.4261581080602655e-06
1.1003959182409609e-06 3.4392364624710913e-06
1.1003959182409609e-06 3.4392364624710913e-06
1.1003959182409609e-06 3.4392364624710913e-06
1.1003959182409609e-06 3.4392364624710913e-06
1.1003959182409609e-06 3.4392364624710913e-06
1.1003959182409609e-06 3.4392364624710913e-06
1.1003959182409609e-06 3.4392364624710913e-06
1.1003959182409609e-06 3.4392364624710913e-06
1.1003959182409609e-06 3.4392364624710913e-06
1.1003959182409609e-06 3.4392364624710913e-06
1.1003959182409609e-06 3.4392364624710913e-06
3.448789293729401e-06 3.4392299197934855e-06
3.448789293729401e-06 3.4392299197934855e-06
3.448789293729401e-06 3.4392299197934855e-06
3.448789293729401e-06 3.4392299197934855e-06
3.448789293729401e-06 3.4392299197934855e-06
3.448789293729401e-06 3.4392299197934855e-06
3.448789293729401e-06 3.4392299197934855e-06
3.448789293729401e-06 3.4392299197934855e-06
3.448789293729401e-06 3.4392299197934855e-06
3.448789293729401e-06 3.4392299197934855e-06
3.448789293729401e-06 3.4392299197934855e-06
3.448789293729401e-06 3.4392299197934855e-06
3.448789293729401e-06 3.4392299197934855e-06
3.448789293729401e-06 3.4392299197934855e-06
3.448789293729401e-06 3.4392299197934855e-06
3.448789293729401e-06 3.4392299197934855e-06
3.448789293729401e-06 3.4392299197934855e-06
3.448789293729401e-06 3.4392299197934855e-06
3.448789293729401e-06 3.4392299197934855e-06
3.448789293729401e-06 3.4392299197934855e-06
3.448789293729401e-06 3.4392299197934855e-06
3.448789293729401e-06 3.4392299197934855e-06
3.448789293729401e-06 3.4392299197934855e-06
3.448789293729401e-06 3.4392299197934855e-06
3.448789293729401e-06 3.4392299197934855e-06
3.448789293729401e-06 3.4392299197934855e-06
3.448789293729401e-06 3.4392299197934855e-06
3.448789293729401e-06 3.4392299197934855e-06
3.448789293729401e-06 3.4392299197934855e-06
3.448789293729401e-06 3.4392299197934855e-06
3.448789293729401e-06 3.4392299197934855e-06
3.448789293729401e-06 3.4392299197934855e-06
3.448789293729401e-06 3.4392299197934855e-06
3.448789293729401e-06 3.4392299197934855e-06
3.448789293729401e-06 3.4392299197934855e-06
3.448789293729401e-06 3.4392299197934855e-06
3.448789293729401e-06 3.4392299197934855e-06
3.448789293729401e-06 3.4392299197934855e-06
3.448789293729401e-06 3.4392299197934855e-06
3.448789293729401e-06 3.4392299197934855e-06
3.448789293729401e-06 3.4392299197934855e-06
3.448789293729401e-06 3.4392299197934855e-06
3.448789293729401e-06 3.4392299197934855e-06
3.448789293729401e-06 3.4392299197934855e-06
3.448789293729401e-06 3.4392299197934855e-06
3.448789293729401e-06 3.4392299197934855e-06
3.448789293729401e-06 3.4392299197934855e-06
3.448789293729401e-06 3.4392299197934855e-06
3.448789293729401e-06 3.4392299197934855e-06
3.448789293729401e-06 3.4392299197934855e-06
3.448789293729401e-06 3.4392299197934855e-06
3.448789293729401e-06 3.4392299197934855e-06
3.448789293729401e-06 3.4392299197934855e-06
3.448789293729401e-06 3.4392299197934855e-06
3.448789293729401e-06 3.4392299197934855e-06
3.448789293729401e-06 3.4392299197934855e-06
3.448789293729401e-06 3.4392299197934855e-06
3.448789293729401e-06 3.4392299197934855e-06
3.448789293729401e-06 3.4392299197934855e-06
3.448789293729401e-06 3.4392299197934855e-06
3.448789293729401e-06 3.4392299197934855e-06
3.448789293729401e-06 3.4392299197934855e-06
3.448789293729401e-06 3.4392299197934855e-06
3.448789293729401e-06 3.4392299197934855e-06
3.448789293729401e-06 3.4392299197934855e-06
3.448789293729401e-06 3.4392299197934855e-06
3.448789293729401e-06 3.4392299197934855e-06
3.448789293729401e-06 3.4392299197934855e-06
3.448789293729401e-06 3.4392299197934855e-06
3.448789293729401e-06 3.4392299197934855e-06
3.448789293729401e-06 3.4392299197934855e-06
3.448789293729401e-06 3.4392299197934855e-06
3.448789293729401e-06 3.4392299197934855e-06
3.448789293729401e-06 3.4392299197934855e-06
3.448789293729401e-06 3.4392299197934855e-06
3.448789293729401e-06 3.4392299197934855e-06
3.448789293729401e-06 3.4392299197934855e-06
3.448789293729401e-06 3.4392299197934855e-06
3.448789293729401e-06 3.4392299197934855e-06
3.448789293729401e-06 3.4392299197934855e-06
3.448789293729401e-06 3.4392299197934855e-06
3.448789293729401e-06 3.4392299197934855e-06
3.448789293729401e-06 3.4392299197934855e-06
3.448789293729401e-06 3.4392299197934855e-06
3.448789293729401e-06 3.4392299197934855e-06
3.448789293729401e-06 3.4392299197934855e-06
3.448789293729401e-06 3.4392299197934855e-06
3.448789293729401e-06 3.4392299197934855e-06
3.29659277287257e-06 2.169107139262356e-06
3.29659277287257e-06 2.169107139262356e-06
2.2032780222833815e-06 2.169122997814263e-06
2.2032780222833815e-06 2.169122997814263e-06
2.1483430903915354e-05 2.170904338120786e-06
2.1483430903915354e-05 2.170904338120786e-06
2.1483430903915354e-05 2.170904338120786e-06
2.1483430903915354e-05 2.170904338120786e-06
2.1483430903915354e-05 2.170904338120786e-06
2.1483430903915354e-05 2.170904338120786e-06
2.1483430903915354e-05 2.170904338120786e-06
2.1483430903915354e-05 2.170904338120786e-06
2.1483430903915354e-05 2.170904338120786e-06
2.1483430903915354e-05 2.170904338120786e-06
2.1483430903915354e-05 2.170904338120786e-06
2.1483430903915354e-05 2.170904338120786e-06
1.1554327495604593e-06 2.2079685585277265e-06
1.1554327495604593e-06 2.2079685585277265e-06
1.1554327495604593e-06 2.2079685585277265e-06
1.1554327495604593e-06 2.2079685585277265e-06
1.282889292284093e-06 2.2079685585277265e-06
1.282889292284093e-06 2.2079685585277265e-06
1.282889292284093e-06 2.2079685585277265e-06
1.282889292284093e-06 2.2079685585277265e-06
1.4055664937236017e-06 2.1692302453500692e-06
1.4055664937236017e-06 2.1692302453500692e-06
1.4055664937236017e-06 2.1692302453500692e-06
1.4055664937236017e-06 2.1692302453500692e-06
1.4055664937236017e-06 2.1692302453500692e-06
1.4055664937236017e-06 2.1692302453500692e-06
1.4055664937236017e-06 2.1692302453500692e-06
1.4055664937236017e-06 2.1692302453500692e-06
1.4055664937236017e-06 2.1692302453500692e-06
1.4055664937236017e-06 2.1692302453500692e-06
1.4055664937236017e-06 2.1692302453500692e-06
1.4055664937236017e-06 2.1692302453500692e-06
1.4055664937236017e-06 2.1692302453500692e-06
1.4055664937236017e-06 2.1692302453500692e-06
2.955092916422601e-06 2.169073689986486e-06
2.955092916422601e-06 2.169073689986486e-06
3.2974601827892483e-06 2.1691074574693308e-06
3.2974601827892483e-06 2.1691074574693308e-06
2.832985544332963e-06 2.168994842256943e-06
2.832985544332963e-06 2.168994842256943e-06
2.832985544332963e-06 2.168994842256943e-06
2.832985544332963e-06 2.168994842256943e-06
2.9436760995299903e-06 2.1691097242685986e-06
2.9436760995299903e-06 2.1691097242685986e-06
2.9436760995299903e-06 2.1691097242685986e-06
2.9436760995299903e-06 2.1691097242685986e-06
1.020602532437069e-06 2.169050995033236e-06
1.020602532437069e-06 2.169050995033236e-06
2.1773747537752048e-07 2.170904338120786e-06
2.1773747537752048e-07 2.170904338120786e-06
7.949198934922668e-07 2.169050995033236e-06
7.949198934922668e-07 2.169050995033236e-06
2.1711347820062617e-06 2.1691154773256984e-06
2.1711347820062617e-06 2.1691154773256984e-06
3.3533781740883106e-06 2.1572106606305372e-06
3.3533781740883106e-06 2.1572106606305372e-06
3.3533781740883106e-06 2.1572106606305372e-06
3.3533781740883106e-06 2.1572106606305372e-06
2.9436760995299903e-06 2.169110723165101e-06
2.9436760995299903e-06 2.169110723165101e-06
3.538769845096098e-06 2.1691144244805217e-06
3.538769845096098e-06 2.1691144244805217e-06
3.538769845096098e-06 2.1691144244805217e-06
3.538769845096098e-06 2.1691144244805217e-06
3.538769845096098e-06 2.1691144244805217e-06
3.538769845096098e-06 2.1691144244805217e-06
3.538769845096098e-06 2.1691144244805217e-06
3.538769845096098e-06 2.1691144244805217e-06
3.538769845096098e-06 2.1691144244805217e-06
3.538769845096098e-06 2.1691144244805217e-06
3.538769845096098e-06 2.1691144244805217e-06
3.538769845096098e-06 2.1691144244805217e-06
3.538769845096098e-06 2.1691144244805217e-06
3.538769845096098e-06 2.1691144244805217e-06
3.538769845096098e-06 2.1691144244805217e-06
3.538769845096098e-06 2.1691144244805217e-06