0.13036404877659005 0.1185547851213116
0.08239945809121123 0.08081001254711769
4.799050555838033e-07 0.000100060204089223
4.799050555838033e-07 0.000100060204089223
4.799050555838033e-07 0.000100060204089223
4.799050555838033e-07 0.000100060204089223
4.799050555838033e-07 0.000100060204089223
4.799050555838033e-07 0.000100060204089223
0.0016239987080955904 2.2795490140230656e-05
0.0016239987080955904 2.2795490140230656e-05
0.001297903222826396 2.2795490140230656e-05
0.001297903222826396 2.2795490140230656e-05
0.012000265867400793 0.004595330859742708
0.012000265867400793 0.004595330859742708
0.012000265867400793 0.004595330859742708
0.012000265867400793 0.004595330859742708
0.012000265867400793 0.004595330859742708
0.012000265867400793 0.004595330859742708
0.012000265867400793 0.004595330859742708
0.022069873696187948 0.019342573265305193
0.1218049421102529 0.11706971892680752
0.0050176473086564555 0.010100321752344515
0.0050176473086564555 0.010100321752344515
0.230727552860942 0.22747235686891706
0.230727552860942 0.22747235686891706
0.00868004274034425 0.010101281562455685
0.000639233534037626 0.000100060204089223
0.001251592384962559 0.010101281562455685
0.12878636090635828 0.13131642035939609
0.0021744498068502127 4.1751739835790884e-05
0.0021744498068502127 4.1751739835790884e-05
0.230727552860942 0.14659827699687894
0.4174163783437085 0.41701037866668456
0.4174163783437085 0.41701037866668456
0.4174163783437085 0.41701037866668456
0.4174163783437085 0.41701037866668456
0.4174163783437085 0.41701037866668456
0.4174163783437085 0.41701037866668456
0.4174163783437085 0.41701037866668456
0.4174163783437085 0.41701037866668456