1.678393039368387e-07 8.755737387265123e-06
1.678393039368387e-07 8.755737387265123e-06
1.678393039368387e-07 8.755737387265123e-06
1.678393039368387e-07 8.755737387265123e-06
1.7291524732067825e-06 8.573616806914356e-06
1.7291524732067825e-06 8.573616806914356e-06
1.7291524732067825e-06 8.573616806914356e-06
1.7291524732067825e-06 8.573616806914356e-06
1.7291524732067825e-06 8.573616806914356e-06
1.7291524732067825e-06 8.573616806914356e-06
1.7291524732067825e-06 8.573616806914356e-06
1.7291524732067825e-06 8.573616806914356e-06
1.7291524732067825e-06 8.573616806914356e-06
1.7291524732067825e-06 8.573616806914356e-06
1.7291524732067825e-06 8.573616806914356e-06
1.7291524732067825e-06 8.573616806914356e-06
1.7291524732067825e-06 8.573616806914356e-06
1.7291524732067825e-06 8.573616806914356e-06
1.7291524732067825e-06 8.573616806914356e-06
1.7291524732067825e-06 8.573616806914356e-06
1.7291524732067825e-06 8.573616806914356e-06
1.7291524732067825e-06 8.573616806914356e-06
1.7291524732067825e-06 8.573616806914356e-06
1.7291524732067825e-06 8.573616806914356e-06
1.7291524732067825e-06 8.573616806914356e-06
1.7291524732067825e-06 8.573616806914356e-06
1.7291524732067825e-06 8.573616806914356e-06
1.7291524732067825e-06 8.573616806914356e-06
1.7291524732067825e-06 8.573616806914356e-06
1.7291524732067825e-06 8.573616806914356e-06
1.7291524732067825e-06 8.573616806914356e-06
1.7291524732067825e-06 8.573616806914356e-06
1.9481233574474523e-06 8.609951956468083e-06
1.9481233574474523e-06 8.609951956468083e-06
1.9481233574474523e-06 8.609951956468083e-06
1.9481233574474523e-06 8.609951956468083e-06
2.90355550049554e-06 9.146215981792933e-06
2.90355550049554e-06 9.146215981792933e-06
2.340311918514127e-06 8.5959850782224e-06
2.340311918514127e-06 8.5959850782224e-06
2.340311918514127e-06 8.5959850782224e-06
2.340311918514127e-06 8.5959850782224e-06
1.3725317544743746e-06 8.594402811833521e-06
1.3725317544743746e-06 8.594402811833521e-06
2.3474230266181202e-06 8.578692572724671e-06
2.3474230266181202e-06 8.578692572724671e-06
2.3474230266181202e-06 8.578692572724671e-06
2.3474230266181202e-06 8.578692572724671e-06
2.3474230266181202e-06 8.578692572724671e-06
2.3474230266181202e-06 8.578692572724671e-06
2.3474230266181202e-06 8.578692572724671e-06
2.3474230266181202e-06 8.578692572724671e-06
2.3474230266181202e-06 8.578692572724671e-06
2.3474230266181202e-06 8.578692572724671e-06
2.3474230266181202e-06 8.578692572724671e-06
2.3474230266181202e-06 8.578692572724671e-06
2.3474230266181202e-06 8.578692572724671e-06
2.3474230266181202e-06 8.578692572724671e-06
2.3474230266181202e-06 8.578692572724671e-06
2.3474230266181202e-06 8.578692572724671e-06
2.3474230266181202e-06 8.578692572724671e-06
2.3474230266181202e-06 8.578692572724671e-06
2.3474230266181202e-06 8.578692572724671e-06
2.3474230266181202e-06 8.578692572724671e-06
2.3474230266181202e-06 8.578692572724671e-06
2.3474230266181202e-06 8.578692572724671e-06
1.7927551180170695e-06 8.590685422996507e-06
1.7927551180170695e-06 8.590685422996507e-06
1.7927551180170695e-06 8.590685422996507e-06
1.7927551180170695e-06 8.590685422996507e-06
1.5069510410370286e-06 8.58941579949884e-06
1.5069510410370286e-06 8.58941579949884e-06
2.3521085640038913e-06 8.589399548990063e-06
2.3521085640038913e-06 8.589399548990063e-06
2.3521085640038913e-06 8.589399548990063e-06
2.3521085640038913e-06 8.589399548990063e-06
2.3521085640038913e-06 8.589399548990063e-06
2.3521085640038913e-06 8.589399548990063e-06
2.3521085640038913e-06 8.589399548990063e-06
2.3521085640038913e-06 8.589399548990063e-06
2.3521085640038913e-06 8.589399548990063e-06
2.3521085640038913e-06 8.589399548990063e-06
2.3521085640038913e-06 8.589399548990063e-06
2.3521085640038913e-06 8.589399548990063e-06
2.3521085640038913e-06 8.589399548990063e-06
2.3521085640038913e-06 8.589399548990063e-06
2.489508513694802e-06 8.589390697735322e-06
2.489508513694802e-06 8.589390697735322e-06
3.9141301808073115e-06 8.589501059989146e-06
1.3079822390219539e-06 8.589394757673136e-06
1.3079822390219539e-06 8.589394757673136e-06
1.4595631971438761e-06 8.589399591279884e-06
1.096007787237367e-06 8.589401810332526e-06
1.096007787237367e-06 8.589401810332526e-06
1.096007787237367e-06 8.589401810332526e-06
1.096007787237367e-06 8.589401810332526e-06
1.096007787237367e-06 8.589401810332526e-06
1.096007787237367e-06 8.589401810332526e-06
1.096007787237367e-06 8.589401810332526e-06
1.096007787237367e-06 8.589401810332526e-06
1.096007787237367e-06 8.589401810332526e-06
1.096007787237367e-06 8.589401810332526e-06
1.096007787237367e-06 8.589401810332526e-06
2.4331449729033447e-06 8.589393556898164e-06
2.4331449729033447e-06 8.589393556898164e-06