2.560756517347074e-07 3.955154959327661e-07
8.877574906401108e-08 3.955148986406707e-07
8.877574906401108e-08 3.955148986406707e-07
8.877574906401108e-08 3.955148986406707e-07
8.877574906401108e-08 3.955148986406707e-07
8.877574906401108e-08 3.955148986406707e-07
8.877574906401108e-08 3.955148986406707e-07
8.877574906401108e-08 3.955148986406707e-07
8.877574906401108e-08 3.955148986406707e-07
1.9570082155038258e-07 3.955211977385817e-07
1.9570082155038258e-07 3.955211977385817e-07
1.9570082155038258e-07 3.955211977385817e-07
1.9570082155038258e-07 3.955211977385817e-07
1.9570082155038258e-07 3.955211977385817e-07
1.9570082155038258e-07 3.955211977385817e-07
1.9570082155038258e-07 3.955211977385817e-07
1.9570082155038258e-07 3.955211977385817e-07
1.9570082155038258e-07 3.955211977385817e-07
1.9570082155038258e-07 3.955211977385817e-07
2.5953387362666935e-07 3.955174642420956e-07
2.5953387362666935e-07 3.955174642420956e-07
2.5953387362666935e-07 3.955174642420956e-07
2.5953387362666935e-07 3.955174642420956e-07
2.5953387362666935e-07 3.955174642420956e-07
2.5953387362666935e-07 3.955174642420956e-07
2.5953387362666935e-07 3.955174642420956e-07
1.6901122417060616e-08 3.701345809336275e-07
1.6901122417060616e-08 3.701345809336275e-07
2.0749676236414736e-07 3.955191156917897e-07
2.0749676236414736e-07 3.955191156917897e-07
2.0749676236414736e-07 3.955191156917897e-07
2.0749676236414736e-07 3.955191156917897e-07
2.0749676236414736e-07 3.955191156917897e-07
2.0749676236414736e-07 3.955191156917897e-07
2.0749676236414736e-07 3.955191156917897e-07
2.0749676236414736e-07 3.955191156917897e-07
2.0749676236414736e-07 3.955191156917897e-07
2.0749676236414736e-07 3.955191156917897e-07
2.0749676236414736e-07 3.955191156917897e-07
2.0749676236414736e-07 3.955191156917897e-07
2.0749676236414736e-07 3.955191156917897e-07
2.0749676236414736e-07 3.955191156917897e-07
2.0749676236414736e-07 3.955191156917897e-07
5.693474261461335e-07 3.955274568420077e-07
5.197893372159349e-07 3.955134382311047e-07
3.4295809407327985e-07 3.9552029128183135e-07
1.0575273740960785e-06 3.3648598266693405e-07
1.9693952165629984e-07 3.955198683498297e-07
2.786989071938983e-07 3.9551512131730243e-07
6.246161543518362e-07 3.9551823698864695e-07
1.2337819364454248e-06 1.8506729046681374e-06
3.709775204156929e-07 3.955196644269944e-07
3.709775204156929e-07 3.955196644269944e-07
3.709775204156929e-07 3.955196644269944e-07
2.2880835508214775e-07 3.955210082139059e-07
2.306043524744209e-07 4.0014549290121886e-07
2.5668059411964137e-07 3.955206671248125e-07
3.1372994236033347e-07 3.9459976645376063e-07
5.791221334335668e-07 3.9459976645376063e-07
1.301572152733635e-07 3.9625592952148667e-07
2.560756517347074e-07 3.955154959327661e-07
2.2638167496768424e-07 3.95480599545089e-07
4.191965488494537e-07 3.9551613434489804e-07
4.0356104353002803e-07 3.9551376693129094e-07
1.9379401313044706e-07 3.955224023526076e-07
1.0575273740960785e-06 3.218561573335891e-07
6.246161543518362e-07 3.9551823698864695e-07
2.5668059411964137e-07 3.955206671248125e-07
4.3183224763371243e-07 3.955195718145548e-07
1.7546681907641746e-07 3.955224806525585e-07
1.4677167939543208e-07 3.9551757044789134e-07
9.253364523340687e-07 4.112606454818083e-07
1.0140673450236369e-07 4.112606454818083e-07
6.246161543518362e-07 3.9551823698864695e-07
3.863199734880314e-07 3.9553658264067676e-07
4.3183224763371243e-07 3.955195718145548e-07
2.4675638728908497e-06 1.0575273740960785e-06
3.7013458093362747e-06 2.4675638728908497e-06
2.5668059411964137e-07 3.955206671248125e-07
3.8888436270700074e-07 4.0066114430959675e-07
3.8888436270700074e-07 4.0066114430959675e-07
2.2880835508214775e-07 3.955210082139059e-07
2.1465422023115234e-07 3.9553239292048086e-07
2.5668059411964137e-07 3.955206671248125e-07