0.26216107822135876 0.14285719935973523
0.26216107822135876 0.14285719935973523
0.26216107822135876 0.14285719935973523
0.26216107822135876 0.14285719935973523
0.26216107822135876 0.14285719935973523
0.26216107822135876 0.14285719935973523
0.26216107822135876 0.14285719935973523
0.26216107822135876 0.14285719935973523
0.26216107822135876 0.14285719935973523
0.26216107822135876 0.14285719935973523
0.26216107822135876 0.14285719935973523
0.26216107822135876 0.14285719935973523
0.43627704966792075 0.14285719935973523
0.43627704966792075 0.14285719935973523
0.43627704966792075 0.14285719935973523
0.43627704966792075 0.14285719935973523
0.43627704966792075 0.14285719935973523
0.43627704966792075 0.14285719935973523
0.43627704966792075 0.14285719935973523
0.43627704966792075 0.14285719935973523
0.26216107822135876 0.14285719935973523
0.26216107822135876 0.14285719935973523
0.08841828065523559 0.1428571004801986
0.03593385626457494 0.14285719935973523
0.03593385626457494 0.14285719935973523
0.03593385626457494 0.14285719935973523
0.03593385626457494 0.14285719935973523
0.32316343868952885 0.14285719935973523
0.32316343868952885 0.14285719935973523