3.3309768838523764e-07 3.9551816905992394e-07
2.8831876649720786e-07 3.9551773669857627e-07
2.8831876649720786e-07 3.9551773669857627e-07
2.8831876649720786e-07 3.9551773669857627e-07
2.8831876649720786e-07 3.9551773669857627e-07
2.8831876649720786e-07 3.9551773669857627e-07
2.8831876649720786e-07 3.9551773669857627e-07
2.8831876649720786e-07 3.9551773669857627e-07
2.8831876649720786e-07 3.9551773669857627e-07
3.139196208086055e-07 3.955181678302342e-07
3.139196208086055e-07 3.955181678302342e-07
3.139196208086055e-07 3.955181678302342e-07
3.139196208086055e-07 3.955181678302342e-07
3.139196208086055e-07 3.955181678302342e-07
3.139196208086055e-07 3.955181678302342e-07
3.139196208086055e-07 3.955181678302342e-07
3.139196208086055e-07 3.955181678302342e-07
3.139196208086055e-07 3.955181678302342e-07
3.139196208086055e-07 3.955181678302342e-07
3.30479563184325e-07 3.955181122486824e-07
3.30479563184325e-07 3.955181122486824e-07
3.30479563184325e-07 3.955181122486824e-07
3.30479563184325e-07 3.955181122486824e-07
3.30479563184325e-07 3.955181122486824e-07
3.30479563184325e-07 3.955181122486824e-07
3.30479563184325e-07 3.955181122486824e-07
7.009109642672598e-07 4.0243314914670756e-07
7.009109642672598e-07 4.0243314914670756e-07
3.246558494621513e-07 3.9551822321325965e-07
3.246558494621513e-07 3.9551822321325965e-07
3.246558494621513e-07 3.9551822321325965e-07
3.246558494621513e-07 3.9551822321325965e-07
3.246558494621513e-07 3.9551822321325965e-07
3.246558494621513e-07 3.9551822321325965e-07
3.246558494621513e-07 3.9551822321325965e-07
3.246558494621513e-07 3.9551822321325965e-07
3.246558494621513e-07 3.9551822321325965e-07
3.246558494621513e-07 3.9551822321325965e-07
3.246558494621513e-07 3.9551822321325965e-07
3.246558494621513e-07 3.9551822321325965e-07
3.246558494621513e-07 3.9551822321325965e-07
3.246558494621513e-07 3.9551822321325965e-07
3.246558494621513e-07 3.9551822321325965e-07
4.220973145353952e-07 3.955176824383768e-07
4.85752039268911e-07 3.9551622710276813e-07
3.572515776320262e-07 3.9551804016217316e-07
9.307977599311604e-07 3.9198034007796193e-07
3.172572459800993e-07 3.9551815963370196e-07
3.2600996625003944e-07 3.955181620005771e-07
4.493469706770695e-07 3.955182683151308e-07
4.152088046751745e-07 3.832696658540072e-07
3.7355701718146436e-07 3.955181546825835e-07
3.7355701718146436e-07 3.955181546825835e-07
3.7355701718146436e-07 3.955181546825835e-07
3.374485420288558e-07 3.9551784760298683e-07
5.996900765412858e-07 3.9510811113135107e-07
3.3903450989518575e-07 3.955182483798217e-07
4.5947431988539456e-07 3.955277575124509e-07
4.784352631578934e-07 3.955277575124509e-07
3.1082748725303005e-07 3.9551796409701143e-07
3.3309768838523764e-07 3.9551816905992394e-07
1.1287767622535997e-07 3.955190594849885e-07
2.551809375351501e-07 3.955181847468823e-07
2.6161061774331317e-07 3.9551789578300035e-07
3.075672526570196e-07 3.955182912046537e-07
2.4638764233471894e-06 3.999335643693988e-07
4.493469706770695e-07 3.955182683151308e-07
3.3903450989518575e-07 3.955182483798217e-07
3.9189196677392933e-07 3.95518143358356e-07
3.0367723446343137e-07 3.955181340359468e-07
2.9408063464584237e-07 3.955180263137549e-07
1.7247134963430325e-06 3.93916045461063e-07
6.405328662217655e-07 3.93916045461063e-07
4.493469706770695e-07 3.955182683151308e-07
3.241620669553706e-07 3.9551643490699263e-07
3.9189196677392933e-07 3.95518143358356e-07
3.066157326832058e-06 3.832696658540072e-07
4.599235990248087e-06 3.832696658540072e-07
3.3903450989518575e-07 3.955182483798217e-07
5.220521152157772e-07 3.9512336685980127e-07
5.220521152157772e-07 3.9512336685980127e-07
3.374485420288558e-07 3.9551784760298683e-07
3.221753944408719e-07 3.955167562701144e-07
3.3903450989518575e-07 3.955182483798217e-07