2.4333559324514257e-07 3.9551860982450835e-07
2.4333559324514257e-07 3.9551860982450835e-07
2.4333559324514257e-07 3.9551860982450835e-07
2.4333559324514257e-07 3.9551860982450835e-07
2.4333559324514257e-07 3.9551860982450835e-07
2.4333559324514257e-07 3.9551860982450835e-07
2.4333559324514257e-07 3.9551860982450835e-07
2.4333559324514257e-07 3.9551860982450835e-07
3.081463402508547e-07 3.9551814176862445e-07
3.081463402508547e-07 3.9551814176862445e-07
3.081463402508547e-07 3.9551814176862445e-07
3.081463402508547e-07 3.9551814176862445e-07
3.081463402508547e-07 3.9551814176862445e-07
3.081463402508547e-07 3.9551814176862445e-07
3.081463402508547e-07 3.9551814176862445e-07
3.081463402508547e-07 3.9551814176862445e-07
3.081463402508547e-07 3.9551814176862445e-07
3.081463402508547e-07 3.9551814176862445e-07
3.772500421998008e-07 3.9551834336473287e-07
3.772500421998008e-07 3.9551834336473287e-07
3.772500421998008e-07 3.9551834336473287e-07
3.772500421998008e-07 3.9551834336473287e-07
3.772500421998008e-07 3.9551834336473287e-07
3.772500421998008e-07 3.9551834336473287e-07
3.772500421998008e-07 3.9551834336473287e-07
3.482990816115867e-07 3.955179633061591e-07
3.482990816115867e-07 3.955179633061591e-07
3.482990816115867e-07 3.955179633061591e-07
3.482990816115867e-07 3.955179633061591e-07
3.482990816115867e-07 3.955179633061591e-07
3.482990816115867e-07 3.955179633061591e-07
3.482990816115867e-07 3.955179633061591e-07
3.482990816115867e-07 3.955179633061591e-07
3.482990816115867e-07 3.955179633061591e-07
3.482990816115867e-07 3.955179633061591e-07
3.482990816115867e-07 3.955179633061591e-07
3.482990816115867e-07 3.955179633061591e-07
3.482990816115867e-07 3.955179633061591e-07
3.482990816115867e-07 3.955179633061591e-07
3.482990816115867e-07 3.955179633061591e-07
5.346172400283779e-07 3.9551878056710265e-07
5.454578591839163e-07 3.9551711344000825e-07
4.331686217652149e-07 3.9551812452851156e-07
2.1738579094008483e-06 3.952468926183361e-07
3.195822231482227e-07 3.9551830542309897e-07
3.357940886887232e-07 3.9551874677502285e-07
5.036845860615507e-07 3.9551839797677456e-07
5.036845860615507e-07 3.9551839797677456e-07
5.036845860615507e-07 3.9551839797677456e-07
7.246193031336162e-07 3.623096515668081e-07
4.0969150964379955e-07 3.9551830393516574e-07
4.0969150964379955e-07 3.9551830393516574e-07
4.0969150964379955e-07 3.9551830393516574e-07
3.8366175403074173e-07 3.9551871227667127e-07
3.8366175403074173e-07 3.9551871227667127e-07
7.557642179765043e-07 3.9448386772911153e-07
3.9402182181720015e-07 3.9551794577851475e-07
3.9402182181720015e-07 3.9551794577851475e-07
3.9402182181720015e-07 3.9551794577851475e-07
3.9402182181720015e-07 3.9551794577851475e-07
3.4499458255595073e-07 3.9552780725417e-07
4.880089184369252e-07 3.9552780725417e-07
3.8699448497026095e-07 3.9559775537254677e-07
3.6125903000909747e-07 3.9551804642039774e-07
3.6125903000909747e-07 3.9551804642039774e-07
5.92160869452147e-08 3.9551417904126463e-07
3.0976762379092104e-07 3.955178135848085e-07
3.026424694186486e-07 3.9551823306192174e-07
2.874034676766522e-07 3.955180619256219e-07
9.316533897432208e-07 4.0956743220595694e-07
4.4438663815962606e-07 3.9551803541370074e-07
4.4438663815962606e-07 3.9551803541370074e-07
2.7641074575319893e-07 3.9551792328232987e-07
2.611294462857969e-07 3.955183343883715e-07
1.0869289547004242e-06 4.0256627951867564e-07
4.7646200753991203e-07 4.0256627951867564e-07
4.477790451453164e-07 3.955121780653556e-07
1.4492386062672324e-06 4.1406817321920926e-07
2.1738579094008483e-06 4.830795354224107e-07
4.119317989671402e-07 3.9592601099053256e-07
4.119317989671402e-07 3.9592601099053256e-07
3.5165232672625724e-07 3.9551853560854824e-07