3.955208059764776e-07 3.9551814657032373e-07
3.955208059764776e-07 3.9551814657032373e-07
3.955208059764776e-07 3.9551814657032373e-07
3.955208059764776e-07 3.9551814657032373e-07
3.955208059764776e-07 3.9551814657032373e-07
3.955208059764776e-07 3.9551814657032373e-07
3.955208059764776e-07 3.9551814657032373e-07
3.955208059764776e-07 3.9551814657032373e-07
3.955208059764776e-07 3.9551814657032373e-07
3.955208059764776e-07 3.9551814657032373e-07
3.955208059764776e-07 3.9551814657032373e-07
3.955208059764776e-07 3.9551814657032373e-07
3.955208059764776e-07 3.9551814657032373e-07
3.955208059764776e-07 3.9551814657032373e-07
3.955208059764776e-07 3.9551814657032373e-07
3.955208059764776e-07 3.9551814657032373e-07
3.955208059764776e-07 3.9551814657032373e-07
3.955208059764776e-07 3.9551814657032373e-07
3.955208059764776e-07 3.9551814657032373e-07
3.955208059764776e-07 3.9551814657032373e-07
3.955208059764776e-07 3.9551814657032373e-07
3.955208059764776e-07 3.9551814657032373e-07
3.955208059764776e-07 3.9551814657032373e-07
3.955208059764776e-07 3.9551814657032373e-07
3.955208059764776e-07 3.9551814657032373e-07
3.955208059764776e-07 3.9551814657032373e-07
3.955208059764776e-07 3.9551814657032373e-07
3.955208059764776e-07 3.9551814657032373e-07
3.955208059764776e-07 3.9551814657032373e-07
3.955208059764776e-07 3.9551814657032373e-07
3.955208059764776e-07 3.9551814657032373e-07
3.955208059764776e-07 3.9551814657032373e-07
3.955208059764776e-07 3.9551814657032373e-07
3.955208059764776e-07 3.9551814657032373e-07
3.955208059764776e-07 3.9551814657032373e-07
3.955208059764776e-07 3.9551814657032373e-07
3.955208059764776e-07 3.9551814657032373e-07
3.955208059764776e-07 3.9551814657032373e-07
3.955208059764776e-07 3.9551814657032373e-07
3.955208059764776e-07 3.9551814657032373e-07
3.955208059764776e-07 3.9551814657032373e-07
3.955208059764776e-07 3.9551814657032373e-07