3.6792047658076693e-07 3.9553286677224075e-07
4.036155165731978e-07 3.9554236476771515e-07
4.036155165731978e-07 3.9554236476771515e-07
4.036155165731978e-07 3.9554236476771515e-07
4.036155165731978e-07 3.9554236476771515e-07
4.036155165731978e-07 3.9554236476771515e-07
4.036155165731978e-07 3.9554236476771515e-07
4.036155165731978e-07 3.9554236476771515e-07
4.036155165731978e-07 3.9554236476771515e-07
3.9316019427239883e-07 3.955133961892415e-07
3.9316019427239883e-07 3.955133961892415e-07
3.9316019427239883e-07 3.955133961892415e-07
3.9316019427239883e-07 3.955133961892415e-07
3.9316019427239883e-07 3.955133961892415e-07
3.9316019427239883e-07 3.955133961892415e-07
3.9316019427239883e-07 3.955133961892415e-07
3.9316019427239883e-07 3.955133961892415e-07
3.9316019427239883e-07 3.955133961892415e-07
3.9316019427239883e-07 3.955133961892415e-07
4.051598429415292e-07 3.9552113408545246e-07
4.051598429415292e-07 3.9552113408545246e-07
4.051598429415292e-07 3.9552113408545246e-07
4.051598429415292e-07 3.9552113408545246e-07
4.051598429415292e-07 3.9552113408545246e-07
4.051598429415292e-07 3.9552113408545246e-07
4.051598429415292e-07 3.9552113408545246e-07
7.611111187222223e-08 1.6668333500016669e-06
7.611111187222223e-08 1.6668333500016669e-06
3.9078708099265037e-07 3.955207112395435e-07
3.9078708099265037e-07 3.955207112395435e-07
3.9078708099265037e-07 3.955207112395435e-07
3.9078708099265037e-07 3.955207112395435e-07
3.9078708099265037e-07 3.955207112395435e-07
3.9078708099265037e-07 3.955207112395435e-07
3.9078708099265037e-07 3.955207112395435e-07
3.9078708099265037e-07 3.955207112395435e-07
3.9078708099265037e-07 3.955207112395435e-07
3.9078708099265037e-07 3.955207112395435e-07
3.9078708099265037e-07 3.955207112395435e-07
3.9078708099265037e-07 3.955207112395435e-07
3.9078708099265037e-07 3.955207112395435e-07
3.9078708099265037e-07 3.955207112395435e-07
3.9078708099265037e-07 3.955207112395435e-07
5.250594139270241e-07 3.955662183233981e-07
4.07586936304884e-07 3.954286455344882e-07
4.21380912422469e-07 3.955262756191787e-07
4.762381000004762e-06 7.576515227280304e-07
3.805518495997985e-07 3.9551106809871955e-07
3.945860063183393e-07 3.95489811653664e-07
4.988889085204438e-07 3.955131799219903e-07
1.7594352027795373e-05 8.334166750008334e-06
4.3325244942247376e-07 3.955228911760095e-07
4.3325244942247376e-07 3.955228911760095e-07
4.3325244942247376e-07 3.955228911760095e-07
3.2591964171072826e-07 3.9555239404268164e-07
5.376457729894966e-06 3.8613900000038616e-07
3.9046226576372e-07 3.955028880031665e-07
8.416832064931771e-07 4.264818805974414e-07
1.133900238096372e-07 4.264818805974414e-07
1.1722784000011723e-06 3.995073275636485e-07
3.6792047658076693e-07 3.9553286677224075e-07
1.6901585144716148e-07 3.954998422426113e-07
5.674133040022318e-07 3.9551183546638975e-07
5.316587929573468e-07 3.95503500275387e-07
3.959666216772094e-07 3.9552475850844835e-07
4.762381000004762e-06 1.4494203043492755e-06
4.988889085204438e-07 3.955131799219903e-07
3.9046226576372e-07 3.955028880031665e-07
4.3994124911271715e-07 3.955126664148118e-07
4.1732200931370227e-07 3.9552511728861453e-07
4.1670130601745184e-07 3.955312231649791e-07
4.167083375004167e-06 9.260185277787038e-07
9.133333424666668e-07 9.260185277787038e-07
4.988889085204438e-07 3.955131799219903e-07
2.490427863386128e-07 3.955617653478558e-07
4.3994124911271715e-07 3.955126664148118e-07
1.1112222333344445e-05 4.762381000004762e-06
1.666833350001667e-05 1.1112222333344445e-05
3.9046226576372e-07 3.955028880031665e-07
1.2509068292695435e-07 4.2959622422723374e-07
1.2509068292695435e-07 4.2959622422723374e-07
3.2591964171072826e-07 3.9555239404268164e-07
4.1655150335005903e-07 3.9555649548765155e-07
3.9046226576372e-07 3.955028880031665e-07