0.0025685386939269753 0.0020999966229213584
0.01969487984111397 0.01950000805642944
0.01969487984111397 0.01950000805642944
0.023934134385216077 0.023466668344169783
0.023934134385216077 0.023466668344169783
0.023934134385216077 0.023466668344169783
0.023934134385216077 0.023466668344169783
0.023934134385216077 0.023466668344169783
0.023085008794751533 0.022500007173533062
0.03434235145765088 0.0347000072618227
0.03434235145765088 0.0347000072618227
0.03434235145765088 0.0347000072618227
0.03434235145765088 0.0347000072618227
0.03434235145765088 0.0347000072618227
0.03434235145765088 0.0347000072618227
0.03434235145765088 0.0347000072618227
0.03434235145765088 0.0347000072618227
0.03960449663539227 0.04210977028581342
0.03960449663539227 0.04210977028581342