8.592288774090415e-07 9.082141053840289e-07
8.076895394061111e-07 9.082167628645545e-07
8.076895394061111e-07 9.082167628645545e-07
7.981953736420067e-07 9.08216363729659e-07
7.981953736420067e-07 9.08216363729659e-07
7.981953736420067e-07 9.08216363729659e-07
7.981953736420067e-07 9.08216363729659e-07
7.981953736420067e-07 9.08216363729659e-07
8.111972716337143e-07 9.08216450856096e-07
2.735605576511821e-07 9.082164745032135e-07
2.735605576511821e-07 9.082164745032135e-07
2.735605576511821e-07 9.082164745032135e-07
2.735605576511821e-07 9.082164745032135e-07
2.735605576511821e-07 9.082164745032135e-07
2.735605576511821e-07 9.082164745032135e-07
2.735605576511821e-07 9.082164745032135e-07
2.735605576511821e-07 9.082164745032135e-07
2.7203877391842283e-07 9.082164740146224e-07
2.7203877391842283e-07 9.082164740146224e-07