3.6260028767545864e-08 1.0426189238654334e-06
5.710157151405492e-07 1.0426392608303452e-06
5.710157151405492e-07 1.0426392608303452e-06
5.746859736544994e-07 1.0426454938413726e-06
5.746859736544994e-07 1.0426454938413726e-06
5.746859736544994e-07 1.0426454938413726e-06
5.746859736544994e-07 1.0426454938413726e-06
5.746859736544994e-07 1.0426454938413726e-06
5.956474421991975e-07 1.0426428505290375e-06
6.945309049776809e-07 1.0426450575477966e-06
6.945309049776809e-07 1.0426450575477966e-06
6.945309049776809e-07 1.0426450575477966e-06
6.945309049776809e-07 1.0426450575477966e-06
6.945309049776809e-07 1.0426450575477966e-06
6.945309049776809e-07 1.0426450575477966e-06
6.945309049776809e-07 1.0426450575477966e-06
6.945309049776809e-07 1.0426450575477966e-06
7.534151062126142e-07 1.0426446455701053e-06
7.534151062126142e-07 1.0426446455701053e-06