9.691569905433827e-07 1.0426440620986473e-06
9.691569905433827e-07 1.042643904179455e-06
9.691569905433827e-07 1.042643904179455e-06
1.4931782577746944e-06 1.042643904179455e-06
1.4931782577746944e-06 1.042643904179455e-06
1.4931782577746944e-06 1.042643904179455e-06
1.4931782577746944e-06 1.042643904179455e-06
1.4931782577746944e-06 1.042643904179455e-06
1.4931782577746944e-06 1.042643904179455e-06
1.0645534861369485e-06 1.042643904179455e-06
1.0645534861369485e-06 1.042643904179455e-06
1.0645534861369485e-06 1.042643904179455e-06
1.0645534861369485e-06 1.042643904179455e-06
1.0645534861369485e-06 1.042643904179455e-06