3.746610738640966e-07 3.832696658540072e-07
3.492701799121931e-07 3.832696658540072e-07
3.492701799121931e-07 3.832696658540072e-07
3.5401315446117417e-07 3.832696658540072e-07
3.5401315446117417e-07 3.832696658540072e-07
3.5401315446117417e-07 3.832696658540072e-07
3.5401315446117417e-07 3.832696658540072e-07
3.5401315446117417e-07 3.832696658540072e-07
3.530373431046635e-07 3.832696658540072e-07
8.621686106639749e-12 3.832696658540072e-07
8.621686106639749e-12 3.832696658540072e-07
8.621686106639749e-12 3.832696658540072e-07
8.621686106639749e-12 3.832696658540072e-07
8.621686106639749e-12 3.832696658540072e-07
8.621686106639749e-12 3.832696658540072e-07
8.621686106639749e-12 3.832696658540072e-07
8.621686106639749e-12 3.832696658540072e-07
4.005077880571803e-12 3.832696658540072e-07
4.005077880571803e-12 3.832696658540072e-07