8.549601984646652e-07 1.0426443336681592e-06
9.154306427696703e-07 1.0426440141423043e-06
9.154306427696703e-07 1.0426440141423043e-06
9.154306427696703e-07 1.0426440141423043e-06
9.154306427696703e-07 1.0426440141423043e-06
9.154306427696703e-07 1.0426440141423043e-06
1.7974969969957491e-06 1.0425341099367311e-06
9.26074750970726e-07 1.042643944269299e-06
9.26074750970726e-07 1.042643944269299e-06
9.26074750970726e-07 1.042643944269299e-06
9.26074750970726e-07 1.042643944269299e-06
9.26074750970726e-07 1.042643944269299e-06
9.26074750970726e-07 1.042643944269299e-06
7.021704442743094e-07 1.042649381843087e-06
1.6885583959466597e-06 1.04264210128617e-06
1.6885583959466597e-06 1.04264210128617e-06
1.282362415715748e-06 1.0426443660046284e-06
3.172908854413257e-07 1.0438033369596855e-06
7.721250626289065e-07 1.0426436080358316e-06
7.721250626289065e-07 1.0426436080358316e-06
7.721250626289065e-07 1.0426436080358316e-06
7.721250626289065e-07 1.0426436080358316e-06
7.721250626289065e-07 1.0426436080358316e-06
7.721250626289065e-07 1.0426436080358316e-06
7.721250626289065e-07 1.0426436080358316e-06
7.721250626289065e-07 1.0426436080358316e-06
7.721250626289065e-07 1.0426436080358316e-06
7.721250626289065e-07 1.0426436080358316e-06
7.721250626289065e-07 1.0426436080358316e-06
7.721250626289065e-07 1.0426436080358316e-06
7.721250626289065e-07 1.0426436080358316e-06
7.721250626289065e-07 1.0426436080358316e-06
7.721250626289065e-07 1.0426436080358316e-06
7.721250626289065e-07 1.0426436080358316e-06
7.721250626289065e-07 1.0426436080358316e-06
7.721250626289065e-07 1.0426436080358316e-06
7.721250626289065e-07 1.0426436080358316e-06
7.721250626289065e-07 1.0426436080358316e-06
7.721250626289065e-07 1.0426436080358316e-06
7.721250626289065e-07 1.0426436080358316e-06
7.721250626289065e-07 1.0426436080358316e-06
7.721250626289065e-07 1.0426436080358316e-06
7.721250626289065e-07 1.0426436080358316e-06
2.891326676601667e-07 1.0534559042320695e-06
1.9020722386151395e-06 1.0441115241291706e-06
1.9020722386151395e-06 1.0441115241291706e-06