7.237330394243454e-07 1.042644103052058e-06
7.237330394243454e-07 1.042644103052058e-06
6.606531478096116e-07 1.0426456442019284e-06
6.606531478096116e-07 1.0426456442019284e-06
6.606531478096116e-07 1.0426456442019284e-06
6.606531478096116e-07 1.0426456442019284e-06
8.204486318858202e-07 1.04240169000533e-06
8.204486318858202e-07 1.04240169000533e-06
8.551260910625529e-07 1.0426441420085313e-06
8.551260910625529e-07 1.0426441420085313e-06
8.551260910625529e-07 1.0426441420085313e-06
8.551260910625529e-07 1.0426441420085313e-06
8.551260910625529e-07 1.0426441420085313e-06
8.551260910625529e-07 1.0426441420085313e-06
7.237330394243454e-07 1.0426441959641222e-06
8.551260910625529e-07 1.0426441420085313e-06
8.75176411324187e-07 1.0426440871363447e-06
8.939255014524091e-07 1.0426434456361496e-06
1.6158838381375737e-06 1.0425526670294004e-06
1.6158838381375737e-06 1.0425526670294004e-06
1.6158838381375737e-06 1.0425526670294004e-06
1.6158838381375737e-06 1.0425526670294004e-06
1.6158838381375737e-06 1.0425526670294004e-06
8.840075257404386e-07 1.0426439224918645e-06
7.27476487364174e-07 1.0425526670294004e-06
8.599312706426384e-07 1.0426434456361496e-06
8.447791348283296e-07 1.04264420275315e-06
8.527463470368398e-07 1.0426438319380124e-06
8.549601984646652e-07 1.0426443336681592e-06
9.154306427696703e-07 1.0426440141423043e-06
9.154306427696703e-07 1.0426440141423043e-06
9.154306427696703e-07 1.0426440141423043e-06
9.154306427696703e-07 1.0426440141423043e-06
9.154306427696703e-07 1.0426440141423043e-06
1.7974969969957491e-06 1.0425341099367311e-06
9.26074750970726e-07 1.042643944269299e-06
9.26074750970726e-07 1.042643944269299e-06
9.26074750970726e-07 1.042643944269299e-06
9.26074750970726e-07 1.042643944269299e-06
9.26074750970726e-07 1.042643944269299e-06
9.26074750970726e-07 1.042643944269299e-06
7.021704442743094e-07 1.042649381843087e-06
1.6885583959466597e-06 1.04264210128617e-06
1.6885583959466597e-06 1.04264210128617e-06
1.282362415715748e-06 1.0426443660046284e-06
3.172908854413257e-07 1.0438033369596855e-06
7.721250626289065e-07 1.0426436080358316e-06
7.721250626289065e-07 1.0426436080358316e-06
7.721250626289065e-07 1.0426436080358316e-06
7.721250626289065e-07 1.0426436080358316e-06
7.721250626289065e-07 1.0426436080358316e-06
7.721250626289065e-07 1.0426436080358316e-06
7.721250626289065e-07 1.0426436080358316e-06
7.721250626289065e-07 1.0426436080358316e-06
7.721250626289065e-07 1.0426436080358316e-06
7.721250626289065e-07 1.0426436080358316e-06
7.721250626289065e-07 1.0426436080358316e-06
7.721250626289065e-07 1.0426436080358316e-06
7.721250626289065e-07 1.0426436080358316e-06
7.721250626289065e-07 1.0426436080358316e-06
7.721250626289065e-07 1.0426436080358316e-06
7.721250626289065e-07 1.0426436080358316e-06
7.721250626289065e-07 1.0426436080358316e-06
7.721250626289065e-07 1.0426436080358316e-06
7.721250626289065e-07 1.0426436080358316e-06
7.721250626289065e-07 1.0426436080358316e-06
7.721250626289065e-07 1.0426436080358316e-06
7.721250626289065e-07 1.0426436080358316e-06
7.721250626289065e-07 1.0426436080358316e-06
7.721250626289065e-07 1.0426436080358316e-06
7.721250626289065e-07 1.0426436080358316e-06
2.891326676601667e-07 1.0534559042320695e-06
1.9020722386151395e-06 1.0441115241291706e-06
1.9020722386151395e-06 1.0441115241291706e-06
