7.237330394243454e-07 1.042644103052058e-06
7.237330394243454e-07 1.042644103052058e-06
6.606531478096116e-07 1.0426456442019284e-06
6.606531478096116e-07 1.0426456442019284e-06
6.606531478096116e-07 1.0426456442019284e-06
6.606531478096116e-07 1.0426456442019284e-06
8.204486318858202e-07 1.04240169000533e-06
8.204486318858202e-07 1.04240169000533e-06
8.551260910625529e-07 1.0426441420085313e-06
8.551260910625529e-07 1.0426441420085313e-06
8.551260910625529e-07 1.0426441420085313e-06
8.551260910625529e-07 1.0426441420085313e-06
8.551260910625529e-07 1.0426441420085313e-06
8.551260910625529e-07 1.0426441420085313e-06
7.237330394243454e-07 1.0426441959641222e-06
8.551260910625529e-07 1.0426441420085313e-06
8.75176411324187e-07 1.0426440871363447e-06
8.939255014524091e-07 1.0426434456361496e-06
1.6158838381375737e-06 1.0425526670294004e-06
1.6158838381375737e-06 1.0425526670294004e-06
1.6158838381375737e-06 1.0425526670294004e-06
1.6158838381375737e-06 1.0425526670294004e-06
1.6158838381375737e-06 1.0425526670294004e-06
8.840075257404386e-07 1.0426439224918645e-06
7.27476487364174e-07 1.0425526670294004e-06
8.599312706426384e-07 1.0426434456361496e-06
8.447791348283296e-07 1.04264420275315e-06
8.527463470368398e-07 1.0426438319380124e-06