0.8937603458767559 0.8937348136359188
0.20554304948573812 0.1895513559747571
0.20554304948573812 0.1895513559747571
0.20554304948573812 0.1895513559747571
0.20554304948573812 0.1895513559747571
0.20554304948573812 0.1895513559747571
0.0003787282390839032 0.00032766375740966906
0.5371557934782146 0.5416664893594386
0.5371557934782146 0.5416664893594386
0.5371557934782146 0.5416664893594386
0.5371557934782146 0.5416664893594386
0.5371557934782146 0.5416664893594386
0.5371557934782146 0.5416664893594386
0.02873228168870241 0.028034400439154544
0.009957573926475657 0.01080013787410052
0.009957573926475657 0.01080013787410052
0.005791563296552722 0.006497955293046294
4.255373472852845e-06 9.361821640276258e-05
0.3610386515572539 0.3563662514840615
0.3610386515572539 0.3563662514840615
0.3610386515572539 0.3563662514840615
0.3610386515572539 0.3563662514840615
0.3610386515572539 0.3563662514840615
0.3610386515572539 0.3563662514840615
0.3610386515572539 0.3563662514840615
0.3610386515572539 0.3563662514840615
0.3610386515572539 0.3563662514840615
0.3610386515572539 0.3563662514840615
0.3610386515572539 0.3563662514840615
0.3610386515572539 0.3563662514840615
0.3610386515572539 0.3563662514840615
0.3610386515572539 0.3563662514840615
0.3610386515572539 0.3563662514840615
0.3610386515572539 0.3563662514840615
0.3610386515572539 0.3563662514840615
0.3610386515572539 0.3563662514840615
0.3610386515572539 0.3563662514840615
0.3610386515572539 0.3563662514840615
0.3610386515572539 0.3563662514840615
0.3610386515572539 0.3563662514840615
0.3610386515572539 0.3563662514840615
0.3610386515572539 0.3563662514840615
0.3610386515572539 0.3563662514840615
4.255373472852845e-06 4.255373472852845e-06
4.255373472852845e-05 9.787358987561544e-05
4.255373472852845e-05 9.787358987561544e-05