7.453230975627935e-06 7.453230975627935e-06
7.453230975627935e-06 7.453230975627935e-06
7.453230975627935e-06 7.453230975627935e-06
7.453230975627935e-06 7.453230975627935e-06
7.453230975627935e-06 7.453230975627935e-06
7.453230975627935e-06 7.453230975627935e-06
7.453230975627935e-06 7.453230975627935e-06
7.453230975627935e-06 7.453230975627935e-06
7.453230975627935e-06 7.453230975627935e-06
7.453230975627935e-06 7.453230975627935e-06
7.453230975627935e-06 7.453230975627935e-06
7.453230975627935e-06 7.453230975627935e-06
7.453230975627935e-06 7.453230975627935e-06
7.453230975627935e-06 7.453230975627935e-06
7.453230975627935e-06 7.453230975627935e-06
7.453230975627935e-06 7.453230975627935e-06
7.453230975627935e-06 7.453230975627935e-06
7.453230975627935e-06 7.453230975627935e-06
7.453230975627935e-06 7.453230975627935e-06
7.453230975627935e-06 7.453230975627935e-06
7.453230975627935e-06 7.453230975627935e-06
3.7266154878139676e-05 3.7266154878139676e-05
2.2359692926883804e-05 2.981292390251174e-05
2.2359692926883804e-05 2.981292390251174e-05
2.2359692926883804e-05 2.981292390251174e-05
2.2359692926883804e-05 2.981292390251174e-05
2.2359692926883804e-05 2.981292390251174e-05
7.453230975627935e-06 1.490646195125587e-05
5.2172616829395546e-05 5.2172616829395546e-05
5.2172616829395546e-05 5.2172616829395546e-05
5.2172616829395546e-05 5.2172616829395546e-05
5.2172616829395546e-05 5.2172616829395546e-05
5.2172616829395546e-05 5.2172616829395546e-05
2.981292390251174e-05 2.981292390251174e-05
2.2359692926883804e-05 2.2359692926883804e-05
2.2359692926883804e-05 2.2359692926883804e-05
2.981292390251174e-05 2.981292390251174e-05
7.453230975627935e-05 7.453230975627935e-05
7.453230975627935e-05 7.453230975627935e-05
5.962584780502348e-05 5.962584780502348e-05
5.962584780502348e-05 5.962584780502348e-05
5.962584780502348e-05 5.962584780502348e-05
5.962584780502348e-05 5.962584780502348e-05
2.2359692926883804e-05 2.981292390251174e-05
0.00022359692926883805 9.689200268316315e-05
0.00022359692926883805 9.689200268316315e-05
0.00022359692926883805 9.689200268316315e-05
0.00022359692926883805 9.689200268316315e-05