0.5124852010000273 0.5172335288902925
0.5124852010000273 0.5172335288902925
0.4875147989999728 0.4827664711097075
0.4875147989999728 0.4827664711097075
0.4875147989999728 0.4827664711097075
0.4875147989999728 0.4827664711097075
0.4875147989999728 0.4827664711097075
0.003245527530451733 0.0036506435672594185
0.16869154418965102 0.17213215598002246
0.16869154418965102 0.17213215598002246
0.07608631079567166 0.034520332264138726
0.07608631079567166 0.034520332264138726
0.023633940675221503 0.005290271197782861
0.0030519763491954595 0.010951547432112402
0.006828332366854993 0.006402903037757045
0.0032842377667029877 0.0003288453733027382
0.18696622512723596 0.1751960136888594
0.18696622512723596 0.1751960136888594
0.029010830817487367 0.03300411746602027
0.5124652709774028 0.5171971182720364
0.5124652709774028 0.5171971182720364
0.5124652709774028 0.5171971182720364
0.3539273067755561 0.35371804153799985
0.32551897587279127 0.3420375152014331
0.32551897587279127 0.3420375152014331
0.11623457483321062 0.058875586450497466
0.11623457483321062 0.058875586450497466