3.9846613583813895e-07 2.74406947648993e-07
3.9846613583813895e-07 2.74406947648993e-07
1.6758038565613556e-07 2.744069013560827e-07
1.6758038565613556e-07 2.744069013560827e-07
1.6758038565613556e-07 2.744069013560827e-07
1.6758038565613556e-07 2.744069013560827e-07
1.6758038565613556e-07 2.744069013560827e-07
5.778917210231417e-07 2.7442510457998207e-07
4.099359999979513e-07 2.744071363801165e-07
4.099359999979513e-07 2.744071363801165e-07
2.7612274331477577e-07 2.7440538706972127e-07
2.7612274331477577e-07 2.7440538706972127e-07
1.303069626464268e-07 2.7439475751425775e-07
9.83515302280646e-07 2.744078821320529e-07
4.484530452622718e-07 2.744097015012439e-07
2.43362148665148e-07 2.742745627440098e-07
3.2544754113454024e-07 2.7440678996265335e-07
3.2544754113454024e-07 2.7440678996265335e-07
9.676150150701282e-07 2.7440687370978615e-07
3.984458017470633e-07 2.744069523344749e-07
3.984458017470633e-07 2.744069523344749e-07
3.984458017470633e-07 2.744069523344749e-07
5.246064822343846e-07 2.744071535792698e-07
4.4040535298891566e-07 2.744070284179639e-07
4.4040535298891566e-07 2.744070284179639e-07
4.40683467106839e-07 2.7440704877130616e-07
4.40683467106839e-07 2.7440704877130616e-07