4.543540528761305e-06 4.2553727053699225e-06
3.794744217403479e-06 4.2553739902887305e-06
3.794744217403479e-06 4.2553739902887305e-06
3.794744217403479e-06 4.2553739902887305e-06
3.794744217403479e-06 4.2553739902887305e-06
3.794744217403479e-06 4.2553739902887305e-06
0.00010210045514306357 4.255786549417872e-06
4.080566439429383e-06 4.255374238501215e-06
4.080566439429383e-06 4.255374238501215e-06
4.080566439429383e-06 4.255374238501215e-06
4.080566439429383e-06 4.255374238501215e-06
4.080566439429383e-06 4.255374238501215e-06
4.080566439429383e-06 4.255374238501215e-06
5.95992277345105e-06 4.255352111246412e-06
9.239419594369465e-06 4.25538058081169e-06
9.239419594369465e-06 4.25538058081169e-06
2.475341927154095e-06 4.255372570326679e-06
7.665393317080144e-07 4.250809021289898e-06
5.212165693375079e-06 4.255375663371557e-06
5.212165693375079e-06 4.255375663371557e-06
5.212165693375079e-06 4.255375663371557e-06
5.212165693375079e-06 4.255375663371557e-06
5.212165693375079e-06 4.255375663371557e-06
5.212165693375079e-06 4.255375663371557e-06
5.212165693375079e-06 4.255375663371557e-06
5.212165693375079e-06 4.255375663371557e-06
5.212165693375079e-06 4.255375663371557e-06
5.212165693375079e-06 4.255375663371557e-06
5.212165693375079e-06 4.255375663371557e-06
5.212165693375079e-06 4.255375663371557e-06
5.212165693375079e-06 4.255375663371557e-06
5.212165693375079e-06 4.255375663371557e-06
5.212165693375079e-06 4.255375663371557e-06
5.212165693375079e-06 4.255375663371557e-06
5.212165693375079e-06 4.255375663371557e-06
5.212165693375079e-06 4.255375663371557e-06
5.212165693375079e-06 4.255375663371557e-06
5.212165693375079e-06 4.255375663371557e-06
5.212165693375079e-06 4.255375663371557e-06
5.212165693375079e-06 4.255375663371557e-06
5.212165693375079e-06 4.255375663371557e-06
5.212165693375079e-06 4.255375663371557e-06
5.212165693375079e-06 4.255375663371557e-06
0.0005588071728151425 4.21596632439408e-06
6.952511738591691e-05 4.249294121424863e-06
6.952511738591691e-05 4.249294121424863e-06