2.5094711585823094e-06 1.9806862249249616e-06
2.5094711585823094e-06 1.9806862249249616e-06
9.274104751641438e-07 1.980690169418767e-06
9.274104751641438e-07 1.980690169418767e-06
9.274104751641438e-07 1.980690169418767e-06
9.274104751641438e-07 1.980690169418767e-06
9.274104751641438e-07 1.980690169418767e-06
4.1707890544032515e-06 1.9810457675586698e-06
2.624070498257487e-06 1.9806936836690476e-06
2.624070498257487e-06 1.9806936836690476e-06
2.232080127899604e-06 1.98069753206899e-06
2.232080127899604e-06 1.98069753206899e-06
8.357800183121155e-07 1.9805940844568373e-06
5.028401226346831e-06 1.980596956140255e-06
1.0188257661082785e-06 1.9807273755217463e-06
1.0954152144330484e-06 1.98440451316397e-06
2.6114185587090384e-06 1.9806951976735633e-06
2.6114185587090384e-06 1.9806951976735633e-06
5.915561649540202e-06 1.98065327589901e-06
2.509275322440228e-06 1.980688520628865e-06
2.509275322440228e-06 1.980688520628865e-06
2.509275322440228e-06 1.980688520628865e-06
2.9548735477892036e-06 1.9806878017389486e-06
2.450916290891035e-06 1.980689924043626e-06
2.450916290891035e-06 1.980689924043626e-06
2.517131418464449e-06 1.980666008430615e-06
2.517131418464449e-06 1.980666008430615e-06