3.074628161084593e-07 3.7785343269959847e-07
9.760315697736136e-06 1.654329512110535e-05
9.760315697736136e-06 1.654329512110535e-05
0.00666667438947866 0.011516939874640855
0.00666667438947866 0.011516939874640855
0.00666667438947866 0.011516939874640855
0.00666667438947866 0.011516939874640855
0.00666667438947866 0.011516939874640855
4.569935885079021e-06 6.6798190899164796e-06
8.83946319366853e-05 0.00019904546943370509
8.83946319366853e-05 0.00019904546943370509
8.83946319366853e-05 0.00019904546943370509
8.83946319366853e-05 0.00019904546943370509
8.83946319366853e-05 0.00019904546943370509
8.83946319366853e-05 0.00019904546943370509
8.83946319366853e-05 0.00019904546943370509
8.83946319366853e-05 0.00019904546943370509
0.00044931898598390366 0.0006270000279291535
0.00044931898598390366 0.0006270000279291535