3.832696658540072e-07 3.832696658540072e-07
3.832696658540072e-07 3.832696658540072e-07
3.832696658540072e-07 3.832696658540072e-07
3.832696658540072e-07 3.832696658540072e-07
3.832696658540072e-07 3.832696658540072e-07
3.832696658540072e-07 3.832696658540072e-07
3.832696658540072e-07 3.832696658540072e-07
3.832696658540072e-07 3.832696658540072e-07
3.832696658540072e-07 3.832696658540072e-07
3.832696658540072e-07 3.832696658540072e-07
3.832696658540072e-07 3.832696658540072e-07
3.832696658540072e-07 3.832696658540072e-07
3.832696658540072e-07 3.832696658540072e-07
3.832696658540072e-07 3.832696658540072e-07
3.832696658540072e-07 3.832696658540072e-07
3.832696658540072e-07 3.832696658540072e-07
3.832696658540072e-07 3.832696658540072e-07
3.832696658540072e-07 3.832696658540072e-07
3.832696658540072e-07 3.832696658540072e-07
3.832696658540072e-07 3.832696658540072e-07
3.832696658540072e-07 3.832696658540072e-07
3.832696658540072e-07 3.832696658540072e-07
3.832696658540072e-07 3.832696658540072e-07
3.832696658540072e-07 3.832696658540072e-07
3.832696658540072e-07 3.832696658540072e-07
3.832696658540072e-07 3.832696658540072e-07
3.832696658540072e-07 3.832696658540072e-07