4.664043687911432e-06 4.255373298875398e-06
4.664043687911432e-06 4.255373298875398e-06
3.675100317672586e-06 4.255372609863213e-06
3.675100317672586e-06 4.255372609863213e-06
3.675100317672586e-06 4.255372609863213e-06
3.675100317672586e-06 4.255372609863213e-06
3.675100317672586e-06 4.255372609863213e-06
3.675100317672586e-06 4.255372609863213e-06
3.675100317672586e-06 4.255372609863213e-06
3.675100317672586e-06 4.255372609863213e-06
3.675100317672586e-06 4.255372609863213e-06
3.675100317672586e-06 4.255372609863213e-06
0.00011674254273711475 4.253528260793017e-06
0.00011674254273711475 4.253528260793017e-06
4.180447773361786e-06 4.2553755934604054e-06
4.180447773361786e-06 4.2553755934604054e-06
4.180447773361786e-06 4.2553755934604054e-06
4.180447773361786e-06 4.2553755934604054e-06
4.180447773361786e-06 4.2553755934604054e-06
4.180447773361786e-06 4.2553755934604054e-06
4.180447773361786e-06 4.2553755934604054e-06
4.180447773361786e-06 4.2553755934604054e-06
4.180447773361786e-06 4.2553755934604054e-06
4.180447773361786e-06 4.2553755934604054e-06
4.180447773361786e-06 4.2553755934604054e-06
4.180447773361786e-06 4.2553755934604054e-06
5.8444662998986236e-06 4.255346884358106e-06
5.8444662998986236e-06 4.255346884358106e-06
1.49224604778997e-05 4.255344491227892e-06
1.49224604778997e-05 4.255344491227892e-06
1.49224604778997e-05 4.255344491227892e-06
1.49224604778997e-05 4.255344491227892e-06
2.6551674762821066e-06 4.255286557729846e-06
2.6551674762821066e-06 4.255286557729846e-06
1.4957296917301106e-06 4.243904893687151e-06
1.4957296917301106e-06 4.243904893687151e-06
5.349063137094643e-06 4.255377091808198e-06
5.349063137094643e-06 4.255377091808198e-06
5.349063137094643e-06 4.255377091808198e-06
5.349063137094643e-06 4.255377091808198e-06
5.349063137094643e-06 4.255377091808198e-06
5.349063137094643e-06 4.255377091808198e-06
5.349063137094643e-06 4.255377091808198e-06
5.349063137094643e-06 4.255377091808198e-06
5.349063137094643e-06 4.255377091808198e-06
5.349063137094643e-06 4.255377091808198e-06
5.349063137094643e-06 4.255377091808198e-06
5.349063137094643e-06 4.255377091808198e-06
5.349063137094643e-06 4.255377091808198e-06
5.349063137094643e-06 4.255377091808198e-06
5.349063137094643e-06 4.255377091808198e-06
5.349063137094643e-06 4.255377091808198e-06
5.349063137094643e-06 4.255377091808198e-06
5.349063137094643e-06 4.255377091808198e-06
5.349063137094643e-06 4.255377091808198e-06
5.349063137094643e-06 4.255377091808198e-06
5.349063137094643e-06 4.255377091808198e-06
5.349063137094643e-06 4.255377091808198e-06
5.349063137094643e-06 4.255377091808198e-06
5.349063137094643e-06 4.255377091808198e-06
5.349063137094643e-06 4.255377091808198e-06
5.349063137094643e-06 4.255377091808198e-06
5.349063137094643e-06 4.255377091808198e-06
5.349063137094643e-06 4.255377091808198e-06
5.349063137094643e-06 4.255377091808198e-06
5.349063137094643e-06 4.255377091808198e-06
5.349063137094643e-06 4.255377091808198e-06
5.349063137094643e-06 4.255377091808198e-06
5.349063137094643e-06 4.255377091808198e-06
5.349063137094643e-06 4.255377091808198e-06
5.349063137094643e-06 4.255377091808198e-06
5.349063137094643e-06 4.255377091808198e-06
5.349063137094643e-06 4.255377091808198e-06
5.349063137094643e-06 4.255377091808198e-06
5.349063137094643e-06 4.255377091808198e-06
5.349063137094643e-06 4.255377091808198e-06
5.349063137094643e-06 4.255377091808198e-06
5.349063137094643e-06 4.255377091808198e-06
5.349063137094643e-06 4.255377091808198e-06
5.349063137094643e-06 4.255377091808198e-06
5.349063137094643e-06 4.255377091808198e-06
5.349063137094643e-06 4.255377091808198e-06
5.349063137094643e-06 4.255377091808198e-06
5.349063137094643e-06 4.255377091808198e-06
5.349063137094643e-06 4.255377091808198e-06
5.349063137094643e-06 4.255377091808198e-06
0.0010664552702035687 4.445995602910349e-06
0.0010664552702035687 4.445995602910349e-06
0.00010888912155795205 4.2526914462620725e-06
0.00010888912155795205 4.2526914462620725e-06
0.00010888912155795205 4.2526914462620725e-06
0.00010888912155795205 4.2526914462620725e-06
4.416865224001593e-06 4.25537206949119e-06
4.416865224001593e-06 4.25537206949119e-06
4.416865224001593e-06 4.25537206949119e-06
4.416865224001593e-06 4.25537206949119e-06
4.416865224001593e-06 4.25537206949119e-06
3.92051625166334e-06 4.255375469269573e-06
3.92051625166334e-06 4.255375469269573e-06
3.92051625166334e-06 4.255375469269573e-06
3.92051625166334e-06 4.255375469269573e-06
3.92051625166334e-06 4.255375469269573e-06
3.92051625166334e-06 4.255375469269573e-06
3.92051625166334e-06 4.255375469269573e-06
3.92051625166334e-06 4.255375469269573e-06
3.92051625166334e-06 4.255375469269573e-06
3.92051625166334e-06 4.255375469269573e-06
3.92051625166334e-06 4.255375469269573e-06
3.92051625166334e-06 4.255375469269573e-06
3.92051625166334e-06 4.255375469269573e-06
3.92051625166334e-06 4.255375469269573e-06
3.92051625166334e-06 4.255375469269573e-06
3.92051625166334e-06 4.255375469269573e-06
3.92051625166334e-06 4.255375469269573e-06
3.92051625166334e-06 4.255375469269573e-06
3.92051625166334e-06 4.255375469269573e-06
3.92051625166334e-06 4.255375469269573e-06
3.92051625166334e-06 4.255375469269573e-06
3.92051625166334e-06 4.255375469269573e-06
3.92051625166334e-06 4.255375469269573e-06
3.92051625166334e-06 4.255375469269573e-06
3.92051625166334e-06 4.255375469269573e-06
8.670840300620577e-05 4.258206068304512e-06
8.670840300620577e-05 4.258206068304512e-06
8.670840300620577e-05 4.258206068304512e-06
8.670840300620577e-05 4.258206068304512e-06
8.670840300620577e-05 4.258206068304512e-06
3.97556920529106e-06 4.255372786804864e-06
3.97556920529106e-06 4.255372786804864e-06
3.97556920529106e-06 4.255372786804864e-06
3.97556920529106e-06 4.255372786804864e-06
3.97556920529106e-06 4.255372786804864e-06
3.97556920529106e-06 4.255372786804864e-06
3.97556920529106e-06 4.255372786804864e-06
3.97556920529106e-06 4.255372786804864e-06
3.97556920529106e-06 4.255372786804864e-06
3.97556920529106e-06 4.255372786804864e-06
3.97556920529106e-06 4.255372786804864e-06
3.97556920529106e-06 4.255372786804864e-06
3.97556920529106e-06 4.255372786804864e-06
3.97556920529106e-06 4.255372786804864e-06
3.97556920529106e-06 4.255372786804864e-06
3.97556920529106e-06 4.255372786804864e-06
3.97556920529106e-06 4.255372786804864e-06
3.97556920529106e-06 4.255372786804864e-06
3.97556920529106e-06 4.255372786804864e-06
3.97556920529106e-06 4.255372786804864e-06
3.97556920529106e-06 4.255372786804864e-06
3.97556920529106e-06 4.255372786804864e-06
3.97556920529106e-06 4.255372786804864e-06
3.97556920529106e-06 4.255372786804864e-06
3.97556920529106e-06 4.255372786804864e-06
3.97556920529106e-06 4.255372786804864e-06
3.97556920529106e-06 4.255372786804864e-06
3.97556920529106e-06 4.255372786804864e-06
3.97556920529106e-06 4.255372786804864e-06
3.97556920529106e-06 4.255372786804864e-06
6.081292902474092e-06 4.255357711307818e-06
6.081292902474092e-06 4.255357711307818e-06
6.081292902474092e-06 4.255357711307818e-06
6.081292902474092e-06 4.255357711307818e-06
6.081292902474092e-06 4.255357711307818e-06
3.2652945924994663e-06 4.255419247007256e-06
3.2652945924994663e-06 4.255419247007256e-06
3.2652945924994663e-06 4.255419247007256e-06
3.2652945924994663e-06 4.255419247007256e-06
3.2652945924994663e-06 4.255419247007256e-06
3.2652945924994663e-06 4.255419247007256e-06
3.2652945924994663e-06 4.255419247007256e-06
3.2652945924994663e-06 4.255419247007256e-06
3.2652945924994663e-06 4.255419247007256e-06
3.2652945924994663e-06 4.255419247007256e-06
2.286305752500832e-06 4.255464723783166e-06
2.286305752500832e-06 4.255464723783166e-06
2.286305752500832e-06 4.255464723783166e-06
2.286305752500832e-06 4.255464723783166e-06
2.286305752500832e-06 4.255464723783166e-06
5.06825639235504e-06 4.255374132951843e-06
5.06825639235504e-06 4.255374132951843e-06
5.06825639235504e-06 4.255374132951843e-06
5.06825639235504e-06 4.255374132951843e-06
5.06825639235504e-06 4.255374132951843e-06
5.06825639235504e-06 4.255374132951843e-06
5.06825639235504e-06 4.255374132951843e-06
5.06825639235504e-06 4.255374132951843e-06
5.06825639235504e-06 4.255374132951843e-06
5.06825639235504e-06 4.255374132951843e-06
5.06825639235504e-06 4.255374132951843e-06
5.06825639235504e-06 4.255374132951843e-06
5.06825639235504e-06 4.255374132951843e-06
5.06825639235504e-06 4.255374132951843e-06
5.06825639235504e-06 4.255374132951843e-06
5.06825639235504e-06 4.255374132951843e-06
5.06825639235504e-06 4.255374132951843e-06
5.06825639235504e-06 4.255374132951843e-06
5.06825639235504e-06 4.255374132951843e-06
5.06825639235504e-06 4.255374132951843e-06
5.06825639235504e-06 4.255374132951843e-06
5.06825639235504e-06 4.255374132951843e-06
5.06825639235504e-06 4.255374132951843e-06
5.06825639235504e-06 4.255374132951843e-06
5.06825639235504e-06 4.255374132951843e-06
5.06825639235504e-06 4.255374132951843e-06
5.06825639235504e-06 4.255374132951843e-06
5.06825639235504e-06 4.255374132951843e-06
5.06825639235504e-06 4.255374132951843e-06
5.06825639235504e-06 4.255374132951843e-06
5.06825639235504e-06 4.255374132951843e-06
5.06825639235504e-06 4.255374132951843e-06
5.06825639235504e-06 4.255374132951843e-06
5.06825639235504e-06 4.255374132951843e-06
5.06825639235504e-06 4.255374132951843e-06
5.06825639235504e-06 4.255374132951843e-06
5.06825639235504e-06 4.255374132951843e-06
5.06825639235504e-06 4.255374132951843e-06
5.06825639235504e-06 4.255374132951843e-06
5.06825639235504e-06 4.255374132951843e-06
5.06825639235504e-06 4.255374132951843e-06
5.06825639235504e-06 4.255374132951843e-06
5.06825639235504e-06 4.255374132951843e-06
5.06825639235504e-06 4.255374132951843e-06
5.06825639235504e-06 4.255374132951843e-06
5.06825639235504e-06 4.255374132951843e-06
5.06825639235504e-06 4.255374132951843e-06
5.06825639235504e-06 4.255374132951843e-06
5.06825639235504e-06 4.255374132951843e-06
5.06825639235504e-06 4.255374132951843e-06
5.06825639235504e-06 4.255374132951843e-06
5.06825639235504e-06 4.255374132951843e-06
5.06825639235504e-06 4.255374132951843e-06
5.06825639235504e-06 4.255374132951843e-06
5.06825639235504e-06 4.255374132951843e-06
5.06825639235504e-06 4.255374132951843e-06
5.06825639235504e-06 4.255374132951843e-06
5.06825639235504e-06 4.255374132951843e-06
5.06825639235504e-06 4.255374132951843e-06
5.06825639235504e-06 4.255374132951843e-06
5.06825639235504e-06 4.255374132951843e-06
5.06825639235504e-06 4.255374132951843e-06
5.06825639235504e-06 4.255374132951843e-06
5.06825639235504e-06 4.255374132951843e-06
5.06825639235504e-06 4.255374132951843e-06
5.06825639235504e-06 4.255374132951843e-06
5.06825639235504e-06 4.255374132951843e-06
5.06825639235504e-06 4.255374132951843e-06
5.06825639235504e-06 4.255374132951843e-06
5.06825639235504e-06 4.255374132951843e-06
5.06825639235504e-06 4.255374132951843e-06
5.06825639235504e-06 4.255374132951843e-06
5.06825639235504e-06 4.255374132951843e-06
5.06825639235504e-06 4.255374132951843e-06
5.06825639235504e-06 4.255374132951843e-06
5.06825639235504e-06 4.255374132951843e-06
5.06825639235504e-06 4.255374132951843e-06
5.06825639235504e-06 4.255374132951843e-06
5.06825639235504e-06 4.255374132951843e-06
5.06825639235504e-06 4.255374132951843e-06
5.06825639235504e-06 4.255374132951843e-06
5.06825639235504e-06 4.255374132951843e-06
5.06825639235504e-06 4.255374132951843e-06
5.06825639235504e-06 4.255374132951843e-06
5.06825639235504e-06 4.255374132951843e-06
5.06825639235504e-06 4.255374132951843e-06
5.06825639235504e-06 4.255374132951843e-06
5.06825639235504e-06 4.255374132951843e-06
5.06825639235504e-06 4.255374132951843e-06
5.06825639235504e-06 4.255374132951843e-06
5.06825639235504e-06 4.255374132951843e-06
5.06825639235504e-06 4.255374132951843e-06
5.06825639235504e-06 4.255374132951843e-06
5.06825639235504e-06 4.255374132951843e-06
5.06825639235504e-06 4.255374132951843e-06
5.06825639235504e-06 4.255374132951843e-06
5.06825639235504e-06 4.255374132951843e-06
5.06825639235504e-06 4.255374132951843e-06
5.06825639235504e-06 4.255374132951843e-06
5.06825639235504e-06 4.255374132951843e-06
5.06825639235504e-06 4.255374132951843e-06
5.06825639235504e-06 4.255374132951843e-06
5.06825639235504e-06 4.255374132951843e-06
5.06825639235504e-06 4.255374132951843e-06
5.06825639235504e-06 4.255374132951843e-06
5.06825639235504e-06 4.255374132951843e-06
5.06825639235504e-06 4.255374132951843e-06
5.06825639235504e-06 4.255374132951843e-06
5.06825639235504e-06 4.255374132951843e-06
5.06825639235504e-06 4.255374132951843e-06
5.06825639235504e-06 4.255374132951843e-06
5.06825639235504e-06 4.255374132951843e-06
5.06825639235504e-06 4.255374132951843e-06
5.06825639235504e-06 4.255374132951843e-06
5.06825639235504e-06 4.255374132951843e-06
5.06825639235504e-06 4.255374132951843e-06
5.06825639235504e-06 4.255374132951843e-06
5.06825639235504e-06 4.255374132951843e-06
5.06825639235504e-06 4.255374132951843e-06
5.06825639235504e-06 4.255374132951843e-06
5.06825639235504e-06 4.255374132951843e-06
5.06825639235504e-06 4.255374132951843e-06
5.06825639235504e-06 4.255374132951843e-06
5.06825639235504e-06 4.255374132951843e-06
5.06825639235504e-06 4.255374132951843e-06
2.515745026096924e-05 3.969514131470308e-06
2.515745026096924e-05 3.969514131470308e-06
2.515745026096924e-05 3.969514131470308e-06
2.515745026096924e-05 3.969514131470308e-06
2.515745026096924e-05 3.969514131470308e-06
2.8144897479459334e-05 4.245654244963895e-06
2.8144897479459334e-05 4.245654244963895e-06
2.8144897479459334e-05 4.245654244963895e-06
2.8144897479459334e-05 4.245654244963895e-06
2.8144897479459334e-05 4.245654244963895e-06
2.8144897479459334e-05 4.245654244963895e-06
2.8144897479459334e-05 4.245654244963895e-06
2.8144897479459334e-05 4.245654244963895e-06
2.8144897479459334e-05 4.245654244963895e-06
2.8144897479459334e-05 4.245654244963895e-06
4.634693836623218e-06 4.2554614014517085e-06
2.6575630763672435e-06 4.254250007542161e-06
2.6575630763672435e-06 4.254250007542161e-06
2.6575630763672435e-06 4.254250007542161e-06
2.6575630763672435e-06 4.254250007542161e-06
2.6575630763672435e-06 4.254250007542161e-06
6.899736217776905e-05 4.090397791185193e-06
3.7879509368952633e-06 4.255065571434728e-06
3.7879509368952633e-06 4.255065571434728e-06
3.7879509368952633e-06 4.255065571434728e-06
3.7879509368952633e-06 4.255065571434728e-06
3.7879509368952633e-06 4.255065571434728e-06
3.7879509368952633e-06 4.255065571434728e-06
6.01651715854726e-06 4.25493261429753e-06
8.37744106520677e-06 4.260696727329887e-06
8.37744106520677e-06 4.260696727329887e-06
1.735365747420292e-07 4.262728455603167e-06
5.858440991268593e-06 4.2548863731277725e-06
5.858440991268593e-06 4.2548863731277725e-06
5.858440991268593e-06 4.2548863731277725e-06
5.858440991268593e-06 4.2548863731277725e-06
5.858440991268593e-06 4.2548863731277725e-06
5.858440991268593e-06 4.2548863731277725e-06
5.858440991268593e-06 4.2548863731277725e-06
5.858440991268593e-06 4.2548863731277725e-06
5.858440991268593e-06 4.2548863731277725e-06
5.858440991268593e-06 4.2548863731277725e-06
5.858440991268593e-06 4.2548863731277725e-06
5.858440991268593e-06 4.2548863731277725e-06
5.858440991268593e-06 4.2548863731277725e-06
5.858440991268593e-06 4.2548863731277725e-06
5.858440991268593e-06 4.2548863731277725e-06
5.858440991268593e-06 4.2548863731277725e-06
5.858440991268593e-06 4.2548863731277725e-06
5.858440991268593e-06 4.2548863731277725e-06
5.858440991268593e-06 4.2548863731277725e-06
5.858440991268593e-06 4.2548863731277725e-06
5.858440991268593e-06 4.2548863731277725e-06
5.858440991268593e-06 4.2548863731277725e-06
5.858440991268593e-06 4.2548863731277725e-06
5.858440991268593e-06 4.2548863731277725e-06
5.858440991268593e-06 4.2548863731277725e-06
4.695680195042937e-06 4.255376538559136e-06
4.695680195042937e-06 4.255376538559136e-06
2.9515212110499855e-06 4.255355615724974e-06
2.9515212110499855e-06 4.255355615724974e-06
2.9515212110499855e-06 4.255355615724974e-06
2.9515212110499855e-06 4.255355615724974e-06
2.9515212110499855e-06 4.255355615724974e-06
2.9515212110499855e-06 4.255355615724974e-06
2.9515212110499855e-06 4.255355615724974e-06
2.9515212110499855e-06 4.255355615724974e-06
2.9515212110499855e-06 4.255355615724974e-06
2.9515212110499855e-06 4.255355615724974e-06
0.0001709371948256678 4.250784117856026e-06
0.0001709371948256678 4.250784117856026e-06
4.506753428572486e-06 4.255381425423194e-06
4.506753428572486e-06 4.255381425423194e-06
4.506753428572486e-06 4.255381425423194e-06
4.506753428572486e-06 4.255381425423194e-06
4.506753428572486e-06 4.255381425423194e-06
4.506753428572486e-06 4.255381425423194e-06
4.506753428572486e-06 4.255381425423194e-06
4.506753428572486e-06 4.255381425423194e-06
4.506753428572486e-06 4.255381425423194e-06
4.506753428572486e-06 4.255381425423194e-06
4.506753428572486e-06 4.255381425423194e-06
4.506753428572486e-06 4.255381425423194e-06
8.014975979420845e-06 4.255485089102679e-06
8.014975979420845e-06 4.255485089102679e-06
2.1915232258351917e-05 4.255808685371222e-06
2.1915232258351917e-05 4.255808685371222e-06
2.1915232258351917e-05 4.255808685371222e-06
2.1915232258351917e-05 4.255808685371222e-06
4.747692702311197e-06 4.254893461032922e-06
4.747692702311197e-06 4.254893461032922e-06
4.544029372605864e-06 4.250784117856026e-06
4.544029372605864e-06 4.250784117856026e-06
4.943251405577402e-06 4.255362065718852e-06
4.943251405577402e-06 4.255362065718852e-06
4.943251405577402e-06 4.255362065718852e-06
4.943251405577402e-06 4.255362065718852e-06
4.943251405577402e-06 4.255362065718852e-06
4.943251405577402e-06 4.255362065718852e-06
4.943251405577402e-06 4.255362065718852e-06
4.943251405577402e-06 4.255362065718852e-06
4.943251405577402e-06 4.255362065718852e-06
4.943251405577402e-06 4.255362065718852e-06
4.943251405577402e-06 4.255362065718852e-06
4.943251405577402e-06 4.255362065718852e-06
4.943251405577402e-06 4.255362065718852e-06
4.943251405577402e-06 4.255362065718852e-06
4.943251405577402e-06 4.255362065718852e-06
4.943251405577402e-06 4.255362065718852e-06
4.943251405577402e-06 4.255362065718852e-06
4.943251405577402e-06 4.255362065718852e-06
4.943251405577402e-06 4.255362065718852e-06
4.943251405577402e-06 4.255362065718852e-06
4.943251405577402e-06 4.255362065718852e-06
4.943251405577402e-06 4.255362065718852e-06
4.943251405577402e-06 4.255362065718852e-06
4.943251405577402e-06 4.255362065718852e-06
4.943251405577402e-06 4.255362065718852e-06
4.943251405577402e-06 4.255362065718852e-06
4.943251405577402e-06 4.255362065718852e-06
4.943251405577402e-06 4.255362065718852e-06
4.943251405577402e-06 4.255362065718852e-06
4.943251405577402e-06 4.255362065718852e-06
4.943251405577402e-06 4.255362065718852e-06
4.943251405577402e-06 4.255362065718852e-06
4.943251405577402e-06 4.255362065718852e-06
4.943251405577402e-06 4.255362065718852e-06
4.943251405577402e-06 4.255362065718852e-06
4.943251405577402e-06 4.255362065718852e-06
4.943251405577402e-06 4.255362065718852e-06
4.943251405577402e-06 4.255362065718852e-06
4.943251405577402e-06 4.255362065718852e-06
4.943251405577402e-06 4.255362065718852e-06
4.943251405577402e-06 4.255362065718852e-06
4.943251405577402e-06 4.255362065718852e-06
4.943251405577402e-06 4.255362065718852e-06
4.943251405577402e-06 4.255362065718852e-06
4.943251405577402e-06 4.255362065718852e-06
4.943251405577402e-06 4.255362065718852e-06
4.943251405577402e-06 4.255362065718852e-06
4.943251405577402e-06 4.255362065718852e-06
4.943251405577402e-06 4.255362065718852e-06
4.943251405577402e-06 4.255362065718852e-06
0.0007793010374019057 4.453202409182503e-06
0.0007793010374019057 4.453202409182503e-06
0.00012291599452898865 4.25958491313109e-06
0.00012291599452898865 4.25958491313109e-06
0.00012291599452898865 4.25958491313109e-06
0.00012291599452898865 4.25958491313109e-06
4.6894669456624835e-06 4.255378378902302e-06
4.6894669456624835e-06 4.255378378902302e-06
2.510516172430756e-06 4.255495225446521e-06
2.510516172430756e-06 4.255495225446521e-06
2.510516172430756e-06 4.255495225446521e-06
2.510516172430756e-06 4.255495225446521e-06
2.510516172430756e-06 4.255495225446521e-06
2.510516172430756e-06 4.255495225446521e-06
2.510516172430756e-06 4.255495225446521e-06
2.510516172430756e-06 4.255495225446521e-06
2.510516172430756e-06 4.255495225446521e-06
2.510516172430756e-06 4.255495225446521e-06
0.00017738092145370174 4.3257359951413335e-06
0.00017738092145370174 4.3257359951413335e-06
7.413687869886204e-07 4.255389403098421e-06
7.413687869886204e-07 4.255389403098421e-06
7.413687869886204e-07 4.255389403098421e-06
7.413687869886204e-07 4.255389403098421e-06
7.413687869886204e-07 4.255389403098421e-06
7.413687869886204e-07 4.255389403098421e-06
7.413687869886204e-07 4.255389403098421e-06
7.413687869886204e-07 4.255389403098421e-06
7.413687869886204e-07 4.255389403098421e-06
7.413687869886204e-07 4.255389403098421e-06
7.413687869886204e-07 4.255389403098421e-06
7.413687869886204e-07 4.255389403098421e-06
3.3348247087216384e-07 4.255369463951395e-06
3.3348247087216384e-07 4.255369463951395e-06
9.127417587061248e-07 4.2564810413972135e-06
9.127417587061248e-07 4.2564810413972135e-06
9.127417587061248e-07 4.2564810413972135e-06
9.127417587061248e-07 4.2564810413972135e-06
7.809482413450884e-07 4.253498753572176e-06
7.809482413450884e-07 4.253498753572176e-06
1.0512708646825857e-05 4.2553475487794125e-06
1.0512708646825857e-05 4.2553475487794125e-06
1.0512708646825857e-05 4.2553475487794125e-06
1.0512708646825857e-05 4.2553475487794125e-06
1.0512708646825857e-05 4.2553475487794125e-06
1.0512708646825857e-05 4.2553475487794125e-06
1.0512708646825857e-05 4.2553475487794125e-06
1.0512708646825857e-05 4.2553475487794125e-06
1.0512708646825857e-05 4.2553475487794125e-06
1.0512708646825857e-05 4.2553475487794125e-06
1.0512708646825857e-05 4.2553475487794125e-06
1.0512708646825857e-05 4.2553475487794125e-06
1.0512708646825857e-05 4.2553475487794125e-06
1.0512708646825857e-05 4.2553475487794125e-06
1.0512708646825857e-05 4.2553475487794125e-06
1.0512708646825857e-05 4.2553475487794125e-06
1.0512708646825857e-05 4.2553475487794125e-06
1.0512708646825857e-05 4.2553475487794125e-06
1.0512708646825857e-05 4.2553475487794125e-06
1.0512708646825857e-05 4.2553475487794125e-06
1.0512708646825857e-05 4.2553475487794125e-06
1.0512708646825857e-05 4.2553475487794125e-06
1.0512708646825857e-05 4.2553475487794125e-06
1.0512708646825857e-05 4.2553475487794125e-06
1.0512708646825857e-05 4.2553475487794125e-06
1.0512708646825857e-05 4.2553475487794125e-06
1.0512708646825857e-05 4.2553475487794125e-06
1.0512708646825857e-05 4.2553475487794125e-06
1.0512708646825857e-05 4.2553475487794125e-06
1.0512708646825857e-05 4.2553475487794125e-06
1.0512708646825857e-05 4.2553475487794125e-06
1.0512708646825857e-05 4.2553475487794125e-06
1.0512708646825857e-05 4.2553475487794125e-06
1.0512708646825857e-05 4.2553475487794125e-06
1.0512708646825857e-05 4.2553475487794125e-06
1.0512708646825857e-05 4.2553475487794125e-06
1.0512708646825857e-05 4.2553475487794125e-06
1.0512708646825857e-05 4.2553475487794125e-06
1.0512708646825857e-05 4.2553475487794125e-06
1.0512708646825857e-05 4.2553475487794125e-06
1.0512708646825857e-05 4.2553475487794125e-06
1.0512708646825857e-05 4.2553475487794125e-06
1.0512708646825857e-05 4.2553475487794125e-06
1.0512708646825857e-05 4.2553475487794125e-06
1.0512708646825857e-05 4.2553475487794125e-06
1.0512708646825857e-05 4.2553475487794125e-06
1.0512708646825857e-05 4.2553475487794125e-06
1.0512708646825857e-05 4.2553475487794125e-06
1.0512708646825857e-05 4.2553475487794125e-06
1.0512708646825857e-05 4.2553475487794125e-06
0.0016925332084082633 1.1102722387529421e-05
0.0016925332084082633 1.1102722387529421e-05
0.0002115666510510329 4.344543542946295e-06
0.0002115666510510329 4.344543542946295e-06
0.0002115666510510329 4.344543542946295e-06
0.0002115666510510329 4.344543542946295e-06
4.656193572453017e-06 4.255297020792771e-06
2.5160361818868515e-06 4.254759709908141e-06
2.5160361818868515e-06 4.254759709908141e-06
2.5160361818868515e-06 4.254759709908141e-06
2.5160361818868515e-06 4.254759709908141e-06
2.5160361818868515e-06 4.254759709908141e-06
7.215617219523857e-05 4.704416788746282e-06
2.129666808238485e-06 4.255588299737777e-06
2.129666808238485e-06 4.255588299737777e-06
2.129666808238485e-06 4.255588299737777e-06
2.129666808238485e-06 4.255588299737777e-06
2.129666808238485e-06 4.255588299737777e-06
2.129666808238485e-06 4.255588299737777e-06
9.270927355587965e-07 4.255826226103535e-06
2.855286327004023e-06 4.253252467871245e-06
2.855286327004023e-06 4.253252467871245e-06
2.43075030684648e-06 4.270020739490732e-06
8.379017855752994e-06 4.255439766328517e-06
8.379017855752994e-06 4.255439766328517e-06
8.379017855752994e-06 4.255439766328517e-06
8.379017855752994e-06 4.255439766328517e-06
8.379017855752994e-06 4.255439766328517e-06
8.379017855752994e-06 4.255439766328517e-06
8.379017855752994e-06 4.255439766328517e-06
8.379017855752994e-06 4.255439766328517e-06
8.379017855752994e-06 4.255439766328517e-06
8.379017855752994e-06 4.255439766328517e-06
8.379017855752994e-06 4.255439766328517e-06
8.379017855752994e-06 4.255439766328517e-06
8.379017855752994e-06 4.255439766328517e-06
8.379017855752994e-06 4.255439766328517e-06
8.379017855752994e-06 4.255439766328517e-06
8.379017855752994e-06 4.255439766328517e-06
8.379017855752994e-06 4.255439766328517e-06
8.379017855752994e-06 4.255439766328517e-06
8.379017855752994e-06 4.255439766328517e-06
8.379017855752994e-06 4.255439766328517e-06
8.379017855752994e-06 4.255439766328517e-06
8.379017855752994e-06 4.255439766328517e-06
8.379017855752994e-06 4.255439766328517e-06
8.379017855752994e-06 4.255439766328517e-06
8.379017855752994e-06 4.255439766328517e-06
0.004508303061754022 7.244801854669275e-05
5.1894135962636225e-05 3.1499138498562066e-06
5.1894135962636225e-05 3.1499138498562066e-06
4.748645690225286e-06 4.255443697366368e-06
5.168619369157735e-06 4.255184562125041e-06
5.168619369157735e-06 4.255184562125041e-06
5.168619369157735e-06 4.255184562125041e-06
5.168619369157735e-06 4.255184562125041e-06
5.168619369157735e-06 4.255184562125041e-06
0.0008212138443672773 4.090540942224291e-06
5.1115757602232835e-06 4.255489423266699e-06
5.1115757602232835e-06 4.255489423266699e-06
5.1115757602232835e-06 4.255489423266699e-06
5.1115757602232835e-06 4.255489423266699e-06
5.1115757602232835e-06 4.255489423266699e-06
5.1115757602232835e-06 4.255489423266699e-06
1.934301595114371e-06 4.255081523537199e-06
9.359527129211921e-05 4.260845838295357e-06
9.359527129211921e-05 4.260845838295357e-06
1.29179379686155e-06 4.2628776376727275e-06
4.154795766114803e-06 4.255453178537473e-06
4.154795766114803e-06 4.255453178537473e-06
4.154795766114803e-06 4.255453178537473e-06
4.154795766114803e-06 4.255453178537473e-06
4.154795766114803e-06 4.255453178537473e-06
4.154795766114803e-06 4.255453178537473e-06
4.154795766114803e-06 4.255453178537473e-06
4.154795766114803e-06 4.255453178537473e-06
4.154795766114803e-06 4.255453178537473e-06
4.154795766114803e-06 4.255453178537473e-06
4.154795766114803e-06 4.255453178537473e-06
4.154795766114803e-06 4.255453178537473e-06
4.154795766114803e-06 4.255453178537473e-06
4.154795766114803e-06 4.255453178537473e-06
4.154795766114803e-06 4.255453178537473e-06
4.154795766114803e-06 4.255453178537473e-06
4.154795766114803e-06 4.255453178537473e-06
4.154795766114803e-06 4.255453178537473e-06
4.154795766114803e-06 4.255453178537473e-06
4.154795766114803e-06 4.255453178537473e-06
4.154795766114803e-06 4.255453178537473e-06
4.154795766114803e-06 4.255453178537473e-06
4.154795766114803e-06 4.255453178537473e-06
4.154795766114803e-06 4.255453178537473e-06
4.154795766114803e-06 4.255453178537473e-06
0.0016953409519025492 4.564806558714063e-06
0.0016953409519025492 4.564806558714063e-06
4.605666471237892e-06 4.25544934285998e-06
5.065374403006291e-06 4.2558505891613035e-06
5.065374403006291e-06 4.2558505891613035e-06
5.065374403006291e-06 4.2558505891613035e-06
5.065374403006291e-06 4.2558505891613035e-06
5.065374403006291e-06 4.2558505891613035e-06
6.306665388515814e-07 3.8869307395585376e-06
7.149674148453755e-06 4.255335677892091e-06
7.149674148453755e-06 4.255335677892091e-06
7.149674148453755e-06 4.255335677892091e-06
7.149674148453755e-06 4.255335677892091e-06
7.149674148453755e-06 4.255335677892091e-06
7.149674148453755e-06 4.255335677892091e-06
9.892460475380775e-07 4.252259748959668e-06
5.68489286495573e-06 4.2453002403689e-06
5.68489286495573e-06 4.2453002403689e-06
1.4022020180491444e-06 4.272823797919425e-06
9.017157081723748e-07 4.255048538610262e-06
9.017157081723748e-07 4.255048538610262e-06
9.017157081723748e-07 4.255048538610262e-06
9.017157081723748e-07 4.255048538610262e-06
9.017157081723748e-07 4.255048538610262e-06
9.017157081723748e-07 4.255048538610262e-06
9.017157081723748e-07 4.255048538610262e-06
9.017157081723748e-07 4.255048538610262e-06
9.017157081723748e-07 4.255048538610262e-06
9.017157081723748e-07 4.255048538610262e-06
9.017157081723748e-07 4.255048538610262e-06
9.017157081723748e-07 4.255048538610262e-06
9.017157081723748e-07 4.255048538610262e-06
9.017157081723748e-07 4.255048538610262e-06
9.017157081723748e-07 4.255048538610262e-06
9.017157081723748e-07 4.255048538610262e-06
9.017157081723748e-07 4.255048538610262e-06
9.017157081723748e-07 4.255048538610262e-06
9.017157081723748e-07 4.255048538610262e-06
9.017157081723748e-07 4.255048538610262e-06
9.017157081723748e-07 4.255048538610262e-06
9.017157081723748e-07 4.255048538610262e-06
9.017157081723748e-07 4.255048538610262e-06
9.017157081723748e-07 4.255048538610262e-06
9.017157081723748e-07 4.255048538610262e-06
5.612932195779075e-06 5.2051072512349115e-06
5.612932195779075e-06 5.2051072512349115e-06
4.756201238939416e-06 4.256347548812732e-06
9.688334306620338e-07 4.264922098973823e-06
9.688334306620338e-07 4.264922098973823e-06
9.688334306620338e-07 4.264922098973823e-06
9.688334306620338e-07 4.264922098973823e-06
9.688334306620338e-07 4.264922098973823e-06
0.00033960933125808866 1.513637877274241e-05
7.858256504161034e-06 4.257663932422358e-06
7.858256504161034e-06 4.257663932422358e-06
7.858256504161034e-06 4.257663932422358e-06
7.858256504161034e-06 4.257663932422358e-06
7.858256504161034e-06 4.257663932422358e-06
7.858256504161034e-06 4.257663932422358e-06
0.00014682526952936823 4.245905885250148e-06
8.574557795049033e-08 4.579572359533067e-06
8.252871651682568e-08 4.258682388720003e-06
8.252871651682568e-08 4.258682388720003e-06
8.252871651682568e-08 4.258682388720003e-06
8.252871651682568e-08 4.258682388720003e-06
8.252871651682568e-08 4.258682388720003e-06
8.252871651682568e-08 4.258682388720003e-06
8.252871651682568e-08 4.258682388720003e-06
8.252871651682568e-08 4.258682388720003e-06
8.252871651682568e-08 4.258682388720003e-06
8.252871651682568e-08 4.258682388720003e-06
8.252871651682568e-08 4.258682388720003e-06
8.252871651682568e-08 4.258682388720003e-06
8.252871651682568e-08 4.258682388720003e-06
8.252871651682568e-08 4.258682388720003e-06
8.252871651682568e-08 4.258682388720003e-06
8.252871651682568e-08 4.258682388720003e-06
8.252871651682568e-08 4.258682388720003e-06
8.252871651682568e-08 4.258682388720003e-06
8.252871651682568e-08 4.258682388720003e-06
8.252871651682568e-08 4.258682388720003e-06
8.252871651682568e-08 4.258682388720003e-06
8.252871651682568e-08 4.258682388720003e-06
8.252871651682568e-08 4.258682388720003e-06
8.252871651682568e-08 4.258682388720003e-06
8.252871651682568e-08 4.258682388720003e-06
4.672559950571066e-06 4.255371109143519e-06
4.672559950571066e-06 4.255371109143519e-06
3.147865475646184e-06 4.255391606212387e-06
3.147865475646184e-06 4.255391606212387e-06
3.147865475646184e-06 4.255391606212387e-06
3.147865475646184e-06 4.255391606212387e-06
3.147865475646184e-06 4.255391606212387e-06
3.147865475646184e-06 4.255391606212387e-06
3.147865475646184e-06 4.255391606212387e-06
3.147865475646184e-06 4.255391606212387e-06
3.147865475646184e-06 4.255391606212387e-06
3.147865475646184e-06 4.255391606212387e-06
0.00014296608585091575 4.261679266984347e-06
0.00014296608585091575 4.261679266984347e-06
7.501129590298043e-08 4.255379878503864e-06
7.501129590298043e-08 4.255379878503864e-06
7.501129590298043e-08 4.255379878503864e-06
7.501129590298043e-08 4.255379878503864e-06
7.501129590298043e-08 4.255379878503864e-06
7.501129590298043e-08 4.255379878503864e-06
7.501129590298043e-08 4.255379878503864e-06
7.501129590298043e-08 4.255379878503864e-06
7.501129590298043e-08 4.255379878503864e-06
7.501129590298043e-08 4.255379878503864e-06
7.501129590298043e-08 4.255379878503864e-06
7.501129590298043e-08 4.255379878503864e-06
1.7305482418606257e-07 4.255447606854017e-06
1.7305482418606257e-07 4.255447606854017e-06
3.504172058492411e-08 4.2555111942864e-06
3.504172058492411e-08 4.2555111942864e-06
3.504172058492411e-08 4.2555111942864e-06
3.504172058492411e-08 4.2555111942864e-06
1.5062018032461868e-08 4.254981146328969e-06
1.5062018032461868e-08 4.254981146328969e-06
1.1455631727093479e-05 4.2553677036207254e-06
1.1455631727093479e-05 4.2553677036207254e-06
1.1455631727093479e-05 4.2553677036207254e-06
1.1455631727093479e-05 4.2553677036207254e-06
1.1455631727093479e-05 4.2553677036207254e-06
1.1455631727093479e-05 4.2553677036207254e-06
1.1455631727093479e-05 4.2553677036207254e-06
1.1455631727093479e-05 4.2553677036207254e-06
1.1455631727093479e-05 4.2553677036207254e-06
1.1455631727093479e-05 4.2553677036207254e-06
1.1455631727093479e-05 4.2553677036207254e-06
1.1455631727093479e-05 4.2553677036207254e-06
1.1455631727093479e-05 4.2553677036207254e-06
1.1455631727093479e-05 4.2553677036207254e-06
1.1455631727093479e-05 4.2553677036207254e-06
1.1455631727093479e-05 4.2553677036207254e-06
1.1455631727093479e-05 4.2553677036207254e-06
1.1455631727093479e-05 4.2553677036207254e-06
1.1455631727093479e-05 4.2553677036207254e-06
1.1455631727093479e-05 4.2553677036207254e-06
1.1455631727093479e-05 4.2553677036207254e-06
1.1455631727093479e-05 4.2553677036207254e-06
1.1455631727093479e-05 4.2553677036207254e-06
1.1455631727093479e-05 4.2553677036207254e-06
1.1455631727093479e-05 4.2553677036207254e-06
1.1455631727093479e-05 4.2553677036207254e-06
1.1455631727093479e-05 4.2553677036207254e-06
1.1455631727093479e-05 4.2553677036207254e-06
1.1455631727093479e-05 4.2553677036207254e-06
1.1455631727093479e-05 4.2553677036207254e-06
1.1455631727093479e-05 4.2553677036207254e-06
1.1455631727093479e-05 4.2553677036207254e-06
1.1455631727093479e-05 4.2553677036207254e-06
1.1455631727093479e-05 4.2553677036207254e-06
1.1455631727093479e-05 4.2553677036207254e-06
1.1455631727093479e-05 4.2553677036207254e-06
1.1455631727093479e-05 4.2553677036207254e-06
1.1455631727093479e-05 4.2553677036207254e-06
1.1455631727093479e-05 4.2553677036207254e-06
1.1455631727093479e-05 4.2553677036207254e-06
1.1455631727093479e-05 4.2553677036207254e-06
1.1455631727093479e-05 4.2553677036207254e-06
1.1455631727093479e-05 4.2553677036207254e-06
1.1455631727093479e-05 4.2553677036207254e-06
1.1455631727093479e-05 4.2553677036207254e-06
1.1455631727093479e-05 4.2553677036207254e-06
1.1455631727093479e-05 4.2553677036207254e-06
1.1455631727093479e-05 4.2553677036207254e-06
1.1455631727093479e-05 4.2553677036207254e-06
1.1455631727093479e-05 4.2553677036207254e-06
0.00048788587570389836 4.375324047437263e-06
0.00048788587570389836 4.375324047437263e-06
0.00020417408916011882 4.280208307275584e-06
0.00020417408916011882 4.280208307275584e-06
0.00020417408916011882 4.280208307275584e-06
0.00020417408916011882 4.280208307275584e-06
4.586776106731939e-06 4.25535731244679e-06
2.162946755729287e-06 4.2554656666058e-06
2.162946755729287e-06 4.2554656666058e-06
2.162946755729287e-06 4.2554656666058e-06
2.162946755729287e-06 4.2554656666058e-06
2.162946755729287e-06 4.2554656666058e-06
9.040065302225415e-05 4.222830309786831e-06
3.829727265510188e-06 4.255374865792024e-06
3.829727265510188e-06 4.255374865792024e-06
3.829727265510188e-06 4.255374865792024e-06
3.829727265510188e-06 4.255374865792024e-06
3.829727265510188e-06 4.255374865792024e-06
3.829727265510188e-06 4.255374865792024e-06
3.6374014688793713e-06 4.255200214256205e-06
2.7246814928634912e-05 4.255275223514508e-06
2.7246814928634912e-05 4.255275223514508e-06
3.7080836213237833e-06 4.258781058986064e-06
5.6608346303280395e-06 4.255316528988935e-06
5.6608346303280395e-06 4.255316528988935e-06
5.6608346303280395e-06 4.255316528988935e-06
5.6608346303280395e-06 4.255316528988935e-06
5.6608346303280395e-06 4.255316528988935e-06
5.6608346303280395e-06 4.255316528988935e-06
5.6608346303280395e-06 4.255316528988935e-06
5.6608346303280395e-06 4.255316528988935e-06
5.6608346303280395e-06 4.255316528988935e-06
5.6608346303280395e-06 4.255316528988935e-06
5.6608346303280395e-06 4.255316528988935e-06
5.6608346303280395e-06 4.255316528988935e-06
5.6608346303280395e-06 4.255316528988935e-06
5.6608346303280395e-06 4.255316528988935e-06
5.6608346303280395e-06 4.255316528988935e-06
5.6608346303280395e-06 4.255316528988935e-06
5.6608346303280395e-06 4.255316528988935e-06
5.6608346303280395e-06 4.255316528988935e-06
5.6608346303280395e-06 4.255316528988935e-06
5.6608346303280395e-06 4.255316528988935e-06
5.6608346303280395e-06 4.255316528988935e-06
5.6608346303280395e-06 4.255316528988935e-06
5.6608346303280395e-06 4.255316528988935e-06
5.6608346303280395e-06 4.255316528988935e-06
5.6608346303280395e-06 4.255316528988935e-06
2.6422522558228635e-06 4.039228991970013e-06
2.6422522558228635e-06 4.039228991970013e-06
4.664039909380809e-06 4.255372962985563e-06
4.664039909380809e-06 4.255372962985563e-06
4.664039909380809e-06 4.255372962985563e-06
3.675243244104144e-06 4.255372732559359e-06
3.675243244104144e-06 4.255372732559359e-06
3.675243244104144e-06 4.255372732559359e-06
3.675243244104144e-06 4.255372732559359e-06
3.675243244104144e-06 4.255372732559359e-06
3.675243244104144e-06 4.255372732559359e-06
3.675243244104144e-06 4.255372732559359e-06
3.675243244104144e-06 4.255372732559359e-06
3.675243244104144e-06 4.255372732559359e-06
3.675243244104144e-06 4.255372732559359e-06
3.675243244104144e-06 4.255372732559359e-06
3.675243244104144e-06 4.255372732559359e-06
3.675243244104144e-06 4.255372732559359e-06
3.675243244104144e-06 4.255372732559359e-06
3.675243244104144e-06 4.255372732559359e-06
0.00011674708291115141 4.253827708698418e-06
0.00011674708291115141 4.253827708698418e-06
0.00011674708291115141 4.253827708698418e-06
4.1806103530006836e-06 4.255372440059989e-06
4.1806103530006836e-06 4.255372440059989e-06
4.1806103530006836e-06 4.255372440059989e-06
4.1806103530006836e-06 4.255372440059989e-06
4.1806103530006836e-06 4.255372440059989e-06
4.1806103530006836e-06 4.255372440059989e-06
4.1806103530006836e-06 4.255372440059989e-06
4.1806103530006836e-06 4.255372440059989e-06
4.1806103530006836e-06 4.255372440059989e-06
4.1806103530006836e-06 4.255372440059989e-06
4.1806103530006836e-06 4.255372440059989e-06
4.1806103530006836e-06 4.255372440059989e-06
4.1806103530006836e-06 4.255372440059989e-06
4.1806103530006836e-06 4.255372440059989e-06
4.1806103530006836e-06 4.255372440059989e-06
4.1806103530006836e-06 4.255372440059989e-06
4.1806103530006836e-06 4.255372440059989e-06
4.1806103530006836e-06 4.255372440059989e-06
5.844693594024062e-06 4.255421490217465e-06
5.844693594024062e-06 4.255421490217465e-06
5.844693594024062e-06 4.255421490217465e-06
1.4923040819616063e-05 4.255352084555433e-06
1.4923040819616063e-05 4.255352084555433e-06
1.4923040819616063e-05 4.255352084555433e-06
1.4923040819616063e-05 4.255352084555433e-06
1.4923040819616063e-05 4.255352084555433e-06
1.4923040819616063e-05 4.255352084555433e-06
2.6552707370314116e-06 4.2555861294191495e-06
2.6552707370314116e-06 4.2555861294191495e-06
2.6552707370314116e-06 4.2555861294191495e-06
1.4957878613823473e-06 4.244203664108602e-06
1.4957878613823473e-06 4.244203664108602e-06
1.4957878613823473e-06 4.244203664108602e-06
5.348812782982478e-06 4.255375807148109e-06
5.348812782982478e-06 4.255375807148109e-06
5.348812782982478e-06 4.255375807148109e-06
5.348812782982478e-06 4.255375807148109e-06
5.348812782982478e-06 4.255375807148109e-06
5.348812782982478e-06 4.255375807148109e-06
5.348812782982478e-06 4.255375807148109e-06
5.348812782982478e-06 4.255375807148109e-06
5.348812782982478e-06 4.255375807148109e-06
5.348812782982478e-06 4.255375807148109e-06
5.348812782982478e-06 4.255375807148109e-06
5.348812782982478e-06 4.255375807148109e-06
5.348812782982478e-06 4.255375807148109e-06
5.348812782982478e-06 4.255375807148109e-06
5.348812782982478e-06 4.255375807148109e-06
5.348812782982478e-06 4.255375807148109e-06
5.348812782982478e-06 4.255375807148109e-06
5.348812782982478e-06 4.255375807148109e-06
5.348812782982478e-06 4.255375807148109e-06
5.348812782982478e-06 4.255375807148109e-06
5.348812782982478e-06 4.255375807148109e-06
5.348812782982478e-06 4.255375807148109e-06
5.348812782982478e-06 4.255375807148109e-06
5.348812782982478e-06 4.255375807148109e-06
5.348812782982478e-06 4.255375807148109e-06
5.348812782982478e-06 4.255375807148109e-06
5.348812782982478e-06 4.255375807148109e-06
5.348812782982478e-06 4.255375807148109e-06
5.348812782982478e-06 4.255375807148109e-06
5.348812782982478e-06 4.255375807148109e-06
5.348812782982478e-06 4.255375807148109e-06
5.348812782982478e-06 4.255375807148109e-06
5.348812782982478e-06 4.255375807148109e-06
5.348812782982478e-06 4.255375807148109e-06
5.348812782982478e-06 4.255375807148109e-06
5.348812782982478e-06 4.255375807148109e-06
5.348812782982478e-06 4.255375807148109e-06
5.348812782982478e-06 4.255375807148109e-06
5.348812782982478e-06 4.255375807148109e-06
5.348812782982478e-06 4.255375807148109e-06
5.348812782982478e-06 4.255375807148109e-06
5.348812782982478e-06 4.255375807148109e-06
5.348812782982478e-06 4.255375807148109e-06
5.348812782982478e-06 4.255375807148109e-06
5.348812782982478e-06 4.255375807148109e-06
5.348812782982478e-06 4.255375807148109e-06
5.348812782982478e-06 4.255375807148109e-06
5.348812782982478e-06 4.255375807148109e-06
5.348812782982478e-06 4.255375807148109e-06
5.348812782982478e-06 4.255375807148109e-06
5.348812782982478e-06 4.255375807148109e-06
5.348812782982478e-06 4.255375807148109e-06
5.348812782982478e-06 4.255375807148109e-06
5.348812782982478e-06 4.255375807148109e-06
5.348812782982478e-06 4.255375807148109e-06
5.348812782982478e-06 4.255375807148109e-06
5.348812782982478e-06 4.255375807148109e-06
5.348812782982478e-06 4.255375807148109e-06
5.348812782982478e-06 4.255375807148109e-06
5.348812782982478e-06 4.255375807148109e-06
5.348812782982478e-06 4.255375807148109e-06
5.348812782982478e-06 4.255375807148109e-06
5.348812782982478e-06 4.255375807148109e-06
5.348812782982478e-06 4.255375807148109e-06
5.348812782982478e-06 4.255375807148109e-06
5.348812782982478e-06 4.255375807148109e-06
5.348812782982478e-06 4.255375807148109e-06
5.348812782982478e-06 4.255375807148109e-06
5.348812782982478e-06 4.255375807148109e-06
5.348812782982478e-06 4.255375807148109e-06
5.348812782982478e-06 4.255375807148109e-06
5.348812782982478e-06 4.255375807148109e-06
5.348812782982478e-06 4.255375807148109e-06
5.348812782982478e-06 4.255375807148109e-06
5.348812782982478e-06 4.255375807148109e-06
0.0010664967451656136 4.446308600494726e-06
0.0010664967451656136 4.446308600494726e-06
0.0010664967451656136 4.446308600494726e-06
0.00010889335630863489 4.252990835255825e-06
0.00010889335630863489 4.252990835255825e-06
0.00010889335630863489 4.252990835255825e-06
0.00010889335630863489 4.252990835255825e-06
0.00010889335630863489 4.252990835255825e-06
0.00010889335630863489 4.252990835255825e-06
4.637026509948306e-06 4.255372004744061e-06
5.150513590896787e-06 4.255368894257297e-06
5.150513590896787e-06 4.255368894257297e-06
5.150513590896787e-06 4.255368894257297e-06
5.150513590896787e-06 4.255368894257297e-06
5.150513590896787e-06 4.255368894257297e-06
0.0001662198405773962 4.2497507000549596e-06
4.223106623671567e-06 4.255374865792024e-06
4.223106623671567e-06 4.255374865792024e-06
4.223106623671567e-06 4.255374865792024e-06
4.223106623671567e-06 4.255374865792024e-06
4.223106623671567e-06 4.255374865792024e-06
4.223106623671567e-06 4.255374865792024e-06
4.99432213895897e-06 4.2554004418098086e-06
1.3561303171262432e-05 4.2552009749991904e-06
1.3561303171262432e-05 4.2552009749991904e-06
2.96307008471855e-06 4.255418213901817e-06
2.1658100887765554e-06 4.235678677869348e-06
5.221105104281005e-06 4.255373627732996e-06
5.221105104281005e-06 4.255373627732996e-06
5.221105104281005e-06 4.255373627732996e-06
5.221105104281005e-06 4.255373627732996e-06
5.221105104281005e-06 4.255373627732996e-06
5.221105104281005e-06 4.255373627732996e-06
5.221105104281005e-06 4.255373627732996e-06
5.221105104281005e-06 4.255373627732996e-06
5.221105104281005e-06 4.255373627732996e-06
5.221105104281005e-06 4.255373627732996e-06
5.221105104281005e-06 4.255373627732996e-06
5.221105104281005e-06 4.255373627732996e-06
5.221105104281005e-06 4.255373627732996e-06
5.221105104281005e-06 4.255373627732996e-06
5.221105104281005e-06 4.255373627732996e-06
5.221105104281005e-06 4.255373627732996e-06
5.221105104281005e-06 4.255373627732996e-06
5.221105104281005e-06 4.255373627732996e-06
5.221105104281005e-06 4.255373627732996e-06
5.221105104281005e-06 4.255373627732996e-06
5.221105104281005e-06 4.255373627732996e-06
5.221105104281005e-06 4.255373627732996e-06
5.221105104281005e-06 4.255373627732996e-06
5.221105104281005e-06 4.255373627732996e-06
5.221105104281005e-06 4.255373627732996e-06
0.0014640876200129516 4.334182833168635e-06
0.0001562631979052285 4.239961467230186e-06
0.0001562631979052285 4.239961467230186e-06
4.659152257304678e-06 4.255374420484225e-06
4.659152257304678e-06 4.255374420484225e-06
3.9779247779208045e-06 4.255362879688884e-06
3.9779247779208045e-06 4.255362879688884e-06
3.9779247779208045e-06 4.255362879688884e-06
3.9779247779208045e-06 4.255362879688884e-06
3.9779247779208045e-06 4.255362879688884e-06
3.9779247779208045e-06 4.255362879688884e-06
3.9779247779208045e-06 4.255362879688884e-06
3.9779247779208045e-06 4.255362879688884e-06
3.9779247779208045e-06 4.255362879688884e-06
3.9779247779208045e-06 4.255362879688884e-06
0.00010168069618177079 4.249353210604639e-06
0.00010168069618177079 4.249353210604639e-06
6.538460723703855e-06 4.255373398606043e-06
6.538460723703855e-06 4.255373398606043e-06
6.538460723703855e-06 4.255373398606043e-06
6.538460723703855e-06 4.255373398606043e-06
6.538460723703855e-06 4.255373398606043e-06
6.538460723703855e-06 4.255373398606043e-06
6.538460723703855e-06 4.255373398606043e-06
6.538460723703855e-06 4.255373398606043e-06
6.538460723703855e-06 4.255373398606043e-06
6.538460723703855e-06 4.255373398606043e-06
6.538460723703855e-06 4.255373398606043e-06
6.538460723703855e-06 4.255373398606043e-06
9.101918164000213e-06 4.255295293000468e-06
9.101918164000213e-06 4.255295293000468e-06
2.347325073361519e-05 4.25525910377762e-06
2.347325073361519e-05 4.25525910377762e-06
2.347325073361519e-05 4.25525910377762e-06
2.347325073361519e-05 4.25525910377762e-06
4.17154774303388e-06 4.255442993376787e-06
4.17154774303388e-06 4.255442993376787e-06
2.354822263902576e-06 4.278458369581384e-06
2.354822263902576e-06 4.278458369581384e-06
1.8416729006532477e-06 4.2553685200746915e-06
1.8416729006532477e-06 4.2553685200746915e-06
1.8416729006532477e-06 4.2553685200746915e-06
1.8416729006532477e-06 4.2553685200746915e-06
1.8416729006532477e-06 4.2553685200746915e-06
1.8416729006532477e-06 4.2553685200746915e-06
1.8416729006532477e-06 4.2553685200746915e-06
1.8416729006532477e-06 4.2553685200746915e-06
1.8416729006532477e-06 4.2553685200746915e-06
1.8416729006532477e-06 4.2553685200746915e-06
1.8416729006532477e-06 4.2553685200746915e-06
1.8416729006532477e-06 4.2553685200746915e-06
1.8416729006532477e-06 4.2553685200746915e-06
1.8416729006532477e-06 4.2553685200746915e-06
1.8416729006532477e-06 4.2553685200746915e-06
1.8416729006532477e-06 4.2553685200746915e-06
1.8416729006532477e-06 4.2553685200746915e-06
1.8416729006532477e-06 4.2553685200746915e-06
1.8416729006532477e-06 4.2553685200746915e-06
1.8416729006532477e-06 4.2553685200746915e-06
1.8416729006532477e-06 4.2553685200746915e-06
1.8416729006532477e-06 4.2553685200746915e-06
1.8416729006532477e-06 4.2553685200746915e-06
1.8416729006532477e-06 4.2553685200746915e-06
1.8416729006532477e-06 4.2553685200746915e-06
1.8416729006532477e-06 4.2553685200746915e-06
1.8416729006532477e-06 4.2553685200746915e-06
1.8416729006532477e-06 4.2553685200746915e-06
1.8416729006532477e-06 4.2553685200746915e-06
1.8416729006532477e-06 4.2553685200746915e-06
1.8416729006532477e-06 4.2553685200746915e-06
1.8416729006532477e-06 4.2553685200746915e-06
1.8416729006532477e-06 4.2553685200746915e-06
1.8416729006532477e-06 4.2553685200746915e-06
1.8416729006532477e-06 4.2553685200746915e-06
1.8416729006532477e-06 4.2553685200746915e-06
1.8416729006532477e-06 4.2553685200746915e-06
1.8416729006532477e-06 4.2553685200746915e-06
1.8416729006532477e-06 4.2553685200746915e-06
1.8416729006532477e-06 4.2553685200746915e-06
1.8416729006532477e-06 4.2553685200746915e-06
1.8416729006532477e-06 4.2553685200746915e-06
1.8416729006532477e-06 4.2553685200746915e-06
1.8416729006532477e-06 4.2553685200746915e-06
1.8416729006532477e-06 4.2553685200746915e-06
1.8416729006532477e-06 4.2553685200746915e-06
1.8416729006532477e-06 4.2553685200746915e-06
1.8416729006532477e-06 4.2553685200746915e-06
1.8416729006532477e-06 4.2553685200746915e-06
1.8416729006532477e-06 4.2553685200746915e-06
0.0013987644247581304 4.482194482418592e-06
0.0013987644247581304 4.482194482418592e-06
5.416091206975925e-05 4.23859695620019e-06
5.416091206975925e-05 4.23859695620019e-06
5.416091206975925e-05 4.23859695620019e-06
5.416091206975925e-05 4.23859695620019e-06
4.691715947547133e-06 4.25536790414903e-06
4.691715947547133e-06 4.25536790414903e-06
3.1517013984117538e-06 4.255411178399239e-06
3.1517013984117538e-06 4.255411178399239e-06
3.1517013984117538e-06 4.255411178399239e-06
3.1517013984117538e-06 4.255411178399239e-06
3.1517013984117538e-06 4.255411178399239e-06
3.1517013984117538e-06 4.255411178399239e-06
3.1517013984117538e-06 4.255411178399239e-06
3.1517013984117538e-06 4.255411178399239e-06
3.1517013984117538e-06 4.255411178399239e-06
3.1517013984117538e-06 4.255411178399239e-06
0.00014664082656224814 4.227158002204547e-06
0.00014664082656224814 4.227158002204547e-06
6.4883929699313845e-06 4.2553961748216785e-06
6.4883929699313845e-06 4.2553961748216785e-06
6.4883929699313845e-06 4.2553961748216785e-06
6.4883929699313845e-06 4.2553961748216785e-06
6.4883929699313845e-06 4.2553961748216785e-06
6.4883929699313845e-06 4.2553961748216785e-06
6.4883929699313845e-06 4.2553961748216785e-06
6.4883929699313845e-06 4.2553961748216785e-06
6.4883929699313845e-06 4.2553961748216785e-06
6.4883929699313845e-06 4.2553961748216785e-06
6.4883929699313845e-06 4.2553961748216785e-06
6.4883929699313845e-06 4.2553961748216785e-06
1.1602365994245273e-05 4.254902736875969e-06
1.1602365994245273e-05 4.254902736875969e-06
3.17887245750444e-05 4.255239122739287e-06
3.17887245750444e-05 4.255239122739287e-06
3.17887245750444e-05 4.255239122739287e-06
3.17887245750444e-05 4.255239122739287e-06
6.873379563517915e-06 4.2546193036988955e-06
6.873379563517915e-06 4.2546193036988955e-06
6.594761780717576e-06 4.142614842160456e-06
6.594761780717576e-06 4.142614842160456e-06
1.9958476037326026e-06 4.255385493971134e-06
1.9958476037326026e-06 4.255385493971134e-06
1.9958476037326026e-06 4.255385493971134e-06
1.9958476037326026e-06 4.255385493971134e-06
1.9958476037326026e-06 4.255385493971134e-06
1.9958476037326026e-06 4.255385493971134e-06
1.9958476037326026e-06 4.255385493971134e-06
1.9958476037326026e-06 4.255385493971134e-06
1.9958476037326026e-06 4.255385493971134e-06
1.9958476037326026e-06 4.255385493971134e-06
1.9958476037326026e-06 4.255385493971134e-06
1.9958476037326026e-06 4.255385493971134e-06
1.9958476037326026e-06 4.255385493971134e-06
1.9958476037326026e-06 4.255385493971134e-06
1.9958476037326026e-06 4.255385493971134e-06
1.9958476037326026e-06 4.255385493971134e-06
1.9958476037326026e-06 4.255385493971134e-06
1.9958476037326026e-06 4.255385493971134e-06
1.9958476037326026e-06 4.255385493971134e-06
1.9958476037326026e-06 4.255385493971134e-06
1.9958476037326026e-06 4.255385493971134e-06
1.9958476037326026e-06 4.255385493971134e-06
1.9958476037326026e-06 4.255385493971134e-06
1.9958476037326026e-06 4.255385493971134e-06
1.9958476037326026e-06 4.255385493971134e-06
1.9958476037326026e-06 4.255385493971134e-06
1.9958476037326026e-06 4.255385493971134e-06
1.9958476037326026e-06 4.255385493971134e-06
1.9958476037326026e-06 4.255385493971134e-06
1.9958476037326026e-06 4.255385493971134e-06
1.9958476037326026e-06 4.255385493971134e-06
1.9958476037326026e-06 4.255385493971134e-06
1.9958476037326026e-06 4.255385493971134e-06
1.9958476037326026e-06 4.255385493971134e-06
1.9958476037326026e-06 4.255385493971134e-06
1.9958476037326026e-06 4.255385493971134e-06
1.9958476037326026e-06 4.255385493971134e-06
1.9958476037326026e-06 4.255385493971134e-06
1.9958476037326026e-06 4.255385493971134e-06
1.9958476037326026e-06 4.255385493971134e-06
1.9958476037326026e-06 4.255385493971134e-06
1.9958476037326026e-06 4.255385493971134e-06
1.9958476037326026e-06 4.255385493971134e-06
1.9958476037326026e-06 4.255385493971134e-06
1.9958476037326026e-06 4.255385493971134e-06
1.9958476037326026e-06 4.255385493971134e-06
1.9958476037326026e-06 4.255385493971134e-06
1.9958476037326026e-06 4.255385493971134e-06
1.9958476037326026e-06 4.255385493971134e-06
1.9958476037326026e-06 4.255385493971134e-06
0.0009397535537522545 6.509823323395003e-06
0.0009397535537522545 6.509823323395003e-06
5.044992762248946e-05 4.2455369500402195e-06
5.044992762248946e-05 4.2455369500402195e-06
5.044992762248946e-05 4.2455369500402195e-06
5.044992762248946e-05 4.2455369500402195e-06