4.259298439997386e-06 3.571004334006984e-06
4.259298439997386e-06 3.571004334006984e-06
4.259298439997386e-06 3.571004334006984e-06
4.259298439997386e-06 3.571004334006984e-06
2.182420797252885e-06 5.612424002114386e-06
2.182420797252885e-06 5.612424002114386e-06
2.182420797252885e-06 5.612424002114386e-06
2.182420797252885e-06 5.612424002114386e-06
2.182420797252885e-06 5.612424002114386e-06
2.182420797252885e-06 5.612424002114386e-06
2.182420797252885e-06 5.612424002114386e-06
2.182420797252885e-06 5.612424002114386e-06
2.182420797252885e-06 5.612424002114386e-06
2.182420797252885e-06 5.612424002114386e-06
2.182420797252885e-06 5.612424002114386e-06
2.182420797252885e-06 5.612424002114386e-06
2.182420797252885e-06 5.612424002114386e-06
2.182420797252885e-06 5.612424002114386e-06
2.182420797252885e-06 5.612424002114386e-06
2.182420797252885e-06 5.612424002114386e-06
2.182420797252885e-06 5.612424002114386e-06
2.182420797252885e-06 5.612424002114386e-06
2.182420797252885e-06 5.612424002114386e-06
2.182420797252885e-06 5.612424002114386e-06
2.182420797252885e-06 5.612424002114386e-06
2.182420797252885e-06 5.612424002114386e-06
2.182420797252885e-06 5.612424002114386e-06
2.182420797252885e-06 5.612424002114386e-06
2.182420797252885e-06 5.612424002114386e-06
2.182420797252885e-06 5.612424002114386e-06
2.182420797252885e-06 5.612424002114386e-06
2.182420797252885e-06 5.612424002114386e-06
0.011235955056179775 0.006493501681822941
0.011235955056179775 0.006493501681822941
2.921913498515576e-07 3.5710034519700036e-06
2.921913498515576e-07 3.5710034519700036e-06
2.921913498515576e-07 3.5710034519700036e-06
2.921913498515576e-07 3.5710034519700036e-06
2.921913498515576e-07 3.5710034519700036e-06
2.921913498515576e-07 3.5710034519700036e-06
2.921913498515576e-07 3.5710034519700036e-06
2.921913498515576e-07 3.5710034519700036e-06
2.921913498515576e-07 3.5710034519700036e-06
2.921913498515576e-07 3.5710034519700036e-06
1.9432544379100815e-05 5.61242816091954e-06
1.9432544379100815e-05 5.61242816091954e-06
1.9432544379100815e-05 5.61242816091954e-06
1.9432544379100815e-05 5.61242816091954e-06
1.9432544379100815e-05 5.61242816091954e-06
1.9432544379100815e-05 5.61242816091954e-06
1.9432544379100815e-05 5.61242816091954e-06
1.9432544379100815e-05 5.61242816091954e-06
1.9432544379100815e-05 5.61242816091954e-06
1.9432544379100815e-05 5.61242816091954e-06
1.9432544379100815e-05 5.61242816091954e-06
1.9432544379100815e-05 5.61242816091954e-06
1.9432544379100815e-05 5.61242816091954e-06
1.9432544379100815e-05 5.61242816091954e-06
1.9432544379100815e-05 5.61242816091954e-06
1.9432544379100815e-05 5.61242816091954e-06
1.9432544379100815e-05 5.61242816091954e-06
1.9432544379100815e-05 5.61242816091954e-06
1.9432544379100815e-05 5.61242816091954e-06
1.9432544379100815e-05 5.61242816091954e-06
1.9432544379100815e-05 5.61242816091954e-06
1.9432544379100815e-05 5.61242816091954e-06
1.9432544379100815e-05 5.61242816091954e-06
1.9432544379100815e-05 5.61242816091954e-06
1.9432544379100815e-05 5.61242816091954e-06
1.9432544379100815e-05 5.61242816091954e-06
1.9432544379100815e-05 5.61242816091954e-06
1.9432544379100815e-05 5.61242816091954e-06
1.9432544379100815e-05 5.61242816091954e-06
1.9432544379100815e-05 5.61242816091954e-06
1.9432544379100815e-05 5.61242816091954e-06
1.9432544379100815e-05 5.61242816091954e-06
1.9432544379100815e-05 5.61242816091954e-06
1.9432544379100815e-05 5.61242816091954e-06
1.9432544379100815e-05 5.61242816091954e-06
1.9432544379100815e-05 5.61242816091954e-06
1.9432544379100815e-05 5.61242816091954e-06
1.9432544379100815e-05 5.61242816091954e-06
1.9432544379100815e-05 5.61242816091954e-06
1.9432544379100815e-05 5.61242816091954e-06
1.9432544379100815e-05 5.61242816091954e-06
1.9432544379100815e-05 5.61242816091954e-06
1.9432544379100815e-05 5.61242816091954e-06
1.9432544379100815e-05 5.61242816091954e-06
1.9432544379100815e-05 5.61242816091954e-06
1.9432544379100815e-05 5.61242816091954e-06
1.9432544379100815e-05 5.61242816091954e-06
1.9432544379100815e-05 5.61242816091954e-06
1.9432544379100815e-05 5.61242816091954e-06
1.9432544379100815e-05 5.61242816091954e-06
1.9432544379100815e-05 5.61242816091954e-06
1.9432544379100815e-05 5.61242816091954e-06
1.9432544379100815e-05 5.61242816091954e-06
1.9432544379100815e-05 5.61242816091954e-06
1.9432544379100815e-05 5.61242816091954e-06
1.9432544379100815e-05 5.61242816091954e-06
1.9432544379100815e-05 5.61242816091954e-06
1.9432544379100815e-05 5.61242816091954e-06
1.9432544379100815e-05 5.61242816091954e-06
1.9432544379100815e-05 5.61242816091954e-06
1.9432544379100815e-05 5.61242816091954e-06
1.9432544379100815e-05 5.61242816091954e-06
1.9432544379100815e-05 5.61242816091954e-06
1.9432544379100815e-05 5.61242816091954e-06
1.9432544379100815e-05 5.61242816091954e-06
1.9432544379100815e-05 5.61242816091954e-06
1.9432544379100815e-05 5.61242816091954e-06
1.9432544379100815e-05 5.61242816091954e-06
1.9432544379100815e-05 5.61242816091954e-06
1.9432544379100815e-05 5.61242816091954e-06
0.011235955056179775 0.006493506493506494
0.011235955056179775 0.006493506493506494
0.011235955056179775 0.006493506493506494
0.011235955056179775 0.006493506493506494
0.011235955056179775 0.006493506493506494
4.758952885257663e-06 3.571128421469635e-06
4.758952885257663e-06 3.571128421469635e-06
9.77944094339372e-09 5.611838929616556e-06
9.77944094339372e-09 5.611838929616556e-06
9.77944094339372e-09 5.611838929616556e-06
9.77944094339372e-09 5.611838929616556e-06
9.77944094339372e-09 5.611838929616556e-06
9.77944094339372e-09 5.611838929616556e-06
9.77944094339372e-09 5.611838929616556e-06
9.77944094339372e-09 5.611838929616556e-06
9.77944094339372e-09 5.611838929616556e-06
9.77944094339372e-09 5.611838929616556e-06
9.77944094339372e-09 5.611838929616556e-06
9.77944094339372e-09 5.611838929616556e-06
9.77944094339372e-09 5.611838929616556e-06
9.77944094339372e-09 5.611838929616556e-06
0.011235955056179775 0.006492824760541296
4.753986631517424e-06 3.5710008015698076e-06
4.753986631517424e-06 3.5710008015698076e-06
4.753986631517424e-06 3.5710008015698076e-06
4.753986631517424e-06 3.5710008015698076e-06
3.137414176978294e-08 5.612440657558844e-06
3.137414176978294e-08 5.612440657558844e-06
3.137414176978294e-08 5.612440657558844e-06
3.137414176978294e-08 5.612440657558844e-06
3.137414176978294e-08 5.612440657558844e-06
3.137414176978294e-08 5.612440657558844e-06
3.137414176978294e-08 5.612440657558844e-06
3.137414176978294e-08 5.612440657558844e-06
3.137414176978294e-08 5.612440657558844e-06
3.137414176978294e-08 5.612440657558844e-06
3.137414176978294e-08 5.612440657558844e-06
3.137414176978294e-08 5.612440657558844e-06
3.137414176978294e-08 5.612440657558844e-06
3.137414176978294e-08 5.612440657558844e-06
3.137414176978294e-08 5.612440657558844e-06
3.137414176978294e-08 5.612440657558844e-06
3.137414176978294e-08 5.612440657558844e-06
3.137414176978294e-08 5.612440657558844e-06
3.137414176978294e-08 5.612440657558844e-06
3.137414176978294e-08 5.612440657558844e-06
3.137414176978294e-08 5.612440657558844e-06
3.137414176978294e-08 5.612440657558844e-06
3.137414176978294e-08 5.612440657558844e-06
3.137414176978294e-08 5.612440657558844e-06
3.137414176978294e-08 5.612440657558844e-06
3.137414176978294e-08 5.612440657558844e-06
3.137414176978294e-08 5.612440657558844e-06
3.137414176978294e-08 5.612440657558844e-06
0.011235955056179775 0.006493520951955874
0.011235955056179775 0.006493520951955874
4.761153950595717e-06 3.5710034519700036e-06
4.761153950595717e-06 3.5710034519700036e-06
4.761153950595717e-06 3.5710034519700036e-06
4.761153950595717e-06 3.5710034519700036e-06
2.085752646060529e-10 5.61242816091954e-06
2.085752646060529e-10 5.61242816091954e-06
2.085752646060529e-10 5.61242816091954e-06
2.085752646060529e-10 5.61242816091954e-06
2.085752646060529e-10 5.61242816091954e-06
2.085752646060529e-10 5.61242816091954e-06
2.085752646060529e-10 5.61242816091954e-06
2.085752646060529e-10 5.61242816091954e-06
2.085752646060529e-10 5.61242816091954e-06
2.085752646060529e-10 5.61242816091954e-06
2.085752646060529e-10 5.61242816091954e-06
2.085752646060529e-10 5.61242816091954e-06
2.085752646060529e-10 5.61242816091954e-06
2.085752646060529e-10 5.61242816091954e-06
2.085752646060529e-10 5.61242816091954e-06
2.085752646060529e-10 5.61242816091954e-06
2.085752646060529e-10 5.61242816091954e-06
2.085752646060529e-10 5.61242816091954e-06
2.085752646060529e-10 5.61242816091954e-06
2.085752646060529e-10 5.61242816091954e-06
2.085752646060529e-10 5.61242816091954e-06
2.085752646060529e-10 5.61242816091954e-06
2.085752646060529e-10 5.61242816091954e-06
2.085752646060529e-10 5.61242816091954e-06
2.085752646060529e-10 5.61242816091954e-06
2.085752646060529e-10 5.61242816091954e-06
2.085752646060529e-10 5.61242816091954e-06
2.085752646060529e-10 5.61242816091954e-06
0.011235955056179775 0.006493506493506494
0.011235955056179775 0.006493506493506494
4.7610474937748395e-06 3.5709172145952308e-06
4.7610474937748395e-06 3.5709172145952308e-06
6.714801659692692e-10 5.612834770219035e-06
6.714801659692692e-10 5.612834770219035e-06
6.714801659692692e-10 5.612834770219035e-06
6.714801659692692e-10 5.612834770219035e-06
6.714801659692692e-10 5.612834770219035e-06
6.714801659692692e-10 5.612834770219035e-06
6.714801659692692e-10 5.612834770219035e-06
6.714801659692692e-10 5.612834770219035e-06
6.714801659692692e-10 5.612834770219035e-06
6.714801659692692e-10 5.612834770219035e-06
6.714801659692692e-10 5.612834770219035e-06
6.714801659692692e-10 5.612834770219035e-06
6.714801659692692e-10 5.612834770219035e-06
6.714801659692692e-10 5.612834770219035e-06
0.011235955056179775 0.006493976935185368
4.761201917812132e-06 3.5709201360545567e-06
4.761201917812132e-06 3.5709201360545567e-06
0.011235955056179775 0.006493506493506494
1.3362151767546398e-09 3.571145955799046e-06
1.3362151767546398e-09 3.571145955799046e-06
2.069726622893899e-05 5.611756255237639e-06
2.069726622893899e-05 5.611756255237639e-06
2.069726622893899e-05 5.611756255237639e-06
2.069726622893899e-05 5.611756255237639e-06
2.069726622893899e-05 5.611756255237639e-06
2.069726622893899e-05 5.611756255237639e-06
2.069726622893899e-05 5.611756255237639e-06
2.069726622893899e-05 5.611756255237639e-06
2.069726622893899e-05 5.611756255237639e-06
2.069726622893899e-05 5.611756255237639e-06
2.069726622893899e-05 5.611756255237639e-06
2.069726622893899e-05 5.611756255237639e-06
2.069726622893899e-05 5.611756255237639e-06
2.069726622893899e-05 5.611756255237639e-06
0.011235955056179775 0.006493506493506494
4.761201917812132e-06 3.5737781244268566e-06
4.761201917812132e-06 3.5737781244268566e-06
0.011235955056179775 0.006493506493506494
4.753393772712721e-06 3.5710060560195497e-06
4.753393772712721e-06 3.5710060560195497e-06
4.753393772712721e-06 3.5710060560195497e-06
4.753393772712721e-06 3.5710060560195497e-06
3.3952062510340115e-08 5.612415882823592e-06
3.3952062510340115e-08 5.612415882823592e-06
3.3952062510340115e-08 5.612415882823592e-06
3.3952062510340115e-08 5.612415882823592e-06
3.3952062510340115e-08 5.612415882823592e-06
3.3952062510340115e-08 5.612415882823592e-06
3.3952062510340115e-08 5.612415882823592e-06
3.3952062510340115e-08 5.612415882823592e-06
3.3952062510340115e-08 5.612415882823592e-06
3.3952062510340115e-08 5.612415882823592e-06
3.3952062510340115e-08 5.612415882823592e-06
3.3952062510340115e-08 5.612415882823592e-06
3.3952062510340115e-08 5.612415882823592e-06
3.3952062510340115e-08 5.612415882823592e-06
3.3952062510340115e-08 5.612415882823592e-06
3.3952062510340115e-08 5.612415882823592e-06
3.3952062510340115e-08 5.612415882823592e-06
3.3952062510340115e-08 5.612415882823592e-06
3.3952062510340115e-08 5.612415882823592e-06
3.3952062510340115e-08 5.612415882823592e-06
3.3952062510340115e-08 5.612415882823592e-06
3.3952062510340115e-08 5.612415882823592e-06
3.3952062510340115e-08 5.612415882823592e-06
3.3952062510340115e-08 5.612415882823592e-06
3.3952062510340115e-08 5.612415882823592e-06
3.3952062510340115e-08 5.612415882823592e-06
3.3952062510340115e-08 5.612415882823592e-06
3.3952062510340115e-08 5.612415882823592e-06
0.011235955056179775 0.006493492287908937
0.011235955056179775 0.006493492287908937
4.761201917812132e-06 3.5710034519700036e-06
4.761201917812132e-06 3.5710034519700036e-06
0.011235955056179775 0.006493506493506494
4.259460525302888e-06 3.5710052161681547e-06
4.259460525302888e-06 3.5710052161681547e-06
4.259460525302888e-06 3.5710052161681547e-06
4.259460525302888e-06 3.5710052161681547e-06
4.259460525302888e-06 3.5710052161681547e-06
4.259460525302888e-06 3.5710052161681547e-06
2.181716003687407e-06 5.612419842723673e-06
2.181716003687407e-06 5.612419842723673e-06
2.181716003687407e-06 5.612419842723673e-06
2.181716003687407e-06 5.612419842723673e-06
2.181716003687407e-06 5.612419842723673e-06
2.181716003687407e-06 5.612419842723673e-06
2.181716003687407e-06 5.612419842723673e-06
2.181716003687407e-06 5.612419842723673e-06
2.181716003687407e-06 5.612419842723673e-06
2.181716003687407e-06 5.612419842723673e-06
2.181716003687407e-06 5.612419842723673e-06
2.181716003687407e-06 5.612419842723673e-06
2.181716003687407e-06 5.612419842723673e-06
2.181716003687407e-06 5.612419842723673e-06
2.181716003687407e-06 5.612419842723673e-06
2.181716003687407e-06 5.612419842723673e-06
2.181716003687407e-06 5.612419842723673e-06
2.181716003687407e-06 5.612419842723673e-06
2.181716003687407e-06 5.612419842723673e-06
2.181716003687407e-06 5.612419842723673e-06
2.181716003687407e-06 5.612419842723673e-06
2.181716003687407e-06 5.612419842723673e-06
2.181716003687407e-06 5.612419842723673e-06
2.181716003687407e-06 5.612419842723673e-06
2.181716003687407e-06 5.612419842723673e-06
2.181716003687407e-06 5.612419842723673e-06
2.181716003687407e-06 5.612419842723673e-06
2.181716003687407e-06 5.612419842723673e-06
2.181716003687407e-06 5.612419842723673e-06
2.181716003687407e-06 5.612419842723673e-06
2.181716003687407e-06 5.612419842723673e-06
2.181716003687407e-06 5.612419842723673e-06
2.181716003687407e-06 5.612419842723673e-06
2.181716003687407e-06 5.612419842723673e-06
2.181716003687407e-06 5.612419842723673e-06
2.181716003687407e-06 5.612419842723673e-06
2.181716003687407e-06 5.612419842723673e-06
2.181716003687407e-06 5.612419842723673e-06
2.181716003687407e-06 5.612419842723673e-06
2.181716003687407e-06 5.612419842723673e-06
2.181716003687407e-06 5.612419842723673e-06
2.181716003687407e-06 5.612419842723673e-06
0.011235955056179775 0.006493506493506494
0.011235955056179775 0.006493506493506494
0.011235955056179775 0.006493506493506494
4.034566451068039e-06 3.5710034519700036e-06
4.034566451068039e-06 3.5710034519700036e-06
3.1596201754736606e-06 5.61242816091954e-06
3.1596201754736606e-06 5.61242816091954e-06
3.1596201754736606e-06 5.61242816091954e-06
3.1596201754736606e-06 5.61242816091954e-06
3.1596201754736606e-06 5.61242816091954e-06
3.1596201754736606e-06 5.61242816091954e-06
3.1596201754736606e-06 5.61242816091954e-06
3.1596201754736606e-06 5.61242816091954e-06
3.1596201754736606e-06 5.61242816091954e-06
3.1596201754736606e-06 5.61242816091954e-06
3.1596201754736606e-06 5.61242816091954e-06
3.1596201754736606e-06 5.61242816091954e-06
3.1596201754736606e-06 5.61242816091954e-06
3.1596201754736606e-06 5.61242816091954e-06
0.011235955056179775 0.006493506493506494
3.975508105000534e-06 3.5710034519700036e-06
3.975508105000534e-06 3.5710034519700036e-06
3.975508105000534e-06 3.5710034519700036e-06
3.975508105000534e-06 3.5710034519700036e-06
3.416422864449356e-06 5.61242816091954e-06
3.416422864449356e-06 5.61242816091954e-06
3.416422864449356e-06 5.61242816091954e-06
3.416422864449356e-06 5.61242816091954e-06
3.416422864449356e-06 5.61242816091954e-06
3.416422864449356e-06 5.61242816091954e-06
3.416422864449356e-06 5.61242816091954e-06
3.416422864449356e-06 5.61242816091954e-06
3.416422864449356e-06 5.61242816091954e-06
3.416422864449356e-06 5.61242816091954e-06
3.416422864449356e-06 5.61242816091954e-06
3.416422864449356e-06 5.61242816091954e-06
3.416422864449356e-06 5.61242816091954e-06
3.416422864449356e-06 5.61242816091954e-06
3.416422864449356e-06 5.61242816091954e-06
3.416422864449356e-06 5.61242816091954e-06
3.416422864449356e-06 5.61242816091954e-06
3.416422864449356e-06 5.61242816091954e-06
3.416422864449356e-06 5.61242816091954e-06
3.416422864449356e-06 5.61242816091954e-06
3.416422864449356e-06 5.61242816091954e-06
3.416422864449356e-06 5.61242816091954e-06
3.416422864449356e-06 5.61242816091954e-06
3.416422864449356e-06 5.61242816091954e-06
3.416422864449356e-06 5.61242816091954e-06
3.416422864449356e-06 5.61242816091954e-06
3.416422864449356e-06 5.61242816091954e-06
3.416422864449356e-06 5.61242816091954e-06
0.011235955056179775 0.006493506493506494
0.011235955056179775 0.006493506493506494
4.750730353834104e-06 3.5709879542356305e-06
4.750730353834104e-06 3.5709879542356305e-06
4.750730353834104e-06 3.5709879542356305e-06
4.750730353834104e-06 3.5709879542356305e-06
4.553337447454167e-08 5.612501232751026e-06
4.553337447454167e-08 5.612501232751026e-06
4.553337447454167e-08 5.612501232751026e-06
4.553337447454167e-08 5.612501232751026e-06
4.553337447454167e-08 5.612501232751026e-06
4.553337447454167e-08 5.612501232751026e-06
4.553337447454167e-08 5.612501232751026e-06
4.553337447454167e-08 5.612501232751026e-06
4.553337447454167e-08 5.612501232751026e-06
4.553337447454167e-08 5.612501232751026e-06
4.553337447454167e-08 5.612501232751026e-06
4.553337447454167e-08 5.612501232751026e-06
4.553337447454167e-08 5.612501232751026e-06
4.553337447454167e-08 5.612501232751026e-06
4.553337447454167e-08 5.612501232751026e-06
4.553337447454167e-08 5.612501232751026e-06
4.553337447454167e-08 5.612501232751026e-06
4.553337447454167e-08 5.612501232751026e-06
4.553337447454167e-08 5.612501232751026e-06
4.553337447454167e-08 5.612501232751026e-06
4.553337447454167e-08 5.612501232751026e-06
4.553337447454167e-08 5.612501232751026e-06
4.553337447454167e-08 5.612501232751026e-06
4.553337447454167e-08 5.612501232751026e-06
4.553337447454167e-08 5.612501232751026e-06
4.553337447454167e-08 5.612501232751026e-06
4.553337447454167e-08 5.612501232751026e-06
4.553337447454167e-08 5.612501232751026e-06
0.011235955056179775 0.006493506493506494
0.011235955056179775 0.006493506493506494