2.325275024333576e-06 3.5710039081891035e-06
2.325275024333576e-06 3.5710039081891035e-06
1.0592111327982168e-05 5.612426009846075e-06
1.0592111327982168e-05 5.612426009846075e-06
1.0592111327982168e-05 5.612426009846075e-06
1.0592111327982168e-05 5.612426009846075e-06
1.0592111327982168e-05 5.612426009846075e-06
1.0592111327982168e-05 5.612426009846075e-06
1.0592111327982168e-05 5.612426009846075e-06
1.0592111327982168e-05 5.612426009846075e-06
1.0592111327982168e-05 5.612426009846075e-06
1.0592111327982168e-05 5.612426009846075e-06
1.0592111327982168e-05 5.612426009846075e-06
1.0592111327982168e-05 5.612426009846075e-06
1.0592111327982168e-05 5.612426009846075e-06
1.0592111327982168e-05 5.612426009846075e-06
0.011235955056179775 0.006493504004742429