3.465770721587929e-07 3.778540579176206e-07
3.465770721587929e-07 3.778540579176206e-07
1.1349207469838944e-05 1.6543294387604264e-05
1.1349207469838944e-05 1.6543294387604264e-05
1.1349207469838944e-05 1.6543294387604264e-05
1.1349207469838944e-05 1.6543294387604264e-05
0.007831077666520511 0.011516937804553706
0.007831077666520511 0.011516937804553706
0.007831077666520511 0.011516937804553706
0.007831077666520511 0.011516937804553706
0.007831077666520511 0.011516937804553706
0.007831077666520511 0.011516937804553706
0.007831077666520511 0.011516937804553706
0.007831077666520511 0.011516937804553706
0.007831077666520511 0.011516937804553706
0.007831077666520511 0.011516937804553706
5.368399354675642e-06 6.679821109895433e-06
5.368399354675642e-06 6.679821109895433e-06
9.497750628117861e-05 0.00019904547299830772
9.497750628117861e-05 0.00019904547299830772
9.497750628117861e-05 0.00019904547299830772
9.497750628117861e-05 0.00019904547299830772
9.497750628117861e-05 0.00019904547299830772
9.497750628117861e-05 0.00019904547299830772
9.497750628117861e-05 0.00019904547299830772
9.497750628117861e-05 0.00019904547299830772
9.497750628117861e-05 0.00019904547299830772
9.497750628117861e-05 0.00019904547299830772
9.497750628117861e-05 0.00019904547299830772
9.497750628117861e-05 0.00019904547299830772
9.497750628117861e-05 0.00019904547299830772
9.497750628117861e-05 0.00019904547299830772
9.497750628117861e-05 0.00019904547299830772
9.497750628117861e-05 0.00019904547299830772
0.0004921206366081248 0.000627000121031632
0.0004921206366081248 0.000627000121031632
0.0004921206366081248 0.000627000121031632
0.0004921206366081248 0.000627000121031632
2.663451363681919e-07 3.7785276284420616e-07
2.663451363681919e-07 3.7785276284420616e-07
2.663451363681919e-07 3.7785276284420616e-07
2.663451363681919e-07 3.7785276284420616e-07
2.663451363681919e-07 3.7785276284420616e-07
8.09004123455324e-06 1.6543295906974665e-05
8.09004123455324e-06 1.6543295906974665e-05
8.09004123455324e-06 1.6543295906974665e-05
8.09004123455324e-06 1.6543295906974665e-05
8.09004123455324e-06 1.6543295906974665e-05
8.09004123455324e-06 1.6543295906974665e-05
8.09004123455324e-06 1.6543295906974665e-05
8.09004123455324e-06 1.6543295906974665e-05
8.09004123455324e-06 1.6543295906974665e-05
8.09004123455324e-06 1.6543295906974665e-05
0.005442630629773395 0.011516942092521642
0.005442630629773395 0.011516942092521642
0.005442630629773395 0.011516942092521642
0.005442630629773395 0.011516942092521642
0.005442630629773395 0.011516942092521642
0.005442630629773395 0.011516942092521642
0.005442630629773395 0.011516942092521642
0.005442630629773395 0.011516942092521642
0.005442630629773395 0.011516942092521642
0.005442630629773395 0.011516942092521642
0.005442630629773395 0.011516942092521642
0.005442630629773395 0.011516942092521642
0.005442630629773395 0.011516942092521642
0.005442630629773395 0.011516942092521642
0.005442630629773395 0.011516942092521642
0.005442630629773395 0.011516942092521642
0.005442630629773395 0.011516942092521642
0.005442630629773395 0.011516942092521642
0.005442630629773395 0.011516942092521642
0.005442630629773395 0.011516942092521642
0.005442630629773395 0.011516942092521642
0.005442630629773395 0.011516942092521642
0.005442630629773395 0.011516942092521642
0.005442630629773395 0.011516942092521642
0.005442630629773395 0.011516942092521642
3.730575290186749e-06 6.679816925721356e-06
3.730575290186749e-06 6.679816925721356e-06
3.730575290186749e-06 6.679816925721356e-06
3.730575290186749e-06 6.679816925721356e-06
3.730575290186749e-06 6.679816925721356e-06
8.147458419964055e-05 0.00019904546561460806
8.147458419964055e-05 0.00019904546561460806
8.147458419964055e-05 0.00019904546561460806
8.147458419964055e-05 0.00019904546561460806
8.147458419964055e-05 0.00019904546561460806
8.147458419964055e-05 0.00019904546561460806
8.147458419964055e-05 0.00019904546561460806
8.147458419964055e-05 0.00019904546561460806
8.147458419964055e-05 0.00019904546561460806
8.147458419964055e-05 0.00019904546561460806
8.147458419964055e-05 0.00019904546561460806
8.147458419964055e-05 0.00019904546561460806
8.147458419964055e-05 0.00019904546561460806
8.147458419964055e-05 0.00019904546561460806
8.147458419964055e-05 0.00019904546561460806
8.147458419964055e-05 0.00019904546561460806
8.147458419964055e-05 0.00019904546561460806
8.147458419964055e-05 0.00019904546561460806
8.147458419964055e-05 0.00019904546561460806
8.147458419964055e-05 0.00019904546561460806
8.147458419964055e-05 0.00019904546561460806
8.147458419964055e-05 0.00019904546561460806
8.147458419964055e-05 0.00019904546561460806
8.147458419964055e-05 0.00019904546561460806
8.147458419964055e-05 0.00019904546561460806
8.147458419964055e-05 0.00019904546561460806
8.147458419964055e-05 0.00019904546561460806
8.147458419964055e-05 0.00019904546561460806
8.147458419964055e-05 0.00019904546561460806
8.147458419964055e-05 0.00019904546561460806
8.147458419964055e-05 0.00019904546561460806
8.147458419964055e-05 0.00019904546561460806
8.147458419964055e-05 0.00019904546561460806
8.147458419964055e-05 0.00019904546561460806
8.147458419964055e-05 0.00019904546561460806
8.147458419964055e-05 0.00019904546561460806
8.147458419964055e-05 0.00019904546561460806
8.147458419964055e-05 0.00019904546561460806
8.147458419964055e-05 0.00019904546561460806
8.147458419964055e-05 0.00019904546561460806
0.00040432504412145744 0.0006270002409861061
0.00040432504412145744 0.0006270002409861061
0.00040432504412145744 0.0006270002409861061
0.00040432504412145744 0.0006270002409861061
0.00040432504412145744 0.0006270002409861061
0.00040432504412145744 0.0006270002409861061
0.00040432504412145744 0.0006270002409861061
0.00040432504412145744 0.0006270002409861061
0.00040432504412145744 0.0006270002409861061
0.00040432504412145744 0.0006270002409861061
3.120532669326563e-07 3.779077668856445e-07
1.634878039711845e-05 1.6543258062569765e-05
1.634878039711845e-05 1.6543258062569765e-05
0.010369507411908944 0.011517196714047108
0.010369507411908944 0.011517196714047108
0.010369507411908944 0.011517196714047108
0.010369507411908944 0.011517196714047108
0.010369507411908944 0.011517196714047108
7.249402768585181e-06 6.6799333326322665e-06
0.00010194848406154646 0.0001990416043167646
0.00010194848406154646 0.0001990416043167646
0.00010194848406154646 0.0001990416043167646
0.00010194848406154646 0.0001990416043167646
0.00010194848406154646 0.0001990416043167646
0.00010194848406154646 0.0001990416043167646
0.00010194848406154646 0.0001990416043167646
0.00010194848406154646 0.0001990416043167646
0.0005015866671511451 0.0006269842747197972
0.0005015866671511451 0.0006269842747197972
6.316674851678425e-07 3.7785165353094537e-07
6.316674851678425e-07 3.7785165353094537e-07
1.5112317304254325e-05 1.654330104313707e-05
1.5112317304254325e-05 1.654330104313707e-05
1.5112317304254325e-05 1.654330104313707e-05
1.5112317304254325e-05 1.654330104313707e-05
0.010823929022056974 0.011516935687805064
0.010823929022056974 0.011516935687805064
0.010823929022056974 0.011516935687805064
0.010823929022056974 0.011516935687805064
0.010823929022056974 0.011516935687805064
0.010823929022056974 0.011516935687805064
0.010823929022056974 0.011516935687805064
0.010823929022056974 0.011516935687805064
0.010823929022056974 0.011516935687805064
0.010823929022056974 0.011516935687805064
7.341039102639161e-06 6.679821106123543e-06
7.341039102639161e-06 6.679821106123543e-06
0.00010049997190669992 0.00019904557489677078
0.00010049997190669992 0.00019904557489677078
0.00010049997190669992 0.00019904557489677078
0.00010049997190669992 0.00019904557489677078
0.00010049997190669992 0.00019904557489677078
0.00010049997190669992 0.00019904557489677078
0.00010049997190669992 0.00019904557489677078
0.00010049997190669992 0.00019904557489677078
0.00010049997190669992 0.00019904557489677078
0.00010049997190669992 0.00019904557489677078
0.00010049997190669992 0.00019904557489677078
0.00010049997190669992 0.00019904557489677078
0.00010049997190669992 0.00019904557489677078
0.00010049997190669992 0.00019904557489677078
0.00010049997190669992 0.00019904557489677078
0.00010049997190669992 0.00019904557489677078
0.0005629702851937696 0.0006269996697032752
0.0005629702851937696 0.0006269996697032752
0.0005629702851937696 0.0006269996697032752
0.0005629702851937696 0.0006269996697032752
4.4599917823298735e-07 3.77870537441068e-07
4.4599917823298735e-07 3.77870537441068e-07
1.1162426723554435e-05 1.6543415281633955e-05
1.1162426723554435e-05 1.6543415281633955e-05
1.1162426723554435e-05 1.6543415281633955e-05
1.1162426723554435e-05 1.6543415281633955e-05
0.008042589080002587 0.011516983704664124
0.008042589080002587 0.011516983704664124
0.008042589080002587 0.011516983704664124
0.008042589080002587 0.011516983704664124
0.008042589080002587 0.011516983704664124
0.008042589080002587 0.011516983704664124
0.008042589080002587 0.011516983704664124
0.008042589080002587 0.011516983704664124
0.008042589080002587 0.011516983704664124
0.008042589080002587 0.011516983704664124
5.448649555272486e-06 6.679775990900921e-06
5.448649555272486e-06 6.679775990900921e-06
0.00010110711047534481 0.00019904511733818115
0.00010110711047534481 0.00019904511733818115
0.00010110711047534481 0.00019904511733818115
0.00010110711047534481 0.00019904511733818115
0.00010110711047534481 0.00019904511733818115
0.00010110711047534481 0.00019904511733818115
0.00010110711047534481 0.00019904511733818115
0.00010110711047534481 0.00019904511733818115
0.00010110711047534481 0.00019904511733818115
0.00010110711047534481 0.00019904511733818115
0.00010110711047534481 0.00019904511733818115
0.00010110711047534481 0.00019904511733818115
0.00010110711047534481 0.00019904511733818115
0.00010110711047534481 0.00019904511733818115
0.00010110711047534481 0.00019904511733818115
0.00010110711047534481 0.00019904511733818115
0.0004745891187491236 0.0006270019678328672
0.0004745891187491236 0.0006270019678328672
0.0004745891187491236 0.0006270019678328672
0.0004745891187491236 0.0006270019678328672
1.4979131617403245e-07 3.777197015051949e-07
6.773220434132018e-06 1.6542492740625268e-05
6.773220434132018e-06 1.6542492740625268e-05
0.004345222824090541 0.011517353182208648
0.004345222824090541 0.011517353182208648
0.004345222824090541 0.011517353182208648
0.004345222824090541 0.011517353182208648
0.004345222824090541 0.011517353182208648
2.9875973713932536e-06 6.679628766313034e-06
5.000536464853405e-05 0.0001990451025645323
5.000536464853405e-05 0.0001990451025645323
5.000536464853405e-05 0.0001990451025645323
5.000536464853405e-05 0.0001990451025645323
5.000536464853405e-05 0.0001990451025645323
5.000536464853405e-05 0.0001990451025645323
5.000536464853405e-05 0.0001990451025645323
5.000536464853405e-05 0.0001990451025645323
0.0003419829104183022 0.0006269979225288047
0.0003419829104183022 0.0006269979225288047
5.614427478118288e-07 3.779209924671831e-07
3.86788482670823e-05 1.6543051355263084e-05
3.86788482670823e-05 1.6543051355263084e-05
0.025151437759186802 0.011517145275107058
0.025151437759186802 0.011517145275107058
0.025151437759186802 0.011517145275107058
0.025151437759186802 0.011517145275107058
0.025151437759186802 0.011517145275107058
1.757514546128932e-05 6.67989217131979e-06
0.00013300183371791217 0.0001990432579343512
0.00013300183371791217 0.0001990432579343512
0.00013300183371791217 0.0001990432579343512
0.00013300183371791217 0.0001990432579343512
0.00013300183371791217 0.0001990432579343512
0.00013300183371791217 0.0001990432579343512
0.00013300183371791217 0.0001990432579343512
0.00013300183371791217 0.0001990432579343512
0.0009687969250948028 0.0006270062171945896
0.0009687969250948028 0.0006270062171945896
2.121909700686368e-07 3.779201546200746e-07
1.091978051503788e-05 1.654366169976786e-05
1.091978051503788e-05 1.654366169976786e-05
0.006671190647972029 0.011516975781311948
0.006671190647972029 0.011516975781311948
0.006671190647972029 0.011516975781311948
0.006671190647972029 0.011516975781311948
0.006671190647972029 0.011516975781311948
4.694266433560936e-06 6.679969422528141e-06
6.009461913993918e-05 0.00019904755196679372
6.009461913993918e-05 0.00019904755196679372
6.009461913993918e-05 0.00019904755196679372
6.009461913993918e-05 0.00019904755196679372
6.009461913993918e-05 0.00019904755196679372
6.009461913993918e-05 0.00019904755196679372
6.009461913993918e-05 0.00019904755196679372
6.009461913993918e-05 0.00019904755196679372
0.0006182141088966414 0.0006270072605011511
0.0006182141088966414 0.0006270072605011511
1.5774363688491824e-06 3.7735545413202836e-07
3.208022516790645e-05 1.653638507086783e-05
3.208022516790645e-05 1.653638507086783e-05
0.022980668492777072 0.011518784246056974
0.022980668492777072 0.011518784246056974
0.022980668492777072 0.011518784246056974
0.022980668492777072 0.011518784246056974
0.022980668492777072 0.011518784246056974
1.52866201525062e-05 6.684074560577035e-06
9.955427339483944e-05 0.00019902683837110067
9.955427339483944e-05 0.00019902683837110067
9.955427339483944e-05 0.00019902683837110067
9.955427339483944e-05 0.00019902683837110067
9.955427339483944e-05 0.00019902683837110067
9.955427339483944e-05 0.00019902683837110067
9.955427339483944e-05 0.00019902683837110067
9.955427339483944e-05 0.00019902683837110067
0.0005658939548541603 0.0006268357332187119
0.0005658939548541603 0.0006268357332187119
2.398076563656686e-07 3.77858005344207e-07
2.398076563656686e-07 3.77858005344207e-07
8.816544272450707e-06 1.654331003146386e-05
8.816544272450707e-06 1.654331003146386e-05
8.816544272450707e-06 1.654331003146386e-05
8.816544272450707e-06 1.654331003146386e-05
0.006214498741946814 0.01151693251826918
0.006214498741946814 0.01151693251826918
0.006214498741946814 0.01151693251826918
0.006214498741946814 0.01151693251826918
0.006214498741946814 0.01151693251826918
0.006214498741946814 0.01151693251826918
0.006214498741946814 0.01151693251826918
0.006214498741946814 0.01151693251826918
0.006214498741946814 0.01151693251826918
0.006214498741946814 0.01151693251826918
4.260037489469936e-06 6.679819494341057e-06
4.260037489469936e-06 6.679819494341057e-06
0.00010778977788640412 0.0001990453656589606
0.00010778977788640412 0.0001990453656589606
0.00010778977788640412 0.0001990453656589606
0.00010778977788640412 0.0001990453656589606
0.00010778977788640412 0.0001990453656589606
0.00010778977788640412 0.0001990453656589606
0.00010778977788640412 0.0001990453656589606
0.00010778977788640412 0.0001990453656589606
0.00010778977788640412 0.0001990453656589606
0.00010778977788640412 0.0001990453656589606
0.00010778977788640412 0.0001990453656589606
0.00010778977788640412 0.0001990453656589606
0.00010778977788640412 0.0001990453656589606
0.00010778977788640412 0.0001990453656589606
0.00010778977788640412 0.0001990453656589606
0.00010778977788640412 0.0001990453656589606
0.00042807141075146217 0.0006270004856868282
0.00042807141075146217 0.0006270004856868282
0.00042807141075146217 0.0006270004856868282
0.00042807141075146217 0.0006270004856868282
2.1455695693997047e-07 3.7786816534688164e-07
1.0192763505185585e-05 1.6543210766411665e-05
1.0192763505185585e-05 1.6543210766411665e-05
0.007451596684834377 0.011516864777734342
0.007451596684834377 0.011516864777734342
0.007451596684834377 0.011516864777734342
0.007451596684834377 0.011516864777734342
0.007451596684834377 0.011516864777734342
5.132223871852403e-06 6.679836469823046e-06
8.477747759204163e-05 0.0001990460680173201
8.477747759204163e-05 0.0001990460680173201
8.477747759204163e-05 0.0001990460680173201
8.477747759204163e-05 0.0001990460680173201
8.477747759204163e-05 0.0001990460680173201
8.477747759204163e-05 0.0001990460680173201
8.477747759204163e-05 0.0001990460680173201
8.477747759204163e-05 0.0001990460680173201
0.0005357618115733133 0.0006269987897082151
0.0005357618115733133 0.0006269987897082151
3.4659055070900964e-07 3.778524316298692e-07
3.4659055070900964e-07 3.778524316298692e-07
3.4659055070900964e-07 3.778524316298692e-07
1.1349246269678615e-05 1.6543294486224696e-05
1.1349246269678615e-05 1.6543294486224696e-05
1.1349246269678615e-05 1.6543294486224696e-05
1.1349246269678615e-05 1.6543294486224696e-05
1.1349246269678615e-05 1.6543294486224696e-05
1.1349246269678615e-05 1.6543294486224696e-05
0.007831088105333582 0.01151694017591868
0.007831088105333582 0.01151694017591868
0.007831088105333582 0.01151694017591868
0.007831088105333582 0.01151694017591868
0.007831088105333582 0.01151694017591868
0.007831088105333582 0.01151694017591868
0.007831088105333582 0.01151694017591868
0.007831088105333582 0.01151694017591868
0.007831088105333582 0.01151694017591868
0.007831088105333582 0.01151694017591868
0.007831088105333582 0.01151694017591868
0.007831088105333582 0.01151694017591868
0.007831088105333582 0.01151694017591868
0.007831088105333582 0.01151694017591868
0.007831088105333582 0.01151694017591868
5.368400764545037e-06 6.679819806233853e-06
5.368400764545037e-06 6.679819806233853e-06
5.368400764545037e-06 6.679819806233853e-06
9.49758832209068e-05 0.00019904553763218052
9.49758832209068e-05 0.00019904553763218052
9.49758832209068e-05 0.00019904553763218052
9.49758832209068e-05 0.00019904553763218052
9.49758832209068e-05 0.00019904553763218052
9.49758832209068e-05 0.00019904553763218052
9.49758832209068e-05 0.00019904553763218052
9.49758832209068e-05 0.00019904553763218052
9.49758832209068e-05 0.00019904553763218052
9.49758832209068e-05 0.00019904553763218052
9.49758832209068e-05 0.00019904553763218052
9.49758832209068e-05 0.00019904553763218052
9.49758832209068e-05 0.00019904553763218052
9.49758832209068e-05 0.00019904553763218052
9.49758832209068e-05 0.00019904553763218052
9.49758832209068e-05 0.00019904553763218052
9.49758832209068e-05 0.00019904553763218052
9.49758832209068e-05 0.00019904553763218052
9.49758832209068e-05 0.00019904553763218052
9.49758832209068e-05 0.00019904553763218052
9.49758832209068e-05 0.00019904553763218052
9.49758832209068e-05 0.00019904553763218052
9.49758832209068e-05 0.00019904553763218052
9.49758832209068e-05 0.00019904553763218052
0.0004920886373715208 0.0006270001724203027
0.0004920886373715208 0.0006270001724203027
0.0004920886373715208 0.0006270001724203027
0.0004920886373715208 0.0006270001724203027
0.0004920886373715208 0.0006270001724203027
0.0004920886373715208 0.0006270001724203027
4.3352602638324607e-07 3.77854482444079e-07
1.2574338609807465e-05 1.6543289030387505e-05
1.2574338609807465e-05 1.6543289030387505e-05
0.00890716167448658 0.011516936973326425
0.00890716167448658 0.011516936973326425
0.00890716167448658 0.011516936973326425
0.00890716167448658 0.011516936973326425
0.00890716167448658 0.011516936973326425
6.081957785146713e-06 6.6798222207752474e-06
7.917059117100229e-05 0.00019904543873072305
7.917059117100229e-05 0.00019904543873072305
7.917059117100229e-05 0.00019904543873072305
7.917059117100229e-05 0.00019904543873072305
7.917059117100229e-05 0.00019904543873072305
7.917059117100229e-05 0.00019904543873072305
7.917059117100229e-05 0.00019904543873072305
7.917059117100229e-05 0.00019904543873072305
0.0005222230903973775 0.0006270002561163927
0.0005222230903973775 0.0006270002561163927
4.079015297464259e-07 3.7785203599496146e-07
4.079015297464259e-07 3.7785203599496146e-07
1.2803876821340594e-05 1.654328637461821e-05
1.2803876821340594e-05 1.654328637461821e-05
1.2803876821340594e-05 1.654328637461821e-05
1.2803876821340594e-05 1.654328637461821e-05
0.00875958162957643 0.011516940512256619
0.00875958162957643 0.011516940512256619
0.00875958162957643 0.011516940512256619
0.00875958162957643 0.011516940512256619
0.00875958162957643 0.011516940512256619
0.00875958162957643 0.011516940512256619
0.00875958162957643 0.011516940512256619
0.00875958162957643 0.011516940512256619
0.00875958162957643 0.011516940512256619
0.00875958162957643 0.011516940512256619
6.005001978092209e-06 6.679821937403159e-06
6.005001978092209e-06 6.679821937403159e-06
8.761860485028322e-05 0.00019904552797890164
8.761860485028322e-05 0.00019904552797890164
8.761860485028322e-05 0.00019904552797890164
8.761860485028322e-05 0.00019904552797890164
8.761860485028322e-05 0.00019904552797890164
8.761860485028322e-05 0.00019904552797890164
8.761860485028322e-05 0.00019904552797890164
8.761860485028322e-05 0.00019904552797890164
8.761860485028322e-05 0.00019904552797890164
8.761860485028322e-05 0.00019904552797890164
8.761860485028322e-05 0.00019904552797890164
8.761860485028322e-05 0.00019904552797890164
8.761860485028322e-05 0.00019904552797890164
8.761860485028322e-05 0.00019904552797890164
8.761860485028322e-05 0.00019904552797890164
8.761860485028322e-05 0.00019904552797890164
0.0005289081754870309 0.0006269999342505514
0.0005289081754870309 0.0006269999342505514
0.0005289081754870309 0.0006269999342505514
0.0005289081754870309 0.0006269999342505514
6.552498736896207e-07 3.778657594834352e-07
6.552498736896207e-07 3.778657594834352e-07
1.60028990169746e-05 1.6543316504691786e-05
1.60028990169746e-05 1.6543316504691786e-05
1.60028990169746e-05 1.6543316504691786e-05
1.60028990169746e-05 1.6543316504691786e-05
0.011327688933534027 0.011516976520166334
0.011327688933534027 0.011516976520166334
0.011327688933534027 0.011516976520166334
0.011327688933534027 0.011516976520166334
0.011327688933534027 0.011516976520166334
0.011327688933534027 0.011516976520166334
0.011327688933534027 0.011516976520166334
0.011327688933534027 0.011516976520166334
0.011327688933534027 0.011516976520166334
0.011327688933534027 0.011516976520166334
7.694890087756e-06 6.6798182383684105e-06
7.694890087756e-06 6.6798182383684105e-06
8.983507172764521e-05 0.00019904565436724284
8.983507172764521e-05 0.00019904565436724284
8.983507172764521e-05 0.00019904565436724284
8.983507172764521e-05 0.00019904565436724284
8.983507172764521e-05 0.00019904565436724284
8.983507172764521e-05 0.00019904565436724284
8.983507172764521e-05 0.00019904565436724284
8.983507172764521e-05 0.00019904565436724284
8.983507172764521e-05 0.00019904565436724284
8.983507172764521e-05 0.00019904565436724284
8.983507172764521e-05 0.00019904565436724284
8.983507172764521e-05 0.00019904565436724284
8.983507172764521e-05 0.00019904565436724284
8.983507172764521e-05 0.00019904565436724284
8.983507172764521e-05 0.00019904565436724284
8.983507172764521e-05 0.00019904565436724284
0.0005758889816382949 0.0006270001226965754
0.0005758889816382949 0.0006270001226965754
0.0005758889816382949 0.0006270001226965754
0.0005758889816382949 0.0006270001226965754