0.0020761378618631247 0.0021314772724208867
0.00015415497191912492 2.5883475827260154e-05
0.02206249511314584 0.022080829241856816
0.007856645986847958 0.008292822997468273
0.04511651608415365 0.04795089149700857
0.0049237246321715425 0.0048470852779642646
0.012737568517065569 0.013221872615552195
0.012737568517065569 0.013221872615552195
0.012737568517065569 0.013221872615552195
0.012737568517065569 0.013221872615552195
0.0049237246321715425 0.005361991194225828
0.0049237246321715425 0.005361991194225828
0.009048364353061396 0.009184589625579345
0.009048364353061396 0.009184589625579345
0.0476332796790449 0.04985292254100239
0.04827605266208853 0.050593028177938114
0.04827605266208853 0.050593028177938114
0.04827605266208853 0.050593028177938114
0.04827605266208853 0.050593028177938114
0.06310600361829423 0.06394809284618475
0.06310600361829423 0.06394809284618475
0.0476332796790449 0.04985292254100239
0.0476332796790449 0.04985292254100239
0.03725987009730569 0.03965813590442527
0.02964621872076313 0.03645330324379269
0.030406613228073864 0.041653590118983105
0.030406613228073864 0.041653590118983105
0.00468315659772495 0.00010299466422930602
0.02351001501780837 0.0364036932484571
0.026131728018592964 0.04160424974318739
0.00072864680649136 0.0008715451626210255
0.00072864680649136 0.0008715451626210255
0.00072864680649136 0.0008715451626210255
0.00012018290989584597 3.1815105704340605e-05
0.00011937405127624409 3.174770081937378e-05