2.866092079353056e-07 3.8413021061005156e-07
6.579434666125196e-07 3.842677639421687e-07
2.2972784217115107e-07 3.8412609516366774e-07
1.599842339284042e-07 3.8412636062853256e-07
1.2124882261762174e-07 3.841257629644958e-07
3.172060580019694e-07 3.841277720451141e-07
3.363393072370984e-07 3.841254750754639e-07
3.363393072370984e-07 3.841254750754639e-07
3.363393072370984e-07 3.841254750754639e-07
3.363393072370984e-07 3.841254750754639e-07
3.172060580019694e-07 3.841272756356765e-07
3.172060580019694e-07 3.841272756356765e-07
1.688751718646058e-07 3.8412475156088833e-07
1.688751718646058e-07 3.8412475156088833e-07
1.2510497139116197e-07 3.841257476058512e-07
1.2555946575584195e-07 3.8412547940714894e-07
1.2555946575584195e-07 3.8412547940714894e-07
1.2555946575584195e-07 3.8412547940714894e-07
1.2555946575584195e-07 3.8412547940714894e-07
1.0187959719328799e-07 3.841257159490247e-07
1.0187959719328799e-07 3.841257159490247e-07
1.2510497139116197e-07 3.841257476058512e-07
1.2510497139116197e-07 3.841257476058512e-07
1.1308104283124587e-07 3.8412563653325836e-07
8.026195213411608e-08 3.8412576855227267e-07
7.209755911062491e-08 3.8412556475196116e-07
7.209755911062491e-08 3.8412556475196116e-07
5.5064881035071534e-08 3.8402215865345883e-07
6.611519314150158e-08 3.841255159063517e-07
6.15581603622843e-08 3.841259588493342e-07
2.907318464387474e-08 3.8412928072715234e-07
2.907318464387474e-08 3.8412928072715234e-07
2.907318464387474e-08 3.8412928072715234e-07
2.5794929838744175e-08 3.840816778579352e-07
2.5104054906304255e-08 3.840834018749287e-07