4.328030605144484e-06 1.1090693761502457e-05
5.95581660619042e-07 1.1104037428008823e-05
4.376664755995139e-06 1.1090625649460715e-05
3.50602002519925e-06 1.1090499220951997e-05
4.156609530084952e-06 1.1090603265852546e-05
5.536893497033326e-06 1.1090757672497647e-05
5.8213672219611235e-06 1.109052693840114e-05
5.8213672219611235e-06 1.109052693840114e-05
5.8213672219611235e-06 1.109052693840114e-05
5.8213672219611235e-06 1.109052693840114e-05
5.536893497033326e-06 1.1090683567529377e-05
5.536893497033326e-06 1.1090683567529377e-05
3.814973339936732e-06 1.1090672815223022e-05
3.814973339936732e-06 1.1090672815223022e-05
4.141888684867671e-06 1.109060535874979e-05
4.124860266094917e-06 1.1090584874573273e-05
4.124860266094917e-06 1.1090584874573273e-05
4.124860266094917e-06 1.1090584874573273e-05
4.124860266094917e-06 1.1090584874573273e-05
3.866162744452609e-06 1.109060091490337e-05
3.866162744452609e-06 1.109060091490337e-05
4.141888684867671e-06 1.109060535874979e-05
4.141888684867671e-06 1.109060535874979e-05
4.2937933530370156e-06 1.109060617232064e-05
2.369141386976916e-06 1.1090616215917893e-05
1.6953014509776542e-06 1.1090602731239382e-05
1.6953014509776542e-06 1.1090602731239382e-05
1.240636477846558e-06 1.1084658654137954e-05
1.7590487096906457e-06 1.1090597925843183e-05
1.6073156927009452e-06 1.1090610785276379e-05
4.6840342897058496e-07 1.1090869453745137e-05
4.6840342897058496e-07 1.1090869453745137e-05
4.6840342897058496e-07 1.1090869453745137e-05
6.642908911876657e-07 1.1104037428008823e-05
6.520722148576611e-07 1.106474500965069e-05