2.3156002963808235e-07 3.777811928822861e-07
6.249706343452342e-06 1.6543014484314353e-05
6.249706343452342e-06 1.6543014484314353e-05
0.004292506189606422 0.011517133805414116
0.004292506189606422 0.011517133805414116
0.004292506189606422 0.011517133805414116
0.004292506189606422 0.011517133805414116
0.004292506189606422 0.011517133805414116
2.950352319417637e-06 6.679727201600646e-06
7.776183176178652e-05 0.00019904405857949304
7.776183176178652e-05 0.00019904405857949304
7.776183176178652e-05 0.00019904405857949304
7.776183176178652e-05 0.00019904405857949304
7.776183176178652e-05 0.00019904405857949304
7.776183176178652e-05 0.00019904405857949304
7.776183176178652e-05 0.00019904405857949304
7.776183176178652e-05 0.00019904405857949304
0.0005389851644843366 0.0006270011117834543
0.0005389851644843366 0.0006270011117834543
4.16370959144043e-09 3.719795262468754e-07
4.797827080409789e-07 1.6544970516044062e-05
4.797827080409789e-07 1.6544970516044062e-05
0.0003635595427010509 0.011532738095238096
0.0003635595427010509 0.011532738095238096
0.0003635595427010509 0.011532738095238096
0.0003635595427010509 0.011532738095238096
0.0003635595427010509 0.011532738095238096
2.5633208667031235e-07 6.689940293817268e-06
5.5174829087548206e-05 0.00019922586520947178
5.5174829087548206e-05 0.00019922586520947178
5.5174829087548206e-05 0.00019922586520947178
5.5174829087548206e-05 0.00019922586520947178
5.5174829087548206e-05 0.00019922586520947178
5.5174829087548206e-05 0.00019922586520947178
5.5174829087548206e-05 0.00019922586520947178
5.5174829087548206e-05 0.00019922586520947178
0.00023114668938892813 0.000626929012345679
0.00023114668938892813 0.000626929012345679
1.3352073520940985e-07 3.7785766235069447e-07
5.003772160079211e-06 1.65433038218211e-05
5.003772160079211e-06 1.65433038218211e-05
0.0034429814406078062 0.011516947420606013
0.0034429814406078062 0.011516947420606013
0.0034429814406078062 0.011516947420606013
0.0034429814406078062 0.011516947420606013
0.0034429814406078062 0.011516947420606013
2.3574475423890007e-06 6.679817540212043e-06
6.507188656601766e-05 0.000199045471765329
6.507188656601766e-05 0.000199045471765329
6.507188656601766e-05 0.000199045471765329
6.507188656601766e-05 0.000199045471765329
6.507188656601766e-05 0.000199045471765329
6.507188656601766e-05 0.000199045471765329
6.507188656601766e-05 0.000199045471765329
6.507188656601766e-05 0.000199045471765329
0.0004152916073615832 0.0006270005680585816
0.0004152916073615832 0.0006270005680585816
8.459620597112987e-08 3.7787290584990236e-07
3.039769136919443e-06 1.6543228464508702e-05
3.039769136919443e-06 1.6543228464508702e-05
0.0021038677330890245 0.01151698825436938
0.0021038677330890245 0.01151698825436938
0.0021038677330890245 0.01151698825436938
0.0021038677330890245 0.01151698825436938
0.0021038677330890245 0.01151698825436938
1.4769687848624928e-06 6.679804315429824e-06
5.085600527186586e-05 0.000199045888521866
5.085600527186586e-05 0.000199045888521866
5.085600527186586e-05 0.000199045888521866
5.085600527186586e-05 0.000199045888521866
5.085600527186586e-05 0.000199045888521866
5.085600527186586e-05 0.000199045888521866
5.085600527186586e-05 0.000199045888521866
5.085600527186586e-05 0.000199045888521866
0.0003201965946155584 0.0006270005195193828
0.0003201965946155584 0.0006270005195193828
2.8744930722206527e-08 3.778558098903016e-07
6.509287316668816e-06 1.654327708333717e-05
6.509287316668816e-06 1.654327708333717e-05
0.003998579575022061 0.011516935971451522
0.003998579575022061 0.011516935971451522
0.003998579575022061 0.011516935971451522
0.003998579575022061 0.011516935971451522
0.003998579575022061 0.011516935971451522
2.7981915886884456e-06 6.679817520760583e-06
9.986266470096388e-05 0.00019904553767518944
9.986266470096388e-05 0.00019904553767518944
9.986266470096388e-05 0.00019904553767518944
9.986266470096388e-05 0.00019904553767518944
9.986266470096388e-05 0.00019904553767518944
9.986266470096388e-05 0.00019904553767518944
9.986266470096388e-05 0.00019904553767518944
9.986266470096388e-05 0.00019904553767518944
0.0003808053834497952 0.0006269999790440051
0.0003808053834497952 0.0006269999790440051
2.7805778993506314e-07 3.7787450424869625e-07
6.542780955759205e-06 1.6543355899056452e-05
6.542780955759205e-06 1.6543355899056452e-05
0.004667919669389402 0.011516921404280603
0.004667919669389402 0.011516921404280603
0.004667919669389402 0.011516921404280603
0.004667919669389402 0.011516921404280603
0.004667919669389402 0.011516921404280603
3.1589714385959293e-06 6.679795524382958e-06
8.149211794237262e-05 0.00019904459607093363
8.149211794237262e-05 0.00019904459607093363
8.149211794237262e-05 0.00019904459607093363
8.149211794237262e-05 0.00019904459607093363
8.149211794237262e-05 0.00019904459607093363
8.149211794237262e-05 0.00019904459607093363
8.149211794237262e-05 0.00019904459607093363
8.149211794237262e-05 0.00019904459607093363
0.0005552741537792258 0.000626998615619143
0.0005552741537792258 0.000626998615619143
6.598426056145225e-07 3.7786123110732986e-07
6.598426056145225e-07 3.7786123110732986e-07
6.598426056145225e-07 3.7786123110732986e-07
6.598426056145225e-07 3.7786123110732986e-07
1.2288339851007191e-05 1.6543266906025768e-05
1.2288339851007191e-05 1.6543266906025768e-05
1.2288339851007191e-05 1.6543266906025768e-05
1.2288339851007191e-05 1.6543266906025768e-05
1.2288339851007191e-05 1.6543266906025768e-05
1.2288339851007191e-05 1.6543266906025768e-05
1.2288339851007191e-05 1.6543266906025768e-05
1.2288339851007191e-05 1.6543266906025768e-05
0.009174762502943945 0.011516940002431142
0.009174762502943945 0.011516940002431142
0.009174762502943945 0.011516940002431142
0.009174762502943945 0.011516940002431142
0.009174762502943945 0.011516940002431142
0.009174762502943945 0.011516940002431142
0.009174762502943945 0.011516940002431142
0.009174762502943945 0.011516940002431142
0.009174762502943945 0.011516940002431142
0.009174762502943945 0.011516940002431142
0.009174762502943945 0.011516940002431142
0.009174762502943945 0.011516940002431142
0.009174762502943945 0.011516940002431142
0.009174762502943945 0.011516940002431142
0.009174762502943945 0.011516940002431142
0.009174762502943945 0.011516940002431142
0.009174762502943945 0.011516940002431142
0.009174762502943945 0.011516940002431142
0.009174762502943945 0.011516940002431142
0.009174762502943945 0.011516940002431142
6.086826552159751e-06 6.67980385187289e-06
6.086826552159751e-06 6.67980385187289e-06
6.086826552159751e-06 6.67980385187289e-06
6.086826552159751e-06 6.67980385187289e-06
7.450709418263506e-05 0.00019904575658794699
7.450709418263506e-05 0.00019904575658794699
7.450709418263506e-05 0.00019904575658794699
7.450709418263506e-05 0.00019904575658794699
7.450709418263506e-05 0.00019904575658794699
7.450709418263506e-05 0.00019904575658794699
7.450709418263506e-05 0.00019904575658794699
7.450709418263506e-05 0.00019904575658794699
7.450709418263506e-05 0.00019904575658794699
7.450709418263506e-05 0.00019904575658794699
7.450709418263506e-05 0.00019904575658794699
7.450709418263506e-05 0.00019904575658794699
7.450709418263506e-05 0.00019904575658794699
7.450709418263506e-05 0.00019904575658794699
7.450709418263506e-05 0.00019904575658794699
7.450709418263506e-05 0.00019904575658794699
7.450709418263506e-05 0.00019904575658794699
7.450709418263506e-05 0.00019904575658794699
7.450709418263506e-05 0.00019904575658794699
7.450709418263506e-05 0.00019904575658794699
7.450709418263506e-05 0.00019904575658794699
7.450709418263506e-05 0.00019904575658794699
7.450709418263506e-05 0.00019904575658794699
7.450709418263506e-05 0.00019904575658794699
7.450709418263506e-05 0.00019904575658794699
7.450709418263506e-05 0.00019904575658794699
7.450709418263506e-05 0.00019904575658794699
7.450709418263506e-05 0.00019904575658794699
7.450709418263506e-05 0.00019904575658794699
7.450709418263506e-05 0.00019904575658794699
7.450709418263506e-05 0.00019904575658794699
7.450709418263506e-05 0.00019904575658794699
0.00048764548370307985 0.000626999713050633
0.00048764548370307985 0.000626999713050633
0.00048764548370307985 0.000626999713050633
0.00048764548370307985 0.000626999713050633
0.00048764548370307985 0.000626999713050633
0.00048764548370307985 0.000626999713050633
0.00048764548370307985 0.000626999713050633
0.00048764548370307985 0.000626999713050633
2.7805778993506314e-07 3.778592614579129e-07
2.7805778993506314e-07 3.778592614579129e-07
6.542780955759205e-06 1.6543289735539276e-05
6.542780955759205e-06 1.6543289735539276e-05
6.542780955759205e-06 1.6543289735539276e-05
6.542780955759205e-06 1.6543289735539276e-05
0.004667919669389402 0.011516874431555949
0.004667919669389402 0.011516874431555949
0.004667919669389402 0.011516874431555949
0.004667919669389402 0.011516874431555949
0.004667919669389402 0.011516874431555949
0.004667919669389402 0.011516874431555949
0.004667919669389402 0.011516874431555949
0.004667919669389402 0.011516874431555949
0.004667919669389402 0.011516874431555949
0.004667919669389402 0.011516874431555949
3.1589714385959293e-06 6.679773651013919e-06
3.1589714385959293e-06 6.679773651013919e-06
8.149211794237262e-05 0.00019904638019176764
8.149211794237262e-05 0.00019904638019176764
8.149211794237262e-05 0.00019904638019176764
8.149211794237262e-05 0.00019904638019176764
8.149211794237262e-05 0.00019904638019176764
8.149211794237262e-05 0.00019904638019176764
8.149211794237262e-05 0.00019904638019176764
8.149211794237262e-05 0.00019904638019176764
8.149211794237262e-05 0.00019904638019176764
8.149211794237262e-05 0.00019904638019176764
8.149211794237262e-05 0.00019904638019176764
8.149211794237262e-05 0.00019904638019176764
8.149211794237262e-05 0.00019904638019176764
8.149211794237262e-05 0.00019904638019176764
8.149211794237262e-05 0.00019904638019176764
8.149211794237262e-05 0.00019904638019176764
0.0005552741537792258 0.0006269980585289522
0.0005552741537792258 0.0006269980585289522
0.0005552741537792258 0.0006269980585289522
0.0005552741537792258 0.0006269980585289522
7.849089939673455e-08 3.7783903641226724e-07
7.849089939673455e-08 3.7783903641226724e-07
3.2772918089358963e-06 1.6543358992106032e-05
3.2772918089358963e-06 1.6543358992106032e-05
3.2772918089358963e-06 1.6543358992106032e-05
3.2772918089358963e-06 1.6543358992106032e-05
0.0022041853742164213 0.011516943353138862
0.0022041853742164213 0.011516943353138862
0.0022041853742164213 0.011516943353138862
0.0022041853742164213 0.011516943353138862
0.0022041853742164213 0.011516943353138862
0.0022041853742164213 0.011516943353138862
0.0022041853742164213 0.011516943353138862
0.0022041853742164213 0.011516943353138862
0.0022041853742164213 0.011516943353138862
0.0022041853742164213 0.011516943353138862
1.5474781391964517e-06 6.679798410743248e-06
1.5474781391964517e-06 6.679798410743248e-06
5.083950677346399e-05 0.00019904512169179766
5.083950677346399e-05 0.00019904512169179766
5.083950677346399e-05 0.00019904512169179766
5.083950677346399e-05 0.00019904512169179766
5.083950677346399e-05 0.00019904512169179766
5.083950677346399e-05 0.00019904512169179766
5.083950677346399e-05 0.00019904512169179766
5.083950677346399e-05 0.00019904512169179766
5.083950677346399e-05 0.00019904512169179766
5.083950677346399e-05 0.00019904512169179766
5.083950677346399e-05 0.00019904512169179766
5.083950677346399e-05 0.00019904512169179766
5.083950677346399e-05 0.00019904512169179766
5.083950677346399e-05 0.00019904512169179766
5.083950677346399e-05 0.00019904512169179766
5.083950677346399e-05 0.00019904512169179766
0.00032088767813855156 0.000626999766473426
0.00032088767813855156 0.000626999766473426
0.00032088767813855156 0.000626999766473426
0.00032088767813855156 0.000626999766473426
3.3646974952458686e-08 3.778535118972268e-07
6.409840334569797e-06 1.6543278613852198e-05
6.409840334569797e-06 1.6543278613852198e-05
0.003940678843283999 0.01151693882939252
0.003940678843283999 0.01151693882939252
0.003940678843283999 0.01151693882939252
0.003940678843283999 0.01151693882939252
0.003940678843283999 0.01151693882939252
2.757998430810178e-06 6.679817192030413e-06
9.702181799320593e-05 0.00019904541410888495
9.702181799320593e-05 0.00019904541410888495
9.702181799320593e-05 0.00019904541410888495
9.702181799320593e-05 0.00019904541410888495
9.702181799320593e-05 0.00019904541410888495
9.702181799320593e-05 0.00019904541410888495
9.702181799320593e-05 0.00019904541410888495
9.702181799320593e-05 0.00019904541410888495
0.00037624670029428095 0.0006269999600962105
0.00037624670029428095 0.0006269999600962105
3.3916940819979475e-08 3.7785123870940185e-07
3.3916940819979475e-08 3.7785123870940185e-07
3.3916940819979475e-08 3.7785123870940185e-07
3.3916940819979475e-08 3.7785123870940185e-07
6.382482623818389e-06 1.6543302429351257e-05
6.382482623818389e-06 1.6543302429351257e-05
6.382482623818389e-06 1.6543302429351257e-05
6.382482623818389e-06 1.6543302429351257e-05
6.382482623818389e-06 1.6543302429351257e-05
6.382482623818389e-06 1.6543302429351257e-05
6.382482623818389e-06 1.6543302429351257e-05
6.382482623818389e-06 1.6543302429351257e-05
0.003922316425616804 0.011516936907033152
0.003922316425616804 0.011516936907033152
0.003922316425616804 0.011516936907033152
0.003922316425616804 0.011516936907033152
0.003922316425616804 0.011516936907033152
0.003922316425616804 0.011516936907033152
0.003922316425616804 0.011516936907033152
0.003922316425616804 0.011516936907033152
0.003922316425616804 0.011516936907033152
0.003922316425616804 0.011516936907033152
0.003922316425616804 0.011516936907033152
0.003922316425616804 0.011516936907033152
0.003922316425616804 0.011516936907033152
0.003922316425616804 0.011516936907033152
0.003922316425616804 0.011516936907033152
0.003922316425616804 0.011516936907033152
0.003922316425616804 0.011516936907033152
0.003922316425616804 0.011516936907033152
0.003922316425616804 0.011516936907033152
0.003922316425616804 0.011516936907033152
2.745323736608232e-06 6.679817110856534e-06
2.745323736608232e-06 6.679817110856534e-06
2.745323736608232e-06 6.679817110856534e-06
2.745323736608232e-06 6.679817110856534e-06
9.633094651539558e-05 0.0001990455765313131
9.633094651539558e-05 0.0001990455765313131
9.633094651539558e-05 0.0001990455765313131
9.633094651539558e-05 0.0001990455765313131
9.633094651539558e-05 0.0001990455765313131
9.633094651539558e-05 0.0001990455765313131
9.633094651539558e-05 0.0001990455765313131
9.633094651539558e-05 0.0001990455765313131
9.633094651539558e-05 0.0001990455765313131
9.633094651539558e-05 0.0001990455765313131
9.633094651539558e-05 0.0001990455765313131
9.633094651539558e-05 0.0001990455765313131
9.633094651539558e-05 0.0001990455765313131
9.633094651539558e-05 0.0001990455765313131
9.633094651539558e-05 0.0001990455765313131
9.633094651539558e-05 0.0001990455765313131
9.633094651539558e-05 0.0001990455765313131
9.633094651539558e-05 0.0001990455765313131
9.633094651539558e-05 0.0001990455765313131
9.633094651539558e-05 0.0001990455765313131
9.633094651539558e-05 0.0001990455765313131
9.633094651539558e-05 0.0001990455765313131
9.633094651539558e-05 0.0001990455765313131
9.633094651539558e-05 0.0001990455765313131
9.633094651539558e-05 0.0001990455765313131
9.633094651539558e-05 0.0001990455765313131
9.633094651539558e-05 0.0001990455765313131
9.633094651539558e-05 0.0001990455765313131
9.633094651539558e-05 0.0001990455765313131
9.633094651539558e-05 0.0001990455765313131
9.633094651539558e-05 0.0001990455765313131
9.633094651539558e-05 0.0001990455765313131
0.00037460662172687976 0.0006270000869383455
0.00037460662172687976 0.0006270000869383455
0.00037460662172687976 0.0006270000869383455
0.00037460662172687976 0.0006270000869383455
0.00037460662172687976 0.0006270000869383455
0.00037460662172687976 0.0006270000869383455
0.00037460662172687976 0.0006270000869383455
0.00037460662172687976 0.0006270000869383455
8.989713594001116e-08 3.7785424917519343e-07
8.989713594001116e-08 3.7785424917519343e-07
6.009140352306702e-06 1.6543292150084714e-05
6.009140352306702e-06 1.6543292150084714e-05
6.009140352306702e-06 1.6543292150084714e-05
6.009140352306702e-06 1.6543292150084714e-05
0.0038450097005242687 0.011516933098312563
0.0038450097005242687 0.011516933098312563
0.0038450097005242687 0.011516933098312563
0.0038450097005242687 0.011516933098312563
0.0038450097005242687 0.011516933098312563
0.0038450097005242687 0.011516933098312563
0.0038450097005242687 0.011516933098312563
0.0038450097005242687 0.011516933098312563
0.0038450097005242687 0.011516933098312563
0.0038450097005242687 0.011516933098312563
2.6467804243023856e-06 6.679821480394883e-06
2.6467804243023856e-06 6.679821480394883e-06
9.544454215760248e-05 0.00019904542928033729
9.544454215760248e-05 0.00019904542928033729
9.544454215760248e-05 0.00019904542928033729
9.544454215760248e-05 0.00019904542928033729
9.544454215760248e-05 0.00019904542928033729
9.544454215760248e-05 0.00019904542928033729
9.544454215760248e-05 0.00019904542928033729
9.544454215760248e-05 0.00019904542928033729
9.544454215760248e-05 0.00019904542928033729
9.544454215760248e-05 0.00019904542928033729
9.544454215760248e-05 0.00019904542928033729
9.544454215760248e-05 0.00019904542928033729
9.544454215760248e-05 0.00019904542928033729
9.544454215760248e-05 0.00019904542928033729
9.544454215760248e-05 0.00019904542928033729
9.544454215760248e-05 0.00019904542928033729
0.000366019707245035 0.0006270002336466367
0.000366019707245035 0.0006270002336466367
0.000366019707245035 0.0006270002336466367
0.000366019707245035 0.0006270002336466367
3.3646974952458686e-08 3.778535118972268e-07
3.3646974952458686e-08 3.778535118972268e-07
6.409840334569797e-06 1.6543278613852198e-05
6.409840334569797e-06 1.6543278613852198e-05
6.409840334569797e-06 1.6543278613852198e-05
6.409840334569797e-06 1.6543278613852198e-05
0.003940678843283999 0.01151693882939252
0.003940678843283999 0.01151693882939252
0.003940678843283999 0.01151693882939252
0.003940678843283999 0.01151693882939252
0.003940678843283999 0.01151693882939252
0.003940678843283999 0.01151693882939252
0.003940678843283999 0.01151693882939252
0.003940678843283999 0.01151693882939252
0.003940678843283999 0.01151693882939252
0.003940678843283999 0.01151693882939252
2.757998430810178e-06 6.679817192030413e-06
2.757998430810178e-06 6.679817192030413e-06
9.702181799320593e-05 0.00019904541410888495
9.702181799320593e-05 0.00019904541410888495
9.702181799320593e-05 0.00019904541410888495
9.702181799320593e-05 0.00019904541410888495
9.702181799320593e-05 0.00019904541410888495
9.702181799320593e-05 0.00019904541410888495
9.702181799320593e-05 0.00019904541410888495
9.702181799320593e-05 0.00019904541410888495
9.702181799320593e-05 0.00019904541410888495
9.702181799320593e-05 0.00019904541410888495
9.702181799320593e-05 0.00019904541410888495
9.702181799320593e-05 0.00019904541410888495
9.702181799320593e-05 0.00019904541410888495
9.702181799320593e-05 0.00019904541410888495
9.702181799320593e-05 0.00019904541410888495
9.702181799320593e-05 0.00019904541410888495
0.00037624670029428095 0.0006269999600962105
0.00037624670029428095 0.0006269999600962105
0.00037624670029428095 0.0006269999600962105
0.00037624670029428095 0.0006269999600962105
1.6968086186816565e-08 3.7785159277090027e-07
7.2408726928936e-06 1.654329728877371e-05
7.2408726928936e-06 1.654329728877371e-05
0.004398100028267896 0.011516949610658023
0.004398100028267896 0.011516949610658023
0.004398100028267896 0.011516949610658023
0.004398100028267896 0.011516949610658023
0.004398100028267896 0.011516949610658023
3.0767856850259365e-06 6.6798222813243186e-06
0.00011019624807436082 0.00019904538399456882
0.00011019624807436082 0.00019904538399456882
0.00011019624807436082 0.00019904538399456882
0.00011019624807436082 0.00019904538399456882
0.00011019624807436082 0.00019904538399456882
0.00011019624807436082 0.00019904538399456882
0.00011019624807436082 0.00019904538399456882
0.00011019624807436082 0.00019904538399456882
0.0003935854011019946 0.0006270001397073435
0.0003935854011019946 0.0006270001397073435
2.6576033332110385e-07 3.7785307905262924e-07
1.3604617917904617e-05 1.654329179886223e-05
1.3604617917904617e-05 1.654329179886223e-05
0.00853313131812192 0.011516950480839899
0.00853313131812192 0.011516950480839899
0.00853313131812192 0.011516950480839899
0.00853313131812192 0.011516950480839899
0.00853313131812192 0.011516950480839899
5.768796686989593e-06 6.6798245343020785e-06
0.00013349194068837665 0.0001990455502426034
0.00013349194068837665 0.0001990455502426034
0.00013349194068837665 0.0001990455502426034
0.00013349194068837665 0.0001990455502426034
0.00013349194068837665 0.0001990455502426034
0.00013349194068837665 0.0001990455502426034
0.00013349194068837665 0.0001990455502426034
0.00013349194068837665 0.0001990455502426034
0.00041590059995191153 0.0006270002874983488
0.00041590059995191153 0.0006270002874983488
8.062307824712602e-07 3.77856812513111e-07
8.062307824712602e-07 3.77856812513111e-07
1.4011099260458851e-05 1.6543285489299282e-05
1.4011099260458851e-05 1.6543285489299282e-05
1.4011099260458851e-05 1.6543285489299282e-05
1.4011099260458851e-05 1.6543285489299282e-05
0.01020026872400136 0.011516929040850454
0.01020026872400136 0.011516929040850454
0.01020026872400136 0.011516929040850454
0.01020026872400136 0.011516929040850454
0.01020026872400136 0.011516929040850454
0.01020026872400136 0.011516929040850454
0.01020026872400136 0.011516929040850454
0.01020026872400136 0.011516929040850454
0.01020026872400136 0.011516929040850454
0.01020026872400136 0.011516929040850454
6.809299957243874e-06 6.679815561123305e-06
6.809299957243874e-06 6.679815561123305e-06
0.00010555987845889701 0.00019904537158013365
0.00010555987845889701 0.00019904537158013365
0.00010555987845889701 0.00019904537158013365
0.00010555987845889701 0.00019904537158013365
0.00010555987845889701 0.00019904537158013365
0.00010555987845889701 0.00019904537158013365
0.00010555987845889701 0.00019904537158013365
0.00010555987845889701 0.00019904537158013365
0.00010555987845889701 0.00019904537158013365
0.00010555987845889701 0.00019904537158013365
0.00010555987845889701 0.00019904537158013365
0.00010555987845889701 0.00019904537158013365
0.00010555987845889701 0.00019904537158013365
0.00010555987845889701 0.00019904537158013365
0.00010555987845889701 0.00019904537158013365
0.00010555987845889701 0.00019904537158013365
0.00039074791781484696 0.0006270003785511805
0.00039074791781484696 0.0006270003785511805
0.00039074791781484696 0.0006270003785511805
0.00039074791781484696 0.0006270003785511805
5.413042106680968e-07 3.770431218921208e-07
1.1440060337247758e-05 1.6543440076427753e-05
1.1440060337247758e-05 1.6543440076427753e-05
0.007883022384258084 0.011516624736520025
0.007883022384258084 0.011516624736520025
0.007883022384258084 0.011516624736520025
0.007883022384258084 0.011516624736520025
0.007883022384258084 0.011516624736520025
5.358367819953879e-06 6.678693456299442e-06
0.00011258209322354964 0.0001990768555870264
0.00011258209322354964 0.0001990768555870264
0.00011258209322354964 0.0001990768555870264
0.00011258209322354964 0.0001990768555870264
0.00011258209322354964 0.0001990768555870264
0.00011258209322354964 0.0001990768555870264
0.00011258209322354964 0.0001990768555870264
0.00011258209322354964 0.0001990768555870264
0.00041484570040371875 0.0006271170357167907
0.00041484570040371875 0.0006271170357167907
3.060078425622286e-07 3.778566753418429e-07
1.1804127454808642e-05 1.6543306831054224e-05
1.1804127454808642e-05 1.6543306831054224e-05
0.007607499381807925 0.011516942993126857
0.007607499381807925 0.011516942993126857
0.007607499381807925 0.011516942993126857
0.007607499381807925 0.011516942993126857
0.007607499381807925 0.011516942993126857
5.127748625736249e-06 6.679821658513537e-06
0.00012539869273514616 0.0001990455855697705
0.00012539869273514616 0.0001990455855697705
0.00012539869273514616 0.0001990455855697705
0.00012539869273514616 0.0001990455855697705
0.00012539869273514616 0.0001990455855697705
0.00012539869273514616 0.0001990455855697705
0.00012539869273514616 0.0001990455855697705
0.00012539869273514616 0.0001990455855697705
0.0004257955926304608 0.0006270004454259793
0.0004257955926304608 0.0006270004454259793
2.797528353986184e-07 3.7785751498573285e-07
1.0879711457158759e-05 1.6543300540217537e-05
1.0879711457158759e-05 1.6543300540217537e-05
0.0069985071493746465 0.011516931990532551
0.0069985071493746465 0.011516931990532551
0.0069985071493746465 0.011516931990532551
0.0069985071493746465 0.011516931990532551
0.0069985071493746465 0.011516931990532551
4.721191272596531e-06 6.679820656960831e-06
0.00011574987677734899 0.00019904558789069304
0.00011574987677734899 0.00019904558789069304
0.00011574987677734899 0.00019904558789069304
0.00011574987677734899 0.00019904558789069304
0.00011574987677734899 0.00019904558789069304
0.00011574987677734899 0.00019904558789069304
0.00011574987677734899 0.00019904558789069304
0.00011574987677734899 0.00019904558789069304
0.0004017137889399505 0.000627000283650357
0.0004017137889399505 0.000627000283650357
2.90693179070861e-08 3.7781382229659437e-07
2.90693179070861e-08 3.7781382229659437e-07
2.90693179070861e-08 3.7781382229659437e-07
3.2021779713061103e-06 1.6542990105875137e-05
3.2021779713061103e-06 1.6542990105875137e-05
3.2021779713061103e-06 1.6542990105875137e-05
3.2021779713061103e-06 1.6542990105875137e-05
3.2021779713061103e-06 1.6542990105875137e-05
3.2021779713061103e-06 1.6542990105875137e-05
0.0018387053186292343 0.011516557688251423
0.0018387053186292343 0.011516557688251423
0.0018387053186292343 0.011516557688251423
0.0018387053186292343 0.011516557688251423
0.0018387053186292343 0.011516557688251423
0.0018387053186292343 0.011516557688251423
0.0018387053186292343 0.011516557688251423
0.0018387053186292343 0.011516557688251423
0.0018387053186292343 0.011516557688251423
0.0018387053186292343 0.011516557688251423
0.0018387053186292343 0.011516557688251423
0.0018387053186292343 0.011516557688251423
0.0018387053186292343 0.011516557688251423
0.0018387053186292343 0.011516557688251423
0.0018387053186292343 0.011516557688251423
1.296401595167566e-06 6.6797917222227386e-06
1.296401595167566e-06 6.6797917222227386e-06
1.296401595167566e-06 6.6797917222227386e-06
5.395324673047161e-05 0.0001990424362465492
5.395324673047161e-05 0.0001990424362465492
5.395324673047161e-05 0.0001990424362465492
5.395324673047161e-05 0.0001990424362465492
5.395324673047161e-05 0.0001990424362465492
5.395324673047161e-05 0.0001990424362465492
5.395324673047161e-05 0.0001990424362465492
5.395324673047161e-05 0.0001990424362465492
5.395324673047161e-05 0.0001990424362465492
5.395324673047161e-05 0.0001990424362465492
5.395324673047161e-05 0.0001990424362465492
5.395324673047161e-05 0.0001990424362465492
5.395324673047161e-05 0.0001990424362465492
5.395324673047161e-05 0.0001990424362465492
5.395324673047161e-05 0.0001990424362465492
5.395324673047161e-05 0.0001990424362465492
5.395324673047161e-05 0.0001990424362465492
5.395324673047161e-05 0.0001990424362465492
5.395324673047161e-05 0.0001990424362465492
5.395324673047161e-05 0.0001990424362465492
5.395324673047161e-05 0.0001990424362465492
5.395324673047161e-05 0.0001990424362465492
5.395324673047161e-05 0.0001990424362465492
5.395324673047161e-05 0.0001990424362465492
0.0003673395162756865 0.0006270047177716954
0.0003673395162756865 0.0006270047177716954
0.0003673395162756865 0.0006270047177716954
0.0003673395162756865 0.0006270047177716954
0.0003673395162756865 0.0006270047177716954
0.0003673395162756865 0.0006270047177716954
8.81209552932139e-08 3.7324047379347494e-07
5.0045013806269785e-06 1.6551906779661017e-05
5.0045013806269785e-06 1.6551906779661017e-05
0.0029555036014292284 0.01152872551177636
0.0029555036014292284 0.01152872551177636
0.0029555036014292284 0.01152872551177636
0.0029555036014292284 0.01152872551177636
0.0029555036014292284 0.01152872551177636
2.0838138360706752e-06 6.674336327963239e-06
7.617028119708782e-05 0.00019906506951519455
7.617028119708782e-05 0.00019906506951519455
7.617028119708782e-05 0.00019906506951519455
7.617028119708782e-05 0.00019906506951519455
7.617028119708782e-05 0.00019906506951519455
7.617028119708782e-05 0.00019906506951519455
7.617028119708782e-05 0.00019906506951519455
7.617028119708782e-05 0.00019906506951519455
0.00039235706650176647 0.0006269116213220072
0.00039235706650176647 0.0006269116213220072
8.871804815799004e-08 3.74032916412994e-07
5.038411045543705e-06 1.6539384898845694e-05
5.038411045543705e-06 1.6539384898845694e-05
0.0029755295998578853 0.011525629360024265
0.0029755295998578853 0.011525629360024265
0.0029755295998578853 0.011525629360024265
0.0029755295998578853 0.011525629360024265
0.0029755295998578853 0.011525629360024265
2.0979334103410584e-06 6.6718273251026334e-06
7.6351888375379e-05 0.00019916543880206823
7.6351888375379e-05 0.00019916543880206823
7.6351888375379e-05 0.00019916543880206823
7.6351888375379e-05 0.00019916543880206823
7.6351888375379e-05 0.00019916543880206823
7.6351888375379e-05 0.00019916543880206823
7.6351888375379e-05 0.00019916543880206823
7.6351888375379e-05 0.00019916543880206823
0.0003923612619264793 0.0006274061024027144
0.0003923612619264793 0.0006274061024027144