7.246193031336162e-06 0.008849775549170854
7.246193031336162e-06 0.008849775549170854
7.246193031336162e-06 0.008849775549170854
0.33327053299372844 0.008849775549170854
0.33327053299372844 0.008849775549170854
0.33327053299372844 0.008849775549170854
0.33327053299372844 0.008849775549170854
0.33327053299372844 0.008849775549170854
0.33327053299372844 0.008849775549170854
0.33327053299372844 0.008849775549170854
0.33327053299372844 0.008849775549170854
0.33327053299372844 0.008849775549170854
0.33327053299372844 0.008849775549170854
0.33327053299372844 0.008849775549170854
0.33327053299372844 0.008849775549170854
0.33327053299372844 0.008849775549170854
0.33327053299372844 0.008849775549170854
0.33327053299372844 0.008849775549170854
0.33327053299372844 0.008849775549170854
0.33327053299372844 0.008849775549170854
0.33327053299372844 0.008849775549170854
0.33327053299372844 0.008849775549170854
0.33327053299372844 0.008849775549170854
0.00018115482578340405 0.008849775549170854
0.33327053299372844 0.008849775549170854
0.33327053299372844 0.008849775549170854
0.33327053299372844 0.008849775549170854
0.33327053299372844 0.008849775549170854
0.33327053299372844 0.008849775549170854
0.33327053299372844 0.008849775549170854
0.33327053299372844 0.008849775549170854