0.9874030063958963 0.00885459490228322
0.9874030063958963 0.00885459490228322
0.9874030063958963 0.00885459490228322
0.9874030063958963 0.00885459490228322
0.9874030063958963 0.00885459490228322
0.9874030063958963 0.00885459490228322
0.9874030063958963 0.00885459490228322
0.9874030063958963 0.00885459490228322
0.9874030063958963 0.00885459490228322
0.89986882378662 0.0078125
0.89986882378662 0.0078125
0.89986882378662 0.0078125
0.89986882378662 0.0078125
0.89986882378662 0.0078125
0.89986882378662 0.0078125
0.89986882378662 0.0078125
0.9937124403858081 0.008849611551200452
0.9937124403858081 0.008849611551200452
0.9937124403858081 0.008849611551200452
0.9937124403858081 0.008849611551200452
0.9937124403858081 0.008849611551200452
0.9937124403858081 0.008849611551200452
0.9937124403858081 0.008849611551200452
0.9937124403858081 0.008849611551200452
0.9937124403858081 0.008849611551200452
0.425218129874141 0.008851499634235552
0.425218129874141 0.008851499634235552
0.425218129874141 0.008851499634235552
0.425218129874141 0.008851499634235552
0.425218129874141 0.008851499634235552
0.425218129874141 0.008851499634235552
0.425218129874141 0.008851499634235552
0.8796239855618105 0.008848923088168729
0.8796239855618105 0.008848923088168729
0.8796239855618105 0.008848923088168729
0.8796239855618105 0.008848923088168729
0.8796239855618105 0.008848923088168729
0.8796239855618105 0.008848923088168729
0.8796239855618105 0.008848923088168729
1.4940179521197128e-06 0.008848923088168729
1.4940179521197128e-06 0.008848923088168729
1.4940179521197128e-06 0.008848923088168729
1.4940179521197128e-06 0.008848923088168729
1.4940179521197128e-06 0.008848923088168729
1.4940179521197128e-06 0.008848923088168729
1.4940179521197128e-06 0.008848923088168729
1.4940179521197128e-06 0.008848923088168729
1.4940179521197128e-06 0.008848923088168729
1.4940179521197128e-06 0.008848923088168729
1.4940179521197128e-06 0.008848923088168729
1.4940179521197128e-06 0.008848923088168729
1.4940179521197128e-06 0.008848923088168729
0.9891987350609881 0.00884438881935753
0.9891987350609881 0.00884438881935753
0.9891987350609881 0.00884438881935753
0.9891987350609881 0.00884438881935753
0.9891987350609881 0.00884438881935753
0.9891987350609881 0.00884438881935753
0.9891987350609881 0.00884438881935753
0.9891987350609881 0.00884438881935753
0.9891987350609881 0.00884438881935753
0.9874213503659292 0.008850098900874815
0.9874213503659292 0.008850098900874815
0.9874213503659292 0.008850098900874815
0.9874213503659292 0.008850098900874815
0.9874213503659292 0.008850098900874815
0.9874213503659292 0.008850098900874815
0.9874213503659292 0.008850098900874815
0.9874213503659292 0.008850098900874815
0.9874213503659292 0.008850098900874815
0.9874213503659292 0.008850098900874815
0.9874213503659292 0.008850098900874815
0.9874213503659292 0.008850098900874815
0.9874213503659292 0.008850098900874815
0.9874213503659292 0.008850098900874815
0.9874213503659292 0.008850098900874815
0.9874213503659292 0.008850098900874815
0.9874213503659292 0.008850098900874815
0.9874213503659292 0.008850098900874815
0.9874213503659292 0.008850098900874815
0.9874213503659292 0.008850098900874815
0.9874213503659292 0.008850098900874815
0.9874213503659292 0.008850098900874815
0.9874213503659292 0.008850098900874815
0.9874213503659292 0.008850098900874815
0.9874213503659292 0.008850098900874815
0.9874213503659292 0.008850098900874815
0.9874213503659292 0.008850098900874815
0.9874213503659292 0.008850098900874815
0.9874213503659292 0.008850098900874815
0.9874213503659292 0.008850098900874815
0.9874213503659292 0.008850098900874815
0.9874213503659292 0.008850098900874815
0.9874213503659292 0.008850098900874815
0.9874213503659292 0.008850098900874815
0.9874213503659292 0.008850098900874815
0.9874213503659292 0.008850098900874815
0.9891987350609881 0.008849891261989465
0.9891987350609881 0.008849891261989465
0.9891987350609881 0.008849891261989465
0.9891987350609881 0.008849891261989465
0.9891987350609881 0.008849891261989465
0.9891987350609881 0.008849891261989465
0.9891987350609881 0.008849891261989465
0.9891987350609881 0.008849891261989465
0.9891987350609881 0.008849891261989465
0.9891987350609881 0.008849891261989465
0.9891987350609881 0.008849891261989465
0.9891987350609881 0.008849891261989465
0.9891987350609881 0.008849891261989465
0.9891987350609881 0.008849891261989465
0.9891987350609881 0.008849891261989465
0.9891987350609881 0.008849891261989465
0.9891987350609881 0.008849891261989465
0.9891987350609881 0.008849891261989465
0.4403787274935004 0.008850726552179656
0.4403787274935004 0.008850726552179656
0.4403787274935004 0.008850726552179656
0.4403787274935004 0.008850726552179656
0.4403787274935004 0.008850726552179656
0.4403787274935004 0.008850726552179656
0.4403787274935004 0.008850726552179656
0.4403787274935004 0.008850726552179656
0.4403787274935004 0.008850726552179656
0.4403787274935004 0.008850726552179656
0.4403787274935004 0.008850726552179656
0.4403787274935004 0.008850726552179656
0.4403787274935004 0.008850726552179656
0.4403787274935004 0.008850726552179656
0.8692140930612984 0.008849330182097447
0.8692140930612984 0.008849330182097447
0.8692140930612984 0.008849330182097447
0.8692140930612984 0.008849330182097447
0.8692140930612984 0.008849330182097447
0.8692140930612984 0.008849330182097447
0.8692140930612984 0.008849330182097447
1.4150796548337706e-06 0.008849330182097447
1.4150796548337706e-06 0.008849330182097447
1.4150796548337706e-06 0.008849330182097447
1.4150796548337706e-06 0.008849330182097447
1.4150796548337706e-06 0.008849330182097447
1.4150796548337706e-06 0.008849330182097447
1.4150796548337706e-06 0.008849330182097447
1.4150796548337706e-06 0.008849330182097447
1.4150796548337706e-06 0.008849330182097447
1.4150796548337706e-06 0.008849330182097447
1.4150796548337706e-06 0.008849330182097447
1.4150796548337706e-06 0.008849330182097447
1.4150796548337706e-06 0.008849330182097447
0.8576409153739825 0.0088491094934078
0.8576409153739825 0.0088491094934078
0.8576409153739825 0.0088491094934078
0.8576409153739825 0.0088491094934078
0.8576409153739825 0.0088491094934078
0.8576409153739825 0.0088491094934078
0.8576409153739825 0.0088491094934078
0.8576409153739825 0.0088491094934078
0.8576409153739825 0.0088491094934078
0.8576409153739825 0.0088491094934078
0.8576409153739825 0.0088491094934078
0.8576409153739825 0.0088491094934078
0.8576409153739825 0.0088491094934078
0.8576409153739825 0.0088491094934078
0.8576409153739825 0.0088491094934078
0.8576409153739825 0.0088491094934078
0.8576409153739825 0.0088491094934078
0.8576409153739825 0.0088491094934078
0.8576409153739825 0.0088491094934078
0.8576409153739825 0.0088491094934078
0.8576409153739825 0.0088491094934078
0.8576409153739825 0.0088491094934078
0.8576409153739825 0.0088491094934078
0.8576409153739825 0.0088491094934078
0.8576409153739825 0.0088491094934078
0.8576409153739825 0.0088491094934078
0.8576409153739825 0.0088491094934078
0.8576409153739825 0.0088491094934078
1.3962385333910446e-06 0.0088491094934078
1.3962385333910446e-06 0.0088491094934078
1.3962385333910446e-06 0.0088491094934078
1.3962385333910446e-06 0.0088491094934078
1.3962385333910446e-06 0.0088491094934078
1.3962385333910446e-06 0.0088491094934078
1.3962385333910446e-06 0.0088491094934078
1.3962385333910446e-06 0.0088491094934078
1.3962385333910446e-06 0.0088491094934078
1.3962385333910446e-06 0.0088491094934078
1.3962385333910446e-06 0.0088491094934078
1.3962385333910446e-06 0.0088491094934078
1.3962385333910446e-06 0.0088491094934078
1.3962385333910446e-06 0.0088491094934078
1.3962385333910446e-06 0.0088491094934078
1.3962385333910446e-06 0.0088491094934078
1.3962385333910446e-06 0.0088491094934078
1.3962385333910446e-06 0.0088491094934078
1.3962385333910446e-06 0.0088491094934078
1.3962385333910446e-06 0.0088491094934078
1.3962385333910446e-06 0.0088491094934078
1.3962385333910446e-06 0.0088491094934078
1.3962385333910446e-06 0.0088491094934078
1.3962385333910446e-06 0.0088491094934078
1.3962385333910446e-06 0.0088491094934078
1.3962385333910446e-06 0.0088491094934078
1.3962385333910446e-06 0.0088491094934078
1.3962385333910446e-06 0.0088491094934078
1.3962385333910446e-06 0.0088491094934078
1.3962385333910446e-06 0.0088491094934078
1.3962385333910446e-06 0.0088491094934078
1.3962385333910446e-06 0.0088491094934078
1.3962385333910446e-06 0.0088491094934078
1.3962385333910446e-06 0.0088491094934078
1.3962385333910446e-06 0.0088491094934078
1.3962385333910446e-06 0.0088491094934078
1.3962385333910446e-06 0.0088491094934078
1.3962385333910446e-06 0.0088491094934078
1.3962385333910446e-06 0.0088491094934078
1.3962385333910446e-06 0.0088491094934078
1.3962385333910446e-06 0.0088491094934078
1.3962385333910446e-06 0.0088491094934078
1.3962385333910446e-06 0.0088491094934078
1.3962385333910446e-06 0.0088491094934078
1.3962385333910446e-06 0.0088491094934078
1.3962385333910446e-06 0.0088491094934078
1.3962385333910446e-06 0.0088491094934078
1.3962385333910446e-06 0.0088491094934078
1.3962385333910446e-06 0.0088491094934078
1.3962385333910446e-06 0.0088491094934078
1.3962385333910446e-06 0.0088491094934078
1.3962385333910446e-06 0.0088491094934078
0.0801625253812393 0.008849856015920464
0.0801625253812393 0.008849856015920464
0.0801625253812393 0.008849856015920464
0.0801625253812393 0.008849856015920464
0.0801625253812393 0.008849856015920464
0.0801625253812393 0.008849856015920464
0.0801625253812393 0.008849856015920464
0.0801625253812393 0.008849856015920464
0.0801625253812393 0.008849856015920464
0.0801625253812393 0.008849856015920464
0.0801625253812393 0.008849856015920464
0.0801625253812393 0.008849856015920464
0.0801625253812393 0.008849856015920464
0.0801625253812393 0.008849856015920464
0.8692140930612984 0.008849330182097447
0.8692140930612984 0.008849330182097447
0.8692140930612984 0.008849330182097447
0.8692140930612984 0.008849330182097447
0.8692140930612984 0.008849330182097447
0.8692140930612984 0.008849330182097447
0.8692140930612984 0.008849330182097447
0.8692140930612984 0.008849330182097447
0.8692140930612984 0.008849330182097447
0.8692140930612984 0.008849330182097447
0.8692140930612984 0.008849330182097447
0.8692140930612984 0.008849330182097447
0.8692140930612984 0.008849330182097447
0.8692140930612984 0.008849330182097447
1.4150796548337706e-06 0.008849330182097447
1.4150796548337706e-06 0.008849330182097447
1.4150796548337706e-06 0.008849330182097447
1.4150796548337706e-06 0.008849330182097447
1.4150796548337706e-06 0.008849330182097447
1.4150796548337706e-06 0.008849330182097447
1.4150796548337706e-06 0.008849330182097447
1.4150796548337706e-06 0.008849330182097447
1.4150796548337706e-06 0.008849330182097447
1.4150796548337706e-06 0.008849330182097447
1.4150796548337706e-06 0.008849330182097447
1.4150796548337706e-06 0.008849330182097447
1.4150796548337706e-06 0.008849330182097447
1.4150796548337706e-06 0.008849330182097447
1.4150796548337706e-06 0.008849330182097447
1.4150796548337706e-06 0.008849330182097447
1.4150796548337706e-06 0.008849330182097447
1.4150796548337706e-06 0.008849330182097447
1.4150796548337706e-06 0.008849330182097447
1.4150796548337706e-06 0.008849330182097447
1.4150796548337706e-06 0.008849330182097447
1.4150796548337706e-06 0.008849330182097447
1.4150796548337706e-06 0.008849330182097447
1.4150796548337706e-06 0.008849330182097447
1.4150796548337706e-06 0.008849330182097447
1.4150796548337706e-06 0.008849330182097447
0.9754403674537834 0.008850068920740299
0.9754403674537834 0.008850068920740299
0.9754403674537834 0.008850068920740299
0.9754403674537834 0.008850068920740299
0.9754403674537834 0.008850068920740299
0.9754403674537834 0.008850068920740299
0.9754403674537834 0.008850068920740299
1.8090477715245026e-06 0.008850068920740299
1.8090477715245026e-06 0.008850068920740299
1.8090477715245026e-06 0.008850068920740299
1.8090477715245026e-06 0.008850068920740299
1.8090477715245026e-06 0.008850068920740299
1.8090477715245026e-06 0.008850068920740299
1.8090477715245026e-06 0.008850068920740299
1.8090477715245026e-06 0.008850068920740299
1.8090477715245026e-06 0.008850068920740299
1.8090477715245026e-06 0.008850068920740299
1.8090477715245026e-06 0.008850068920740299
1.8090477715245026e-06 0.008850068920740299
1.8090477715245026e-06 0.008850068920740299
1.0 0.008849672066581486
1.0 0.008849672066581486
1.0 0.008849672066581486
1.0 0.008849672066581486
1.0 0.008849672066581486
1.0 0.008849672066581486
1.0 0.008849672066581486
1.0 0.008849672066581486
1.0 0.008849672066581486
1.0 0.008849672066581486
1.0 0.008849672066581486
1.0 0.008849672066581486
1.0 0.008849672066581486
0.999855909058665 0.00885007306286319
0.999855909058665 0.00885007306286319
0.999855909058665 0.00885007306286319
0.999855909058665 0.00885007306286319
0.999855909058665 0.00885007306286319
0.999855909058665 0.00885007306286319
0.999855909058665 0.00885007306286319
0.999855909058665 0.00885007306286319
0.999855909058665 0.00885007306286319
0.999855909058665 0.00885007306286319
0.999855909058665 0.00885007306286319
0.999855909058665 0.00885007306286319
0.999855909058665 0.00885007306286319
0.999855909058665 0.00885007306286319
0.999855909058665 0.00885007306286319
0.999855909058665 0.00885007306286319
0.999855909058665 0.00885007306286319
0.999855909058665 0.00885007306286319
0.999855909058665 0.00885007306286319
0.999855909058665 0.00885007306286319
0.999855909058665 0.00885007306286319
0.999855909058665 0.00885007306286319
0.999855909058665 0.00885007306286319
0.999855909058665 0.00885007306286319
0.999855909058665 0.00885007306286319
0.999855909058665 0.00885007306286319
1.0 0.009162303664921465
1.0 0.009162303664921465
1.0 0.009162303664921465
1.0 0.009162303664921465
1.0 0.009162303664921465
1.0 0.009162303664921465
1.0 0.009162303664921465
1.0 0.009162303664921465
1.0 0.009162303664921465
1.0 0.009162303664921465
1.0 0.009162303664921465
1.0 0.009162303664921465
1.0 0.009162303664921465
1.0 0.008848771004027218
1.0 0.008848771004027218
1.0 0.008848771004027218
1.0 0.008848771004027218
1.0 0.008848771004027218
1.0 0.008848771004027218
1.0 0.008848771004027218
1.0 0.008848771004027218
1.0 0.008848771004027218
1.0 0.008848771004027218
1.0 0.008848771004027218
1.0 0.008848771004027218
1.0 0.008848771004027218
0.9998374960986166 0.00884922775825504
0.9998374960986166 0.00884922775825504
0.9998374960986166 0.00884922775825504
0.9998374960986166 0.00884922775825504
0.9998374960986166 0.00884922775825504
0.9998374960986166 0.00884922775825504
0.9998374960986166 0.00884922775825504
0.9998374960986166 0.00884922775825504
0.9998374960986166 0.00884922775825504
0.9998374960986166 0.00884922775825504
0.9998374960986166 0.00884922775825504
0.9998374960986166 0.00884922775825504
0.9998374960986166 0.00884922775825504
0.9878815911193339 0.008816705336426913
0.9878815911193339 0.008816705336426913
0.9878815911193339 0.008816705336426913
0.9878815911193339 0.008816705336426913
0.9878815911193339 0.008816705336426913
0.9878815911193339 0.008816705336426913
0.9878815911193339 0.008816705336426913
0.9878815911193339 0.008816705336426913
0.9878815911193339 0.008816705336426913
0.9878815911193339 0.008816705336426913
0.9878815911193339 0.008816705336426913
0.9878815911193339 0.008816705336426913
0.9878815911193339 0.008816705336426913
0.9878815911193339 0.008816705336426913
0.9878815911193339 0.008816705336426913
0.9878815911193339 0.008816705336426913
0.9878815911193339 0.008816705336426913
0.9878815911193339 0.008816705336426913
0.9878815911193339 0.008816705336426913
0.9878815911193339 0.008816705336426913
0.9878815911193339 0.008816705336426913
0.9878815911193339 0.008816705336426913
0.9878815911193339 0.008816705336426913
0.9878815911193339 0.008816705336426913
0.9878815911193339 0.008816705336426913
0.9878815911193339 0.008816705336426913
0.9878815911193339 0.008816705336426913
0.9878815911193339 0.008816705336426913
0.9878815911193339 0.008816705336426913
0.9878815911193339 0.008816705336426913
0.9878815911193339 0.008816705336426913
0.9878815911193339 0.008816705336426913
0.9878815911193339 0.008816705336426913
0.9878815911193339 0.008816705336426913
0.9878815911193339 0.008816705336426913
0.9878815911193339 0.008816705336426913
0.9878815911193339 0.008816705336426913
0.9878815911193339 0.008816705336426913
0.9878815911193339 0.008816705336426913
1.0 0.00847457627118644
1.0 0.00847457627118644
1.0 0.00847457627118644
1.0 0.00847457627118644
1.0 0.00847457627118644
1.0 0.00847457627118644
1.0 0.00847457627118644
1.0 0.00847457627118644
1.0 0.00847457627118644
1.0 0.00847457627118644
1.0 0.00847457627118644
1.0 0.00847457627118644
1.0 0.00847457627118644
1.0 0.008492569002123142
1.0 0.008492569002123142
1.0 0.008492569002123142
1.0 0.008492569002123142
1.0 0.008492569002123142
1.0 0.008492569002123142
1.0 0.008492569002123142
1.0 0.008492569002123142
1.0 0.008492569002123142
1.0 0.008492569002123142
1.0 0.008492569002123142
1.0 0.008492569002123142
1.0 0.008492569002123142