0.008849557522123894 0.008849557522123894
0.008849557522123894 0.008849557522123894
0.008849557522123894 0.008849557522123894
0.008849557522123894 0.008849557522123894
0.008849557522123894 0.008849557522123894
0.008849557522123894 0.008849557522123894
0.008849557522123894 0.008849557522123894
0.008849557522123894 0.008849557522123894
0.008849557522123894 0.008849557522123894
0.008849557522123894 0.008849557522123894
0.008849557522123894 0.008849557522123894
0.008849557522123894 0.008849557522123894
0.008849557522123894 0.008849557522123894
0.008849557522123894 0.008849557522123894
0.008849557522123894 0.008849557522123894
0.008849557522123894 0.008849557522123894
0.008849557522123894 0.008849557522123894
0.008849557522123894 0.008849557522123894
0.008849557522123894 0.008849557522123894
0.008849557522123894 0.008849557522123894
0.008849557522123894 0.008849557522123894
0.008849557522123894 0.008849557522123894
0.008849557522123894 0.008849557522123894
0.008849557522123894 0.008849557522123894
0.008849557522123894 0.008849557522123894
0.008849557522123894 0.008849557522123894
0.008849557522123894 0.008849557522123894
0.008849557522123894 0.008849557522123894
0.008849557522123894 0.008849557522123894
0.008849557522123894 0.008849557522123894
0.008849557522123894 0.008849557522123894
0.008849557522123894 0.008849557522123894
0.008849557522123894 0.008849557522123894
0.008849557522123894 0.008849557522123894
0.008849557522123894 0.008849557522123894