0.48899339509505196 0.4866434546949896
0.498006934606731 0.49636132416931456
0.8499494578036064 0.8471806874463329
0.9692754169278316 0.972830399229005
0.9692754169278316 0.972830399229005
0.9692754169278316 0.972830399229005
0.9692754169278316 0.972830399229005
0.5843076443713384 0.5851250149452731
0.2705793693638205 0.2720894759915509
0.22337621871909047 0.22429793447267643
0.1397348617969834 0.1430108656664505
0.03813598930461909 0.03574547022358129
0.03813598930461909 0.03574547022358129
0.006030281840677954 0.005853474730713352