6.837013139561275e-07 1.0244782730999441e-06
6.837013139561275e-07 1.0244782730999441e-06
9.328802983396199e-07 1.980688754833792e-06
9.328802983396199e-07 1.980688754833792e-06
9.328802983396199e-07 1.980688754833792e-06
9.328802983396199e-07 1.980688754833792e-06
9.328802983396199e-07 1.980688754833792e-06
1.4946337283799316e-06 1.980663247443169e-06
1.536374397328826e-06 1.9806882307354595e-06
1.536374397328826e-06 1.9806882307354595e-06
1.3710997832994472e-06 1.980696511279306e-06
1.3710997832994472e-06 1.980696511279306e-06
9.245518362134978e-07 1.980714382447234e-06
2.159423932866864e-06 1.9806804535905087e-06
1.5118023494946929e-06 1.9806588494007987e-06
1.4637011626414215e-06 1.980146712384627e-06
1.242410551920284e-06 1.980689459317946e-06
1.242410551920284e-06 1.980689459317946e-06
1.927887055252689e-06 1.9806843241411236e-06
1.3340575222355382e-06 1.980688463719619e-06
1.3340575222355382e-06 1.980688463719619e-06
1.3340575222355382e-06 1.980688463719619e-06
1.4500825607577387e-06 1.9806886733483633e-06
1.3867471221762278e-06 1.980689006488436e-06
1.3867471221762278e-06 1.980689006488436e-06
1.5201526522873115e-06 1.980684155293172e-06
1.5201526522873115e-06 1.980684155293172e-06
6.800834182168287e-07 1.0244785254532296e-06
6.800834182168287e-07 1.0244785254532296e-06
9.316937395194029e-07 1.980687855370249e-06
9.316937395194029e-07 1.980687855370249e-06
9.316937395194029e-07 1.980687855370249e-06
9.316937395194029e-07 1.980687855370249e-06
9.316937395194029e-07 1.980687855370249e-06
1.486826740168975e-06 1.9806617948486517e-06
1.5300553602334845e-06 1.9806887307506134e-06
1.5300553602334845e-06 1.9806887307506134e-06
1.3693277861237828e-06 1.9806886149386026e-06
1.3693277861237828e-06 1.9806886149386026e-06
9.297626683551275e-07 1.9806452057003473e-06
2.1349580274752657e-06 1.980680021182224e-06
1.5008556348818154e-06 1.980680253606796e-06
1.4458692393118056e-06 1.9805128156125826e-06
1.2356518863861545e-06 1.980688825669105e-06
1.2356518863861545e-06 1.980688825669105e-06
1.9298825290850307e-06 1.9806946757900706e-06
1.3269992595525123e-06 1.980688428162981e-06
1.3269992595525123e-06 1.980688428162981e-06
1.3269992595525123e-06 1.980688428162981e-06
1.444456389906526e-06 1.980688829904763e-06
1.379514813979224e-06 1.9806884003322205e-06
1.379514813979224e-06 1.9806884003322205e-06
1.5132025086812252e-06 1.9806894601068323e-06
1.5132025086812252e-06 1.9806894601068323e-06
6.702660930648421e-07 1.024478326220425e-06
6.702660930648421e-07 1.024478326220425e-06
9.33978062158383e-07 1.9806885428445987e-06
9.33978062158383e-07 1.9806885428445987e-06
9.33978062158383e-07 1.9806885428445987e-06
9.33978062158383e-07 1.9806885428445987e-06
9.33978062158383e-07 1.9806885428445987e-06
1.4608423846630808e-06 1.980684536276476e-06
1.4874630046757716e-06 1.9806891040279858e-06
1.4874630046757716e-06 1.9806891040279858e-06
1.3335131521375203e-06 1.980683912149891e-06
1.3335131521375203e-06 1.980683912149891e-06
9.37350439804749e-07 1.980712699539137e-06
2.0785243057283438e-06 1.980693986264442e-06
1.5732537494938332e-06 1.9806840417560688e-06
1.3055294962591058e-06 1.980817350076266e-06
1.2139243269493898e-06 1.9806877702145016e-06
1.2139243269493898e-06 1.9806877702145016e-06
1.974694756204951e-06 1.980692739020021e-06
1.307835005945315e-06 1.9806881538106762e-06
1.307835005945315e-06 1.9806881538106762e-06
1.307835005945315e-06 1.9806881538106762e-06
1.4571838233877197e-06 1.980688105072696e-06
1.3618353365618582e-06 1.980688358461476e-06
1.3618353365618582e-06 1.980688358461476e-06
1.4763746318214597e-06 1.980688687907395e-06
1.4763746318214597e-06 1.980688687907395e-06
6.755474774517235e-07 1.0244782695207247e-06
6.755474774517235e-07 1.0244782695207247e-06
6.755474774517235e-07 1.0244782695207247e-06
6.755474774517235e-07 1.0244782695207247e-06
6.755474774517235e-07 1.0244782695207247e-06
6.755474774517235e-07 1.0244782695207247e-06
6.755474774517235e-07 1.0244782695207247e-06
6.755474774517235e-07 1.0244782695207247e-06
9.258983166563689e-07 1.98068802842697e-06
9.258983166563689e-07 1.98068802842697e-06
9.258983166563689e-07 1.98068802842697e-06
9.258983166563689e-07 1.98068802842697e-06
9.258983166563689e-07 1.98068802842697e-06
9.258983166563689e-07 1.98068802842697e-06
9.258983166563689e-07 1.98068802842697e-06
9.258983166563689e-07 1.98068802842697e-06
9.258983166563689e-07 1.98068802842697e-06
9.258983166563689e-07 1.98068802842697e-06
9.258983166563689e-07 1.98068802842697e-06
9.258983166563689e-07 1.98068802842697e-06
9.258983166563689e-07 1.98068802842697e-06
9.258983166563689e-07 1.98068802842697e-06
9.258983166563689e-07 1.98068802842697e-06
9.258983166563689e-07 1.98068802842697e-06
9.258983166563689e-07 1.98068802842697e-06
9.258983166563689e-07 1.98068802842697e-06
9.258983166563689e-07 1.98068802842697e-06
9.258983166563689e-07 1.98068802842697e-06
1.4740774369164089e-06 1.9806542907835567e-06
1.4740774369164089e-06 1.9806542907835567e-06
1.4740774369164089e-06 1.9806542907835567e-06
1.4740774369164089e-06 1.9806542907835567e-06
1.5132072270106066e-06 1.9806889285998e-06
1.5132072270106066e-06 1.9806889285998e-06
1.5132072270106066e-06 1.9806889285998e-06
1.5132072270106066e-06 1.9806889285998e-06
1.5132072270106066e-06 1.9806889285998e-06
1.5132072270106066e-06 1.9806889285998e-06
1.5132072270106066e-06 1.9806889285998e-06
1.5132072270106066e-06 1.9806889285998e-06
1.3490932581321151e-06 1.98069146947222e-06
1.3490932581321151e-06 1.98069146947222e-06
1.3490932581321151e-06 1.98069146947222e-06
1.3490932581321151e-06 1.98069146947222e-06
1.3490932581321151e-06 1.98069146947222e-06
1.3490932581321151e-06 1.98069146947222e-06
1.3490932581321151e-06 1.98069146947222e-06
1.3490932581321151e-06 1.98069146947222e-06
9.119359506948222e-07 1.9806725108658294e-06
9.119359506948222e-07 1.9806725108658294e-06
9.119359506948222e-07 1.9806725108658294e-06
9.119359506948222e-07 1.9806725108658294e-06
2.123628698523782e-06 1.980697539804581e-06
2.123628698523782e-06 1.980697539804581e-06
2.123628698523782e-06 1.980697539804581e-06
2.123628698523782e-06 1.980697539804581e-06
1.5041990591005648e-06 1.980696569250739e-06
1.5041990591005648e-06 1.980696569250739e-06
1.5041990591005648e-06 1.980696569250739e-06
1.5041990591005648e-06 1.980696569250739e-06
1.422939774439771e-06 1.9810759155583145e-06
1.422939774439771e-06 1.9810759155583145e-06
1.422939774439771e-06 1.9810759155583145e-06
1.422939774439771e-06 1.9810759155583145e-06
1.2308357790655597e-06 1.9806884756182626e-06
1.2308357790655597e-06 1.9806884756182626e-06
1.2308357790655597e-06 1.9806884756182626e-06
1.2308357790655597e-06 1.9806884756182626e-06
1.2308357790655597e-06 1.9806884756182626e-06
1.2308357790655597e-06 1.9806884756182626e-06
1.2308357790655597e-06 1.9806884756182626e-06
1.2308357790655597e-06 1.9806884756182626e-06
1.9029322833512266e-06 1.980688244549867e-06
1.9029322833512266e-06 1.980688244549867e-06
1.9029322833512266e-06 1.980688244549867e-06
1.9029322833512266e-06 1.980688244549867e-06
1.3181468803835034e-06 1.980688391556608e-06
1.3181468803835034e-06 1.980688391556608e-06
1.3181468803835034e-06 1.980688391556608e-06
1.3181468803835034e-06 1.980688391556608e-06
1.3181468803835034e-06 1.980688391556608e-06
1.3181468803835034e-06 1.980688391556608e-06
1.3181468803835034e-06 1.980688391556608e-06
1.3181468803835034e-06 1.980688391556608e-06
1.3181468803835034e-06 1.980688391556608e-06
1.3181468803835034e-06 1.980688391556608e-06
1.3181468803835034e-06 1.980688391556608e-06
1.3181468803835034e-06 1.980688391556608e-06
1.4339165215493136e-06 1.980688367367355e-06
1.4339165215493136e-06 1.980688367367355e-06
1.4339165215493136e-06 1.980688367367355e-06
1.4339165215493136e-06 1.980688367367355e-06
1.3683465207950299e-06 1.980688666022405e-06
1.3683465207950299e-06 1.980688666022405e-06
1.3683465207950299e-06 1.980688666022405e-06
1.3683465207950299e-06 1.980688666022405e-06
1.3683465207950299e-06 1.980688666022405e-06
1.3683465207950299e-06 1.980688666022405e-06
1.3683465207950299e-06 1.980688666022405e-06
1.3683465207950299e-06 1.980688666022405e-06
1.498379450415118e-06 1.980687473453574e-06
1.498379450415118e-06 1.980687473453574e-06
1.498379450415118e-06 1.980687473453574e-06
1.498379450415118e-06 1.980687473453574e-06
1.498379450415118e-06 1.980687473453574e-06
1.498379450415118e-06 1.980687473453574e-06
1.498379450415118e-06 1.980687473453574e-06
1.498379450415118e-06 1.980687473453574e-06
6.750558690131823e-07 1.024478493052697e-06
6.750558690131823e-07 1.024478493052697e-06
9.272220666274029e-07 1.9806882170310563e-06
9.272220666274029e-07 1.9806882170310563e-06
9.272220666274029e-07 1.9806882170310563e-06
9.272220666274029e-07 1.9806882170310563e-06
9.272220666274029e-07 1.9806882170310563e-06
1.448384181874454e-06 1.980661230178042e-06
1.523265444039018e-06 1.980688548224129e-06
1.523265444039018e-06 1.980688548224129e-06
1.363503700811574e-06 1.980687845979053e-06
1.363503700811574e-06 1.980687845979053e-06
9.27063110947602e-07 1.980651791949638e-06
2.1278337032691546e-06 1.9806872069541995e-06
1.4867537500963617e-06 1.9806555566748867e-06
1.4014995699510002e-06 1.980286639101019e-06
1.2296059424093096e-06 1.9806870832225132e-06
1.2296059424093096e-06 1.9806870832225132e-06
1.922744650292385e-06 1.980690622344751e-06
1.317191682976834e-06 1.9806884287591667e-06
1.317191682976834e-06 1.9806884287591667e-06
1.317191682976834e-06 1.9806884287591667e-06
1.4316695901370146e-06 1.9806877344202653e-06
1.3675426643663917e-06 1.9806878104194236e-06
1.3675426643663917e-06 1.9806878104194236e-06
1.5066217100739639e-06 1.9806883558143474e-06
1.5066217100739639e-06 1.9806883558143474e-06
7.027666029338254e-07 1.0244779907765906e-06
7.027666029338254e-07 1.0244779907765906e-06
9.031266540128723e-07 1.9806881057566646e-06
9.031266540128723e-07 1.9806881057566646e-06
9.031266540128723e-07 1.9806881057566646e-06
9.031266540128723e-07 1.9806881057566646e-06
9.031266540128723e-07 1.9806881057566646e-06
1.4901831597404255e-06 1.9806681725644286e-06
1.6051877551612523e-06 1.9806861580907743e-06
1.6051877551612523e-06 1.9806861580907743e-06
1.3791943998949386e-06 1.9806975484854138e-06
1.3791943998949386e-06 1.9806975484854138e-06
8.168630135799692e-07 1.9807329521465054e-06
2.411671913340021e-06 1.9806442873079295e-06
1.4236421946504669e-06 1.9807153858016753e-06
1.8113962017498724e-06 1.980302545159946e-06
1.2859581545900329e-06 1.980689607741225e-06
1.2859581545900329e-06 1.980689607741225e-06
1.6272032242099834e-06 1.9806736663265802e-06
1.3712827465791276e-06 1.980688802870323e-06
1.3712827465791276e-06 1.980688802870323e-06
1.3712827465791276e-06 1.980688802870323e-06
1.4021600294489699e-06 1.980689223806182e-06
1.4203038697173079e-06 1.9806894207407313e-06
1.4203038697173079e-06 1.9806894207407313e-06
1.5928773932242652e-06 1.980687509623967e-06
1.5928773932242652e-06 1.980687509623967e-06
7.024942440811467e-07 1.024478891896039e-06
7.024942440811467e-07 1.024478891896039e-06
8.927520502624988e-07 1.980688024890816e-06
8.927520502624988e-07 1.980688024890816e-06
8.927520502624988e-07 1.980688024890816e-06
8.927520502624988e-07 1.980688024890816e-06
8.927520502624988e-07 1.980688024890816e-06
1.486359421392395e-06 1.98076287504984e-06
1.6364826495126967e-06 1.9806916785536394e-06
1.6364826495126967e-06 1.9806916785536394e-06
1.4032093282040675e-06 1.9806984999039287e-06
1.4032093282040675e-06 1.9806984999039287e-06
7.948876241977666e-07 1.980776512687127e-06
2.4137072948721113e-06 1.9807191343132515e-06
1.274197351843109e-06 1.980600658954773e-06
1.9696844082110054e-06 1.980537551176469e-06
1.2964087314604524e-06 1.980690745900327e-06
1.2964087314604524e-06 1.980690745900327e-06
1.5699641364070588e-06 1.9806773849637313e-06
1.3707648455020306e-06 1.9806874442940984e-06
1.3707648455020306e-06 1.9806874442940984e-06
1.3707648455020306e-06 1.9806874442940984e-06
1.3535338230594575e-06 1.9806890279788186e-06
1.4134647484200812e-06 1.9806884881177783e-06
1.4134647484200812e-06 1.9806884881177783e-06
1.6181144728077467e-06 1.9806928058198313e-06
1.6181144728077467e-06 1.9806928058198313e-06
7.316127979775322e-07 1.0244792730726619e-06
7.316127979775322e-07 1.0244792730726619e-06
8.896074540964805e-07 1.9806902043783272e-06
8.896074540964805e-07 1.9806902043783272e-06
8.896074540964805e-07 1.9806902043783272e-06
8.896074540964805e-07 1.9806902043783272e-06
8.896074540964805e-07 1.9806902043783272e-06
1.5817894918878914e-06 1.9804729516228387e-06
1.7518191219738957e-06 1.980689031625729e-06
1.7518191219738957e-06 1.980689031625729e-06
1.4996262451095705e-06 1.980668067592906e-06
1.4996262451095705e-06 1.980668067592906e-06
7.878919717904878e-07 1.980794021473217e-06
2.617257299726464e-06 1.980719586878851e-06
1.0920883015657148e-06 1.980833946923768e-06
2.34381043487293e-06 1.97832838692182e-06
1.3552916361743381e-06 1.9806898646850163e-06
1.3552916361743381e-06 1.9806898646850163e-06
1.5168639952544355e-06 1.980692709729033e-06
1.4275873688927353e-06 1.9806867469801128e-06
1.4275873688927353e-06 1.9806867469801128e-06
1.4275873688927353e-06 1.9806867469801128e-06
1.3101231066372963e-06 1.980688174347109e-06
1.469097263940714e-06 1.9806900539168752e-06
1.469097263940714e-06 1.9806900539168752e-06
1.7209770558442064e-06 1.980686971759964e-06
1.7209770558442064e-06 1.980686971759964e-06
8.372594997733066e-07 1.0244791175723402e-06
8.372594997733066e-07 1.0244791175723402e-06
8.372594997733066e-07 1.0244791175723402e-06
8.372594997733066e-07 1.0244791175723402e-06
9.839191417393813e-07 1.980685356530767e-06
9.839191417393813e-07 1.980685356530767e-06
9.839191417393813e-07 1.980685356530767e-06
9.839191417393813e-07 1.980685356530767e-06
9.839191417393813e-07 1.980685356530767e-06
9.839191417393813e-07 1.980685356530767e-06
9.839191417393813e-07 1.980685356530767e-06
9.839191417393813e-07 1.980685356530767e-06
9.839191417393813e-07 1.980685356530767e-06
9.839191417393813e-07 1.980685356530767e-06
1.6357674459444829e-06 1.9814064900107635e-06
1.6357674459444829e-06 1.9814064900107635e-06
2.0882383173886155e-06 1.9806956022678554e-06
2.0882383173886155e-06 1.9806956022678554e-06
2.0882383173886155e-06 1.9806956022678554e-06
2.0882383173886155e-06 1.9806956022678554e-06
1.7315513555192891e-06 1.9806194407107017e-06
1.7315513555192891e-06 1.9806194407107017e-06
1.7315513555192891e-06 1.9806194407107017e-06
1.7315513555192891e-06 1.9806194407107017e-06
9.401245559838867e-07 1.9811955609059095e-06
9.401245559838867e-07 1.9811955609059095e-06
3.4813962571344196e-06 1.9807663894478163e-06
3.4813962571344196e-06 1.9807663894478163e-06
1.2766117232604748e-06 1.9803254184305053e-06
1.2766117232604748e-06 1.9803254184305053e-06
3.188626309207998e-06 1.9846360815345205e-06
3.188626309207998e-06 1.9846360815345205e-06
1.4304284821202008e-06 1.9806922555310205e-06
1.4304284821202008e-06 1.9806922555310205e-06
1.4304284821202008e-06 1.9806922555310205e-06
1.4304284821202008e-06 1.9806922555310205e-06
1.8759192752820934e-06 1.980741113379335e-06
1.8759192752820934e-06 1.980741113379335e-06
1.6337167312314521e-06 1.9806939285601377e-06
1.6337167312314521e-06 1.9806939285601377e-06
1.6337167312314521e-06 1.9806939285601377e-06
1.6337167312314521e-06 1.9806939285601377e-06
1.6337167312314521e-06 1.9806939285601377e-06
1.6337167312314521e-06 1.9806939285601377e-06
1.47755663859237e-06 1.9806943178499315e-06
1.47755663859237e-06 1.9806943178499315e-06
1.7504899203771409e-06 1.980688374665374e-06
1.7504899203771409e-06 1.980688374665374e-06
1.7504899203771409e-06 1.980688374665374e-06
1.7504899203771409e-06 1.980688374665374e-06
2.0883600265526444e-06 1.980659603909094e-06
2.0883600265526444e-06 1.980659603909094e-06
2.0883600265526444e-06 1.980659603909094e-06
2.0883600265526444e-06 1.980659603909094e-06
1.3221467877117086e-06 1.0244563784500771e-06
1.3221467877117086e-06 1.0244563784500771e-06
1.251429732963303e-06 1.9807276010312598e-06
1.251429732963303e-06 1.9807276010312598e-06
1.251429732963303e-06 1.9807276010312598e-06
1.251429732963303e-06 1.9807276010312598e-06
1.251429732963303e-06 1.9807276010312598e-06
2.8664396900521603e-06 1.9754896322535073e-06
3.181694202616483e-06 1.9807323912097963e-06
3.181694202616483e-06 1.9807323912097963e-06
2.4393563925099923e-06 1.98056733850333e-06
2.4393563925099923e-06 1.98056733850333e-06
1.3114618444655047e-06 1.982051510128633e-06
6.081358679953424e-06 1.9798911338880715e-06
2.792302245917492e-06 1.9784949015742505e-06
3.042999489925975e-06 2.0199326958425746e-06
2.1046254445612962e-06 1.9807576184053073e-06
2.1046254445612962e-06 1.9807576184053073e-06
4.195789901550005e-06 1.980987306132359e-06
2.5797038308687985e-06 1.980693426452126e-06
2.5797038308687985e-06 1.980693426452126e-06
2.5797038308687985e-06 1.980693426452126e-06
2.8320530384602833e-06 1.980643219688291e-06
2.852838027477262e-06 1.9807271296872702e-06
2.852838027477262e-06 1.9807271296872702e-06
3.2874752760522547e-06 1.9808301224195244e-06
3.2874752760522547e-06 1.9808301224195244e-06