4.599235990248087e-06 1.9806502653492027e-06
4.599235990248087e-06 1.9806502653492027e-06
4.599235990248087e-06 1.9806502653492027e-06
4.599235990248087e-06 1.9806502653492027e-06
4.599235990248087e-06 1.9806502653492027e-06
4.599235990248087e-06 1.9806502653492027e-06
1.12906572741485e-06 1.9806502653492027e-06
1.12906572741485e-06 1.9806502653492027e-06
1.12906572741485e-06 1.9806502653492027e-06
1.12906572741485e-06 1.9806502653492027e-06
1.12906572741485e-06 1.9806502653492027e-06
1.12906572741485e-06 1.9806502653492027e-06
1.12906572741485e-06 1.9806502653492027e-06
1.12906572741485e-06 1.9806502653492027e-06
1.12906572741485e-06 1.9806502653492027e-06
1.12906572741485e-06 1.9806502653492027e-06
1.12906572741485e-06 1.9806502653492027e-06
1.12906572741485e-06 1.9806502653492027e-06
1.12906572741485e-06 1.9806502653492027e-06
1.12906572741485e-06 1.9806502653492027e-06
1.12906572741485e-06 1.9806502653492027e-06
1.12906572741485e-06 1.9806502653492027e-06
1.12906572741485e-06 1.9806502653492027e-06
1.12906572741485e-06 1.9806502653492027e-06
1.12906572741485e-06 1.9806502653492027e-06
1.12906572741485e-06 1.9806502653492027e-06
1.12906572741485e-06 1.9806502653492027e-06
1.12906572741485e-06 1.9806502653492027e-06
1.12906572741485e-06 1.9806502653492027e-06
1.12906572741485e-06 1.9806502653492027e-06
1.12906572741485e-06 1.9806502653492027e-06
1.12906572741485e-06 1.9806502653492027e-06
1.12906572741485e-06 1.9806502653492027e-06
1.12906572741485e-06 1.9806502653492027e-06
1.12906572741485e-06 1.9806502653492027e-06
1.12906572741485e-06 1.9806502653492027e-06
1.12906572741485e-06 1.9806502653492027e-06
1.12906572741485e-06 1.9806502653492027e-06
1.12906572741485e-06 1.9806502653492027e-06
1.12906572741485e-06 1.9806502653492027e-06
1.12906572741485e-06 1.9806502653492027e-06
1.12906572741485e-06 1.9806502653492027e-06
1.12906572741485e-06 1.9806502653492027e-06
1.12906572741485e-06 1.9806502653492027e-06
1.12906572741485e-06 1.9806502653492027e-06
1.12906572741485e-06 1.9806502653492027e-06
1.2738350614323784e-05 1.9806502653492027e-06
1.2738350614323784e-05 1.9806502653492027e-06
1.12906572741485e-06 1.9806502653492027e-06
1.12906572741485e-06 1.9806502653492027e-06
1.12906572741485e-06 1.9806502653492027e-06
1.12906572741485e-06 1.9806502653492027e-06
1.12906572741485e-06 1.9806502653492027e-06
1.12906572741485e-06 1.9806502653492027e-06
1.12906572741485e-06 1.9806502653492027e-06
1.12906572741485e-06 1.9806502653492027e-06
1.12906572741485e-06 1.9806502653492027e-06
1.12906572741485e-06 1.9806502653492027e-06
1.12906572741485e-06 1.9806502653492027e-06
1.12906572741485e-06 1.9806502653492027e-06
1.12906572741485e-06 1.9806502653492027e-06
1.12906572741485e-06 1.9806502653492027e-06