8.208171529873147e-07 1.0426441603464857e-06
8.188175982462328e-07 1.0426441576091636e-06
8.054051352191189e-07 1.0426441466107595e-06
8.151767373988949e-07 1.0426441535806681e-06
8.151767373988949e-07 1.0426441535806681e-06
8.151767373988949e-07 1.0426441535806681e-06
8.151767373988949e-07 1.0426441535806681e-06
8.175475141786741e-07 1.0426441597927932e-06
8.426546568644011e-07 1.0426441564095864e-06
8.529399693424488e-07 1.0426441199944409e-06
8.937264672094405e-07 1.0426441259717978e-06
9.698125964384037e-07 1.0426439299486856e-06
9.698125964384037e-07 1.0426439299486856e-06
1.1431496313890412e-06 1.0426433224540853e-06