1.1910895976868236e-06 2.271269732107224e-06
1.1910895976868236e-06 2.271269732107224e-06
8.915954171482273e-07 2.2719834400335256e-06
8.915954171482273e-07 2.2719834400335256e-06
9.520628001717367e-07 2.2712723498993492e-06
9.520628001717367e-07 2.2712723498993492e-06
7.256637187765648e-07 2.2712689364229317e-06
7.256637187765648e-07 2.2712689364229317e-06
7.866833487390327e-07 2.271271925216711e-06
7.866833487390327e-07 2.271271925216711e-06
1.1873531133280636e-06 2.2712698799667317e-06
1.1873531133280636e-06 2.2712698799667317e-06
1.2081871049633894e-06 2.2712712489042717e-06
1.2081871049633894e-06 2.2712712489042717e-06
1.2081871049633894e-06 2.2712712489042717e-06
1.2081871049633894e-06 2.2712712489042717e-06
1.2081871049633894e-06 2.2712712489042717e-06
1.2081871049633894e-06 2.2712712489042717e-06
1.2081871049633894e-06 2.2712712489042717e-06
1.2081871049633894e-06 2.2712712489042717e-06
1.1873531133280636e-06 2.2712705585568516e-06
1.1873531133280636e-06 2.2712705585568516e-06
1.1873531133280636e-06 2.2712705585568516e-06
1.1873531133280636e-06 2.2712705585568516e-06
7.637762428078633e-07 2.2712715039612594e-06
7.637762428078633e-07 2.2712715039612594e-06
7.637762428078633e-07 2.2712715039612594e-06
7.637762428078633e-07 2.2712715039612594e-06
7.932735352434831e-07 2.271271455125276e-06
7.932735352434831e-07 2.271271455125276e-06
7.923139080028125e-07 2.2712713716694213e-06
7.923139080028125e-07 2.2712713716694213e-06
7.923139080028125e-07 2.2712713716694213e-06
7.923139080028125e-07 2.2712713716694213e-06
7.923139080028125e-07 2.2712713716694213e-06
7.923139080028125e-07 2.2712713716694213e-06
7.923139080028125e-07 2.2712713716694213e-06
7.923139080028125e-07 2.2712713716694213e-06
7.54221774432603e-07 2.2712716200599514e-06
7.54221774432603e-07 2.2712716200599514e-06
7.54221774432603e-07 2.2712716200599514e-06
7.54221774432603e-07 2.2712716200599514e-06
7.932735352434831e-07 2.271271455125276e-06
7.932735352434831e-07 2.271271455125276e-06
7.932735352434831e-07 2.271271455125276e-06
7.932735352434831e-07 2.271271455125276e-06
7.995499966798756e-07 2.2712711530290427e-06
7.995499966798756e-07 2.2712711530290427e-06
8.266867599690563e-07 2.2712722035165866e-06
8.266867599690563e-07 2.2712722035165866e-06
7.481166145434874e-07 2.2712714170620525e-06
7.481166145434874e-07 2.2712714170620525e-06
7.481166145434874e-07 2.2712714170620525e-06
7.481166145434874e-07 2.2712714170620525e-06
6.481607966816092e-07 2.2710745043893247e-06
6.481607966816092e-07 2.2710745043893247e-06
8.081112826579513e-07 2.2712721287296756e-06
8.081112826579513e-07 2.2712721287296756e-06
7.597266572625274e-07 2.2712718933778133e-06
7.597266572625274e-07 2.2712718933778133e-06
4.3597816351350967e-07 2.271258400417571e-06
4.3597816351350967e-07 2.271258400417571e-06
4.3597816351350967e-07 2.271258400417571e-06
4.3597816351350967e-07 2.271258400417571e-06
4.3597816351350967e-07 2.271258400417571e-06
4.3597816351350967e-07 2.271258400417571e-06
6.58375362353594e-07 2.2705761638445303e-06
6.58375362353594e-07 2.2705761638445303e-06
6.591539793044921e-07 2.2707815104569374e-06
6.591539793044921e-07 2.2707815104569374e-06