5.927436324515284e-06 0.0088492149169502
5.927436324515284e-06 0.0088492149169502
5.927436324515284e-06 0.0088492149169502
5.820154321391832e-06 0.008849686713499057
5.820154321391832e-06 0.008849686713499057
5.820154321391832e-06 0.008849686713499057
6.820351930159596e-06 0.008849247181045197
6.820351930159596e-06 0.008849247181045197
6.820351930159596e-06 0.008849247181045197
6.728297875203531e-06 0.008849643213610023
6.728297875203531e-06 0.008849643213610023
6.728297875203531e-06 0.008849643213610023
6.728297875203531e-06 0.008849643213610023
6.728297875203531e-06 0.008849643213610023
6.728297875203531e-06 0.008849643213610023
6.728297875203531e-06 0.008849643213610023
6.728297875203531e-06 0.008849643213610023
6.728297875203531e-06 0.008849643213610023
6.728297875203531e-06 0.008849643213610023
6.728297875203531e-06 0.008849643213610023
6.728297875203531e-06 0.008849643213610023
8.680932332132472e-06 0.008849612318620718
8.680932332132472e-06 0.008849612318620718
8.680932332132472e-06 0.008849612318620718
8.034085948651479e-06 0.008849698929141156
8.034085948651479e-06 0.008849698929141156
8.034085948651479e-06 0.008849698929141156
9.731823386869175e-06 0.008848642658921817
9.731823386869175e-06 0.008848642658921817
9.731823386869175e-06 0.008848642658921817
1.0371346045146469e-05 0.008851844345358736
1.0371346045146469e-05 0.008851844345358736
1.0371346045146469e-05 0.008851844345358736
1.9000931045621236e-05 0.008858706669369552
1.9000931045621236e-05 0.008858706669369552
1.9000931045621236e-05 0.008858706669369552
1.9000931045621236e-05 0.008858706669369552
1.9000931045621236e-05 0.008858706669369552
1.9000931045621236e-05 0.008858706669369552
0.03792225574516766 0.0088492149169502
0.03792225574516766 0.0088492149169502
0.03792225574516766 0.0088492149169502
0.03792225574516766 0.0088492149169502
0.03792225574516766 0.0088492149169502
0.03792225574516766 0.0088492149169502
0.03792225574516766 0.0088492149169502
0.03792225574516766 0.0088492149169502
0.03792225574516766 0.0088492149169502
0.03792225574516766 0.0088492149169502
0.03792225574516766 0.0088492149169502
0.03792225574516766 0.0088492149169502
0.03792225574516766 0.0088492149169502
0.03792225574516766 0.0088492149169502
0.03792225574516766 0.0088492149169502
0.03792225574516766 0.0088492149169502
0.03792225574516766 0.0088492149169502
0.03792225574516766 0.0088492149169502
0.03792225574516766 0.0088492149169502
0.03792225574516766 0.0088492149169502
0.053471212789207107 0.008849686713499057
0.053471212789207107 0.008849686713499057
0.053471212789207107 0.008849686713499057
0.053471212789207107 0.008849686713499057
0.053471212789207107 0.008849686713499057
0.053471212789207107 0.008849686713499057
0.053471212789207107 0.008849686713499057
0.053471212789207107 0.008849686713499057
0.053471212789207107 0.008849686713499057
0.053471212789207107 0.008849686713499057
0.053471212789207107 0.008849686713499057
0.053471212789207107 0.008849686713499057
0.053471212789207107 0.008849686713499057
0.053471212789207107 0.008849686713499057
0.053471212789207107 0.008849686713499057
0.053471212789207107 0.008849686713499057
0.053471212789207107 0.008849686713499057
0.053471212789207107 0.008849686713499057
0.053471212789207107 0.008849686713499057
0.053471212789207107 0.008849686713499057
0.2763240008184422 0.008849247181045197
0.2763240008184422 0.008849247181045197
0.2763240008184422 0.008849247181045197
0.2763240008184422 0.008849247181045197
0.2763240008184422 0.008849247181045197
0.2763240008184422 0.008849247181045197
0.2763240008184422 0.008849247181045197
0.2763240008184422 0.008849247181045197
0.2763240008184422 0.008849247181045197
0.2763240008184422 0.008849247181045197
0.2763240008184422 0.008849247181045197
0.2763240008184422 0.008849247181045197
0.2763240008184422 0.008849247181045197
0.2763240008184422 0.008849247181045197
0.2763240008184422 0.008849247181045197
0.2763240008184422 0.008849247181045197
0.2763240008184422 0.008849247181045197
0.2763240008184422 0.008849247181045197
0.2763240008184422 0.008849247181045197
0.2763240008184422 0.008849247181045197
0.33957719376152223 0.008849643213610023
0.33957719376152223 0.008849643213610023
0.33957719376152223 0.008849643213610023
0.33957719376152223 0.008849643213610023
0.33957719376152223 0.008849643213610023
0.33957719376152223 0.008849643213610023
0.33957719376152223 0.008849643213610023
0.33957719376152223 0.008849643213610023
0.33957719376152223 0.008849643213610023
0.33957719376152223 0.008849643213610023
0.33957719376152223 0.008849643213610023
0.33957719376152223 0.008849643213610023
0.33957719376152223 0.008849643213610023
0.33957719376152223 0.008849643213610023
0.33957719376152223 0.008849643213610023
0.33957719376152223 0.008849643213610023
0.33957719376152223 0.008849643213610023
0.33957719376152223 0.008849643213610023
0.33957719376152223 0.008849643213610023
0.33957719376152223 0.008849643213610023
0.33957719376152223 0.008849643213610023
0.33957719376152223 0.008849643213610023
0.33957719376152223 0.008849643213610023
0.33957719376152223 0.008849643213610023
0.33957719376152223 0.008849643213610023
0.33957719376152223 0.008849643213610023
0.33957719376152223 0.008849643213610023
0.33957719376152223 0.008849643213610023
0.33957719376152223 0.008849643213610023
0.33957719376152223 0.008849643213610023
0.33957719376152223 0.008849643213610023
0.33957719376152223 0.008849643213610023
0.33957719376152223 0.008849643213610023
0.33957719376152223 0.008849643213610023
0.33957719376152223 0.008849643213610023
0.33957719376152223 0.008849643213610023
0.33957719376152223 0.008849643213610023
0.33957719376152223 0.008849643213610023
0.33957719376152223 0.008849643213610023
0.33957719376152223 0.008849643213610023
0.33957719376152223 0.008849643213610023
0.33957719376152223 0.008849643213610023
0.33957719376152223 0.008849643213610023
0.33957719376152223 0.008849643213610023
0.33957719376152223 0.008849643213610023
0.33957719376152223 0.008849643213610023
0.33957719376152223 0.008849643213610023
0.33957719376152223 0.008849643213610023
0.33957719376152223 0.008849643213610023
0.33957719376152223 0.008849643213610023
0.33957719376152223 0.008849643213610023
0.33957719376152223 0.008849643213610023
0.33957719376152223 0.008849643213610023
0.33957719376152223 0.008849643213610023
0.33957719376152223 0.008849643213610023
0.33957719376152223 0.008849643213610023
0.33957719376152223 0.008849643213610023
0.33957719376152223 0.008849643213610023
0.33957719376152223 0.008849643213610023
0.33957719376152223 0.008849643213610023
0.33957719376152223 0.008849643213610023
0.33957719376152223 0.008849643213610023
0.33957719376152223 0.008849643213610023
0.33957719376152223 0.008849643213610023
0.33957719376152223 0.008849643213610023
0.33957719376152223 0.008849643213610023
0.33957719376152223 0.008849643213610023
0.33957719376152223 0.008849643213610023
0.33957719376152223 0.008849643213610023
0.33957719376152223 0.008849643213610023
0.33957719376152223 0.008849643213610023
0.33957719376152223 0.008849643213610023
0.33957719376152223 0.008849643213610023
0.33957719376152223 0.008849643213610023
0.33957719376152223 0.008849643213610023
0.33957719376152223 0.008849643213610023
0.33957719376152223 0.008849643213610023
0.33957719376152223 0.008849643213610023
0.33957719376152223 0.008849643213610023
0.33957719376152223 0.008849643213610023
0.5567813583178833 0.008849612318620718
0.5567813583178833 0.008849612318620718
0.5567813583178833 0.008849612318620718
0.5567813583178833 0.008849612318620718
0.5567813583178833 0.008849612318620718
0.5567813583178833 0.008849612318620718
0.5567813583178833 0.008849612318620718
0.5567813583178833 0.008849612318620718
0.5567813583178833 0.008849612318620718
0.5567813583178833 0.008849612318620718
0.5567813583178833 0.008849612318620718
0.5567813583178833 0.008849612318620718
0.5567813583178833 0.008849612318620718
0.5567813583178833 0.008849612318620718
0.5567813583178833 0.008849612318620718
0.5567813583178833 0.008849612318620718
0.5567813583178833 0.008849612318620718
0.5567813583178833 0.008849612318620718
0.5567813583178833 0.008849612318620718
0.5567813583178833 0.008849612318620718
0.6958803885283965 0.008849698929141156
0.6958803885283965 0.008849698929141156
0.6958803885283965 0.008849698929141156
0.6958803885283965 0.008849698929141156
0.6958803885283965 0.008849698929141156
0.6958803885283965 0.008849698929141156
0.6958803885283965 0.008849698929141156
0.6958803885283965 0.008849698929141156
0.6958803885283965 0.008849698929141156
0.6958803885283965 0.008849698929141156
0.6958803885283965 0.008849698929141156
0.6958803885283965 0.008849698929141156
0.6958803885283965 0.008849698929141156
0.6958803885283965 0.008849698929141156
0.6958803885283965 0.008849698929141156
0.6958803885283965 0.008849698929141156
0.6958803885283965 0.008849698929141156
0.6958803885283965 0.008849698929141156
0.6958803885283965 0.008849698929141156
0.6958803885283965 0.008849698929141156
0.6322895412094062 0.008848642658921817
0.6322895412094062 0.008848642658921817
0.6322895412094062 0.008848642658921817
0.6322895412094062 0.008848642658921817
0.6322895412094062 0.008848642658921817
0.6322895412094062 0.008848642658921817
0.6322895412094062 0.008848642658921817
0.6322895412094062 0.008848642658921817
0.6322895412094062 0.008848642658921817
0.6322895412094062 0.008848642658921817
0.6322895412094062 0.008848642658921817
0.6322895412094062 0.008848642658921817
0.6322895412094062 0.008848642658921817
0.6322895412094062 0.008848642658921817
0.6322895412094062 0.008848642658921817
0.6322895412094062 0.008848642658921817
0.6322895412094062 0.008848642658921817
0.6322895412094062 0.008848642658921817
0.6322895412094062 0.008848642658921817
0.6322895412094062 0.008848642658921817
0.6304326407002733 0.008851844345358736
0.6304326407002733 0.008851844345358736
0.6304326407002733 0.008851844345358736
0.6304326407002733 0.008851844345358736
0.6304326407002733 0.008851844345358736
0.6304326407002733 0.008851844345358736
0.6304326407002733 0.008851844345358736
0.6304326407002733 0.008851844345358736
0.6304326407002733 0.008851844345358736
0.6304326407002733 0.008851844345358736
0.6304326407002733 0.008851844345358736
0.6304326407002733 0.008851844345358736
0.6304326407002733 0.008851844345358736
0.6304326407002733 0.008851844345358736
0.6304326407002733 0.008851844345358736
0.6304326407002733 0.008851844345358736
0.6304326407002733 0.008851844345358736
0.6304326407002733 0.008851844345358736
0.6304326407002733 0.008851844345358736
0.6304326407002733 0.008851844345358736
0.30114575614205097 0.008858706669369552
0.30114575614205097 0.008858706669369552
0.30114575614205097 0.008858706669369552
0.30114575614205097 0.008858706669369552
0.30114575614205097 0.008858706669369552
0.30114575614205097 0.008858706669369552
0.30114575614205097 0.008858706669369552
0.30114575614205097 0.008858706669369552
0.30114575614205097 0.008858706669369552
0.30114575614205097 0.008858706669369552
0.30114575614205097 0.008858706669369552
0.30114575614205097 0.008858706669369552
0.30114575614205097 0.008858706669369552
0.30114575614205097 0.008858706669369552
0.30114575614205097 0.008858706669369552
0.30114575614205097 0.008858706669369552
0.30114575614205097 0.008858706669369552
0.30114575614205097 0.008858706669369552
0.30114575614205097 0.008858706669369552
0.30114575614205097 0.008858706669369552
0.30114575614205097 0.008858706669369552
0.30114575614205097 0.008858706669369552
0.30114575614205097 0.008858706669369552
0.30114575614205097 0.008858706669369552
0.30114575614205097 0.008858706669369552
0.30114575614205097 0.008858706669369552
0.30114575614205097 0.008858706669369552
0.30114575614205097 0.008858706669369552
0.30114575614205097 0.008858706669369552
0.30114575614205097 0.008858706669369552
0.30114575614205097 0.008858706669369552
0.30114575614205097 0.008858706669369552
0.30114575614205097 0.008858706669369552
0.30114575614205097 0.008858706669369552
0.30114575614205097 0.008858706669369552
0.30114575614205097 0.008858706669369552
0.30114575614205097 0.008858706669369552
0.30114575614205097 0.008858706669369552
0.30114575614205097 0.008858706669369552
0.30114575614205097 0.008858706669369552
0.03664984378755107 0.008789304283238425
0.03664984378755107 0.008789304283238425
0.03664984378755107 0.008789304283238425
0.03664984378755107 0.008789304283238425
0.03664984378755107 0.008789304283238425
0.03664984378755107 0.008789304283238425
0.03664984378755107 0.008789304283238425
0.03664984378755107 0.008789304283238425
0.03664984378755107 0.008789304283238425
0.03664984378755107 0.008789304283238425
0.03664984378755107 0.008789304283238425
0.03664984378755107 0.008789304283238425
0.03664984378755107 0.008789304283238425
0.03664984378755107 0.008789304283238425
0.03664984378755107 0.008789304283238425
0.03664984378755107 0.008789304283238425
0.03664984378755107 0.008789304283238425
0.03664984378755107 0.008789304283238425
0.03664984378755107 0.008789304283238425
0.03664984378755107 0.008789304283238425
0.00025784348011641484 0.0088492149169502
0.0002531767129805447 0.008849686713499057
0.000185854590096849 0.008849247181045197
0.00017119780149128983 0.008849643213610023
0.00017119780149128983 0.008849643213610023
0.00017119780149128983 0.008849643213610023
0.00017119780149128983 0.008849643213610023
0.00017113838026204013 0.008849612318620718
0.00011515523193067119 0.008849698929141156
0.00013948946854512484 0.008848642658921817
0.0001659415367223435 0.008851844345358736
0.00039901955195804597 0.008858706669369552
0.00039901955195804597 0.008858706669369552
0.001201634222542658 0.008789304283238425
0.31368289401151106 0.0088492149169502
0.31368289401151106 0.0088492149169502
0.31368289401151106 0.0088492149169502
0.31368289401151106 0.0088492149169502
0.31368289401151106 0.0088492149169502
0.31368289401151106 0.0088492149169502
0.31368289401151106 0.0088492149169502
0.30800547676521645 0.008849686713499057
0.30800547676521645 0.008849686713499057
0.30800547676521645 0.008849686713499057
0.30800547676521645 0.008849686713499057
0.30800547676521645 0.008849686713499057
0.30800547676521645 0.008849686713499057
0.30800547676521645 0.008849686713499057
0.33293036420679306 0.008849247181045197
0.33293036420679306 0.008849247181045197
0.33293036420679306 0.008849247181045197
0.33293036420679306 0.008849247181045197
0.33293036420679306 0.008849247181045197
0.33293036420679306 0.008849247181045197
0.33293036420679306 0.008849247181045197
0.31680115786530544 0.008849643213610023
0.31680115786530544 0.008849643213610023
0.31680115786530544 0.008849643213610023
0.31680115786530544 0.008849643213610023
0.31680115786530544 0.008849643213610023
0.31680115786530544 0.008849643213610023
0.31680115786530544 0.008849643213610023
0.31680115786530544 0.008849643213610023
0.31680115786530544 0.008849643213610023
0.31680115786530544 0.008849643213610023
0.31680115786530544 0.008849643213610023
0.31680115786530544 0.008849643213610023
0.31680115786530544 0.008849643213610023
0.31680115786530544 0.008849643213610023
0.31680115786530544 0.008849643213610023
0.31680115786530544 0.008849643213610023
0.31680115786530544 0.008849643213610023
0.31680115786530544 0.008849643213610023
0.31680115786530544 0.008849643213610023
0.31680115786530544 0.008849643213610023
0.31680115786530544 0.008849643213610023
0.31680115786530544 0.008849643213610023
0.31680115786530544 0.008849643213610023
0.31680115786530544 0.008849643213610023
0.31680115786530544 0.008849643213610023
0.31680115786530544 0.008849643213610023
0.31680115786530544 0.008849643213610023
0.31680115786530544 0.008849643213610023
0.38876439329583995 0.008849612318620718
0.38876439329583995 0.008849612318620718
0.38876439329583995 0.008849612318620718
0.38876439329583995 0.008849612318620718
0.38876439329583995 0.008849612318620718
0.38876439329583995 0.008849612318620718
0.38876439329583995 0.008849612318620718
0.29421893955421535 0.008849698929141156
0.29421893955421535 0.008849698929141156
0.29421893955421535 0.008849698929141156
0.29421893955421535 0.008849698929141156
0.29421893955421535 0.008849698929141156
0.29421893955421535 0.008849698929141156
0.29421893955421535 0.008849698929141156
0.35639234819166504 0.008848642658921817
0.35639234819166504 0.008848642658921817
0.35639234819166504 0.008848642658921817
0.35639234819166504 0.008848642658921817
0.35639234819166504 0.008848642658921817
0.35639234819166504 0.008848642658921817
0.35639234819166504 0.008848642658921817
0.3599427501698308 0.008851844345358736
0.3599427501698308 0.008851844345358736
0.3599427501698308 0.008851844345358736
0.3599427501698308 0.008851844345358736
0.3599427501698308 0.008851844345358736
0.3599427501698308 0.008851844345358736
0.3599427501698308 0.008851844345358736
0.6870926675407095 0.008858706669369552
0.6870926675407095 0.008858706669369552
0.6870926675407095 0.008858706669369552
0.6870926675407095 0.008858706669369552
0.6870926675407095 0.008858706669369552
0.6870926675407095 0.008858706669369552
0.6870926675407095 0.008858706669369552
0.6870926675407095 0.008858706669369552
0.6870926675407095 0.008858706669369552
0.6870926675407095 0.008858706669369552
0.6870926675407095 0.008858706669369552
0.6870926675407095 0.008858706669369552
0.6870926675407095 0.008858706669369552
0.6870926675407095 0.008858706669369552
0.9500120163422254 0.008789304283238425
0.9500120163422254 0.008789304283238425
0.9500120163422254 0.008789304283238425
0.9500120163422254 0.008789304283238425
0.9500120163422254 0.008789304283238425
0.9500120163422254 0.008789304283238425
0.9500120163422254 0.008789304283238425