1.3251894001693595e-06 1.9806880583816807e-06
1.3251894001693595e-06 1.9806880583816807e-06
1.3251894001693595e-06 1.9806880583816807e-06
1.3251894001693595e-06 1.9806880583816807e-06
9.27262096941409e-07 1.980688416940765e-06
9.27262096941409e-07 1.980688416940765e-06
9.27262096941409e-07 1.980688416940765e-06
9.27262096941409e-07 1.980688416940765e-06
9.27262096941409e-07 1.980688416940765e-06
9.27262096941409e-07 1.980688416940765e-06
9.27262096941409e-07 1.980688416940765e-06
9.27262096941409e-07 1.980688416940765e-06
9.27262096941409e-07 1.980688416940765e-06
9.27262096941409e-07 1.980688416940765e-06
1.4773060521136927e-06 1.9807021707492735e-06
1.4773060521136927e-06 1.9807021707492735e-06
1.5256356320696224e-06 1.9806890193222e-06
1.5256356320696224e-06 1.9806890193222e-06
1.5256356320696224e-06 1.9806890193222e-06
1.5256356320696224e-06 1.9806890193222e-06
1.3565144632003054e-06 1.9806915299071537e-06
1.3565144632003054e-06 1.9806915299071537e-06
1.3565144632003054e-06 1.9806915299071537e-06
1.3565144632003054e-06 1.9806915299071537e-06
9.136238580051958e-07 1.9806680930180542e-06
9.136238580051958e-07 1.9806680930180542e-06
2.155294260293821e-06 1.9806954109068064e-06
2.155294260293821e-06 1.9806954109068064e-06
1.504553056888119e-06 1.9807099531663225e-06
1.504553056888119e-06 1.9807099531663225e-06
1.4543123789580968e-06 1.9804571863034147e-06
1.4543123789580968e-06 1.9804571863034147e-06
1.2344429536343354e-06 1.980689081391227e-06
1.2344429536343354e-06 1.980689081391227e-06
1.2344429536343354e-06 1.980689081391227e-06
1.2344429536343354e-06 1.980689081391227e-06
1.907303540087274e-06 1.9806866821301395e-06
1.907303540087274e-06 1.9806866821301395e-06
1.3251574789167016e-06 1.9806884207306615e-06
1.3251574789167016e-06 1.9806884207306615e-06
1.3251574789167016e-06 1.9806884207306615e-06
1.3251574789167016e-06 1.9806884207306615e-06
1.3251574789167016e-06 1.9806884207306615e-06
1.3251574789167016e-06 1.9806884207306615e-06
1.4370303385924321e-06 1.980688593819514e-06
1.4370303385924321e-06 1.980688593819514e-06
1.3773108487173983e-06 1.980688346354196e-06
1.3773108487173983e-06 1.980688346354196e-06
1.3773108487173983e-06 1.980688346354196e-06
1.3773108487173983e-06 1.980688346354196e-06
1.5119039796899643e-06 1.980686160194235e-06
1.5119039796899643e-06 1.980686160194235e-06
1.5119039796899643e-06 1.980686160194235e-06
1.5119039796899643e-06 1.980686160194235e-06