1.5471180988925815e-06 2.271274996901291e-06
1.533883778282215e-06 2.271267119973215e-06
1.5116773910910526e-06 2.2712734036904656e-06
1.534934770339677e-06 2.2712711095489776e-06
1.534934770339677e-06 2.2712711095489776e-06
1.534934770339677e-06 2.2712711095489776e-06
1.534934770339677e-06 2.2712711095489776e-06
1.5140281441321181e-06 2.2712754867236994e-06
1.638445388858946e-06 2.2712788147955543e-06
1.634697929255796e-06 2.271275763017162e-06
1.6795106851235627e-06 2.27125651391102e-06
1.681707442528815e-06 2.2712292245815738e-06
1.681707442528815e-06 2.2712292245815738e-06
2.5102614453128975e-06 2.270843009540799e-06