1.194782260990005e-06 2.271286716773598e-06
1.2349947601063817e-06 2.271276870868745e-06
1.2819575648734688e-06 2.2712695103732687e-06
1.1900836604041699e-06 2.271269009430305e-06
1.1900836604041699e-06 2.271269009430305e-06
1.1900836604041699e-06 2.271269009430305e-06
1.1900836604041699e-06 2.271269009430305e-06
1.2924345121515178e-06 2.2712761506150944e-06
7.471283460143302e-07 2.271295621638716e-06
7.225960223943964e-07 2.271296460999382e-06
6.872477282602495e-07 2.271300501257033e-06
1.0740112642585166e-06 2.271280135153156e-06
1.0740112642585166e-06 2.271280135153156e-06
1.9701479899485154e-06 2.270569555461159e-06
9.174956094789726e-07 2.272298616953426e-06
9.244298457567043e-07 2.2696300416352797e-06
9.080879592188881e-07 2.2719710829935535e-06
8.973025150577512e-07 2.2714251841037635e-06
8.973025150577512e-07 2.2714251841037635e-06
8.973025150577512e-07 2.2714251841037635e-06
8.973025150577512e-07 2.2714251841037635e-06
8.751967508315202e-07 2.2704015184445357e-06
9.039956788163448e-07 2.267851864082686e-06
9.035376034740803e-07 2.2715231360184016e-06
7.459931895175313e-07 2.269541278205648e-06
6.397340142163687e-07 2.270001351442665e-06
6.397340142163687e-07 2.270001351442665e-06
6.830452511173832e-07 2.256643558636626e-06
9.633150217233874e-07 2.2712697161857133e-06
9.667242667231336e-07 2.2712731097707262e-06
9.914825656080347e-07 2.2712722277408674e-06
9.526934333055212e-07 2.271271401855303e-06
9.526934333055212e-07 2.271271401855303e-06
9.526934333055212e-07 2.271271401855303e-06
9.526934333055212e-07 2.271271401855303e-06
9.573804132195411e-07 2.271272899585033e-06
8.458568949226858e-07 2.271273639177054e-06
7.990303522888557e-07 2.2712745853068205e-06
7.100905398555278e-07 2.271277008658004e-06
8.380859956849676e-07 2.271257847664466e-06
8.380859956849676e-07 2.271257847664466e-06
1.3899194857969293e-06 2.271154169523701e-06
7.347190535052265e-07 2.2712710085465425e-06
7.37636988244244e-07 2.271276992447199e-06
7.628710416652893e-07 2.2712728204884024e-06
7.27353045085971e-07 2.2712712732239094e-06
7.27353045085971e-07 2.2712712732239094e-06
7.27353045085971e-07 2.2712712732239094e-06
7.27353045085971e-07 2.2712712732239094e-06
7.236264781972168e-07 2.271267181057141e-06
6.229640680163014e-07 2.2712777565563337e-06
5.805802717178364e-07 2.271274498735638e-06
5.074048406596466e-07 2.271263289416889e-06
5.907684014905014e-07 2.27135297947384e-06
5.907684014905014e-07 2.27135297947384e-06
6.639147893491465e-07 2.2709976574211404e-06
7.916926055589764e-07 2.2712715719513498e-06
7.929044635692631e-07 2.2712719126915494e-06
7.903739119467303e-07 2.271271243965286e-06
7.843919828146538e-07 2.271271491331682e-06
7.843919828146538e-07 2.271271491331682e-06
7.843919828146538e-07 2.271271491331682e-06
7.843919828146538e-07 2.271271491331682e-06
7.904557699661286e-07 2.2712707720052876e-06
7.577857311836869e-07 2.2712711430241915e-06
7.536656524385684e-07 2.271272087787507e-06
7.720449854369785e-07 2.2712745805962657e-06
8.874288928388215e-07 2.2712719455557162e-06
8.874288928388215e-07 2.2712719455557162e-06
1.016477967423914e-06 2.2712654900419533e-06
1.2008521678839727e-06 2.2712704026461965e-06
1.2257684657668664e-06 2.271262705835756e-06
1.2674541024264202e-06 2.2712700535265685e-06
1.1857723998351617e-06 2.271269325855655e-06
1.1857723998351617e-06 2.271269325855655e-06
1.1857723998351617e-06 2.271269325855655e-06
1.1857723998351617e-06 2.271269325855655e-06
1.2454979840420442e-06 2.271279816904282e-06
8.125336969346801e-07 2.271264264762561e-06
7.78133755822606e-07 2.271266216885602e-06
7.354658304086233e-07 2.2712543722034203e-06
1.1114895664153154e-06 2.2712919383118576e-06
1.1114895664153154e-06 2.2712919383118576e-06
2.0151435686814736e-06 2.270657639261809e-06
1.2186985490704518e-06 2.2712720960738166e-06
1.2186985490704518e-06 2.2712720960738166e-06
1.2186985490704518e-06 2.2712720960738166e-06
1.2186985490704518e-06 2.2712720960738166e-06
1.2324374121377062e-06 2.271272708873884e-06
1.2324374121377062e-06 2.271272708873884e-06
1.2324374121377062e-06 2.271272708873884e-06
1.2324374121377062e-06 2.271272708873884e-06
1.275718837342257e-06 2.2712717743041954e-06
1.275718837342257e-06 2.2712717743041954e-06
1.275718837342257e-06 2.2712717743041954e-06
1.275718837342257e-06 2.2712717743041954e-06
1.2078139294101792e-06 2.2712708805649274e-06
1.2078139294101792e-06 2.2712708805649274e-06
1.2078139294101792e-06 2.2712708805649274e-06
1.2078139294101792e-06 2.2712708805649274e-06
1.2078139294101792e-06 2.2712708805649274e-06
1.2078139294101792e-06 2.2712708805649274e-06
1.2078139294101792e-06 2.2712708805649274e-06
1.2078139294101792e-06 2.2712708805649274e-06
1.2078139294101792e-06 2.2712708805649274e-06
1.2078139294101792e-06 2.2712708805649274e-06
1.2078139294101792e-06 2.2712708805649274e-06
1.2078139294101792e-06 2.2712708805649274e-06
1.2078139294101792e-06 2.2712708805649274e-06
1.2078139294101792e-06 2.2712708805649274e-06
1.2078139294101792e-06 2.2712708805649274e-06
1.2078139294101792e-06 2.2712708805649274e-06
1.246354495501779e-06 2.2712706558352928e-06
1.246354495501779e-06 2.2712706558352928e-06
1.246354495501779e-06 2.2712706558352928e-06
1.246354495501779e-06 2.2712706558352928e-06
9.558061409895327e-07 2.2712719380654365e-06
9.558061409895327e-07 2.2712719380654365e-06
9.558061409895327e-07 2.2712719380654365e-06
9.558061409895327e-07 2.2712719380654365e-06
9.040998218707965e-07 2.2712730039819714e-06
9.040998218707965e-07 2.2712730039819714e-06
9.040998218707965e-07 2.2712730039819714e-06
9.040998218707965e-07 2.2712730039819714e-06
8.174039525820837e-07 2.271283786579104e-06
8.174039525820837e-07 2.271283786579104e-06
8.174039525820837e-07 2.271283786579104e-06
8.174039525820837e-07 2.271283786579104e-06
1.0964918058987865e-06 2.2713049990077484e-06
1.0964918058987865e-06 2.2713049990077484e-06
1.0964918058987865e-06 2.2713049990077484e-06
1.0964918058987865e-06 2.2713049990077484e-06
1.0964918058987865e-06 2.2713049990077484e-06
1.0964918058987865e-06 2.2713049990077484e-06
1.0964918058987865e-06 2.2713049990077484e-06
1.0964918058987865e-06 2.2713049990077484e-06
1.958519246567667e-06 2.2713099372312676e-06
1.958519246567667e-06 2.2713099372312676e-06
1.958519246567667e-06 2.2713099372312676e-06
1.958519246567667e-06 2.2713099372312676e-06
1.2008521678839727e-06 2.271267458126962e-06
1.2008521678839727e-06 2.271267458126962e-06
1.2257684657668664e-06 2.271266357298574e-06
1.2257684657668664e-06 2.271266357298574e-06
1.2674541024264202e-06 2.2712718510996765e-06
1.2674541024264202e-06 2.2712718510996765e-06
1.1857723998351617e-06 2.271275197474858e-06
1.1857723998351617e-06 2.271275197474858e-06
1.1857723998351617e-06 2.271275197474858e-06
1.1857723998351617e-06 2.271275197474858e-06
1.1857723998351617e-06 2.271275197474858e-06
1.1857723998351617e-06 2.271275197474858e-06
1.1857723998351617e-06 2.271275197474858e-06
1.1857723998351617e-06 2.271275197474858e-06
1.2454979840420442e-06 2.2712759083994015e-06
1.2454979840420442e-06 2.2712759083994015e-06
8.125336969346801e-07 2.271268481790301e-06
8.125336969346801e-07 2.271268481790301e-06
7.78133755822606e-07 2.271283908422195e-06
7.78133755822606e-07 2.271283908422195e-06
7.354658304086233e-07 2.271240478146911e-06
7.354658304086233e-07 2.271240478146911e-06
1.1114895664153154e-06 2.271318647666e-06
1.1114895664153154e-06 2.271318647666e-06
1.1114895664153154e-06 2.271318647666e-06
1.1114895664153154e-06 2.271318647666e-06
2.0151435686814736e-06 2.2720311554855464e-06
2.0151435686814736e-06 2.2720311554855464e-06
7.731467481439847e-07 2.271266627855025e-06
7.731467481439847e-07 2.271266627855025e-06
7.759866134706803e-07 2.2712722664617784e-06
7.759866134706803e-07 2.2712722664617784e-06
8.044927704030745e-07 2.2712703913479578e-06
8.044927704030745e-07 2.2712703913479578e-06
7.657048923996122e-07 2.271271953029588e-06
7.657048923996122e-07 2.271271953029588e-06
7.657048923996122e-07 2.271271953029588e-06
7.657048923996122e-07 2.271271953029588e-06
7.657048923996122e-07 2.271271953029588e-06
7.657048923996122e-07 2.271271953029588e-06
7.657048923996122e-07 2.271271953029588e-06
7.657048923996122e-07 2.271271953029588e-06
7.60843639233825e-07 2.271274015725552e-06
7.60843639233825e-07 2.271274015725552e-06
6.477869194463163e-07 2.2712740248989493e-06
6.477869194463163e-07 2.2712740248989493e-06
6.015013419412655e-07 2.271266780682993e-06
6.015013419412655e-07 2.271266780682993e-06
5.257563736114075e-07 2.2712843439165365e-06
5.257563736114075e-07 2.2712843439165365e-06
6.19120169202298e-07 2.2712984552224823e-06
6.19120169202298e-07 2.2712984552224823e-06
6.19120169202298e-07 2.2712984552224823e-06
6.19120169202298e-07 2.2712984552224823e-06
7.349143666948668e-07 2.271264825953703e-06
7.349143666948668e-07 2.271264825953703e-06
7.984740050619541e-07 2.271270806026021e-06
7.997117901161872e-07 2.271272094369744e-06
7.996112101559418e-07 2.2712712737148344e-06
7.91316845663727e-07 2.271271107968461e-06
7.91316845663727e-07 2.271271107968461e-06
7.91316845663727e-07 2.271271107968461e-06
7.91316845663727e-07 2.271271107968461e-06
7.966837123404849e-07 2.271271095718501e-06
7.577693968300333e-07 2.2712725107980323e-06
7.502285785648404e-07 2.271269517416091e-06
7.631886150710004e-07 2.271274817345643e-06
8.774843629082844e-07 2.2712829972041525e-06
8.774843629082844e-07 2.2712829972041525e-06
1.015823823356999e-06 2.2713117496135813e-06
7.976478256916558e-07 2.2712720788000924e-06
7.976478256916558e-07 2.2712720788000924e-06
7.976478256916558e-07 2.2712720788000924e-06
7.976478256916558e-07 2.2712720788000924e-06
7.988785704614952e-07 2.2712724463135923e-06
7.988785704614952e-07 2.2712724463135923e-06
7.988785704614952e-07 2.2712724463135923e-06
7.988785704614952e-07 2.2712724463135923e-06
7.99037544267556e-07 2.2712716823061827e-06
7.99037544267556e-07 2.2712716823061827e-06
7.99037544267556e-07 2.2712716823061827e-06
7.99037544267556e-07 2.2712716823061827e-06
7.904319197949778e-07 2.2712710980448188e-06
7.904319197949778e-07 2.2712710980448188e-06
7.904319197949778e-07 2.2712710980448188e-06
7.904319197949778e-07 2.2712710980448188e-06
7.904319197949778e-07 2.2712710980448188e-06
7.904319197949778e-07 2.2712710980448188e-06
7.904319197949778e-07 2.2712710980448188e-06
7.904319197949778e-07 2.2712710980448188e-06
7.904319197949778e-07 2.2712710980448188e-06
7.904319197949778e-07 2.2712710980448188e-06
7.904319197949778e-07 2.2712710980448188e-06
7.904319197949778e-07 2.2712710980448188e-06
7.904319197949778e-07 2.2712710980448188e-06
7.904319197949778e-07 2.2712710980448188e-06
7.904319197949778e-07 2.2712710980448188e-06
7.904319197949778e-07 2.2712710980448188e-06
7.955026470204526e-07 2.2712715743433556e-06
7.955026470204526e-07 2.2712715743433556e-06
7.955026470204526e-07 2.2712715743433556e-06
7.955026470204526e-07 2.2712715743433556e-06
7.560969174203169e-07 2.271271590842827e-06
7.560969174203169e-07 2.271271590842827e-06
7.560969174203169e-07 2.271271590842827e-06
7.560969174203169e-07 2.271271590842827e-06
7.480617652063468e-07 2.2712718824630615e-06
7.480617652063468e-07 2.2712718824630615e-06
7.480617652063468e-07 2.2712718824630615e-06
7.480617652063468e-07 2.2712718824630615e-06
7.600720615708352e-07 2.2712688660176734e-06
7.600720615708352e-07 2.2712688660176734e-06
7.600720615708352e-07 2.2712688660176734e-06
7.600720615708352e-07 2.2712688660176734e-06
8.729906549576414e-07 2.2712769084263175e-06
8.729906549576414e-07 2.2712769084263175e-06
8.729906549576414e-07 2.2712769084263175e-06
8.729906549576414e-07 2.2712769084263175e-06
8.729906549576414e-07 2.2712769084263175e-06
8.729906549576414e-07 2.2712769084263175e-06
8.729906549576414e-07 2.2712769084263175e-06
8.729906549576414e-07 2.2712769084263175e-06
1.011190776345569e-06 2.2712363331672847e-06
1.011190776345569e-06 2.2712363331672847e-06
1.011190776345569e-06 2.2712363331672847e-06
1.011190776345569e-06 2.2712363331672847e-06
7.59634346674963e-07 2.271271931598853e-06
7.59634346674963e-07 2.271271931598853e-06
7.600315010271508e-07 2.2712720611559713e-06
7.600315010271508e-07 2.2712720611559713e-06
7.554308526811905e-07 2.271271580309076e-06
7.554308526811905e-07 2.271271580309076e-06
7.530984103093648e-07 2.2712715539351047e-06
7.530984103093648e-07 2.2712715539351047e-06
7.530984103093648e-07 2.2712715539351047e-06
7.530984103093648e-07 2.2712715539351047e-06
7.530984103093648e-07 2.2712715539351047e-06
7.530984103093648e-07 2.2712715539351047e-06
7.530984103093648e-07 2.2712715539351047e-06
7.530984103093648e-07 2.2712715539351047e-06
7.543724223942939e-07 2.271271312726371e-06
7.543724223942939e-07 2.271271312726371e-06
7.399867568896136e-07 2.271271031455107e-06
7.399867568896136e-07 2.271271031455107e-06
7.37339198228466e-07 2.271271360695412e-06
7.37339198228466e-07 2.271271360695412e-06
7.529343567969305e-07 2.2712732484532466e-06
7.529343567969305e-07 2.2712732484532466e-06
8.07103677032358e-07 2.2712742726529824e-06
8.07103677032358e-07 2.2712742726529824e-06
8.07103677032358e-07 2.2712742726529824e-06
8.07103677032358e-07 2.2712742726529824e-06
8.956203388404972e-07 2.2712184390188694e-06
8.956203388404972e-07 2.2712184390188694e-06
7.984740050619541e-07 2.271270806026021e-06
7.984740050619541e-07 2.271270806026021e-06
7.997117901161872e-07 2.271272094369744e-06
7.997117901161872e-07 2.271272094369744e-06
7.996112101559418e-07 2.2712712737148344e-06
7.996112101559418e-07 2.2712712737148344e-06
7.91316845663727e-07 2.271271107968461e-06
7.91316845663727e-07 2.271271107968461e-06
7.91316845663727e-07 2.271271107968461e-06
7.91316845663727e-07 2.271271107968461e-06
7.91316845663727e-07 2.271271107968461e-06
7.91316845663727e-07 2.271271107968461e-06
7.91316845663727e-07 2.271271107968461e-06
7.91316845663727e-07 2.271271107968461e-06
7.966837123404849e-07 2.271271095718501e-06
7.966837123404849e-07 2.271271095718501e-06
7.577693968300333e-07 2.2712725107980323e-06
7.577693968300333e-07 2.2712725107980323e-06
7.502285785648404e-07 2.271269517416091e-06
7.502285785648404e-07 2.271269517416091e-06
7.631886150710004e-07 2.271274817345643e-06
7.631886150710004e-07 2.271274817345643e-06
8.774843629082844e-07 2.2712829972041525e-06
8.774843629082844e-07 2.2712829972041525e-06
8.774843629082844e-07 2.2712829972041525e-06
8.774843629082844e-07 2.2712829972041525e-06
1.015823823356999e-06 2.2713117496135813e-06
1.015823823356999e-06 2.2713117496135813e-06
8.03706094278357e-07 2.271270360202216e-06
8.04558207586125e-07 2.271271952617697e-06
7.961731891545999e-07 2.2712714152218315e-06
7.964192588097071e-07 2.2712714745605726e-06
7.964192588097071e-07 2.2712714745605726e-06
7.964192588097071e-07 2.2712714745605726e-06
7.964192588097071e-07 2.2712714745605726e-06
8.045474478385665e-07 2.2712718722305503e-06
7.862143348287866e-07 2.2712704261660407e-06
7.901625741473729e-07 2.2712732141778555e-06
8.27847217865428e-07 2.271273081301141e-06
9.499829611359266e-07 2.2712855950322814e-06
9.499829611359266e-07 2.2712855950322814e-06
1.090819720921648e-06 2.2713176355621875e-06
8.323111257200673e-07 2.2712713063227476e-06
8.310125122844992e-07 2.2712709996716947e-06
8.095642973511945e-07 2.2712716832185655e-06
8.229283222736227e-07 2.2712710955400903e-06
8.229283222736227e-07 2.2712710955400903e-06
8.229283222736227e-07 2.2712710955400903e-06
8.229283222736227e-07 2.2712710955400903e-06
8.294387974079224e-07 2.271272060491332e-06
8.584222177351516e-07 2.2712725085142875e-06
8.766886187222418e-07 2.2712738298510055e-06
9.314740834434608e-07 2.2712721117633706e-06
1.0293144812639892e-06 2.271254617687171e-06
1.0293144812639892e-06 2.271254617687171e-06
1.1870913292274049e-06 2.27117112138631e-06
7.543059020649881e-07 2.271271579179498e-06
7.543059020649881e-07 2.271271579179498e-06
7.536587893917644e-07 2.271271327904777e-06
7.536587893917644e-07 2.271271327904777e-06
7.316675168036741e-07 2.2712722336984203e-06
7.316675168036741e-07 2.2712722336984203e-06
7.439775217209693e-07 2.2712718697540386e-06
7.439775217209693e-07 2.2712718697540386e-06
7.439775217209693e-07 2.2712718697540386e-06
7.439775217209693e-07 2.2712718697540386e-06
7.439775217209693e-07 2.2712718697540386e-06
7.439775217209693e-07 2.2712718697540386e-06
7.439775217209693e-07 2.2712718697540386e-06
7.439775217209693e-07 2.2712718697540386e-06
7.5096532772032e-07 2.271272261355288e-06
7.5096532772032e-07 2.271272261355288e-06
7.822315186284563e-07 2.271271903022848e-06
7.822315186284563e-07 2.271271903022848e-06
7.997815237290558e-07 2.2712730975021502e-06
7.997815237290558e-07 2.2712730975021502e-06
8.469321042111865e-07 2.2712710863036263e-06
8.469321042111865e-07 2.2712710863036263e-06
9.66338937470389e-07 2.2712558510905103e-06
9.66338937470389e-07 2.2712558510905103e-06
9.66338937470389e-07 2.2712558510905103e-06
9.66338937470389e-07 2.2712558510905103e-06
1.100400566903357e-06 2.2712844967894816e-06
1.100400566903357e-06 2.2712844967894816e-06
6.568314036449404e-07 2.2715271487740555e-06
6.576972079770232e-07 2.2710034398030192e-06
6.338186876574844e-07 2.2715512546443706e-06
6.430760216847844e-07 2.271130669949132e-06
6.430760216847844e-07 2.271130669949132e-06
6.430760216847844e-07 2.271130669949132e-06
6.430760216847844e-07 2.271130669949132e-06
6.520525284984997e-07 2.2709418329420237e-06
6.695649798690465e-07 2.2710108872854524e-06
6.886803254570767e-07 2.2707302832658646e-06
7.338371449658891e-07 2.27147562484481e-06
8.959246107466416e-07 2.268619395183416e-06
8.959246107466416e-07 2.268619395183416e-06
8.958901051801964e-07 2.2684584463781792e-06
8.167074875437035e-07 2.2712703658394966e-06
8.167936505861671e-07 2.271271208620841e-06
7.939735727956599e-07 2.2712723138199736e-06
8.038890735233183e-07 2.271271460207594e-06
8.038890735233183e-07 2.271271460207594e-06
8.038890735233183e-07 2.271271460207594e-06
8.038890735233183e-07 2.271271460207594e-06
8.130049629823219e-07 2.2712717181655334e-06
8.290810852966909e-07 2.2712710061996777e-06
8.449883120665707e-07 2.271270499212334e-06
8.947377848390922e-07 2.2712713432266805e-06
1.0323940165532302e-06 2.27127196513079e-06
1.0323940165532302e-06 2.27127196513079e-06
1.143796695655133e-06 2.2712864252059293e-06
7.669081242136601e-07 2.2712705119447666e-06
7.673948003121766e-07 2.27127098310522e-06
7.477118871853501e-07 2.271271924560604e-06
7.560213289267536e-07 2.27127195191368e-06
7.560213289267536e-07 2.27127195191368e-06
7.560213289267536e-07 2.27127195191368e-06
7.560213289267536e-07 2.27127195191368e-06
7.653016123514392e-07 2.2712712876210377e-06
7.759439546623332e-07 2.2712731274730118e-06
7.902359509180712e-07 2.2712711653278162e-06
8.338371424106043e-07 2.2712721116267577e-06
9.550383750512027e-07 2.271256312515675e-06
9.550383750512027e-07 2.271256312515675e-06
1.0529095817916724e-06 2.271370803519546e-06
4.6429756778754086e-07 2.271294568405118e-06
4.6429756778754086e-07 2.271294568405118e-06
4.6429756778754086e-07 2.271294568405118e-06
4.6908505573659884e-07 2.2713112686751026e-06
4.6908505573659884e-07 2.2713112686751026e-06
4.6908505573659884e-07 2.2713112686751026e-06
4.446478281942623e-07 2.2712889025127856e-06
4.446478281942623e-07 2.2712889025127856e-06
4.446478281942623e-07 2.2712889025127856e-06
4.343068214233547e-07 2.2712658651178345e-06
4.343068214233547e-07 2.2712658651178345e-06
4.343068214233547e-07 2.2712658651178345e-06
4.343068214233547e-07 2.2712658651178345e-06
4.343068214233547e-07 2.2712658651178345e-06
4.343068214233547e-07 2.2712658651178345e-06
4.343068214233547e-07 2.2712658651178345e-06
4.343068214233547e-07 2.2712658651178345e-06
4.343068214233547e-07 2.2712658651178345e-06
4.343068214233547e-07 2.2712658651178345e-06
4.343068214233547e-07 2.2712658651178345e-06
4.343068214233547e-07 2.2712658651178345e-06
4.2595879145246286e-07 2.2712635143806674e-06
4.2595879145246286e-07 2.2712635143806674e-06
4.2595879145246286e-07 2.2712635143806674e-06
3.8894588157208826e-07 2.2712084978896186e-06
3.8894588157208826e-07 2.2712084978896186e-06
3.8894588157208826e-07 2.2712084978896186e-06
3.9011317924544954e-07 2.271171778998136e-06
3.9011317924544954e-07 2.271171778998136e-06
3.9011317924544954e-07 2.271171778998136e-06
3.8232945411571395e-07 2.2712802026188848e-06
3.8232945411571395e-07 2.2712802026188848e-06
3.8232945411571395e-07 2.2712802026188848e-06
4.851301543562869e-07 2.2717406283643984e-06
4.851301543562869e-07 2.2717406283643984e-06
4.851301543562869e-07 2.2717406283643984e-06
4.851301543562869e-07 2.2717406283643984e-06
4.851301543562869e-07 2.2717406283643984e-06
4.851301543562869e-07 2.2717406283643984e-06
4.5575396044633655e-07 2.2690599600530556e-06
4.5575396044633655e-07 2.2690599600530556e-06
4.5575396044633655e-07 2.2690599600530556e-06
6.889855178103155e-07 2.271378498348771e-06
7.018133365671586e-07 2.2702099658431755e-06
6.737153582161295e-07 2.2706119776597587e-06
6.566033821006251e-07 2.270866278516336e-06
6.566033821006251e-07 2.270866278516336e-06
6.566033821006251e-07 2.270866278516336e-06
6.566033821006251e-07 2.270866278516336e-06
6.697971184875867e-07 2.2721506721567424e-06
5.66246102569005e-07 2.273846807589047e-06
5.621860958202608e-07 2.2723787002880885e-06
5.75862736101795e-07 2.2758033156307326e-06
6.394031759603332e-07 2.2762646582854315e-06
6.394031759603332e-07 2.2762646582854315e-06
9.435153738416832e-07 2.360460090389885e-06
6.886335537939129e-07 2.269878177566658e-06
7.016391573219402e-07 2.2719304487019863e-06
6.739478191857309e-07 2.271800834130084e-06
6.572532650537611e-07 2.270943340058552e-06
6.572532650537611e-07 2.270943340058552e-06
6.572532650537611e-07 2.270943340058552e-06
6.572532650537611e-07 2.270943340058552e-06
6.715345734060692e-07 2.2717161690053023e-06
5.700828915192184e-07 2.273020228641748e-06
5.65995374843323e-07 2.2703442374811896e-06
5.797646857535294e-07 2.2698774567389325e-06
6.437356650125771e-07 2.2810974919548276e-06
6.437356650125771e-07 2.2810974919548276e-06
9.499084763183068e-07 2.3654716829384837e-06