4.509136576105433e-08 3.041584254384792e-08
5.91885786561673e-07 5.850305643052902e-07
5.91885786561673e-07 5.850305643052902e-07
0.00011329150687183748 9.310281576695909e-05
0.00011329150687183748 9.310281576695909e-05
0.00011329150687183748 9.310281576695909e-05
0.00011329150687183748 9.310281576695909e-05
0.00011329150687183748 9.310281576695909e-05
2.073774908031288e-06 1.8932213069067171e-06
3.653294005554814e-06 1.4559129431446988e-05
3.653294005554814e-06 1.4559129431446988e-05
3.653294005554814e-06 1.4559129431446988e-05
3.653294005554814e-06 1.4559129431446988e-05
3.653294005554814e-06 1.4559129431446988e-05
3.653294005554814e-06 1.4559129431446988e-05
3.653294005554814e-06 1.4559129431446988e-05
3.653294005554814e-06 1.4559129431446988e-05
1.773327832894982e-05 0.00011528843779913719
1.773327832894982e-05 0.00011528843779913719