1.138494265092202e-06 1.9806883936377346e-06
1.1342979043681634e-06 1.9806882117601795e-06
1.1255942203083703e-06 1.9806883444169405e-06
1.1269366091908663e-06 1.98068832485466e-06
1.1269366091908663e-06 1.98068832485466e-06
1.1269366091908663e-06 1.98068832485466e-06
1.1269366091908663e-06 1.98068832485466e-06
1.12709034845338e-06 1.9806883539573585e-06
1.1430542121364287e-06 1.980687797961707e-06
1.1377240804216825e-06 1.980688660041835e-06
1.1653095971502555e-06 1.980688151419454e-06
1.3169346423906068e-06 1.9806875975233717e-06
1.3169346423906068e-06 1.9806875975233717e-06
1.932237302439903e-06 1.980685252629535e-06