0.00821416149671199 0.008849588567262028
0.08933580574451391 0.008849588567262028
0.08933580574451391 0.008849588567262028
0.08933580574451391 0.008849588567262028
0.08933580574451391 0.008849588567262028
0.08933580574451391 0.008849588567262028
0.08933580574451391 0.008849588567262028
0.08933580574451391 0.008849588567262028
0.10339295969457499 0.008849588567262028
0.10339295969457499 0.008849588567262028
0.10339295969457499 0.008849588567262028
0.10339295969457499 0.008849588567262028
0.10339295969457499 0.008849588567262028
0.10339295969457499 0.008849588567262028
0.10339295969457499 0.008849588567262028
0.10339295969457499 0.008849588567262028
0.10339295969457499 0.008849588567262028
0.20468969487156674 0.008849588567262028
0.20468969487156674 0.008849588567262028
0.20468969487156674 0.008849588567262028
0.20468969487156674 0.008849588567262028
0.20468969487156674 0.008849588567262028
0.20468969487156674 0.008849588567262028
0.20468969487156674 0.008849588567262028
0.20468969487156674 0.008849588567262028
0.20468969487156674 0.008849588567262028
0.20468969487156674 0.008849588567262028
0.20468969487156674 0.008849588567262028
0.20468969487156674 0.008849588567262028
0.20468969487156674 0.008849588567262028