1.1333476152632117e-06 1.980689224797961e-06
1.1333476152632117e-06 1.980689224797961e-06
7.419594964342597e-07 1.980689224797961e-06
7.419594964342597e-07 1.980689224797961e-06
7.419594964342597e-07 1.980689224797961e-06
7.419594964342597e-07 1.980689224797961e-06
7.419594964342597e-07 1.980689224797961e-06
7.419594964342597e-07 1.980689224797961e-06
7.419594964342597e-07 1.980689224797961e-06
7.419594964342597e-07 1.980689224797961e-06
7.419594964342597e-07 1.980689224797961e-06
7.419594964342597e-07 1.980689224797961e-06
7.419594964342597e-07 1.980689224797961e-06
7.419594964342597e-07 1.980689224797961e-06
7.419594964342597e-07 1.980689224797961e-06
7.419594964342597e-07 1.980689224797961e-06
8.495618655567049e-07 1.980689224797961e-06
8.495618655567049e-07 1.980689224797961e-06
8.495618655567049e-07 1.980689224797961e-06
8.495618655567049e-07 1.980689224797961e-06
8.495618655567049e-07 1.980689224797961e-06
8.495618655567049e-07 1.980689224797961e-06
8.495618655567049e-07 1.980689224797961e-06
8.495618655567049e-07 1.980689224797961e-06
8.495618655567049e-07 1.980689224797961e-06
8.495618655567049e-07 1.980689224797961e-06
8.495618655567049e-07 1.980689224797961e-06
8.495618655567049e-07 1.980689224797961e-06
8.495618655567049e-07 1.980689224797961e-06
8.495618655567049e-07 1.980689224797961e-06
8.495618655567049e-07 1.980689224797961e-06
8.495618655567049e-07 1.980689224797961e-06
8.495618655567049e-07 1.980689224797961e-06
8.495618655567049e-07 1.980689224797961e-06
1.376341951560527e-06 1.980689224797961e-06
1.376341951560527e-06 1.980689224797961e-06
1.376341951560527e-06 1.980689224797961e-06
1.376341951560527e-06 1.980689224797961e-06
1.376341951560527e-06 1.980689224797961e-06
1.376341951560527e-06 1.980689224797961e-06
1.376341951560527e-06 1.980689224797961e-06
1.376341951560527e-06 1.980689224797961e-06
1.376341951560527e-06 1.980689224797961e-06
1.376341951560527e-06 1.980689224797961e-06
1.376341951560527e-06 1.980689224797961e-06
1.376341951560527e-06 1.980689224797961e-06
1.376341951560527e-06 1.980689224797961e-06
1.376341951560527e-06 1.980689224797961e-06
1.376341951560527e-06 1.980689224797961e-06
1.376341951560527e-06 1.980689224797961e-06
1.376341951560527e-06 1.980689224797961e-06
1.376341951560527e-06 1.980689224797961e-06
1.376341951560527e-06 1.980689224797961e-06
1.376341951560527e-06 1.980689224797961e-06
1.376341951560527e-06 1.980689224797961e-06
1.376341951560527e-06 1.980689224797961e-06
1.376341951560527e-06 1.980689224797961e-06
1.376341951560527e-06 1.980689224797961e-06
1.376341951560527e-06 1.980689224797961e-06
1.376341951560527e-06 1.980689224797961e-06