1.296068912903991e-06 1.980683140045859e-06
8.883745075173119e-07 1.980226606912371e-06
1.033955617250425e-06 1.9806881661509785e-06
9.201378752042042e-07 1.9806876644637515e-06
9.122312325797716e-07 1.9806881486732173e-06
1.4688724550699573e-06 1.9806903040466956e-06
1.4807228884328022e-06 1.980688379163522e-06
1.4807228884328022e-06 1.980688379163522e-06
1.4807228884328022e-06 1.980688379163522e-06
1.4807228884328022e-06 1.980688379163522e-06
1.4688724550699573e-06 1.9806883350251608e-06
1.4688724550699573e-06 1.9806883350251608e-06
9.249675864519637e-07 1.9806879031489776e-06
9.249675864519637e-07 1.9806879031489776e-06
9.099000433027863e-07 1.980688158655899e-06
9.081887278519163e-07 1.980688044967774e-06
9.081887278519163e-07 1.980688044967774e-06
9.081887278519163e-07 1.980688044967774e-06
9.081887278519163e-07 1.980688044967774e-06
8.389780571329771e-07 1.980688230276492e-06
8.389780571329771e-07 1.980688230276492e-06
9.099000433027863e-07 1.980688158655899e-06
9.099000433027863e-07 1.980688158655899e-06
9.10564031596986e-07 1.980688140570095e-06
7.525644017218593e-07 1.9806885574715477e-06
7.563735571816453e-07 1.9806883581656507e-06
7.563735571816453e-07 1.9806883581656507e-06
6.740952046407204e-07 1.9808118790897217e-06
7.442939817660768e-07 1.98068824079218e-06
7.088100816045049e-07 1.9806882848253694e-06
5.33280207595756e-07 1.980700877187209e-06
5.33280207595756e-07 1.980700877187209e-06
5.33280207595756e-07 1.980700877187209e-06
6.19938147124485e-07 1.9804972775803464e-06
6.204597018652957e-07 1.980633474922831e-06