1.1087211699460251e-05 1.2726965057144374e-05
1.1087211699460251e-05 1.2726965057144374e-05
2.1799362887808815e-05 5.600927138061164e-05
2.1799362887808815e-05 5.600927138061164e-05
2.1799362887808815e-05 5.600927138061164e-05
2.1799362887808815e-05 5.600927138061164e-05
2.1799362887808815e-05 5.600927138061164e-05
0.00019188053503297172 0.0002451852113480094
7.193911112728734e-06 6.988534465765098e-06
7.193911112728734e-06 6.988534465765098e-06
5.5503637399598184e-05 2.7077787451090535e-05
5.5503637399598184e-05 2.7077787451090535e-05
3.6559474564734135e-05 1.077792495563856e-05
2.845886016516015e-05 3.7070176992906174e-05
0.012337261777215025 0.0015035562123032872
1.2589690818098518e-07 2.0391329321293976e-08
0.789714619655206 0.9053823287584593
0.789714619655206 0.9053823287584593
0.037268270510697706 0.007415035762113884
0.0008740234341675854 0.006409646806620228
0.0008740234341675854 0.006409646806620228
0.0008740234341675854 0.006409646806620228
6.0489391333624403e-05 4.342482172395596e-05
3.031678241826343e-06 3.6375129798333276e-06
3.031678241826343e-06 3.6375129798333276e-06
2.831788321539351e-06 1.309831177418379e-06
2.831788321539351e-06 1.309831177418379e-06
4.792429739747936e-06 1.2721699797643138e-05
4.792429739747936e-06 1.2721699797643138e-05
2.7148459271979166e-05 5.600735602250958e-05
2.7148459271979166e-05 5.600735602250958e-05
2.7148459271979166e-05 5.600735602250958e-05
2.7148459271979166e-05 5.600735602250958e-05
2.7148459271979166e-05 5.600735602250958e-05
5.404263472583189e-05 0.00023674242424242425
3.2145429247304034e-06 6.9968182889465e-06
3.2145429247304034e-06 6.9968182889465e-06
1.1268098898161253e-05 2.727496964177292e-05
1.1268098898161253e-05 2.727496964177292e-05
1.2519667088971856e-05 1.0260703966377726e-05
1.0923319262598845e-05 3.751910063304955e-05
0.036729339746392656 0.0015388257575757575
5.1536843888112463e-08 3.109638386371326e-08
0.0835155225185833 0.90625
0.0835155225185833 0.90625
0.0034543069523393093 0.007359601449275362
0.00037783739139226675 0.0064073741007194245
0.00037783739139226675 0.0064073741007194245
0.00037783739139226675 0.0064073741007194245
2.3135518365794012e-05 4.342855446014966e-05
1.8183709660365024e-06 3.638810803617486e-06
1.8183709660365024e-06 3.638810803617486e-06
1.6426087442301767e-06 1.3117137789411147e-06
1.6426087442301767e-06 1.3117137789411147e-06
7.712229815477258e-06 1.2727031521218819e-05
7.712229815477258e-06 1.2727031521218819e-05
2.2316182462558078e-05 5.600925240250885e-05
2.2316182462558078e-05 5.600925240250885e-05
2.2316182462558078e-05 5.600925240250885e-05
2.2316182462558078e-05 5.600925240250885e-05
2.2316182462558078e-05 5.600925240250885e-05
0.00015598579883866788 0.00024500432028249237
4.2450610804161275e-06 6.988415292422516e-06
4.2450610804161275e-06 6.988415292422516e-06
2.783688520646274e-05 2.7078999199112187e-05
2.783688520646274e-05 2.7078999199112187e-05
1.8276241035495937e-05 1.0772052460761481e-05
1.3742696181808714e-05 3.706352192878568e-05
0.025104410762786692 0.001504120374032
8.692766110746632e-08 2.0303565034546455e-08
0.5169211122075811 0.9053894409084665
0.5169211122075811 0.9053894409084665
0.01624744510606056 0.007415665764809797
0.000607991061700508 0.006409612911346824
0.000607991061700508 0.006409612911346824
0.000607991061700508 0.006409612911346824
3.922756349771082e-05 4.3424832250088394e-05
2.1726568210671404e-06 3.63752707009877e-06
2.1726568210671404e-06 3.63752707009877e-06
1.7875399455069155e-06 1.3098731845903763e-06
1.7875399455069155e-06 1.3098731845903763e-06
6.470077956828172e-06 1.2727048949702278e-05
6.470077956828172e-06 1.2727048949702278e-05
2.1569323647946096e-05 5.6009140841267575e-05
2.1569323647946096e-05 5.6009140841267575e-05
2.1569323647946096e-05 5.6009140841267575e-05
2.1569323647946096e-05 5.6009140841267575e-05
2.1569323647946096e-05 5.6009140841267575e-05
0.00011153149906914095 0.00024500412210726766
3.825737238558964e-06 6.988415374291608e-06
3.825737238558964e-06 6.988415374291608e-06
1.1090126274556396e-05 2.707885751205853e-05
1.1090126274556396e-05 2.707885751205853e-05
1.194508954527486e-05 1.0773413904634277e-05
9.947250637602691e-06 3.706349194942949e-05
0.05033502346451153 0.0015040677440092216
2.9122634415161937e-08 2.028506367037447e-08
0.13507322471881192 0.9053889295293831
0.13507322471881192 0.9053889295293831
0.00685747132353572 0.007415653304778969
0.0005100846348626443 0.006409619926589818
0.0005100846348626443 0.006409619926589818
0.0005100846348626443 0.006409619926589818
2.864430536929322e-05 4.3424843522994736e-05
2.4109398914382303e-06 3.6375356551723638e-06
2.4109398914382303e-06 3.6375356551723638e-06
1.9949749185683403e-06 1.309869571430181e-06
1.9949749185683403e-06 1.309869571430181e-06
7.0849461008551455e-06 1.2727037709544326e-05
7.0849461008551455e-06 1.2727037709544326e-05
1.8468606871784186e-05 5.60092222008027e-05
1.8468606871784186e-05 5.60092222008027e-05
1.8468606871784186e-05 5.60092222008027e-05
1.8468606871784186e-05 5.60092222008027e-05
1.8468606871784186e-05 5.60092222008027e-05
0.00018540930652991266 0.0002450128359269107
4.042973780404634e-06 6.988423625872986e-06
4.042973780404634e-06 6.988423625872986e-06
3.678045617197084e-05 2.70790558180591e-05
3.678045617197084e-05 2.70790558180591e-05
2.864109030518726e-05 1.0772099208272143e-05
1.4083945867520877e-05 3.706388958252117e-05
0.011293281700072908 0.0015040421732428603
5.937824610807811e-08 2.029374037025196e-08
0.6034577551483858 0.905390322553438
0.6034577551483858 0.905390322553438
0.014915827028577576 0.007415713526283474
0.0005585406303431331 0.0064096108639371
0.0005585406303431331 0.0064096108639371
0.0005585406303431331 0.0064096108639371
3.193817527682685e-05 4.342486341588421e-05
1.7426398028456688e-06 3.6375279304139003e-06
1.7426398028456688e-06 3.6375279304139003e-06
1.505441194814578e-06 1.3098775534296407e-06
1.505441194814578e-06 1.3098775534296407e-06
1.2703317165303344e-05 1.2727027831463668e-05
1.2703317165303344e-05 1.2727027831463668e-05
2.4106399575139665e-05 5.600908283342684e-05
2.4106399575139665e-05 5.600908283342684e-05
2.4106399575139665e-05 5.600908283342684e-05
2.4106399575139665e-05 5.600908283342684e-05
2.4106399575139665e-05 5.600908283342684e-05
0.00023811051004101868 0.0002450754640992438
8.321256541492326e-06 6.98842320631518e-06
8.321256541492326e-06 6.98842320631518e-06
5.082790298552831e-05 2.7080078932234746e-05
5.082790298552831e-05 2.7080078932234746e-05
3.0380861215803103e-05 1.0772155326370555e-05
4.062686804758387e-05 3.706517742972939e-05
0.021383492819691433 0.00150377365646452
1.2408175826051042e-07 2.025870381375662e-08
0.7462455679220228 0.9053956334306772
0.7462455679220228 0.9053956334306772
0.037215765192273466 0.007415670554376546
0.001001412106590964 0.0064096240737906126
0.001001412106590964 0.0064096240737906126
0.001001412106590964 0.0064096240737906126
6.763731936342659e-05 4.342476570723633e-05
3.785983715456618e-06 3.637541349363307e-06
3.785983715456618e-06 3.637541349363307e-06
3.561171276084315e-06 1.3098531920206307e-06
3.561171276084315e-06 1.3098531920206307e-06
1.268936615397636e-05 1.2727032320878757e-05
1.268936615397636e-05 1.2727032320878757e-05
1.268936615397636e-05 1.2727032320878757e-05
1.268936615397636e-05 1.2727032320878757e-05
1.268936615397636e-05 1.2727032320878757e-05
1.268936615397636e-05 1.2727032320878757e-05
1.268936615397636e-05 1.2727032320878757e-05
1.268936615397636e-05 1.2727032320878757e-05
2.480718741435095e-05 5.600926110915005e-05
2.480718741435095e-05 5.600926110915005e-05
2.480718741435095e-05 5.600926110915005e-05
2.480718741435095e-05 5.600926110915005e-05
2.480718741435095e-05 5.600926110915005e-05
2.480718741435095e-05 5.600926110915005e-05
2.480718741435095e-05 5.600926110915005e-05
2.480718741435095e-05 5.600926110915005e-05
2.480718741435095e-05 5.600926110915005e-05
2.480718741435095e-05 5.600926110915005e-05
2.480718741435095e-05 5.600926110915005e-05
2.480718741435095e-05 5.600926110915005e-05
2.480718741435095e-05 5.600926110915005e-05
2.480718741435095e-05 5.600926110915005e-05
2.480718741435095e-05 5.600926110915005e-05
2.480718741435095e-05 5.600926110915005e-05
2.480718741435095e-05 5.600926110915005e-05
2.480718741435095e-05 5.600926110915005e-05
2.480718741435095e-05 5.600926110915005e-05
2.480718741435095e-05 5.600926110915005e-05
0.00026857459075077154 0.0002450342332884799
0.00026857459075077154 0.0002450342332884799
0.00026857459075077154 0.0002450342332884799
0.00026857459075077154 0.0002450342332884799
7.889473643243882e-06 6.988430286241077e-06
7.889473643243882e-06 6.988430286241077e-06
7.889473643243882e-06 6.988430286241077e-06
7.889473643243882e-06 6.988430286241077e-06
7.889473643243882e-06 6.988430286241077e-06
7.889473643243882e-06 6.988430286241077e-06
7.889473643243882e-06 6.988430286241077e-06
7.889473643243882e-06 6.988430286241077e-06
4.816400149264358e-05 2.7079360264824225e-05
4.816400149264358e-05 2.7079360264824225e-05
4.816400149264358e-05 2.7079360264824225e-05
4.816400149264358e-05 2.7079360264824225e-05
4.816400149264358e-05 2.7079360264824225e-05
4.816400149264358e-05 2.7079360264824225e-05
4.816400149264358e-05 2.7079360264824225e-05
4.816400149264358e-05 2.7079360264824225e-05
2.701766702592226e-05 1.077245236583462e-05
2.701766702592226e-05 1.077245236583462e-05
2.701766702592226e-05 1.077245236583462e-05
2.701766702592226e-05 1.077245236583462e-05
4.201570708568227e-05 3.7064708517616914e-05
4.201570708568227e-05 3.7064708517616914e-05
4.201570708568227e-05 3.7064708517616914e-05
4.201570708568227e-05 3.7064708517616914e-05
0.01992898381233099 0.001504136781670989
0.01992898381233099 0.001504136781670989
0.01992898381233099 0.001504136781670989
0.01992898381233099 0.001504136781670989
1.4308108861361143e-07 2.027140030088675e-08
1.4308108861361143e-07 2.027140030088675e-08
1.4308108861361143e-07 2.027140030088675e-08
1.4308108861361143e-07 2.027140030088675e-08
0.7558990532938916 0.9053916270723302
0.7558990532938916 0.9053916270723302
0.7558990532938916 0.9053916270723302
0.7558990532938916 0.9053916270723302
0.7558990532938916 0.9053916270723302
0.7558990532938916 0.9053916270723302
0.7558990532938916 0.9053916270723302
0.7558990532938916 0.9053916270723302
0.035040826370183784 0.007415792399483286
0.035040826370183784 0.007415792399483286
0.035040826370183784 0.007415792399483286
0.035040826370183784 0.007415792399483286
0.0010003084032961633 0.0064096075247308424
0.0010003084032961633 0.0064096075247308424
0.0010003084032961633 0.0064096075247308424
0.0010003084032961633 0.0064096075247308424
0.0010003084032961633 0.0064096075247308424
0.0010003084032961633 0.0064096075247308424
0.0010003084032961633 0.0064096075247308424
0.0010003084032961633 0.0064096075247308424
0.0010003084032961633 0.0064096075247308424
0.0010003084032961633 0.0064096075247308424
0.0010003084032961633 0.0064096075247308424
0.0010003084032961633 0.0064096075247308424
6.630102547059667e-05 4.342483800069816e-05
6.630102547059667e-05 4.342483800069816e-05
6.630102547059667e-05 4.342483800069816e-05
6.630102547059667e-05 4.342483800069816e-05
3.7611942953343483e-06 3.637522916845492e-06
3.7611942953343483e-06 3.637522916845492e-06
3.7611942953343483e-06 3.637522916845492e-06
3.7611942953343483e-06 3.637522916845492e-06
3.7611942953343483e-06 3.637522916845492e-06
3.7611942953343483e-06 3.637522916845492e-06
3.7611942953343483e-06 3.637522916845492e-06
3.7611942953343483e-06 3.637522916845492e-06
3.358083319367446e-06 1.3098859730132959e-06
3.358083319367446e-06 1.3098859730132959e-06
3.358083319367446e-06 1.3098859730132959e-06
3.358083319367446e-06 1.3098859730132959e-06
3.358083319367446e-06 1.3098859730132959e-06
3.358083319367446e-06 1.3098859730132959e-06
3.358083319367446e-06 1.3098859730132959e-06
3.358083319367446e-06 1.3098859730132959e-06
1.2703317165303344e-05 1.2727027752390598e-05
1.2703317165303344e-05 1.2727027752390598e-05
1.2703317165303344e-05 1.2727027752390598e-05
1.2703317165303344e-05 1.2727027752390598e-05
2.4106399575139665e-05 5.6009280064206796e-05
2.4106399575139665e-05 5.6009280064206796e-05
2.4106399575139665e-05 5.6009280064206796e-05
2.4106399575139665e-05 5.6009280064206796e-05
2.4106399575139665e-05 5.6009280064206796e-05
2.4106399575139665e-05 5.6009280064206796e-05
2.4106399575139665e-05 5.6009280064206796e-05
2.4106399575139665e-05 5.6009280064206796e-05
2.4106399575139665e-05 5.6009280064206796e-05
2.4106399575139665e-05 5.6009280064206796e-05
0.00023811051004101868 0.0002450503022477529
0.00023811051004101868 0.0002450503022477529
8.321256541492326e-06 6.988391479149264e-06
8.321256541492326e-06 6.988391479149264e-06
8.321256541492326e-06 6.988391479149264e-06
8.321256541492326e-06 6.988391479149264e-06
5.082790298552831e-05 2.7078505102875687e-05
5.082790298552831e-05 2.7078505102875687e-05
5.082790298552831e-05 2.7078505102875687e-05
5.082790298552831e-05 2.7078505102875687e-05
3.0380861215803103e-05 1.0772907205268044e-05
3.0380861215803103e-05 1.0772907205268044e-05
4.062686804758387e-05 3.7062245547453205e-05
4.062686804758387e-05 3.7062245547453205e-05
0.021383492819691433 0.0015039329675591603
0.021383492819691433 0.0015039329675591603
1.2408175826051042e-07 2.026469898420967e-08
1.2408175826051042e-07 2.026469898420967e-08
0.7462455679220228 0.9053916454009479
0.7462455679220228 0.9053916454009479
0.7462455679220228 0.9053916454009479
0.7462455679220228 0.9053916454009479
0.037215765192273466 0.007415719160244137
0.037215765192273466 0.007415719160244137
0.001001412106590964 0.006409605373313638
0.001001412106590964 0.006409605373313638
0.001001412106590964 0.006409605373313638
0.001001412106590964 0.006409605373313638
0.001001412106590964 0.006409605373313638
0.001001412106590964 0.006409605373313638
6.763731936342659e-05 4.342481690763297e-05
6.763731936342659e-05 4.342481690763297e-05
3.785983715456618e-06 3.6375209045942007e-06
3.785983715456618e-06 3.6375209045942007e-06
3.785983715456618e-06 3.6375209045942007e-06
3.785983715456618e-06 3.6375209045942007e-06
3.561171276084315e-06 1.3098961417758043e-06
3.561171276084315e-06 1.3098961417758043e-06
3.561171276084315e-06 1.3098961417758043e-06
3.561171276084315e-06 1.3098961417758043e-06
6.380178688649613e-06 1.2727022058646888e-05
6.380178688649613e-06 1.2727022058646888e-05
6.380178688649613e-06 1.2727022058646888e-05
6.380178688649613e-06 1.2727022058646888e-05
2.2221118043063615e-05 5.600928161341317e-05
2.2221118043063615e-05 5.600928161341317e-05
2.2221118043063615e-05 5.600928161341317e-05
2.2221118043063615e-05 5.600928161341317e-05
2.2221118043063615e-05 5.600928161341317e-05
2.2221118043063615e-05 5.600928161341317e-05
2.2221118043063615e-05 5.600928161341317e-05
2.2221118043063615e-05 5.600928161341317e-05
2.2221118043063615e-05 5.600928161341317e-05
2.2221118043063615e-05 5.600928161341317e-05
0.00010939736781730321 0.00024504337582276816
0.00010939736781730321 0.00024504337582276816
3.7855439217792538e-06 6.988425876198448e-06
3.7855439217792538e-06 6.988425876198448e-06
3.7855439217792538e-06 6.988425876198448e-06
3.7855439217792538e-06 6.988425876198448e-06
1.0987644269898609e-05 2.7078665193359136e-05
1.0987644269898609e-05 2.7078665193359136e-05
1.0987644269898609e-05 2.7078665193359136e-05
1.0987644269898609e-05 2.7078665193359136e-05
1.2355180003925898e-05 1.077125418575275e-05
1.2355180003925898e-05 1.077125418575275e-05
9.682577893479262e-06 3.706462403677395e-05
9.682577893479262e-06 3.706462403677395e-05
0.05294288545057695 0.0015041431487930828
0.05294288545057695 0.0015041431487930828
2.607724603559146e-08 2.033109236496761e-08
2.607724603559146e-08 2.033109236496761e-08
0.13189162612951527 0.9053940995156319
0.13189162612951527 0.9053940995156319
0.13189162612951527 0.9053940995156319
0.13189162612951527 0.9053940995156319
0.006558451716714219 0.007415809928589206
0.006558451716714219 0.007415809928589206
0.0005029966833168585 0.006409614712457247
0.0005029966833168585 0.006409614712457247
0.0005029966833168585 0.006409614712457247
0.0005029966833168585 0.006409614712457247
0.0005029966833168585 0.006409614712457247
0.0005029966833168585 0.006409614712457247
2.822921836845025e-05 4.342483880416496e-05
2.822921836845025e-05 4.342483880416496e-05
2.38001123678148e-06 3.637528496062416e-06
2.38001123678148e-06 3.637528496062416e-06
2.38001123678148e-06 3.637528496062416e-06
2.38001123678148e-06 3.637528496062416e-06
1.979282654201292e-06 1.3098901646970758e-06
1.979282654201292e-06 1.3098901646970758e-06
1.979282654201292e-06 1.3098901646970758e-06
1.979282654201292e-06 1.3098901646970758e-06
6.992257771382842e-06 1.2727040260108863e-05
6.992257771382842e-06 1.2727040260108863e-05
1.8745718564474474e-05 5.600924111330904e-05
1.8745718564474474e-05 5.600924111330904e-05
1.8745718564474474e-05 5.600924111330904e-05
1.8745718564474474e-05 5.600924111330904e-05
1.8745718564474474e-05 5.600924111330904e-05
0.00017958791799266784 0.0002450065064653412
4.0043290240562694e-06 6.988428897381396e-06
4.0043290240562694e-06 6.988428897381396e-06
3.536127292088684e-05 2.7079055518598842e-05
3.536127292088684e-05 2.7079055518598842e-05
2.7968988904299954e-05 1.0771849629377413e-05
1.3672518340238121e-05 3.7063852647998566e-05
0.013799856793938931 0.0015040604038229794
5.655781985009153e-08 2.0294443153914832e-08
0.5765685450434005 0.90538991135797
0.5765685450434005 0.90538991135797
0.014329238092812245 0.007415719293262223
0.0005512340807682083 0.0064096131707891595
0.0005512340807682083 0.0064096131707891595
0.0005512340807682083 0.0064096131707891595
3.147357155888172e-05 4.342484263796287e-05
1.7572605288944097e-06 3.637527096565185e-06
1.7572605288944097e-06 3.637527096565185e-06
1.519767033506235e-06 1.3098796706216018e-06
1.519767033506235e-06 1.3098796706216018e-06
6.961442131640413e-06 1.2727037069295435e-05
6.961442131640413e-06 1.2727037069295435e-05
6.961442131640413e-06 1.2727037069295435e-05
6.961442131640413e-06 1.2727037069295435e-05
6.961442131640413e-06 1.2727037069295435e-05
6.961442131640413e-06 1.2727037069295435e-05
6.961442131640413e-06 1.2727037069295435e-05
6.961442131640413e-06 1.2727037069295435e-05
1.878727371456617e-05 5.60092191451138e-05
1.878727371456617e-05 5.60092191451138e-05
1.878727371456617e-05 5.60092191451138e-05
1.878727371456617e-05 5.60092191451138e-05
1.878727371456617e-05 5.60092191451138e-05
1.878727371456617e-05 5.60092191451138e-05
1.878727371456617e-05 5.60092191451138e-05
1.878727371456617e-05 5.60092191451138e-05
1.878727371456617e-05 5.60092191451138e-05
1.878727371456617e-05 5.60092191451138e-05
1.878727371456617e-05 5.60092191451138e-05
1.878727371456617e-05 5.60092191451138e-05
1.878727371456617e-05 5.60092191451138e-05
1.878727371456617e-05 5.60092191451138e-05
1.878727371456617e-05 5.60092191451138e-05
1.878727371456617e-05 5.60092191451138e-05
1.878727371456617e-05 5.60092191451138e-05
1.878727371456617e-05 5.60092191451138e-05
1.878727371456617e-05 5.60092191451138e-05
1.878727371456617e-05 5.60092191451138e-05
0.0001781851377781515 0.0002450213312688399
0.0001781851377781515 0.0002450213312688399
0.0001781851377781515 0.0002450213312688399
0.0001781851377781515 0.0002450213312688399
3.992990013162482e-06 6.988425368921543e-06
3.992990013162482e-06 6.988425368921543e-06
3.992990013162482e-06 6.988425368921543e-06
3.992990013162482e-06 6.988425368921543e-06
3.992990013162482e-06 6.988425368921543e-06
3.992990013162482e-06 6.988425368921543e-06
3.992990013162482e-06 6.988425368921543e-06
3.992990013162482e-06 6.988425368921543e-06
3.4978339443586374e-05 2.707909655950814e-05
3.4978339443586374e-05 2.707909655950814e-05
3.4978339443586374e-05 2.707909655950814e-05
3.4978339443586374e-05 2.707909655950814e-05
3.4978339443586374e-05 2.707909655950814e-05
3.4978339443586374e-05 2.707909655950814e-05
3.4978339443586374e-05 2.707909655950814e-05
3.4978339443586374e-05 2.707909655950814e-05
2.7752329242115757e-05 1.0772279177295322e-05
2.7752329242115757e-05 1.0772279177295322e-05
2.7752329242115757e-05 1.0772279177295322e-05
2.7752329242115757e-05 1.0772279177295322e-05
1.3536640299849253e-05 3.7063477822753946e-05
1.3536640299849253e-05 3.7063477822753946e-05
1.3536640299849253e-05 3.7063477822753946e-05
1.3536640299849253e-05 3.7063477822753946e-05
0.013937253040309407 0.0015040409746398683
0.013937253040309407 0.0015040409746398683
0.013937253040309407 0.0015040409746398683
0.013937253040309407 0.0015040409746398683
5.585414922066883e-08 2.029983393074949e-08
5.585414922066883e-08 2.029983393074949e-08
5.585414922066883e-08 2.029983393074949e-08
5.585414922066883e-08 2.029983393074949e-08
0.5695452451096745 0.905391002206282
0.5695452451096745 0.905391002206282
0.5695452451096745 0.905391002206282
0.5695452451096745 0.905391002206282
0.5695452451096745 0.905391002206282
0.5695452451096745 0.905391002206282
0.5695452451096745 0.905391002206282
0.5695452451096745 0.905391002206282
0.014181874031359518 0.0074156749364784474
0.014181874031359518 0.0074156749364784474
0.014181874031359518 0.0074156749364784474
0.014181874031359518 0.0074156749364784474
0.0005488050776792906 0.00640961176679666
0.0005488050776792906 0.00640961176679666
0.0005488050776792906 0.00640961176679666
0.0005488050776792906 0.00640961176679666
0.0005488050776792906 0.00640961176679666
0.0005488050776792906 0.00640961176679666
0.0005488050776792906 0.00640961176679666
0.0005488050776792906 0.00640961176679666
0.0005488050776792906 0.00640961176679666
0.0005488050776792906 0.00640961176679666
0.0005488050776792906 0.00640961176679666
0.0005488050776792906 0.00640961176679666
3.1269698725049873e-05 4.342487122134308e-05
3.1269698725049873e-05 4.342487122134308e-05
3.1269698725049873e-05 4.342487122134308e-05
3.1269698725049873e-05 4.342487122134308e-05
1.7583461031771597e-06 3.6375289967576198e-06
1.7583461031771597e-06 3.6375289967576198e-06
1.7583461031771597e-06 3.6375289967576198e-06
1.7583461031771597e-06 3.6375289967576198e-06
1.7583461031771597e-06 3.6375289967576198e-06
1.7583461031771597e-06 3.6375289967576198e-06
1.7583461031771597e-06 3.6375289967576198e-06
1.7583461031771597e-06 3.6375289967576198e-06
1.5227296461206726e-06 1.3098808697420073e-06
1.5227296461206726e-06 1.3098808697420073e-06
1.5227296461206726e-06 1.3098808697420073e-06
1.5227296461206726e-06 1.3098808697420073e-06
1.5227296461206726e-06 1.3098808697420073e-06
1.5227296461206726e-06 1.3098808697420073e-06
1.5227296461206726e-06 1.3098808697420073e-06
1.5227296461206726e-06 1.3098808697420073e-06
6.127778745075125e-06 1.27270368904204e-05
6.127778745075125e-06 1.27270368904204e-05
6.127778745075125e-06 1.27270368904204e-05
6.127778745075125e-06 1.27270368904204e-05
1.8673729485785972e-05 5.600923084281899e-05
1.8673729485785972e-05 5.600923084281899e-05
1.8673729485785972e-05 5.600923084281899e-05
1.8673729485785972e-05 5.600923084281899e-05
1.8673729485785972e-05 5.600923084281899e-05
1.8673729485785972e-05 5.600923084281899e-05
1.8673729485785972e-05 5.600923084281899e-05
1.8673729485785972e-05 5.600923084281899e-05
1.8673729485785972e-05 5.600923084281899e-05
1.8673729485785972e-05 5.600923084281899e-05
0.00012583432447616107 0.0002450201593043076
0.00012583432447616107 0.0002450201593043076
3.458165286931045e-06 6.988428340124657e-06
3.458165286931045e-06 6.988428340124657e-06
3.458165286931045e-06 6.988428340124657e-06
3.458165286931045e-06 6.988428340124657e-06
2.90518948292249e-05 2.7079069061540764e-05
2.90518948292249e-05 2.7079069061540764e-05
2.90518948292249e-05 2.7079069061540764e-05
2.90518948292249e-05 2.7079069061540764e-05
2.4290636943818932e-05 1.0771889738336932e-05
2.4290636943818932e-05 1.0771889738336932e-05
9.336842442639062e-06 3.7063847171340946e-05
9.336842442639062e-06 3.7063847171340946e-05
0.013809744046023224 0.001504042401423704
0.013809744046023224 0.001504042401423704
5.178015985414817e-08 2.028943370061158e-08
5.178015985414817e-08 2.028943370061158e-08
0.48998262166171946 0.9053900218822071
0.48998262166171946 0.9053900218822071
0.48998262166171946 0.9053900218822071
0.48998262166171946 0.9053900218822071
0.01006640511929316 0.007415697958448921
0.01006640511929316 0.007415697958448921
0.00048309086700581034 0.006409612232382583
0.00048309086700581034 0.006409612232382583
0.00048309086700581034 0.006409612232382583
0.00048309086700581034 0.006409612232382583
0.00048309086700581034 0.006409612232382583
0.00048309086700581034 0.006409612232382583
2.557299936812857e-05 4.34248626341891e-05
2.557299936812857e-05 4.34248626341891e-05
1.5701495327127013e-06 3.6375281951292706e-06
1.5701495327127013e-06 3.6375281951292706e-06
1.5701495327127013e-06 3.6375281951292706e-06
1.5701495327127013e-06 3.6375281951292706e-06
1.3598651234606323e-06 1.3098809210581834e-06
1.3598651234606323e-06 1.3098809210581834e-06
1.3598651234606323e-06 1.3098809210581834e-06
1.3598651234606323e-06 1.3098809210581834e-06
6.992257771382842e-06 1.2727040260108863e-05
6.992257771382842e-06 1.2727040260108863e-05
6.992257771382842e-06 1.2727040260108863e-05
6.992257771382842e-06 1.2727040260108863e-05
1.8745718564474474e-05 5.600924111330904e-05
1.8745718564474474e-05 5.600924111330904e-05
1.8745718564474474e-05 5.600924111330904e-05
1.8745718564474474e-05 5.600924111330904e-05
1.8745718564474474e-05 5.600924111330904e-05
1.8745718564474474e-05 5.600924111330904e-05
1.8745718564474474e-05 5.600924111330904e-05
1.8745718564474474e-05 5.600924111330904e-05
1.8745718564474474e-05 5.600924111330904e-05
1.8745718564474474e-05 5.600924111330904e-05
0.00017958791799266784 0.0002450065064653412
0.00017958791799266784 0.0002450065064653412
4.0043290240562694e-06 6.988428897381396e-06
4.0043290240562694e-06 6.988428897381396e-06
4.0043290240562694e-06 6.988428897381396e-06
4.0043290240562694e-06 6.988428897381396e-06
3.536127292088684e-05 2.7079055518598842e-05
3.536127292088684e-05 2.7079055518598842e-05
3.536127292088684e-05 2.7079055518598842e-05
3.536127292088684e-05 2.7079055518598842e-05
2.7968988904299954e-05 1.0771849629377413e-05
2.7968988904299954e-05 1.0771849629377413e-05
1.3672518340238121e-05 3.7063852647998566e-05
1.3672518340238121e-05 3.7063852647998566e-05
0.013799856793938931 0.0015040604038229794
0.013799856793938931 0.0015040604038229794
5.655781985009153e-08 2.0294443153914832e-08
5.655781985009153e-08 2.0294443153914832e-08
0.5765685450434005 0.90538991135797
0.5765685450434005 0.90538991135797
0.5765685450434005 0.90538991135797
0.5765685450434005 0.90538991135797
0.014329238092812245 0.007415719293262223
0.014329238092812245 0.007415719293262223
0.0005512340807682083 0.0064096131707891595
0.0005512340807682083 0.0064096131707891595
0.0005512340807682083 0.0064096131707891595
0.0005512340807682083 0.0064096131707891595
0.0005512340807682083 0.0064096131707891595
0.0005512340807682083 0.0064096131707891595
3.147357155888172e-05 4.342484263796287e-05
3.147357155888172e-05 4.342484263796287e-05
1.7572605288944097e-06 3.637527096565185e-06
1.7572605288944097e-06 3.637527096565185e-06
1.7572605288944097e-06 3.637527096565185e-06
1.7572605288944097e-06 3.637527096565185e-06
1.519767033506235e-06 1.3098796706216018e-06
1.519767033506235e-06 1.3098796706216018e-06
1.519767033506235e-06 1.3098796706216018e-06
1.519767033506235e-06 1.3098796706216018e-06
7.214597689107986e-06 1.2727038005452194e-05
7.214597689107986e-06 1.2727038005452194e-05
1.7814787254266354e-05 5.6009220330962946e-05
1.7814787254266354e-05 5.6009220330962946e-05
1.7814787254266354e-05 5.6009220330962946e-05
1.7814787254266354e-05 5.6009220330962946e-05
1.7814787254266354e-05 5.6009220330962946e-05
0.00020098724005431778 0.00024501424161834425
4.0887804512339e-06 6.988426826047551e-06
4.0887804512339e-06 6.988426826047551e-06
4.21975396658802e-05 2.7079051260505493e-05
4.21975396658802e-05 2.7079051260505493e-05
3.216162236888497e-05 1.0771805986312275e-05
1.4956212729752905e-05 3.706390973509807e-05
0.0030609088294194587 0.0015040342698550216
6.575796856996531e-08 2.029552024309372e-08
0.7022216915682092 0.9053907746487252
0.7022216915682092 0.9053907746487252
0.016615018352789643 0.007415713514960711
0.0005687581002762351 0.006409610302467748
0.0005687581002762351 0.006409610302467748
0.0005687581002762351 0.006409610302467748
3.263272331799392e-05 4.3424874521623964e-05
1.601721512058859e-06 3.6375271279476555e-06
1.601721512058859e-06 3.6375271279476555e-06
1.4022177225879571e-06 1.3098769961962602e-06
1.4022177225879571e-06 1.3098769961962602e-06
6.045479256476727e-06 1.2727040429082766e-05
6.045479256476727e-06 1.2727040429082766e-05
1.4363785167965914e-05 5.600923332321018e-05
1.4363785167965914e-05 5.600923332321018e-05
1.4363785167965914e-05 5.600923332321018e-05
1.4363785167965914e-05 5.600923332321018e-05
1.4363785167965914e-05 5.600923332321018e-05
0.00012750277199099014 0.000245014420021955
6.4582561223676796e-06 6.9884249379370836e-06
6.4582561223676796e-06 6.9884249379370836e-06
4.998779506874658e-05 2.707906635041447e-05
4.998779506874658e-05 2.707906635041447e-05
3.1448159672468086e-05 1.0771698639057185e-05
1.2180105121206638e-05 3.7063838867227364e-05
0.01267782721685769 0.0015040542646305103
1.326512191863455e-07 2.0291357757088806e-08
0.38610077235615237 0.9053902379944195
0.38610077235615237 0.9053902379944195
0.007283384452381981 0.007415674349947699
0.00047657206957652816 0.006409611655843969
0.00047657206957652816 0.006409611655843969
0.00047657206957652816 0.006409611655843969
2.7460382349024134e-05 4.342485985207144e-05
1.7407421705581746e-06 3.6375292798304475e-06
1.7407421705581746e-06 3.6375292798304475e-06
2.5224726550877115e-06 1.309880071323174e-06
2.5224726550877115e-06 1.309880071323174e-06
6.26167965563721e-06 1.2727035091185832e-05
6.26167965563721e-06 1.2727035091185832e-05
6.26167965563721e-06 1.2727035091185832e-05
6.26167965563721e-06 1.2727035091185832e-05
1.36294427378297e-05 5.600921048852784e-05
1.36294427378297e-05 5.600921048852784e-05
1.36294427378297e-05 5.600921048852784e-05
1.36294427378297e-05 5.600921048852784e-05
1.36294427378297e-05 5.600921048852784e-05
1.36294427378297e-05 5.600921048852784e-05
1.36294427378297e-05 5.600921048852784e-05
1.36294427378297e-05 5.600921048852784e-05
1.36294427378297e-05 5.600921048852784e-05
1.36294427378297e-05 5.600921048852784e-05
1.01623343240613e-05 0.0002450034830719049
1.01623343240613e-05 0.0002450034830719049
7.982563864964507e-06 6.988421219559857e-06
7.982563864964507e-06 6.988421219559857e-06
7.982563864964507e-06 6.988421219559857e-06
7.982563864964507e-06 6.988421219559857e-06
5.8403320662155604e-05 2.7078987749247036e-05
5.8403320662155604e-05 2.7078987749247036e-05
5.8403320662155604e-05 2.7078987749247036e-05
5.8403320662155604e-05 2.7078987749247036e-05
4.737948881649669e-05 1.0772227358779833e-05
4.737948881649669e-05 1.0772227358779833e-05
1.4279605297962574e-05 3.7063395278068124e-05
1.4279605297962574e-05 3.7063395278068124e-05
0.014422394835780663 0.0015040666732278338
0.014422394835780663 0.0015040666732278338
2.9271275102273183e-07 2.0289406570720782e-08
2.9271275102273183e-07 2.0289406570720782e-08
0.32580070227708025 0.9053904696251058
0.32580070227708025 0.9053904696251058
0.32580070227708025 0.9053904696251058
0.32580070227708025 0.9053904696251058
0.0043839114705256435 0.007415692407210445
0.0043839114705256435 0.007415692407210445
0.0004935971830523863 0.006409611105311501
0.0004935971830523863 0.006409611105311501
0.0004935971830523863 0.006409611105311501
0.0004935971830523863 0.006409611105311501
0.0004935971830523863 0.006409611105311501
0.0004935971830523863 0.006409611105311501
2.875414948279959e-05 4.342486580935646e-05
2.875414948279959e-05 4.342486580935646e-05
1.94898583288725e-06 3.6375264960842547e-06
1.94898583288725e-06 3.6375264960842547e-06
1.94898583288725e-06 3.6375264960842547e-06
1.94898583288725e-06 3.6375264960842547e-06
3.3134600256850094e-06 1.309881607018702e-06
3.3134600256850094e-06 1.309881607018702e-06
3.3134600256850094e-06 1.309881607018702e-06
3.3134600256850094e-06 1.309881607018702e-06
5.635210514199132e-06 1.272598437857373e-05
5.635210514199132e-06 1.272598437857373e-05
1.1909081356492078e-05 5.6006743846663056e-05
1.1909081356492078e-05 5.6006743846663056e-05
1.1909081356492078e-05 5.6006743846663056e-05
1.1909081356492078e-05 5.6006743846663056e-05
1.1909081356492078e-05 5.6006743846663056e-05
7.762541274887436e-06 0.0002464812674236758
7.395149629713341e-06 6.98717814250265e-06
7.395149629713341e-06 6.98717814250265e-06
5.4364015667818886e-05 2.7119751285058984e-05
5.4364015667818886e-05 2.7119751285058984e-05
5.198103660926425e-05 1.0830146176030102e-05
1.7216662539814324e-05 3.68583644486503e-05
0.014767264457813985 0.00151713469776297
5.6067105892201e-07 2.344439411714507e-08
0.2732519646506808 0.9051047120418848
0.2732519646506808 0.9051047120418848
0.0005915541610293906 0.007426587753243797
0.0004442556059614697 0.006409532060215702
0.0004442556059614697 0.006409532060215702
0.0004442556059614697 0.006409532060215702
2.5610978565172237e-05 4.342272434141424e-05
1.793300385242291e-06 3.63766042661598e-06
1.793300385242291e-06 3.63766042661598e-06
3.1482851966634014e-06 1.3101289455392528e-06
3.1482851966634014e-06 1.3101289455392528e-06
6.020001632398201e-06 1.2727034483052742e-05
6.020001632398201e-06 1.2727034483052742e-05
1.402782595952788e-05 5.600924280950762e-05
1.402782595952788e-05 5.600924280950762e-05
1.402782595952788e-05 5.600924280950762e-05
1.402782595952788e-05 5.600924280950762e-05
1.402782595952788e-05 5.600924280950762e-05
7.409284903498252e-06 0.00024501166564768845
7.542875028194532e-06 6.988420772834079e-06
7.542875028194532e-06 6.988420772834079e-06
5.893801403120145e-05 2.7079150698138043e-05
5.893801403120145e-05 2.7079150698138043e-05
3.870791053836342e-05 1.0771787051874234e-05
1.3081933595228729e-05 3.706342054350367e-05
0.014441437205408443 0.001504084028733383
1.5527729774586859e-07 2.029690037229142e-08
0.3513050907714715 0.9053909179280656
0.3513050907714715 0.9053909179280656
0.003832413959195844 0.007415717221239401
0.0004745562333552746 0.006409612484987707
0.0004745562333552746 0.006409612484987707
0.0004745562333552746 0.006409612484987707
2.746226770032235e-05 4.3424876810204455e-05
1.7987472387524455e-06 3.6375291210566262e-06
1.7987472387524455e-06 3.6375291210566262e-06
2.950126522974845e-06 1.3098795652252536e-06
2.950126522974845e-06 1.3098795652252536e-06
5.728614462261843e-06 1.2727039972168433e-05
5.728614462261843e-06 1.2727039972168433e-05
1.3378127516114507e-05 5.6009219507530905e-05
1.3378127516114507e-05 5.6009219507530905e-05
1.3378127516114507e-05 5.6009219507530905e-05
1.3378127516114507e-05 5.6009219507530905e-05
1.3378127516114507e-05 5.6009219507530905e-05
6.839828915011561e-06 0.00024502051302477076
7.261118695359194e-06 6.9884231935712725e-06
7.261118695359194e-06 6.9884231935712725e-06
6.1145638079521e-05 2.7079131895796774e-05
6.1145638079521e-05 2.7079131895796774e-05
5.221024816931782e-05 1.0772235540152466e-05
1.1782731592086426e-05 3.706384952211629e-05
0.01323503996822146 0.00150408298437636
1.4103652488982832e-07 2.0294122541950426e-08
0.33154922965412464 0.9053900578229473
0.33154922965412464 0.9053900578229473
0.0036406032763881832 0.0074156818831316714
0.0004515895037274618 0.006409613029795078
0.0004515895037274618 0.006409613029795078
0.0004515895037274618 0.006409613029795078
2.6313093273550444e-05 4.3424868651281144e-05
1.7171027094410842e-06 3.6375294531208385e-06
1.7171027094410842e-06 3.6375294531208385e-06
2.86374159957813e-06 1.3098796521282146e-06
2.86374159957813e-06 1.3098796521282146e-06
3.196744081358044e-06 1.272709680917631e-05
3.196744081358044e-06 1.272709680917631e-05
3.196744081358044e-06 1.272709680917631e-05
3.196744081358044e-06 1.272709680917631e-05
3.196744081358044e-06 1.272709680917631e-05
3.196744081358044e-06 1.272709680917631e-05
1.4905832027915944e-05 5.600968910846201e-05
1.4905832027915944e-05 5.600968910846201e-05
1.4905832027915944e-05 5.600968910846201e-05
1.4905832027915944e-05 5.600968910846201e-05
1.4905832027915944e-05 5.600968910846201e-05
1.4905832027915944e-05 5.600968910846201e-05
1.4905832027915944e-05 5.600968910846201e-05
1.4905832027915944e-05 5.600968910846201e-05
1.4905832027915944e-05 5.600968910846201e-05
1.4905832027915944e-05 5.600968910846201e-05
1.4905832027915944e-05 5.600968910846201e-05
1.4905832027915944e-05 5.600968910846201e-05
1.4905832027915944e-05 5.600968910846201e-05
1.4905832027915944e-05 5.600968910846201e-05
1.4905832027915944e-05 5.600968910846201e-05
3.1182113939444335e-06 0.0002450758831269272
3.1182113939444335e-06 0.0002450758831269272
3.1182113939444335e-06 0.0002450758831269272
1.3799458472021066e-06 6.988445005367104e-06
1.3799458472021066e-06 6.988445005367104e-06
1.3799458472021066e-06 6.988445005367104e-06
1.3799458472021066e-06 6.988445005367104e-06
1.3799458472021066e-06 6.988445005367104e-06
1.3799458472021066e-06 6.988445005367104e-06
1.9742668496345758e-05 2.708291951759298e-05
1.9742668496345758e-05 2.708291951759298e-05
1.9742668496345758e-05 2.708291951759298e-05
1.9742668496345758e-05 2.708291951759298e-05
1.9742668496345758e-05 2.708291951759298e-05
1.9742668496345758e-05 2.708291951759298e-05
3.6212117618223075e-05 1.0756836380900491e-05
3.6212117618223075e-05 1.0756836380900491e-05
3.6212117618223075e-05 1.0756836380900491e-05
3.1266121593946877e-06 3.707434774218742e-05
3.1266121593946877e-06 3.707434774218742e-05
3.1266121593946877e-06 3.707434774218742e-05
0.012210915818686401 0.0015046052169022006
0.012210915818686401 0.0015046052169022006
0.012210915818686401 0.0015046052169022006
1.417430069969909e-08 2.031726611605952e-08
1.417430069969909e-08 2.031726611605952e-08
1.417430069969909e-08 2.031726611605952e-08
0.17187789084181312 0.9054137664346481
0.17187789084181312 0.9054137664346481
0.17187789084181312 0.9054137664346481
0.17187789084181312 0.9054137664346481
0.17187789084181312 0.9054137664346481
0.17187789084181312 0.9054137664346481
0.0006475485661424607 0.007414506203974579
0.0006475485661424607 0.007414506203974579
0.0006475485661424607 0.007414506203974579
0.00025203279134824 0.006409535944330382
0.00025203279134824 0.006409535944330382
0.00025203279134824 0.006409535944330382
0.00025203279134824 0.006409535944330382
0.00025203279134824 0.006409535944330382
0.00025203279134824 0.006409535944330382
0.00025203279134824 0.006409535944330382
0.00025203279134824 0.006409535944330382
0.00025203279134824 0.006409535944330382
1.697264741640607e-05 4.342551149588265e-05
1.697264741640607e-05 4.342551149588265e-05
1.697264741640607e-05 4.342551149588265e-05
9.840756495690648e-07 3.637505228903819e-06
9.840756495690648e-07 3.637505228903819e-06
9.840756495690648e-07 3.637505228903819e-06
9.840756495690648e-07 3.637505228903819e-06
9.840756495690648e-07 3.637505228903819e-06
9.840756495690648e-07 3.637505228903819e-06
5.748191311286291e-07 1.3098461078655406e-06
5.748191311286291e-07 1.3098461078655406e-06
5.748191311286291e-07 1.3098461078655406e-06
5.748191311286291e-07 1.3098461078655406e-06
5.748191311286291e-07 1.3098461078655406e-06
5.748191311286291e-07 1.3098461078655406e-06
3.7438054339722996e-06 1.2730526430469334e-05
3.7438054339722996e-06 1.2730526430469334e-05
1.7208053471204598e-05 5.602915570816287e-05
1.7208053471204598e-05 5.602915570816287e-05
1.7208053471204598e-05 5.602915570816287e-05
1.7208053471204598e-05 5.602915570816287e-05
1.7208053471204598e-05 5.602915570816287e-05
5.233971639426984e-06 6.990576702604888e-06
5.233971639426984e-06 6.990576702604888e-06
9.004207722752802e-05 2.7013676638572443e-05
9.004207722752802e-05 2.7013676638572443e-05
0.00016753670707680802 1.085199877121983e-05
4.120885347491596e-07 3.746129000033299e-05
0.005047672462142457 0.0015408320493066256
6.6104745918179025e-09 2.5298752973868413e-08
0.24340998317442514 0.9046610169491526
0.24340998317442514 0.9046610169491526
5.6085249579360626e-05 0.007461311717022845
0.000295163363026515 0.006411819696784945
0.000295163363026515 0.006411819696784945
0.000295163363026515 0.006411819696784945
1.956642477170153e-05 4.343484571822009e-05
1.0695089760435657e-06 3.6361766828190808e-06
1.0695089760435657e-06 3.6361766828190808e-06
2.035068265556587e-06 1.3134239663973613e-06
2.035068265556587e-06 1.3134239663973613e-06
3.755730705354912e-06 1.2727228155782689e-05
3.755730705354912e-06 1.2727228155782689e-05
1.718437177946461e-05 5.600512177563023e-05
1.718437177946461e-05 5.600512177563023e-05
1.718437177946461e-05 5.600512177563023e-05
1.718437177946461e-05 5.600512177563023e-05
1.718437177946461e-05 5.600512177563023e-05
5.264962950898562e-06 6.988739123045009e-06
5.264962950898562e-06 6.988739123045009e-06
9.056855981438714e-05 2.7071030516785973e-05
9.056855981438714e-05 2.7071030516785973e-05
0.0001686719078023426 1.0875039108313716e-05
4.1488077778529174e-07 3.7540825647892086e-05
0.005081874647092038 0.0015441034549314803
6.655266062795776e-09 2.5352465825192974e-08
0.24336533032185206 0.9044585987261147
0.24336533032185206 0.9044585987261147
5.6465273856578205e-05 0.007384842610541863
0.00029610355697312217 0.006410158497405897
0.00029610355697312217 0.006410158497405897
0.00029610355697312217 0.006410158497405897
1.963656618332929e-05 4.342619022940982e-05
1.074531088064807e-06 3.6395276223456264e-06
1.074531088064807e-06 3.6395276223456264e-06
2.048857547988365e-06 1.3070721873666591e-06
2.048857547988365e-06 1.3070721873666591e-06