7.934861082371131e-06 1.9806876788847377e-06
7.934861082371131e-06 1.9806876788847377e-06
5.223756310704206e-06 1.980687145336403e-06
5.223756310704206e-06 1.980687145336403e-06
5.223756310704206e-06 1.980687145336403e-06
5.223756310704206e-06 1.980687145336403e-06
5.223756310704206e-06 1.980687145336403e-06
9.965086406901249e-06 1.9808258336036505e-06
7.779919789885967e-06 1.9806887518941452e-06
7.779919789885967e-06 1.9806887518941452e-06
6.9372402688169025e-06 1.9806776925233706e-06
6.9372402688169025e-06 1.9806776925233706e-06
4.149677865859442e-06 1.9806037408005077e-06
8.378608127190317e-06 1.9806979044536776e-06
7.380303510457907e-06 1.980699030176423e-06
7.322647492036324e-06 1.9798511918799173e-06
7.881584250452462e-06 1.980686410038199e-06
7.881584250452462e-06 1.980686410038199e-06
1.0292830325303477e-05 1.9806860582162106e-06
7.93494579872459e-06 1.9806877440057704e-06
7.93494579872459e-06 1.9806877440057704e-06
7.93494579872459e-06 1.9806877440057704e-06
8.169812107420195e-06 1.9806892395691515e-06
7.953279493565786e-06 1.980688328804262e-06
7.953279493565786e-06 1.980688328804262e-06
7.895883860819825e-06 1.98068730271576e-06
7.895883860819825e-06 1.98068730271576e-06