1.0836834766581339e-06 1.04264548791287e-06
1.115351061908337e-06 1.0426441846683132e-06
1.115351061908337e-06 1.0426441846683132e-06
1.1659048284073933e-06 1.042644260576413e-06
1.1659048284073933e-06 1.042644260576413e-06
1.1659048284073933e-06 1.042644260576413e-06
1.1659048284073933e-06 1.042644260576413e-06
1.1659048284073933e-06 1.042644260576413e-06
1.180388206225954e-06 1.0426441370633266e-06
4.6514229334039893e-07 1.0426441286443945e-06
4.6514229334039893e-07 1.0426441286443945e-06
4.6514229334039893e-07 1.0426441286443945e-06
4.6514229334039893e-07 1.0426441286443945e-06
4.6514229334039893e-07 1.0426441286443945e-06
4.6514229334039893e-07 1.0426441286443945e-06
4.6514229334039893e-07 1.0426441286443945e-06
4.6514229334039893e-07 1.0426441286443945e-06
8.820883701366745e-07 1.0426442133205399e-06
8.820883701366745e-07 1.0426442133205399e-06