6.847465175951337e-07 1.0338327060159818e-06
6.847465175951337e-07 1.0338327060159818e-06
6.847465175951337e-07 1.0338327060159818e-06
6.847465175951337e-07 1.0338327060159818e-06
6.847465175951337e-07 1.0338327060159818e-06
6.847465175951337e-07 1.0338327060159818e-06
6.847465175951337e-07 1.0338327060159818e-06
6.847465175951337e-07 1.0338327060159818e-06
6.847465175951337e-07 1.0338327060159818e-06
6.847465175951337e-07 1.0338327060159818e-06
6.847465175951337e-07 1.0338327060159818e-06
6.847465175951337e-07 1.0338327060159818e-06
1.1913902875518966e-06 1.0338327060159818e-06
1.1913902875518966e-06 1.0338327060159818e-06
2.447672544833084e-06 1.0338327060159818e-06
2.447672544833084e-06 1.0338327060159818e-06
9.15309471473152e-07 1.0338327060159818e-06
9.15309471473152e-07 1.0338327060159818e-06
9.15309471473152e-07 1.0338327060159818e-06
9.15309471473152e-07 1.0338327060159818e-06
9.15309471473152e-07 1.0338327060159818e-06
1.2692444080552973e-06 1.0401133167721563e-06
1.4365149361242605e-06 1.0416951002218597e-06
1.4365149361242605e-06 1.0416951002218597e-06
1.4365149361242605e-06 1.0416951002218597e-06
1.4365149361242605e-06 1.0416951002218597e-06
1.4365149361242605e-06 1.0416951002218597e-06
1.2923006894951496e-06 1.049263044911743e-06
1.329558831813398e-06 1.0427109090829712e-06
1.329558831813398e-06 1.0427109090829712e-06
1.329558831813398e-06 1.0427109090829712e-06
1.329558831813398e-06 1.0427109090829712e-06
1.329558831813398e-06 1.0427109090829712e-06
1.5081027311394374e-06 1.0416951002218597e-06
9.912358298838126e-07 1.0443418467862144e-06
9.912358298838126e-07 1.0443418467862144e-06
1.3458195119372032e-06 1.0416951002218597e-06
1.347129556886191e-06 1.0431997064361686e-06
1.347129556886191e-06 1.0431997064361686e-06
1.2141323147888048e-06 1.0416951002218597e-06
1.2141323147888048e-06 1.0416951002218597e-06
1.2141323147888048e-06 1.0416951002218597e-06
1.2141323147888048e-06 1.0416951002218597e-06
1.4365149361242605e-06 1.0416951002218597e-06
9.732904009116662e-07 1.0434630766995354e-06
9.732904009116662e-07 1.0434630766995354e-06
9.732904009116662e-07 1.0434630766995354e-06
9.732904009116662e-07 1.0434630766995354e-06
1.120277191087967e-06 1.0426441289842489e-06
1.120277191087967e-06 1.0426441289842489e-06
1.0215017614129531e-06 1.0426452563859584e-06
1.0215017614129531e-06 1.0426452563859584e-06
1.0215017614129531e-06 1.0426452563859584e-06
1.0215017614129531e-06 1.0426452563859584e-06
1.390344148925726e-06 1.0424935099947742e-06
1.390344148925726e-06 1.0424935099947742e-06
1.3738381151630947e-06 1.042644145477043e-06
1.3738381151630947e-06 1.042644145477043e-06
1.3738381151630947e-06 1.042644145477043e-06
1.3738381151630947e-06 1.042644145477043e-06
1.3738381151630947e-06 1.042644145477043e-06
1.3738381151630947e-06 1.042644145477043e-06
1.120277191087967e-06 1.042644193658872e-06
1.3738381151630947e-06 1.042644145477043e-06
1.3726797978604373e-06 1.0426440417835188e-06
1.4356457372341212e-06 1.0426434203813803e-06
4.578305622849735e-06 1.0425824820859454e-06
4.578305622849735e-06 1.0425824820859454e-06
4.578305622849735e-06 1.0425824820859454e-06
4.578305622849735e-06 1.0425824820859454e-06
4.578305622849735e-06 1.0425824820859454e-06
1.3273440478269485e-06 1.042644214678965e-06
1.1186026308983561e-06 1.0425824820859454e-06
1.2780279326849703e-06 1.0426434203813803e-06
1.3487410046556674e-06 1.0426442142309006e-06
1.3205992150355185e-06 1.0426439072946801e-06