5.526168618877834e-08 5.526168618877834e-08
5.526168618877834e-08 5.526168618877834e-08
5.526168618877834e-08 5.526168618877834e-08
5.526168618877834e-08 5.526168618877834e-08
5.526168618877834e-08 5.526168618877834e-08
5.526168618877834e-08 5.526168618877834e-08
5.526168618877834e-08 5.526168618877834e-08
5.526168618877834e-08 5.526168618877834e-08
5.526168618877834e-08 5.526168618877834e-08
5.526168618877834e-08 5.526168618877834e-08
5.526168618877834e-08 5.526168618877834e-08
5.526168618877834e-08 5.526168618877834e-08
5.526168618877834e-08 5.526168618877834e-08
5.526168618877834e-08 5.526168618877834e-08
5.526168618877834e-08 5.526168618877834e-08
5.526168618877834e-08 5.526168618877834e-08
5.526168618877834e-08 5.526168618877834e-08
5.526168618877834e-08 5.526168618877834e-08
5.526168618877834e-08 5.526168618877834e-08
5.526168618877834e-08 5.526168618877834e-08
5.526168618877834e-08 5.526168618877834e-08
5.526168618877834e-08 5.526168618877834e-08
5.526168618877834e-08 5.526168618877834e-08
5.526168618877834e-08 5.526168618877834e-08
5.526168618877834e-08 5.526168618877834e-08
5.526168618877834e-08 5.526168618877834e-08
5.526168618877834e-08 5.526168618877834e-08
5.526168618877834e-08 5.526168618877834e-08
5.526168618877834e-08 5.526168618877834e-08
5.526168618877834e-08 5.526168618877834e-08
5.526168618877834e-08 5.526168618877834e-08
5.526168618877834e-08 5.526168618877834e-08
5.526168618877834e-08 5.526168618877834e-08
5.526168618877834e-08 5.526168618877834e-08
5.526168618877834e-08 5.526168618877834e-08
5.526168618877834e-08 5.526168618877834e-08
5.526168618877834e-08 5.526168618877834e-08
5.526168618877834e-08 5.526168618877834e-08
5.526168618877834e-08 5.526168618877834e-08
5.526168618877834e-08 5.526168618877834e-08
5.526168618877834e-08 5.526168618877834e-08
5.526168618877834e-08 5.526168618877834e-08
5.526168618877834e-08 5.526168618877834e-08
5.526168618877834e-08 5.526168618877834e-08
5.526168618877834e-08 5.526168618877834e-08
5.526168618877834e-08 5.526168618877834e-08
5.526168618877834e-08 5.526168618877834e-08
5.526168618877834e-08 5.526168618877834e-08
5.526168618877834e-08 5.526168618877834e-08
5.526168618877834e-08 5.526168618877834e-08
5.526168618877834e-08 5.526168618877834e-08
5.526168618877834e-08 5.526168618877834e-08
5.526168618877834e-08 5.526168618877834e-08
5.526168618877834e-08 5.526168618877834e-08
5.526168618877834e-08 5.526168618877834e-08
5.526168618877834e-08 5.526168618877834e-08
5.526168618877834e-08 5.526168618877834e-08
5.526168618877834e-08 5.526168618877834e-08
5.526168618877834e-08 5.526168618877834e-08
5.526168618877834e-08 5.526168618877834e-08
5.526168618877834e-08 5.526168618877834e-08
5.526168618877834e-08 5.526168618877834e-08
5.526168618877834e-08 5.526168618877834e-08
5.526168618877834e-08 5.526168618877834e-08
5.526168618877834e-08 5.526168618877834e-08
5.526168618877834e-08 5.526168618877834e-08
5.526168618877834e-08 5.526168618877834e-08
5.526168618877834e-08 5.526168618877834e-08
5.526168618877834e-08 5.526168618877834e-08
5.526168618877834e-08 5.526168618877834e-08
2.295734107776598e-06 1.046813447733639e-05
2.295734107776598e-06 1.0468132919093392e-05
2.295734107776598e-06 1.0468132919093392e-05
9.202535886223521e-06 1.0468132919093392e-05
9.202535886223521e-06 1.0468132919093392e-05
9.202535886223521e-06 1.0468132919093392e-05
9.202535886223521e-06 1.0468132919093392e-05
9.202535886223521e-06 1.0468132919093392e-05
9.202535886223521e-06 1.0468132919093392e-05
3.5530965978611866e-06 1.0468132919093392e-05
3.5530965978611866e-06 1.0468132919093392e-05
3.5530965978611866e-06 1.0468132919093392e-05
3.5530965978611866e-06 1.0468132919093392e-05
3.5530965978611866e-06 1.0468132919093392e-05