6.847465175951337e-07 1.0338327060159818e-06
6.847465175951337e-07 1.0338327060159818e-06
6.847465175951337e-07 1.0338327060159818e-06
6.847465175951337e-07 1.0338327060159818e-06
6.847465175951337e-07 1.0338327060159818e-06
6.847465175951337e-07 1.0338327060159818e-06
6.847465175951337e-07 1.0338327060159818e-06
6.847465175951337e-07 1.0338327060159818e-06
6.847465175951337e-07 1.0338327060159818e-06
6.847465175951337e-07 1.0338327060159818e-06
6.847465175951337e-07 1.0338327060159818e-06
6.847465175951337e-07 1.0338327060159818e-06
1.1913902875518966e-06 1.0338327060159818e-06
1.1913902875518966e-06 1.0338327060159818e-06
2.447672544833084e-06 1.0338327060159818e-06
2.447672544833084e-06 1.0338327060159818e-06
9.15309471473152e-07 1.0338327060159818e-06
9.15309471473152e-07 1.0338327060159818e-06
9.15309471473152e-07 1.0338327060159818e-06
9.15309471473152e-07 1.0338327060159818e-06
9.15309471473152e-07 1.0338327060159818e-06
1.2692444080552973e-06 1.0401133167721563e-06
1.4365149361242605e-06 1.0416951002218597e-06
1.4365149361242605e-06 1.0416951002218597e-06
1.4365149361242605e-06 1.0416951002218597e-06
1.4365149361242605e-06 1.0416951002218597e-06
1.4365149361242605e-06 1.0416951002218597e-06
1.2923006894951496e-06 1.049263044911743e-06
1.329558831813398e-06 1.0427109090829712e-06
1.329558831813398e-06 1.0427109090829712e-06
1.329558831813398e-06 1.0427109090829712e-06
1.329558831813398e-06 1.0427109090829712e-06
1.329558831813398e-06 1.0427109090829712e-06
1.5081027311394374e-06 1.0416951002218597e-06
9.912358298838126e-07 1.0443418467862144e-06
9.912358298838126e-07 1.0443418467862144e-06
1.3458195119372032e-06 1.0416951002218597e-06
1.347129556886191e-06 1.0431997064361686e-06
1.347129556886191e-06 1.0431997064361686e-06
1.2141323147888048e-06 1.0416951002218597e-06
1.2141323147888048e-06 1.0416951002218597e-06
1.2141323147888048e-06 1.0416951002218597e-06
1.2141323147888048e-06 1.0416951002218597e-06
1.4365149361242605e-06 1.0416951002218597e-06
9.732904009116662e-07 1.0434630766995354e-06
9.732904009116662e-07 1.0434630766995354e-06
9.732904009116662e-07 1.0434630766995354e-06
9.732904009116662e-07 1.0434630766995354e-06