0.009248595800553943 7.515589321673855e-06
0.009248595800553943 7.515589321673855e-06
0.009248595800553943 7.515589321673855e-06
0.009248595800553943 7.515589321673855e-06
0.009248595800553943 7.515589321673855e-06
0.009248595800553943 7.515589321673855e-06
0.009248595800553943 7.515589321673855e-06
0.009248595800553943 7.515589321673855e-06
0.009248595800553943 7.515589321673855e-06
0.009248595800553943 7.515589321673855e-06
0.009248595800553943 7.515589321673855e-06
0.009248595800553943 7.515589321673855e-06
9.151335232861693e-05 7.515589321673855e-06
9.151335232861693e-05 7.515589321673855e-06
3.094654426571587e-06 7.515589321673855e-06
3.094654426571587e-06 7.515589321673855e-06
0.0023307168766979153 7.515589321673855e-06
0.0023307168766979153 7.515589321673855e-06
0.0023307168766979153 7.515589321673855e-06
0.0023307168766979153 7.515589321673855e-06
0.0023307168766979153 7.515589321673855e-06
0.002745223732462704 7.471379972722832e-06
0.00273294826990397 7.460327635485076e-06
0.00273294826990397 7.460327635485076e-06
0.00273294826990397 7.460327635485076e-06
0.00273294826990397 7.460327635485076e-06
0.004316600831577854 7.405065949296298e-06
0.002422482853877681 7.452433108886679e-06
0.002422482853877681 7.452433108886679e-06
0.002422482853877681 7.452433108886679e-06
0.002422482853877681 7.452433108886679e-06
0.002422482853877681 7.452433108886679e-06
6.261149045188586e-05 7.460327635485076e-06
0.003492759613875546 7.44190707342215e-06
0.003492759613875546 7.44190707342215e-06
0.000551732674908763 7.460327635485076e-06
0.0005325237127895436 7.44927529824732e-06
0.0005325237127895436 7.44927529824732e-06
0.0009822212103193463 7.460327635485076e-06
0.0009822212103193463 7.460327635485076e-06
0.0009822212103193463 7.460327635485076e-06
0.0009822212103193463 7.460327635485076e-06
0.00273294826990397 7.460327635485076e-06
9.542587971078244e-05 7.447574938672281e-06
9.542587971078244e-05 7.447574938672281e-06
9.542587971078244e-05 7.447574938672281e-06
9.542587971078244e-05 7.447574938672281e-06
2.2104674475511336e-07 7.515589321673855e-06