1.3141345148775254e-06 2.259107239181274e-06
1.3141345148775254e-06 2.259107239181274e-06
1.3141345148775254e-06 2.259107239181274e-06
1.3141345148775254e-06 2.259107239181274e-06
1.3141345148775254e-06 2.259107239181274e-06
1.3141345148775254e-06 2.259107239181274e-06
1.3141345148775254e-06 2.259107239181274e-06
1.3141345148775254e-06 2.259107239181274e-06
1.3141345148775254e-06 2.259107239181274e-06
1.3141345148775254e-06 2.259107239181274e-06
1.3141345148775254e-06 2.259107239181274e-06
1.3141345148775254e-06 2.259107239181274e-06
1.3141345148775254e-06 2.259107239181274e-06
1.3141345148775254e-06 2.259107239181274e-06
1.3141345148775254e-06 2.259107239181274e-06
1.3141345148775254e-06 2.259107239181274e-06
1.3141345148775254e-06 2.259107239181274e-06
1.3141345148775254e-06 2.259107239181274e-06
1.3141345148775254e-06 2.259107239181274e-06
1.3141345148775254e-06 2.259107239181274e-06
1.3141345148775254e-06 2.259107239181274e-06
1.3141345148775254e-06 2.259107239181274e-06
1.3141345148775254e-06 2.259107239181274e-06
1.3141345148775254e-06 2.259107239181274e-06
1.9463204470642056e-06 2.259107239181274e-06
1.9463204470642056e-06 2.259107239181274e-06
1.9463204470642056e-06 2.259107239181274e-06
1.9463204470642056e-06 2.259107239181274e-06
8.281363464384185e-07 2.259107239181274e-06
8.281363464384185e-07 2.259107239181274e-06
8.281363464384185e-07 2.259107239181274e-06
8.281363464384185e-07 2.259107239181274e-06
1.391373521551896e-06 2.259107239181274e-06
1.391373521551896e-06 2.259107239181274e-06
1.391373521551896e-06 2.259107239181274e-06
1.391373521551896e-06 2.259107239181274e-06
1.391373521551896e-06 2.259107239181274e-06
1.391373521551896e-06 2.259107239181274e-06
1.391373521551896e-06 2.259107239181274e-06
1.391373521551896e-06 2.259107239181274e-06
1.391373521551896e-06 2.259107239181274e-06
1.391373521551896e-06 2.259107239181274e-06
1.7821415223938073e-06 2.2638993612695227e-06
1.7821415223938073e-06 2.2638993612695227e-06
1.8978301362490094e-06 2.270473816485331e-06
1.8978301362490094e-06 2.270473816485331e-06
1.8978301362490094e-06 2.270473816485331e-06
1.8978301362490094e-06 2.270473816485331e-06
1.8978301362490094e-06 2.270473816485331e-06
1.8978301362490094e-06 2.270473816485331e-06
1.8978301362490094e-06 2.270473816485331e-06
1.8978301362490094e-06 2.270473816485331e-06
1.8978301362490094e-06 2.270473816485331e-06
1.8978301362490094e-06 2.270473816485331e-06
1.8381537494536023e-06 2.2820100441969105e-06
1.8381537494536023e-06 2.2820100441969105e-06
1.8106414682897483e-06 2.272111374232525e-06
1.8106414682897483e-06 2.272111374232525e-06
1.8106414682897483e-06 2.272111374232525e-06
1.8106414682897483e-06 2.272111374232525e-06
1.8106414682897483e-06 2.272111374232525e-06
1.8106414682897483e-06 2.272111374232525e-06
1.8106414682897483e-06 2.272111374232525e-06
1.8106414682897483e-06 2.272111374232525e-06
1.8106414682897483e-06 2.272111374232525e-06
1.8106414682897483e-06 2.272111374232525e-06
1.8905336805498406e-06 2.270473816485331e-06
1.8905336805498406e-06 2.270473816485331e-06
1.4961677301754282e-06 2.274300189043132e-06
1.4961677301754282e-06 2.274300189043132e-06
1.4961677301754282e-06 2.274300189043132e-06
1.4961677301754282e-06 2.274300189043132e-06
1.7288092749041203e-06 2.270473816485331e-06
1.7288092749041203e-06 2.270473816485331e-06
1.73558519901274e-06 2.2727673691757633e-06
1.73558519901274e-06 2.2727673691757633e-06
1.73558519901274e-06 2.2727673691757633e-06
1.73558519901274e-06 2.2727673691757633e-06
1.629394603822507e-06 2.2677900412885395e-06
1.629394603822507e-06 2.2677900412885395e-06
1.629394603822507e-06 2.2677900412885395e-06
1.629394603822507e-06 2.2677900412885395e-06
1.629394603822507e-06 2.2677900412885395e-06
1.629394603822507e-06 2.2677900412885395e-06
1.629394603822507e-06 2.2677900412885395e-06
1.629394603822507e-06 2.2677900412885395e-06
1.8978301362490094e-06 2.270473816485331e-06
1.8978301362490094e-06 2.270473816485331e-06
1.3738168766228717e-06 2.27312082763833e-06
1.3738168766228717e-06 2.27312082763833e-06
1.3738168766228717e-06 2.27312082763833e-06
1.3738168766228717e-06 2.27312082763833e-06
1.3738168766228717e-06 2.27312082763833e-06
1.3738168766228717e-06 2.27312082763833e-06
1.3738168766228717e-06 2.27312082763833e-06
1.3738168766228717e-06 2.27312082763833e-06