1.360790521078979e-06 1.9839841526560373e-06
1.360790521078979e-06 1.9839841526560373e-06
1.360790521078979e-06 1.9839841526560373e-06
1.360790521078979e-06 1.9839841526560373e-06
1.360790521078979e-06 1.9839841526560373e-06
1.360790521078979e-06 1.9839841526560373e-06
1.360790521078979e-06 1.9839841526560373e-06
1.360790521078979e-06 1.9839841526560373e-06
1.360790521078979e-06 1.9839841526560373e-06
1.360790521078979e-06 1.9839841526560373e-06
1.360790521078979e-06 1.9839841526560373e-06
1.360790521078979e-06 1.9839841526560373e-06
2.9791347456961236e-06 1.9839841526560373e-06
2.9791347456961236e-06 1.9839841526560373e-06
2.3543708045317586e-06 1.9839841526560373e-06
2.3543708045317586e-06 1.9839841526560373e-06
1.774694128982378e-06 1.9839841526560373e-06
1.774694128982378e-06 1.9839841526560373e-06
1.774694128982378e-06 1.9839841526560373e-06
1.774694128982378e-06 1.9839841526560373e-06
1.774694128982378e-06 1.9839841526560373e-06
2.9579090757410442e-06 1.9798486289381558e-06
3.4224986071150224e-06 1.9816461241933114e-06
3.4224986071150224e-06 1.9816461241933114e-06
3.4224986071150224e-06 1.9816461241933114e-06
3.4224986071150224e-06 1.9816461241933114e-06
3.4224986071150224e-06 1.9816461241933114e-06
2.9521656113834672e-06 1.9792731997833807e-06
3.0955592871463528e-06 1.9813092895842746e-06
3.0955592871463528e-06 1.9813092895842746e-06
3.0955592871463528e-06 1.9813092895842746e-06
3.0955592871463528e-06 1.9813092895842746e-06
3.0955592871463528e-06 1.9813092895842746e-06
3.3469285736624427e-06 1.9816461241933114e-06
1.955352039332263e-06 1.980859065106849e-06
1.955352039332263e-06 1.980859065106849e-06
2.847458680360676e-06 1.9816461241933114e-06
2.83593461567132e-06 1.9811743558388146e-06
2.83593461567132e-06 1.9811743558388146e-06
2.4869616913623473e-06 1.980226606912371e-06
2.4869616913623473e-06 1.980226606912371e-06
2.4869616913623473e-06 1.980226606912371e-06
2.4869616913623473e-06 1.980226606912371e-06
3.4224986071150224e-06 1.9816461241933114e-06
1.91673304903346e-06 1.9811016518115805e-06
1.91673304903346e-06 1.9811016518115805e-06
1.91673304903346e-06 1.9811016518115805e-06
1.91673304903346e-06 1.9811016518115805e-06
2.996454348668013e-06 1.980688297104774e-06
3.96936005664756e-06 1.980688139772781e-06
3.96936005664756e-06 1.980688139772781e-06
3.96936005664756e-06 1.980688139772781e-06
3.96936005664756e-06 1.980688139772781e-06
3.96936005664756e-06 1.980688139772781e-06
8.688230695058407e-06 1.980630539846694e-06
3.564172833801458e-06 1.980688336760164e-06
3.564172833801458e-06 1.980688336760164e-06
3.564172833801458e-06 1.980688336760164e-06
3.564172833801458e-06 1.980688336760164e-06
3.564172833801458e-06 1.980688336760164e-06
3.564172833801458e-06 1.980688336760164e-06
2.3892080411956796e-06 1.980687021856212e-06
8.617155260427425e-06 1.980689909406885e-06
8.617155260427425e-06 1.980689909406885e-06
5.641520316055502e-06 1.98068522332298e-06
2.2104674475511336e-07 1.9803614099781877e-06
2.3330129636027762e-06 1.9806882478233217e-06
2.3330129636027762e-06 1.9806882478233217e-06
2.3330129636027762e-06 1.9806882478233217e-06
2.3330129636027762e-06 1.9806882478233217e-06
2.3330129636027762e-06 1.9806882478233217e-06
2.3330129636027762e-06 1.9806882478233217e-06
2.3330129636027762e-06 1.9806882478233217e-06
2.3330129636027762e-06 1.9806882478233217e-06
2.3330129636027762e-06 1.9806882478233217e-06
2.3330129636027762e-06 1.9806882478233217e-06
2.3330129636027762e-06 1.9806882478233217e-06
2.3330129636027762e-06 1.9806882478233217e-06
2.3330129636027762e-06 1.9806882478233217e-06
2.3330129636027762e-06 1.9806882478233217e-06
2.3330129636027762e-06 1.9806882478233217e-06
2.3330129636027762e-06 1.9806882478233217e-06
2.3330129636027762e-06 1.9806882478233217e-06
2.3330129636027762e-06 1.9806882478233217e-06
2.3330129636027762e-06 1.9806882478233217e-06
2.3330129636027762e-06 1.9806882478233217e-06
2.3330129636027762e-06 1.9806882478233217e-06
2.3330129636027762e-06 1.9806882478233217e-06
2.3330129636027762e-06 1.9806882478233217e-06
2.3330129636027762e-06 1.9806882478233217e-06
2.3330129636027762e-06 1.9806882478233217e-06
3.2171549545291536e-07 1.9894207027960203e-06
8.861488602721388e-06 1.9807522030017022e-06
8.861488602721388e-06 1.9807522030017022e-06