0.08357158488305522 0.08890654806771989
0.0016742080447752286 0.0010795923013839736
0.5561699672629771 0.9210184507717847
0.09936183804789199 0.3459038932963154
0.1723461680441563 0.400018081623721
0.07493587802345895 0.050544438132331844
0.5780706155930795 0.275750287913385
0.5780706155930795 0.275750287913385
0.5780706155930795 0.275750287913385
0.5780706155930795 0.275750287913385
0.032115376295768126 0.03195075962713835
0.032115376295768126 0.03195075962713835
0.028918992999449594 0.09577513356749552
0.028918992999449594 0.09577513356749552
0.29921845239279415 0.6931420984262209
0.22626582418384017 0.5275742551277318
0.22626582418384017 0.5275742551277318
0.22626582418384017 0.5275742551277318
0.22626582418384017 0.5275742551277318
0.09712970801935485 0.26673531641736276
0.09712970801935485 0.26673531641736276
0.11220691964729781 0.25992828690983283
0.11220691964729781 0.25992828690983283
0.2541230007242965 0.4135473471074928
0.020782608631580653 0.11696244704867738
1.4197004333150157e-06 2.8115400626468612e-06
1.4197004333150157e-06 2.8115400626468612e-06
1.1698952575042712e-06 2.811546782929076e-06
1.4259089288439309e-06 2.8115402361804442e-06
1.3476363335668122e-06 2.8115402281157347e-06
4.145904486503167e-07 2.8115333794030307e-06
4.145904486503167e-07 2.8115333794030307e-06
4.145904486503167e-07 2.8115333794030307e-06
5.532987222894397e-07 2.8113212050104776e-06
5.52804083862449e-07 2.811658275643066e-06