4.3552197355589103e-07 5.846210943023377e-07
9.035848675161874e-07 1.23516344199466e-06
0.00023035999646747046 0.00027878552369858106
5.052009796421168e-06 6.789514638195402e-06
5.052009796421168e-06 6.789514638195402e-06
5.052009796421168e-06 6.789514638195402e-06
5.052009796421168e-06 6.789514638195402e-06
6.740310613689185e-06 2.0362791375076756e-05
1.0475738754137025e-05 6.17870411834807e-05
6.606369069462372e-05 2.4604435129014113e-05
1.833503093494601e-05 2.6832171805022272e-05
1.188034032016314e-05 0.00013058478143039576
1.188034032016314e-05 0.00013058478143039576
5.961595166847076e-08 4.0137739375431066e-08