6.221231981927218 2.672996266520481
6.221231981927218 2.672996266520481
1.4852617082934527 2.4948750312228527
1.4852617082934527 2.4948750312228527
1.4852617082934527 2.4948750312228527
1.4852617082934527 2.4948750312228527
1.4852617082934527 2.4948750312228527
0.048636915248467597 0.01886611861810417
2.671571178157045 0.8895568675907894
2.671571178157045 0.8895568675907894
0.14375076537435372 0.03567933190831865
0.14375076537435372 0.03567933190831865
0.03374403818508833 0.006834875871200483
0.16846259778555372 0.02829807269343248
0.007848833078445385 0.004727053058481706
0.0063070715064114605 0.0004248518434193279
0.5327420332911134 0.30179681530586605
0.5327420332911134 0.30179681530586605
0.17034492134051588 0.0426402486333785
0.6220161231495624 0.26728081557406946
0.6220161231495624 0.26728081557406946
0.6220161231495624 0.26728081557406946
0.7036192259827185 0.22849615820757616
1.541001960684626 0.4419014551507207
1.541001960684626 0.4419014551507207
0.06846824921399462 0.02340473539939491
0.06846824921399462 0.02340473539939491