1.360790521078979e-06 1.9839841526560373e-06
1.360790521078979e-06 1.9839841526560373e-06
1.360790521078979e-06 1.9839841526560373e-06
1.360790521078979e-06 1.9839841526560373e-06
1.360790521078979e-06 1.9839841526560373e-06
1.360790521078979e-06 1.9839841526560373e-06
1.360790521078979e-06 1.9839841526560373e-06
1.360790521078979e-06 1.9839841526560373e-06
1.360790521078979e-06 1.9839841526560373e-06
1.360790521078979e-06 1.9839841526560373e-06
1.360790521078979e-06 1.9839841526560373e-06
1.360790521078979e-06 1.9839841526560373e-06
2.9791347456961236e-06 1.9839841526560373e-06
2.9791347456961236e-06 1.9839841526560373e-06
2.3543708045317586e-06 1.9839841526560373e-06
2.3543708045317586e-06 1.9839841526560373e-06
1.774694128982378e-06 1.9839841526560373e-06
1.774694128982378e-06 1.9839841526560373e-06
1.774694128982378e-06 1.9839841526560373e-06
1.774694128982378e-06 1.9839841526560373e-06
1.774694128982378e-06 1.9839841526560373e-06
2.9579090757410442e-06 1.9798486289381558e-06
3.4224986071150224e-06 1.9816461241933114e-06
3.4224986071150224e-06 1.9816461241933114e-06
3.4224986071150224e-06 1.9816461241933114e-06
3.4224986071150224e-06 1.9816461241933114e-06
3.4224986071150224e-06 1.9816461241933114e-06
2.9521656113834672e-06 1.9792731997833807e-06
3.0955592871463528e-06 1.9813092895842746e-06
3.0955592871463528e-06 1.9813092895842746e-06
3.0955592871463528e-06 1.9813092895842746e-06
3.0955592871463528e-06 1.9813092895842746e-06
3.0955592871463528e-06 1.9813092895842746e-06
3.3469285736624427e-06 1.9816461241933114e-06
1.955352039332263e-06 1.980859065106849e-06
1.955352039332263e-06 1.980859065106849e-06
2.847458680360676e-06 1.9816461241933114e-06
2.83593461567132e-06 1.9811743558388146e-06
2.83593461567132e-06 1.9811743558388146e-06
2.4869616913623473e-06 1.980226606912371e-06
2.4869616913623473e-06 1.980226606912371e-06
2.4869616913623473e-06 1.980226606912371e-06
2.4869616913623473e-06 1.980226606912371e-06
3.4224986071150224e-06 1.9816461241933114e-06
1.91673304903346e-06 1.9811016518115805e-06
1.91673304903346e-06 1.9811016518115805e-06
1.91673304903346e-06 1.9811016518115805e-06
1.91673304903346e-06 1.9811016518115805e-06