1.009507192988864e-06 1.1890957538417244e-05
1.009507192988864e-06 1.1890957538417244e-05
1.009507192988864e-06 1.1890722808314627e-05
1.009507192988864e-06 1.1890722808314627e-05
1.009507192988864e-06 1.1890722808314627e-05
1.009507192988864e-06 1.1890722808314627e-05
2.037451630654282e-06 1.1890722808314627e-05
2.037451630654282e-06 1.1890722808314627e-05
2.037451630654282e-06 1.1890722808314627e-05
2.037451630654282e-06 1.1890722808314627e-05
2.037451630654282e-06 1.1890722808314627e-05
2.037451630654282e-06 1.1890722808314627e-05
2.037451630654282e-06 1.1890722808314627e-05
2.037451630654282e-06 1.1890722808314627e-05
2.037451630654282e-06 1.1890722808314627e-05
2.037451630654282e-06 1.1890722808314627e-05
2.037451630654282e-06 1.1890722808314627e-05
2.037451630654282e-06 1.1890722808314627e-05
1.1966413861033834e-06 1.1890722808314627e-05
1.1966413861033834e-06 1.1890722808314627e-05
1.1966413861033834e-06 1.1890722808314627e-05
1.1966413861033834e-06 1.1890722808314627e-05
1.1966413861033834e-06 1.1890722808314627e-05
1.1966413861033834e-06 1.1890722808314627e-05
1.1966413861033834e-06 1.1890722808314627e-05
1.1966413861033834e-06 1.1890722808314627e-05
1.1966413861033834e-06 1.1890722808314627e-05
1.1966413861033834e-06 1.1890722808314627e-05