1.1966413861033834e-06 1.1890957538417244e-05
1.1966413861033834e-06 1.1890957538417244e-05
1.3824819491060008e-06 1.1890722808314627e-05
1.3824819491060008e-06 1.1890722808314627e-05
1.3824819491060008e-06 1.1890722808314627e-05
1.3824819491060008e-06 1.1890722808314627e-05
1.3824819491060008e-06 1.1890722808314627e-05
1.3824819491060008e-06 1.1890722808314627e-05
1.3824819491060008e-06 1.1890722808314627e-05
1.3824819491060008e-06 1.1890722808314627e-05
1.3824819491060008e-06 1.1890722808314627e-05
1.3824819491060008e-06 1.1890722808314627e-05
1.3824819491060008e-06 1.1890722808314627e-05
1.3824819491060008e-06 1.1890722808314627e-05
1.3824819491060008e-06 1.1890722808314627e-05
1.3824819491060008e-06 1.1890722808314627e-05
1.3824819491060008e-06 1.1890722808314627e-05
1.3824819491060008e-06 1.1890722808314627e-05
1.3824819491060008e-06 1.1890722808314627e-05
1.3824819491060008e-06 1.1890722808314627e-05
8.716576883720182e-07 1.1890722808314627e-05
8.716576883720182e-07 1.1890722808314627e-05
1.1966413861033834e-06 1.1890898855022773e-05
1.1966413861033834e-06 1.1890898855022773e-05
1.1966413861033834e-06 1.1890898855022773e-05
1.1966413861033834e-06 1.1890898855022773e-05