0.17288395506217288 0.055538887222055536
0.17288395506217288 0.055538887222055536
0.17922625595892921 0.05555555555555555
0.17922625595892921 0.05555555555555555
0.038587192052538584 0.05556111166672223
0.038587192052538584 0.05556111166672223
0.038587192052538584 0.055538887222055536
0.038587192052538584 0.055538887222055536
0.038587192052538584 0.055538887222055536
0.038587192052538584 0.055538887222055536
0.038587192052538584 0.055538887222055536
0.038587192052538584 0.055538887222055536
0.038587192052538584 0.055538887222055536
0.038587192052538584 0.055538887222055536
0.038587192052538584 0.055538887222055536
0.038587192052538584 0.055538887222055536
0.0386038603860386 0.055538887222055536
0.0386038603860386 0.055538887222055536