3.4962068545924065e-06 1.0785392264716668e-05
3.4962068545924065e-06 1.0785392264716668e-05
3.4962068545924065e-06 1.0785392264716668e-05
3.4962068545924065e-06 1.0785392264716668e-05
3.4962068545924065e-06 1.0785392264716668e-05
3.4962068545924065e-06 1.0785392264716668e-05
3.4962068545924065e-06 1.0785392264716668e-05
3.4962068545924065e-06 1.0785392264716668e-05
3.4962068545924065e-06 1.0785392264716668e-05
3.4962068545924065e-06 1.0785392264716668e-05
3.4962068545924065e-06 1.0785392264716668e-05
3.4962068545924065e-06 1.0785392264716668e-05
3.4962068545924065e-06 1.0785392264716668e-05
3.4962068545924065e-06 1.0785392264716668e-05
3.4962068545924065e-06 1.0785392264716668e-05
3.4962068545924065e-06 1.0785392264716668e-05
3.4962068545924065e-06 1.0785392264716668e-05
3.4962068545924065e-06 1.0785392264716668e-05
3.4962068545924065e-06 1.0785392264716668e-05
3.4962068545924065e-06 1.0785392264716668e-05
3.4962068545924065e-06 1.0785392264716668e-05
3.4962068545924065e-06 1.0785392264716668e-05
3.4962068545924065e-06 1.0785392264716668e-05
3.4962068545924065e-06 1.0785392264716668e-05
2.4157005072487925e-06 1.0785392264716668e-05
2.4157005072487925e-06 1.0785392264716668e-05
2.4157005072487925e-06 1.0785392264716668e-05
2.4157005072487925e-06 1.0785392264716668e-05
4.762381000004762e-06 1.0785392264716668e-05
4.762381000004762e-06 1.0785392264716668e-05
4.762381000004762e-06 1.0785392264716668e-05
4.762381000004762e-06 1.0785392264716668e-05
7.935796108695341e-07 1.0785392264716668e-05
7.935796108695341e-07 1.0785392264716668e-05
7.935796108695341e-07 1.0785392264716668e-05
7.935796108695341e-07 1.0785392264716668e-05
7.935796108695341e-07 1.0785392264716668e-05
7.935796108695341e-07 1.0785392264716668e-05
7.935796108695341e-07 1.0785392264716668e-05
7.935796108695341e-07 1.0785392264716668e-05
7.935796108695341e-07 1.0785392264716668e-05
7.935796108695341e-07 1.0785392264716668e-05
1.0871352530769697e-06 1.0454694384625839e-05
1.0871352530769697e-06 1.0454694384625839e-05
2.131008531910141e-06 1.0371407511121482e-05
2.131008531910141e-06 1.0371407511121482e-05
2.131008531910141e-06 1.0371407511121482e-05
2.131008531910141e-06 1.0371407511121482e-05
2.131008531910141e-06 1.0371407511121482e-05
2.131008531910141e-06 1.0371407511121482e-05
2.131008531910141e-06 1.0371407511121482e-05
2.131008531910141e-06 1.0371407511121482e-05
2.131008531910141e-06 1.0371407511121482e-05
2.131008531910141e-06 1.0371407511121482e-05
1.3998395606322888e-06 1.0448806074637315e-05
1.3998395606322888e-06 1.0448806074637315e-05
1.4740200545417143e-06 1.0453022703400283e-05
1.4740200545417143e-06 1.0453022703400283e-05
1.4740200545417143e-06 1.0453022703400283e-05
1.4740200545417143e-06 1.0453022703400283e-05
1.4740200545417143e-06 1.0453022703400283e-05
1.4740200545417143e-06 1.0453022703400283e-05
1.4740200545417143e-06 1.0453022703400283e-05
1.4740200545417143e-06 1.0453022703400283e-05
1.4740200545417143e-06 1.0453022703400283e-05
1.4740200545417143e-06 1.0453022703400283e-05
2.795219210064578e-06 1.0371407511121482e-05
2.795219210064578e-06 1.0371407511121482e-05
1.0267606231683368e-06 1.0562112316842245e-05
1.0267606231683368e-06 1.0562112316842245e-05
1.0267606231683368e-06 1.0562112316842245e-05
1.0267606231683368e-06 1.0562112316842245e-05
7.863366464851614e-06 1.0371407511121482e-05
7.863366464851614e-06 1.0371407511121482e-05
4.980227659006267e-06 1.0485717216627697e-05
4.980227659006267e-06 1.0485717216627697e-05
4.980227659006267e-06 1.0485717216627697e-05
4.980227659006267e-06 1.0485717216627697e-05
3.623632308094093e-06 1.0494876648158643e-05
3.623632308094093e-06 1.0494876648158643e-05
3.623632308094093e-06 1.0494876648158643e-05
3.623632308094093e-06 1.0494876648158643e-05
3.623632308094093e-06 1.0494876648158643e-05
3.623632308094093e-06 1.0494876648158643e-05
3.623632308094093e-06 1.0494876648158643e-05
3.623632308094093e-06 1.0494876648158643e-05
2.131008531910141e-06 1.0371407511121482e-05
2.131008531910141e-06 1.0371407511121482e-05
6.949965323148021e-07 1.0427222326494446e-05
6.949965323148021e-07 1.0427222326494446e-05
6.949965323148021e-07 1.0427222326494446e-05
6.949965323148021e-07 1.0427222326494446e-05
6.949965323148021e-07 1.0427222326494446e-05
6.949965323148021e-07 1.0427222326494446e-05
6.949965323148021e-07 1.0427222326494446e-05
6.949965323148021e-07 1.0427222326494446e-05