2.620007626999793e-06 1.9806915104430307e-06
2.620007626999793e-06 1.9806915104430307e-06
2.620007626999793e-06 1.9806915104430307e-06
2.620007626999793e-06 1.9806915104430307e-06
1.1276382377075858e-06 1.9806945233530447e-06
1.1276382377075858e-06 1.9806945233530447e-06
1.1276382377075858e-06 1.9806945233530447e-06
1.1276382377075858e-06 1.9806945233530447e-06
1.1276382377075858e-06 1.9806945233530447e-06
1.1276382377075858e-06 1.9806945233530447e-06
1.1276382377075858e-06 1.9806945233530447e-06
1.1276382377075858e-06 1.9806945233530447e-06
1.1276382377075858e-06 1.9806945233530447e-06
1.1276382377075858e-06 1.9806945233530447e-06
1.385747140294253e-06 1.9809505009993563e-06
1.385747140294253e-06 1.9809505009993563e-06
4.056027551628774e-06 1.980685620005766e-06
4.056027551628774e-06 1.980685620005766e-06
4.056027551628774e-06 1.980685620005766e-06
4.056027551628774e-06 1.980685620005766e-06
2.3608833479589798e-06 1.9805536385528532e-06
2.3608833479589798e-06 1.9805536385528532e-06
2.3608833479589798e-06 1.9805536385528532e-06
2.3608833479589798e-06 1.9805536385528532e-06
1.050420731400246e-06 1.980443884664735e-06
1.050420731400246e-06 1.980443884664735e-06
4.843717659052941e-06 1.981019828027459e-06
4.843717659052941e-06 1.981019828027459e-06
2.095704256849873e-07 1.9815222274053098e-06
2.095704256849873e-07 1.9815222274053098e-06
2.5209662989872334e-06 1.9815501363656177e-06
2.5209662989872334e-06 1.9815501363656177e-06
1.7435122149236716e-06 1.9806884989223697e-06
1.7435122149236716e-06 1.9806884989223697e-06
1.7435122149236716e-06 1.9806884989223697e-06
1.7435122149236716e-06 1.9806884989223697e-06
1.1345204205420035e-06 1.980564710750773e-06
1.1345204205420035e-06 1.980564710750773e-06
2.620109520365528e-06 1.9806827257907187e-06
2.620109520365528e-06 1.9806827257907187e-06
2.620109520365528e-06 1.9806827257907187e-06
2.620109520365528e-06 1.9806827257907187e-06
2.620109520365528e-06 1.9806827257907187e-06
2.620109520365528e-06 1.9806827257907187e-06
1.4800099378199895e-06 1.980702915907998e-06
1.4800099378199895e-06 1.980702915907998e-06
3.1234346180003236e-06 1.98069305298264e-06
3.1234346180003236e-06 1.98069305298264e-06
3.1234346180003236e-06 1.98069305298264e-06
3.1234346180003236e-06 1.98069305298264e-06
4.5546880418713995e-06 1.980703319419482e-06
4.5546880418713995e-06 1.980703319419482e-06
4.5546880418713995e-06 1.980703319419482e-06
4.5546880418713995e-06 1.980703319419482e-06