1.2230263208998952e-07 2.7715545361801166e-06
1.2230263208998952e-07 2.7715545361801166e-06
4.810275518150853e-07 2.778055583336111e-06
4.810275518150853e-07 2.778055583336111e-06
6.256615086513667e-07 2.7715680685803925e-06
6.256615086513667e-07 2.7715680685803925e-06
5.68295518398976e-07 2.7716879358151752e-06
5.68295518398976e-07 2.7716879358151752e-06
7.583895508526474e-07 2.771580875994146e-06
7.583895508526474e-07 2.771580875994146e-06
5.248287684646644e-07 2.7717971352134516e-06
5.248287684646644e-07 2.7717971352134516e-06
1.4562773445940129e-06 2.7715408421692107e-06
1.4562773445940129e-06 2.7715408421692107e-06
1.4562773445940129e-06 2.7715408421692107e-06
1.4562773445940129e-06 2.7715408421692107e-06
1.4562773445940129e-06 2.7715408421692107e-06
1.4562773445940129e-06 2.7715408421692107e-06
1.4562773445940129e-06 2.7715408421692107e-06
1.4562773445940129e-06 2.7715408421692107e-06
5.248287684646644e-07 2.771734598024117e-06
5.248287684646644e-07 2.771734598024117e-06
5.248287684646644e-07 2.771734598024117e-06
5.248287684646644e-07 2.771734598024117e-06
8.232410186690195e-07 2.7716945577820174e-06
8.232410186690195e-07 2.7716945577820174e-06
8.232410186690195e-07 2.7716945577820174e-06
8.232410186690195e-07 2.7716945577820174e-06
8.191300172195083e-07 2.771579999340255e-06
8.191300172195083e-07 2.771579999340255e-06
8.169743220348573e-07 2.7715858995170167e-06
8.169743220348573e-07 2.7715858995170167e-06
8.169743220348573e-07 2.7715858995170167e-06
8.169743220348573e-07 2.7715858995170167e-06
8.169743220348573e-07 2.7715858995170167e-06
8.169743220348573e-07 2.7715858995170167e-06
8.169743220348573e-07 2.7715858995170167e-06
8.169743220348573e-07 2.7715858995170167e-06
8.13384721676098e-07 2.771601771546627e-06
8.13384721676098e-07 2.771601771546627e-06
8.13384721676098e-07 2.771601771546627e-06
8.13384721676098e-07 2.771601771546627e-06
8.191300172195083e-07 2.771579999340255e-06
8.191300172195083e-07 2.771579999340255e-06
8.191300172195083e-07 2.771579999340255e-06
8.191300172195083e-07 2.771579999340255e-06
7.984729304591931e-07 2.771610438855373e-06
7.984729304591931e-07 2.771610438855373e-06
5.900690791415172e-07 2.7716088584043206e-06
5.900690791415172e-07 2.7716088584043206e-06
3.961788673724434e-07 2.771595522145755e-06
3.961788673724434e-07 2.771595522145755e-06
3.961788673724434e-07 2.771595522145755e-06
3.961788673724434e-07 2.771595522145755e-06
2.778135552695717e-07 2.7707831865210955e-06
2.778135552695717e-07 2.7707831865210955e-06
4.7187152361653667e-07 2.7716206483090254e-06
4.7187152361653667e-07 2.7716206483090254e-06
4.3201124374338695e-07 2.7715878608647854e-06
4.3201124374338695e-07 2.7715878608647854e-06
2.1895498214637992e-07 2.7716099787344037e-06
2.1895498214637992e-07 2.7716099787344037e-06
2.1895498214637992e-07 2.7716099787344037e-06
2.1895498214637992e-07 2.7716099787344037e-06
2.1895498214637992e-07 2.7716099787344037e-06
2.1895498214637992e-07 2.7716099787344037e-06
8.974537386436344e-07 2.7545127394095343e-06
8.974537386436344e-07 2.7545127394095343e-06
9.035347351787692e-07 2.7603609617862e-06
9.035347351787692e-07 2.7603609617862e-06