1.8839770569393554e-06 2.271272490084688e-06
1.8839770569393554e-06 2.271272490084688e-06
1.8714637632758246e-06 2.2712866190336234e-06
1.8714637632758246e-06 2.2712866190336234e-06
1.7480889179264855e-06 2.271271602339547e-06
1.7480889179264855e-06 2.271271602339547e-06
1.8521367440132932e-06 2.2712705720693976e-06
1.8521367440132932e-06 2.2712705720693976e-06
1.8521367440132932e-06 2.2712705720693976e-06
1.8521367440132932e-06 2.2712705720693976e-06
1.8521367440132932e-06 2.2712705720693976e-06
1.8521367440132932e-06 2.2712705720693976e-06
1.8521367440132932e-06 2.2712705720693976e-06
1.8521367440132932e-06 2.2712705720693976e-06
1.9147917739157133e-06 2.271289127799045e-06
1.9147917739157133e-06 2.271289127799045e-06
2.2382523676661134e-06 2.2712858877844668e-06
2.2382523676661134e-06 2.2712858877844668e-06
2.3988099517455305e-06 2.2712387465350183e-06
2.3988099517455305e-06 2.2712387465350183e-06
2.8052110590157644e-06 2.2712040154157287e-06
2.8052110590157644e-06 2.2712040154157287e-06
3.6542444645194155e-06 2.2713265312611402e-06
3.6542444645194155e-06 2.2713265312611402e-06
3.6542444645194155e-06 2.2713265312611402e-06
3.6542444645194155e-06 2.2713265312611402e-06
4.799005895943275e-06 2.2697656412501035e-06
4.799005895943275e-06 2.2697656412501035e-06