0.230727552860942 0.23025988538427558
0.230727552860942 0.23025988538427558
0.012000265867400793 0.006977579555660708
0.012000265867400793 0.006977579555660708
0.012000265867400793 0.006977579555660708
0.012000265867400793 0.006977579555660708
0.001297903222826396 2.3035442668022557e-05
0.001297903222826396 2.3035442668022557e-05
0.4174163783437085 0.4262543098473398
0.4174163783437085 0.4262543098473398
0.4174163783437085 0.4262543098473398
0.4174163783437085 0.4262543098473398
0.4174163783437085 0.4262543098473398
0.4174163783437085 0.4262543098473398
0.230727552860942 0.15117321189175933
0.4174163783437085 0.4262543098473398
0.12878636090635828 0.14141002344096243
0.001251592384962559 0.0101008016574001
4.799050555838033e-07 0.000100060204089223
4.799050555838033e-07 0.000100060204089223
4.799050555838033e-07 0.000100060204089223
4.799050555838033e-07 0.000100060204089223
4.799050555838033e-07 0.000100060204089223
0.0050176473086564555 0.02019944374205007
0.000639233534037626 0.000100060204089223
0.00868004274034425 0.0101008016574001
0.1218049421102529 0.11660157154508552
0.05244066513880894 0.0557366530605585