7.712228064689845e-08 8.289572582740556e-08
7.712228064689845e-08 8.289572582740556e-08
8.066051934801196e-08 8.289084660943814e-08
8.066051934801196e-08 8.289084660943814e-08
8.066051934801196e-08 8.289084660943814e-08
8.066051934801196e-08 8.289084660943814e-08
9.18316670265841e-08 8.384023940556408e-08
9.18316670265841e-08 8.384023940556408e-08
8.490794643827699e-08 8.289589972521318e-08
8.490794643827699e-08 8.289589972521318e-08
8.490794643827699e-08 8.289589972521318e-08
8.490794643827699e-08 8.289589972521318e-08
8.490794643827699e-08 8.289589972521318e-08
8.490794643827699e-08 8.289589972521318e-08
7.712228064689845e-08 8.289586798727103e-08
8.490794643827699e-08 8.289589972521318e-08
8.708467001337053e-08 8.289602752089139e-08
8.244412674236889e-08 8.289987665045102e-08
2.491252828051047e-06 8.272007176705192e-08
2.491252828051047e-06 8.272007176705192e-08
2.491252828051047e-06 8.272007176705192e-08
2.491252828051047e-06 8.272007176705192e-08
2.491252828051047e-06 8.272007176705192e-08
7.388264660023448e-08 8.289508091141599e-08
7.409304726532047e-08 8.272007176705192e-08
7.534225117177656e-08 8.289987665045102e-08
8.619511076878088e-08 8.289574172508728e-08
9.200744808582466e-08 8.289529426662191e-08