7.818273284554151e-07 7.981343763635476e-07
7.818273284554151e-07 7.981343763635476e-07
3.3445990088582916e-06 3.717023126122093e-06
3.3445990088582916e-06 3.717023126122093e-06
8.398816924064432e-07 7.980591182595366e-07
8.398816924064432e-07 7.980591182595366e-07
3.3953856804643636e-06 3.7172999889717784e-06
3.3953856804643636e-06 3.7172999889717784e-06
8.398816924064432e-07 7.980591182595366e-07
8.398816924064432e-07 7.980591182595366e-07
3.3953856804643636e-06 3.7172999889717784e-06
3.3953856804643636e-06 3.7172999889717784e-06
9.797037778748205e-07 7.935563226600008e-07
9.797037778748205e-07 7.935563226600008e-07
3.7892486064693774e-06 3.74161877394636e-06
3.7892486064693774e-06 3.74161877394636e-06
7.709704034256727e-07 7.98135637843023e-07
7.709704034256727e-07 7.98135637843023e-07
7.709704034256727e-07 7.98135637843023e-07
7.709704034256727e-07 7.98135637843023e-07
7.709704034256727e-07 7.98135637843023e-07
7.709704034256727e-07 7.98135637843023e-07
3.291252879924907e-06 3.7170195310566686e-06
3.291252879924907e-06 3.7170195310566686e-06
3.291252879924907e-06 3.7170195310566686e-06
3.291252879924907e-06 3.7170195310566686e-06
3.291252879924907e-06 3.7170195310566686e-06
3.291252879924907e-06 3.7170195310566686e-06
7.818273284554151e-07 7.981349222013898e-07
3.3445990088582916e-06 3.7170255618334165e-06
7.709704034256727e-07 7.98135637843023e-07
3.291252879924907e-06 3.7170195310566686e-06
8.111987497529656e-07 7.981386366056369e-07
3.4933423169822574e-06 3.7170164361038416e-06
6.909949869217378e-07 7.980995480730204e-07
2.933200444138146e-06 3.7171753682488843e-06
7.141802876718199e-06 7.992653609525188e-07
7.141802876718199e-06 7.992653609525188e-07
7.141802876718199e-06 7.992653609525188e-07
7.141802876718199e-06 7.992653609525188e-07
7.141802876718199e-06 7.992653609525188e-07
3.105461471574676e-05 3.714700653270487e-06
3.105461471574676e-05 3.714700653270487e-06
3.105461471574676e-05 3.714700653270487e-06
3.105461471574676e-05 3.714700653270487e-06
3.105461471574676e-05 3.714700653270487e-06
6.047416332891313e-07 7.981283141603405e-07
2.5840480897804676e-06 3.717039413021777e-06
6.32682236826387e-07 7.992653609525188e-07
2.704455936206174e-06 3.714700653270487e-06
7.398329181185934e-07 7.980995480730204e-07
3.1958306808339305e-06 3.7171753682488843e-06
8.225301990708323e-07 7.98138652516986e-07
3.3920073588943225e-06 3.7170255551603787e-06
8.7801176727858e-07 7.981342299983413e-07
3.7896180730486437e-06 3.7170056162906227e-06