3.3933428806654442e-06 3.3333640298969808e-06
3.3933428806654442e-06 3.3333640298969808e-06
3.59494546692645e-06 3.333361355026228e-06
3.59494546692645e-06 3.333361355026228e-06
3.59494546692645e-06 3.333361355026228e-06
3.59494546692645e-06 3.333361355026228e-06
3.04022338382918e-06 3.3336476144593335e-06
3.04022338382918e-06 3.3336476144593335e-06
3.873375157002224e-06 3.3333639302642276e-06
3.873375157002224e-06 3.3333639302642276e-06
3.873375157002224e-06 3.3333639302642276e-06
3.873375157002224e-06 3.3333639302642276e-06
3.873375157002224e-06 3.3333639302642276e-06
3.873375157002224e-06 3.3333639302642276e-06
3.3933428806654442e-06 3.3333637738943494e-06
3.873375157002224e-06 3.3333639302642276e-06
3.4688776875759722e-06 3.333364229630074e-06
3.5483305529313668e-06 3.3333671653754337e-06
9.313452880252375e-05 3.3336188922121924e-06
9.313452880252375e-05 3.3336188922121924e-06
9.313452880252375e-05 3.3336188922121924e-06
9.313452880252375e-05 3.3336188922121924e-06
9.313452880252375e-05 3.3336188922121924e-06
2.780780793077245e-06 3.333363862978051e-06
1.7983749336242832e-06 3.3336188922121924e-06
2.84702802873971e-06 3.3333671653754337e-06
3.910242132489211e-06 3.3333638050658543e-06
3.3350104417556105e-06 3.3333646706112987e-06