1.7250261546426265e-07 8.695986547149043e-08
1.7250261546426265e-07 8.695986547149043e-08
4.792482680473416e-06 3.807350135871137e-06
4.792482680473416e-06 3.807350135871137e-06
4.792482680473416e-06 3.807350135871137e-06
4.792482680473416e-06 3.807350135871137e-06
0.0032261647346856644 0.0026505737703875275
0.0032261647346856644 0.0026505737703875275
0.0032261647346856644 0.0026505737703875275
0.0032261647346856644 0.0026505737703875275
0.0032261647346856644 0.0026505737703875275
0.0032261647346856644 0.0026505737703875275
0.0032261647346856644 0.0026505737703875275
0.0032261647346856644 0.0026505737703875275
0.0032261647346856644 0.0026505737703875275
0.0032261647346856644 0.0026505737703875275
2.1709698683810856e-06 1.537328643466957e-06
2.1709698683810856e-06 1.537328643466957e-06
1.517200207473967e-05 4.5809443035415186e-05
1.517200207473967e-05 4.5809443035415186e-05
1.517200207473967e-05 4.5809443035415186e-05
1.517200207473967e-05 4.5809443035415186e-05
1.517200207473967e-05 4.5809443035415186e-05
1.517200207473967e-05 4.5809443035415186e-05
1.517200207473967e-05 4.5809443035415186e-05
1.517200207473967e-05 4.5809443035415186e-05
1.517200207473967e-05 4.5809443035415186e-05
1.517200207473967e-05 4.5809443035415186e-05
1.517200207473967e-05 4.5809443035415186e-05
1.517200207473967e-05 4.5809443035415186e-05
1.517200207473967e-05 4.5809443035415186e-05
1.517200207473967e-05 4.5809443035415186e-05
1.517200207473967e-05 4.5809443035415186e-05
1.517200207473967e-05 4.5809443035415186e-05
4.813383876463991e-05 0.00014430091643518909
4.813383876463991e-05 0.00014430091643518909
4.813383876463991e-05 0.00014430091643518909
4.813383876463991e-05 0.00014430091643518909
1.0205771642027966e-07 8.694488957649034e-08
1.0205771642027966e-07 8.694488957649034e-08
2.1849360669947464e-06 3.8076269045916533e-06
2.1849360669947464e-06 3.8076269045916533e-06
2.1849360669947464e-06 3.8076269045916533e-06
2.1849360669947464e-06 3.8076269045916533e-06
0.001472485042054793 0.00265063867663682
0.001472485042054793 0.00265063867663682
0.001472485042054793 0.00265063867663682
0.001472485042054793 0.00265063867663682
0.001472485042054793 0.00265063867663682
0.001472485042054793 0.00265063867663682
0.001472485042054793 0.00265063867663682
0.001472485042054793 0.00265063867663682
0.001472485042054793 0.00265063867663682
0.001472485042054793 0.00265063867663682
1.0366094647326206e-06 1.5372288002511956e-06
1.0366094647326206e-06 1.5372288002511956e-06
1.5218808260287002e-05 4.581034438082987e-05
1.5218808260287002e-05 4.581034438082987e-05
1.5218808260287002e-05 4.581034438082987e-05
1.5218808260287002e-05 4.581034438082987e-05
1.5218808260287002e-05 4.581034438082987e-05
1.5218808260287002e-05 4.581034438082987e-05
1.5218808260287002e-05 4.581034438082987e-05
1.5218808260287002e-05 4.581034438082987e-05
1.5218808260287002e-05 4.581034438082987e-05
1.5218808260287002e-05 4.581034438082987e-05
1.5218808260287002e-05 4.581034438082987e-05
1.5218808260287002e-05 4.581034438082987e-05
1.5218808260287002e-05 4.581034438082987e-05
1.5218808260287002e-05 4.581034438082987e-05
1.5218808260287002e-05 4.581034438082987e-05
1.5218808260287002e-05 4.581034438082987e-05
4.204203280406516e-05 0.00014430405083014664
4.204203280406516e-05 0.00014430405083014664
4.204203280406516e-05 0.00014430405083014664
4.204203280406516e-05 0.00014430405083014664
1.0205771642027966e-07 8.694488957649034e-08
1.0205771642027966e-07 8.694488957649034e-08
2.1849360669947464e-06 3.8076269045916533e-06
2.1849360669947464e-06 3.8076269045916533e-06
2.1849360669947464e-06 3.8076269045916533e-06
2.1849360669947464e-06 3.8076269045916533e-06
0.001472485042054793 0.00265063867663682
0.001472485042054793 0.00265063867663682
0.001472485042054793 0.00265063867663682
0.001472485042054793 0.00265063867663682
0.001472485042054793 0.00265063867663682
0.001472485042054793 0.00265063867663682
0.001472485042054793 0.00265063867663682
0.001472485042054793 0.00265063867663682
0.001472485042054793 0.00265063867663682
0.001472485042054793 0.00265063867663682
1.0366094647326206e-06 1.5372288002511956e-06
1.0366094647326206e-06 1.5372288002511956e-06
1.5218808260287002e-05 4.581034438082987e-05
1.5218808260287002e-05 4.581034438082987e-05
1.5218808260287002e-05 4.581034438082987e-05
1.5218808260287002e-05 4.581034438082987e-05
1.5218808260287002e-05 4.581034438082987e-05
1.5218808260287002e-05 4.581034438082987e-05
1.5218808260287002e-05 4.581034438082987e-05
1.5218808260287002e-05 4.581034438082987e-05
1.5218808260287002e-05 4.581034438082987e-05
1.5218808260287002e-05 4.581034438082987e-05
1.5218808260287002e-05 4.581034438082987e-05
1.5218808260287002e-05 4.581034438082987e-05
1.5218808260287002e-05 4.581034438082987e-05
1.5218808260287002e-05 4.581034438082987e-05
1.5218808260287002e-05 4.581034438082987e-05
1.5218808260287002e-05 4.581034438082987e-05
4.204203280406516e-05 0.00014430405083014664
4.204203280406516e-05 0.00014430405083014664
4.204203280406516e-05 0.00014430405083014664
4.204203280406516e-05 0.00014430405083014664
1.434786305423142e-07 9.91945403325001e-08
1.434786305423142e-07 9.91945403325001e-08
1.733868301748109e-06 3.74161877394636e-06
1.733868301748109e-06 3.74161877394636e-06
1.733868301748109e-06 3.74161877394636e-06
1.733868301748109e-06 3.74161877394636e-06
0.0013419166142155917 0.0027056277056277055
0.0013419166142155917 0.0027056277056277055
0.0013419166142155917 0.0027056277056277055
0.0013419166142155917 0.0027056277056277055
0.0013419166142155917 0.0027056277056277055
0.0013419166142155917 0.0027056277056277055
0.0013419166142155917 0.0027056277056277055
0.0013419166142155917 0.0027056277056277055
0.0013419166142155917 0.0027056277056277055
0.0013419166142155917 0.0027056277056277055
9.461346642255221e-07 1.5548485086547778e-06
9.461346642255221e-07 1.5548485086547778e-06
1.2951251162053065e-05 4.585357215138636e-05
1.2951251162053065e-05 4.585357215138636e-05
1.2951251162053065e-05 4.585357215138636e-05
1.2951251162053065e-05 4.585357215138636e-05
1.2951251162053065e-05 4.585357215138636e-05
1.2951251162053065e-05 4.585357215138636e-05
1.2951251162053065e-05 4.585357215138636e-05
1.2951251162053065e-05 4.585357215138636e-05
1.2951251162053065e-05 4.585357215138636e-05
1.2951251162053065e-05 4.585357215138636e-05
1.2951251162053065e-05 4.585357215138636e-05
1.2951251162053065e-05 4.585357215138636e-05
1.2951251162053065e-05 4.585357215138636e-05
1.2951251162053065e-05 4.585357215138636e-05
1.2951251162053065e-05 4.585357215138636e-05
1.2951251162053065e-05 4.585357215138636e-05
3.895059358176385e-05 0.00014364985552928815
3.895059358176385e-05 0.00014364985552928815
3.895059358176385e-05 0.00014364985552928815
3.895059358176385e-05 0.00014364985552928815
1.5944854480652008e-07 8.696008299559415e-08
1.5944854480652008e-07 8.696008299559415e-08
1.5944854480652008e-07 8.696008299559415e-08
1.5944854480652008e-07 8.696008299559415e-08
1.5944854480652008e-07 8.696008299559415e-08
1.5944854480652008e-07 8.696008299559415e-08
5.84533357044534e-06 3.80735366317869e-06
5.84533357044534e-06 3.80735366317869e-06
5.84533357044534e-06 3.80735366317869e-06
5.84533357044534e-06 3.80735366317869e-06
5.84533357044534e-06 3.80735366317869e-06
5.84533357044534e-06 3.80735366317869e-06
5.84533357044534e-06 3.80735366317869e-06
5.84533357044534e-06 3.80735366317869e-06
5.84533357044534e-06 3.80735366317869e-06
5.84533357044534e-06 3.80735366317869e-06
5.84533357044534e-06 3.80735366317869e-06
5.84533357044534e-06 3.80735366317869e-06
0.0038190952969241925 0.0026505653852028086
0.0038190952969241925 0.0026505653852028086
0.0038190952969241925 0.0026505653852028086
0.0038190952969241925 0.0026505653852028086
0.0038190952969241925 0.0026505653852028086
0.0038190952969241925 0.0026505653852028086
0.0038190952969241925 0.0026505653852028086
0.0038190952969241925 0.0026505653852028086
0.0038190952969241925 0.0026505653852028086
0.0038190952969241925 0.0026505653852028086
0.0038190952969241925 0.0026505653852028086
0.0038190952969241925 0.0026505653852028086
0.0038190952969241925 0.0026505653852028086
0.0038190952969241925 0.0026505653852028086
0.0038190952969241925 0.0026505653852028086
0.0038190952969241925 0.0026505653852028086
0.0038190952969241925 0.0026505653852028086
0.0038190952969241925 0.0026505653852028086
0.0038190952969241925 0.0026505653852028086
0.0038190952969241925 0.0026505653852028086
0.0038190952969241925 0.0026505653852028086
0.0038190952969241925 0.0026505653852028086
0.0038190952969241925 0.0026505653852028086
0.0038190952969241925 0.0026505653852028086
0.0038190952969241925 0.0026505653852028086
0.0038190952969241925 0.0026505653852028086
0.0038190952969241925 0.0026505653852028086
0.0038190952969241925 0.0026505653852028086
0.0038190952969241925 0.0026505653852028086
0.0038190952969241925 0.0026505653852028086
2.6098532736213364e-06 1.5373296910853901e-06
2.6098532736213364e-06 1.5373296910853901e-06
2.6098532736213364e-06 1.5373296910853901e-06
2.6098532736213364e-06 1.5373296910853901e-06
2.6098532736213364e-06 1.5373296910853901e-06
2.6098532736213364e-06 1.5373296910853901e-06
4.7551101792022896e-05 4.580938207692414e-05
4.7551101792022896e-05 4.580938207692414e-05
4.7551101792022896e-05 4.580938207692414e-05
4.7551101792022896e-05 4.580938207692414e-05
4.7551101792022896e-05 4.580938207692414e-05
4.7551101792022896e-05 4.580938207692414e-05
4.7551101792022896e-05 4.580938207692414e-05
4.7551101792022896e-05 4.580938207692414e-05
4.7551101792022896e-05 4.580938207692414e-05
4.7551101792022896e-05 4.580938207692414e-05
4.7551101792022896e-05 4.580938207692414e-05
4.7551101792022896e-05 4.580938207692414e-05
4.7551101792022896e-05 4.580938207692414e-05
4.7551101792022896e-05 4.580938207692414e-05
4.7551101792022896e-05 4.580938207692414e-05
4.7551101792022896e-05 4.580938207692414e-05
4.7551101792022896e-05 4.580938207692414e-05
4.7551101792022896e-05 4.580938207692414e-05
4.7551101792022896e-05 4.580938207692414e-05
4.7551101792022896e-05 4.580938207692414e-05
4.7551101792022896e-05 4.580938207692414e-05
4.7551101792022896e-05 4.580938207692414e-05
4.7551101792022896e-05 4.580938207692414e-05
4.7551101792022896e-05 4.580938207692414e-05
4.7551101792022896e-05 4.580938207692414e-05
4.7551101792022896e-05 4.580938207692414e-05
4.7551101792022896e-05 4.580938207692414e-05
4.7551101792022896e-05 4.580938207692414e-05
4.7551101792022896e-05 4.580938207692414e-05
4.7551101792022896e-05 4.580938207692414e-05
4.7551101792022896e-05 4.580938207692414e-05
4.7551101792022896e-05 4.580938207692414e-05
4.7551101792022896e-05 4.580938207692414e-05
4.7551101792022896e-05 4.580938207692414e-05
4.7551101792022896e-05 4.580938207692414e-05
4.7551101792022896e-05 4.580938207692414e-05
4.7551101792022896e-05 4.580938207692414e-05
4.7551101792022896e-05 4.580938207692414e-05
4.7551101792022896e-05 4.580938207692414e-05
4.7551101792022896e-05 4.580938207692414e-05
4.7551101792022896e-05 4.580938207692414e-05
4.7551101792022896e-05 4.580938207692414e-05
4.7551101792022896e-05 4.580938207692414e-05
4.7551101792022896e-05 4.580938207692414e-05
4.7551101792022896e-05 4.580938207692414e-05
4.7551101792022896e-05 4.580938207692414e-05
4.7551101792022896e-05 4.580938207692414e-05
4.7551101792022896e-05 4.580938207692414e-05
0.00012570410554635472 0.000144301100063961
0.00012570410554635472 0.000144301100063961
0.00012570410554635472 0.000144301100063961
0.00012570410554635472 0.000144301100063961
0.00012570410554635472 0.000144301100063961
0.00012570410554635472 0.000144301100063961
0.00012570410554635472 0.000144301100063961
0.00012570410554635472 0.000144301100063961
0.00012570410554635472 0.000144301100063961
0.00012570410554635472 0.000144301100063961
0.00012570410554635472 0.000144301100063961
0.00012570410554635472 0.000144301100063961
1.7250261546426265e-07 8.69644207803518e-08
4.792482680473416e-06 3.8073570653924293e-06
4.792482680473416e-06 3.8073570653924293e-06
0.0032261647346856644 0.0026505740419580292
0.0032261647346856644 0.0026505740419580292
0.0032261647346856644 0.0026505740419580292
0.0032261647346856644 0.0026505740419580292
0.0032261647346856644 0.0026505740419580292
2.1709698683810856e-06 1.5373276629456694e-06
1.517200207473967e-05 4.580937845182484e-05
1.517200207473967e-05 4.580937845182484e-05
1.517200207473967e-05 4.580937845182484e-05
1.517200207473967e-05 4.580937845182484e-05
1.517200207473967e-05 4.580937845182484e-05
1.517200207473967e-05 4.580937845182484e-05
1.517200207473967e-05 4.580937845182484e-05
1.517200207473967e-05 4.580937845182484e-05
4.813383876463991e-05 0.00014430137398555712
4.813383876463991e-05 0.00014430137398555712
1.5944854480652008e-07 8.696008299559415e-08
5.84533357044534e-06 3.80735366317869e-06
5.84533357044534e-06 3.80735366317869e-06
0.0038190952969241925 0.0026505653852028086
0.0038190952969241925 0.0026505653852028086
0.0038190952969241925 0.0026505653852028086
0.0038190952969241925 0.0026505653852028086
0.0038190952969241925 0.0026505653852028086
2.6098532736213364e-06 1.5373296910853901e-06
4.7551101792022896e-05 4.580938207692414e-05
4.7551101792022896e-05 4.580938207692414e-05
4.7551101792022896e-05 4.580938207692414e-05
4.7551101792022896e-05 4.580938207692414e-05
4.7551101792022896e-05 4.580938207692414e-05
4.7551101792022896e-05 4.580938207692414e-05
4.7551101792022896e-05 4.580938207692414e-05
4.7551101792022896e-05 4.580938207692414e-05
0.00012570410554635472 0.000144301100063961
0.00012570410554635472 0.000144301100063961
1.2352852664264516e-07 8.695758741736314e-08
3.4200138744109723e-06 3.807375267632802e-06
3.4200138744109723e-06 3.807375267632802e-06
0.002274129703144324 0.002650578115728924
0.002274129703144324 0.002650578115728924
0.002274129703144324 0.002650578115728924
0.002274129703144324 0.002650578115728924
0.002274129703144324 0.002650578115728924
1.6012183516665842e-06 1.5373288600120221e-06
5.1686764963362056e-05 4.58094609850613e-05
5.1686764963362056e-05 4.58094609850613e-05
5.1686764963362056e-05 4.58094609850613e-05
5.1686764963362056e-05 4.58094609850613e-05
5.1686764963362056e-05 4.58094609850613e-05
5.1686764963362056e-05 4.58094609850613e-05
5.1686764963362056e-05 4.58094609850613e-05
5.1686764963362056e-05 4.58094609850613e-05
0.00015312018140329576 0.00014430100390327156
0.00015312018140329576 0.00014430100390327156
9.12807116144964e-10 8.698108736793547e-08
1.4288933151417222e-06 3.80730487143885e-06
1.4288933151417222e-06 3.80730487143885e-06
0.0008314951402771076 0.0026504674800196834
0.0008314951402771076 0.0026504674800196834
0.0008314951402771076 0.0026504674800196834
0.0008314951402771076 0.0026504674800196834
0.0008314951402771076 0.0026504674800196834
5.862557829728478e-07 1.537249164378546e-06
2.771276131771e-05 4.580958745913503e-05
2.771276131771e-05 4.580958745913503e-05
2.771276131771e-05 4.580958745913503e-05
2.771276131771e-05 4.580958745913503e-05
2.771276131771e-05 4.580958745913503e-05
2.771276131771e-05 4.580958745913503e-05
2.771276131771e-05 4.580958745913503e-05
2.771276131771e-05 4.580958745913503e-05
0.0001353494835089927 0.00014430379107035
0.0001353494835089927 0.00014430379107035
3.105461471574676e-05 3.822373135973979e-06
3.105461471574676e-05 3.822373135973979e-06
3.105461471574676e-05 3.822373135973979e-06
3.105461471574676e-05 3.822373135973979e-06
3.105461471574676e-05 3.822373135973979e-06
3.105461471574676e-05 3.822373135973979e-06
3.105461471574676e-05 3.822373135973979e-06
3.105461471574676e-05 3.822373135973979e-06
3.105461471574676e-05 3.822373135973979e-06
3.105461471574676e-05 3.822373135973979e-06
0.02247191011235955 0.0026472328630602012
0.02247191011235955 0.0026472328630602012
0.02247191011235955 0.0026472328630602012
0.02247191011235955 0.0026472328630602012
0.02247191011235955 0.0026472328630602012
0.02247191011235955 0.0026472328630602012
0.02247191011235955 0.0026472328630602012
0.02247191011235955 0.0026472328630602012
0.02247191011235955 0.0026472328630602012
0.02247191011235955 0.0026472328630602012
0.02247191011235955 0.0026472328630602012
0.02247191011235955 0.0026472328630602012
0.02247191011235955 0.0026472328630602012
0.02247191011235955 0.0026472328630602012
0.02247191011235955 0.0026472328630602012
0.02247191011235955 0.0026472328630602012
0.02247191011235955 0.0026472328630602012
0.02247191011235955 0.0026472328630602012
0.02247191011235955 0.0026472328630602012
0.02247191011235955 0.0026472328630602012
0.02247191011235955 0.0026472328630602012
0.02247191011235955 0.0026472328630602012
0.02247191011235955 0.0026472328630602012
0.02247191011235955 0.0026472328630602012
0.02247191011235955 0.0026472328630602012
1.5844094113919036e-05 1.5448400176865342e-06
1.5844094113919036e-05 1.5448400176865342e-06
1.5844094113919036e-05 1.5448400176865342e-06
1.5844094113919036e-05 1.5448400176865342e-06
1.5844094113919036e-05 1.5448400176865342e-06
0.0002962085308056872 4.586494738635321e-05
0.0002962085308056872 4.586494738635321e-05
0.0002962085308056872 4.586494738635321e-05
0.0002962085308056872 4.586494738635321e-05
0.0002962085308056872 4.586494738635321e-05
0.0002962085308056872 4.586494738635321e-05
0.0002962085308056872 4.586494738635321e-05
0.0002962085308056872 4.586494738635321e-05
0.0002962085308056872 4.586494738635321e-05
0.0002962085308056872 4.586494738635321e-05
0.0002962085308056872 4.586494738635321e-05
0.0002962085308056872 4.586494738635321e-05
0.0002962085308056872 4.586494738635321e-05
0.0002962085308056872 4.586494738635321e-05
0.0002962085308056872 4.586494738635321e-05
0.0002962085308056872 4.586494738635321e-05
0.0002962085308056872 4.586494738635321e-05
0.0002962085308056872 4.586494738635321e-05
0.0002962085308056872 4.586494738635321e-05
0.0002962085308056872 4.586494738635321e-05
0.0002962085308056872 4.586494738635321e-05
0.0002962085308056872 4.586494738635321e-05
0.0002962085308056872 4.586494738635321e-05
0.0002962085308056872 4.586494738635321e-05
0.0002962085308056872 4.586494738635321e-05
0.0002962085308056872 4.586494738635321e-05
0.0002962085308056872 4.586494738635321e-05
0.0002962085308056872 4.586494738635321e-05
0.0002962085308056872 4.586494738635321e-05
0.0002962085308056872 4.586494738635321e-05
0.0002962085308056872 4.586494738635321e-05
0.0002962085308056872 4.586494738635321e-05
0.0002962085308056872 4.586494738635321e-05
0.0002962085308056872 4.586494738635321e-05
0.0002962085308056872 4.586494738635321e-05
0.0002962085308056872 4.586494738635321e-05
0.0002962085308056872 4.586494738635321e-05
0.0002962085308056872 4.586494738635321e-05
0.0002962085308056872 4.586494738635321e-05
0.0002962085308056872 4.586494738635321e-05
0.0029914529914529917 0.00014456519890470603
0.0029914529914529917 0.00014456519890470603
0.0029914529914529917 0.00014456519890470603
0.0029914529914529917 0.00014456519890470603
0.0029914529914529917 0.00014456519890470603
0.0029914529914529917 0.00014456519890470603
0.0029914529914529917 0.00014456519890470603
0.0029914529914529917 0.00014456519890470603
0.0029914529914529917 0.00014456519890470603
0.0029914529914529917 0.00014456519890470603
2.1357215814202e-07 8.693382601264569e-08
4.494857596782883e-06 3.8074452360246744e-06
4.494857596782883e-06 3.8074452360246744e-06
0.003156770883987192 0.0026505965732156913
0.003156770883987192 0.0026505965732156913
0.003156770883987192 0.0026505965732156913
0.003156770883987192 0.0026505965732156913
0.003156770883987192 0.0026505965732156913
2.089335255087358e-06 1.537320191876486e-06
4.120657147500091e-05 4.580907562013263e-05
4.120657147500091e-05 4.580907562013263e-05
4.120657147500091e-05 4.580907562013263e-05
4.120657147500091e-05 4.580907562013263e-05
4.120657147500091e-05 4.580907562013263e-05
4.120657147500091e-05 4.580907562013263e-05
4.120657147500091e-05 4.580907562013263e-05
4.120657147500091e-05 4.580907562013263e-05
0.00016641550045021902 0.00014430049685895308
0.00016641550045021902 0.00014430049685895308
3.5744759142733726e-09 9.134461268028786e-08
3.807998300979958e-07 3.822373135973979e-06
3.807998300979958e-07 3.822373135973979e-06
0.00022775584573337383 0.0026472328630602012
0.00022775584573337383 0.0026472328630602012
0.00022775584573337383 0.0026472328630602012
0.00022775584573337383 0.0026472328630602012
0.00022775584573337383 0.0026472328630602012
1.605820349383686e-07 1.5448400176865342e-06
1.072977598451532e-05 4.586494738635321e-05
1.072977598451532e-05 4.586494738635321e-05
1.072977598451532e-05 4.586494738635321e-05
1.072977598451532e-05 4.586494738635321e-05
1.072977598451532e-05 4.586494738635321e-05
1.072977598451532e-05 4.586494738635321e-05
1.072977598451532e-05 4.586494738635321e-05
1.072977598451532e-05 4.586494738635321e-05
4.5718795718795716e-05 0.00014456519890470603
4.5718795718795716e-05 0.00014456519890470603
3.014085362909765e-08 8.698108736793547e-08
1.7867806922570794e-06 3.80730487143885e-06
1.7867806922570794e-06 3.80730487143885e-06
0.001067561716373359 0.0026504674800196834
0.001067561716373359 0.0026504674800196834
0.001067561716373359 0.0026504674800196834
0.001067561716373359 0.0026504674800196834
0.001067561716373359 0.0026504674800196834
7.526973996453216e-07 1.537249164378546e-06
3.349480276609342e-05 4.580958745913503e-05
3.349480276609342e-05 4.580958745913503e-05
3.349480276609342e-05 4.580958745913503e-05
3.349480276609342e-05 4.580958745913503e-05
3.349480276609342e-05 4.580958745913503e-05
3.349480276609342e-05 4.580958745913503e-05
3.349480276609342e-05 4.580958745913503e-05
3.349480276609342e-05 4.580958745913503e-05
0.00013298733235704541 0.00014430379107035
0.00013298733235704541 0.00014430379107035
1.431678084111658e-07 8.695975227528942e-08
5.4384927711825464e-06 3.8073444206455265e-06
5.4384927711825464e-06 3.8073444206455265e-06
0.003477888893883916 0.0026505815313394914
0.003477888893883916 0.0026505815313394914
0.003477888893883916 0.0026505815313394914
0.003477888893883916 0.0026505815313394914
0.003477888893883916 0.0026505815313394914
2.4318866807950966e-06 1.5373262880950298e-06
4.639503876231279e-05 4.580947612101684e-05
4.639503876231279e-05 4.580947612101684e-05
4.639503876231279e-05 4.580947612101684e-05
4.639503876231279e-05 4.580947612101684e-05
4.639503876231279e-05 4.580947612101684e-05
4.639503876231279e-05 4.580947612101684e-05
4.639503876231279e-05 4.580947612101684e-05
4.639503876231279e-05 4.580947612101684e-05
0.00011791218419785795 0.00014430081612994063
0.00011791218419785795 0.00014430081612994063
9.790543601185893e-08 8.695290863838929e-08
2.860970288574695e-06 3.8073719870031144e-06
2.860970288574695e-06 3.8073719870031144e-06
0.0018550076157057209 0.0026505511605519356
0.0018550076157057209 0.0026505511605519356
0.0018550076157057209 0.0026505511605519356
0.0018550076157057209 0.0026505511605519356
0.0018550076157057209 0.0026505511605519356
1.30655451996856e-06 1.537312874865318e-06
4.3361358349276346e-05 4.5809448784295216e-05
4.3361358349276346e-05 4.5809448784295216e-05
4.3361358349276346e-05 4.5809448784295216e-05
4.3361358349276346e-05 4.5809448784295216e-05
4.3361358349276346e-05 4.5809448784295216e-05
4.3361358349276346e-05 4.5809448784295216e-05
4.3361358349276346e-05 4.5809448784295216e-05
4.3361358349276346e-05 4.5809448784295216e-05
0.00014608006403783952 0.0001443009726045002
0.00014608006403783952 0.0001443009726045002