7.439377996581456e-08 3.113182496589234e-06
2.879021572605689e-05 0.00013469827586206896
2.879021572605689e-05 0.00013469827586206896
0.016853932584269662 0.0939060939060939
0.016853932584269662 0.0939060939060939
0.016853932584269662 0.0939060939060939
0.016853932584269662 0.0939060939060939
0.016853932584269662 0.0939060939060939
1.1883070585439277e-05 5.438822313675012e-05
0.00043274215047393367 0.0016229975246368688
0.00043274215047393367 0.0016229975246368688
0.00043274215047393367 0.0016229975246368688
0.00043274215047393367 0.0016229975246368688
0.00043274215047393367 0.0016229975246368688
0.00043274215047393367 0.0016229975246368688
0.00043274215047393367 0.0016229975246368688
0.00043274215047393367 0.0016229975246368688
0.001435630341880342 0.005106989149542341
0.001435630341880342 0.005106989149542341
6.679471466847379e-07 3.081937179665007e-06
3.679104143335127e-05 0.0001349351036484146
3.679104143335127e-05 0.0001349351036484146
0.022925843604229255 0.0939377679657293
0.022925843604229255 0.0939377679657293
0.022925843604229255 0.0939377679657293
0.022925843604229255 0.0939377679657293
0.022925843604229255 0.0939377679657293
1.6127820898147835e-05 5.448389806550446e-05
0.00020204656826109987 0.001623511613853656
0.00020204656826109987 0.001623511613853656
0.00020204656826109987 0.001623511613853656
0.00020204656826109987 0.001623511613853656
0.00020204656826109987 0.001623511613853656
0.00020204656826109987 0.001623511613853656
0.00020204656826109987 0.001623511613853656
0.00020204656826109987 0.001623511613853656
0.000802362699657878 0.005114118132128084
0.000802362699657878 0.005114118132128084