1.041512919521404e-06 1.0987702929138473e-06
1.041512919521404e-06 1.0987702929138473e-06
9.704567098670863e-07 8.634504862953138e-07
9.704567098670863e-07 8.634504862953138e-07
0.000526685393258427 0.0004995004995004995
0.000526685393258427 0.0004995004995004995
8.330864928909953e-05 6.421932651440848e-05
8.330864928909953e-05 6.421932651440848e-05
8.330864928909953e-05 6.421932651440848e-05
8.330864928909953e-05 6.421932651440848e-05
8.330864928909953e-05 6.421932651440848e-05
8.330864928909953e-05 6.421932651440848e-05
9.348290598290599e-05 6.0617081893677636e-05
0.0004132990448199853 0.0002770641277517505
0.15625 0.006993006993006993
1.8416369058142686e-07 4.59269669371765e-07
5.540550922834161e-07 2.3744817297877784e-07
2.1448573755639546e-07 1.6558122653300067e-07
1.3319352501630463e-06 1.096362887737052e-06
1.3319352501630463e-06 1.096362887737052e-06
2.9339379966569566e-07 1.5667068942865055e-07
2.9339379966569566e-07 1.5667068942865055e-07
0.0001592304192298026 9.063297649233519e-05
0.0001592304192298026 9.063297649233519e-05
1.6656597283083697e-08 1.8214455206947094e-10
1.6656597283083697e-08 1.8214455206947094e-10
7.669198219879024e-05 6.4704178429767e-05
7.669198219879024e-05 6.4704178429767e-05
7.669198219879024e-05 6.4704178429767e-05
7.669198219879024e-05 6.4704178429767e-05
7.669198219879024e-05 6.4704178429767e-05
7.669198219879024e-05 6.4704178429767e-05
0.00011955029595170716 5.956618061649887e-05
0.00038047337531684915 0.00027915594465966273
0.13999263509259588 0.00642809116412789
1.246090518931147e-08 1.2057013438817777e-07
3.563664872955347e-05 0.0001043333101481533
3.563664872955347e-05 0.0001043333101481533
3.563664872955347e-05 0.0001043333101481533
3.563664872955347e-05 0.0001043333101481533
3.563664872955347e-05 0.0001043333101481533
0.0004074456838078947 0.0008780126873337346
1.7390256512169487e-07 2.5019978452794554e-07
1.9801422000995874e-07 2.3986568248813275e-07
3.0568839242542306e-07 2.3996959059544054e-07
2.4747446253215487e-07 2.399547653246777e-07