0.2773257281068033 0.03020116652779431
10.162788290339945 1.3222207255747127
10.162788290339945 1.3222207255747127
6640.0 920.4935064935065
6640.0 920.4935064935065
6640.0 920.4935064935065
6640.0 920.4935064935065
6640.0 920.4935064935065
4.537495048720589 0.5338832587006049
0.003258293838862559 15.908773527625987
0.003258293838862559 15.908773527625987
0.003258293838862559 15.908773527625987
0.003258293838862559 15.908773527625987
0.003258293838862559 15.908773527625987
0.003258293838862559 15.908773527625987
0.003258293838862559 15.908773527625987
0.003258293838862559 15.908773527625987
0.005555555555555556 50.11308116627266
0.005555555555555556 50.11308116627266
0.16591836443191718 0.03020116652779431
0.16591836443191718 0.03020116652779431
0.16591836443191718 0.03020116652779431
0.16591836443191718 0.03020116652779431
0.16591836443191718 0.03020116652779431
0.16591836443191718 0.03020116652779431
0.16591836443191718 0.03020116652779431
0.16591836443191718 0.03020116652779431
0.16591836443191718 0.03020116652779431
4.610285288393856 1.3222207255747127
4.610285288393856 1.3222207255747127
4.610285288393856 1.3222207255747127
4.610285288393856 1.3222207255747127
4.610285288393856 1.3222207255747127
4.610285288393856 1.3222207255747127
4.610285288393856 1.3222207255747127
4.610285288393856 1.3222207255747127
4.610285288393856 1.3222207255747127
4.610285288393856 1.3222207255747127
4.610285288393856 1.3222207255747127
4.610285288393856 1.3222207255747127
4.610285288393856 1.3222207255747127
4.610285288393856 1.3222207255747127
4.610285288393856 1.3222207255747127
4.610285288393856 1.3222207255747127
4.610285288393856 1.3222207255747127
4.610285288393856 1.3222207255747127
3102.9887640449438 920.4935064935065
3102.9887640449438 920.4935064935065
3102.9887640449438 920.4935064935065
3102.9887640449438 920.4935064935065
3102.9887640449438 920.4935064935065
3102.9887640449438 920.4935064935065
3102.9887640449438 920.4935064935065
3102.9887640449438 920.4935064935065
3102.9887640449438 920.4935064935065
3102.9887640449438 920.4935064935065
3102.9887640449438 920.4935064935065
3102.9887640449438 920.4935064935065
3102.9887640449438 920.4935064935065
3102.9887640449438 920.4935064935065
3102.9887640449438 920.4935064935065
3102.9887640449438 920.4935064935065
3102.9887640449438 920.4935064935065
3102.9887640449438 920.4935064935065
3102.9887640449438 920.4935064935065
3102.9887640449438 920.4935064935065
3102.9887640449438 920.4935064935065
3102.9887640449438 920.4935064935065
3102.9887640449438 920.4935064935065
3102.9887640449438 920.4935064935065
3102.9887640449438 920.4935064935065
3102.9887640449438 920.4935064935065
3102.9887640449438 920.4935064935065
3102.9887640449438 920.4935064935065
3102.9887640449438 920.4935064935065
3102.9887640449438 920.4935064935065
3102.9887640449438 920.4935064935065
3102.9887640449438 920.4935064935065
3102.9887640449438 920.4935064935065
3102.9887640449438 920.4935064935065
3102.9887640449438 920.4935064935065
3102.9887640449438 920.4935064935065
3102.9887640449438 920.4935064935065
3102.9887640449438 920.4935064935065
3102.9887640449438 920.4935064935065
3102.9887640449438 920.4935064935065
3102.9887640449438 920.4935064935065
3102.9887640449438 920.4935064935065
3102.9887640449438 920.4935064935065
3102.9887640449438 920.4935064935065
3102.9887640449438 920.4935064935065
2.0881090073675037 0.5338832587006049
2.0881090073675037 0.5338832587006049
2.0881090073675037 0.5338832587006049
2.0881090073675037 0.5338832587006049
2.0881090073675037 0.5338832587006049
2.0881090073675037 0.5338832587006049
2.0881090073675037 0.5338832587006049
2.0881090073675037 0.5338832587006049
2.0881090073675037 0.5338832587006049
0.0008886255924170616 15.908773527625987
0.0008886255924170616 15.908773527625987
0.0008886255924170616 15.908773527625987
0.0008886255924170616 15.908773527625987
0.0008886255924170616 15.908773527625987
0.0008886255924170616 15.908773527625987
0.0008886255924170616 15.908773527625987
0.0008886255924170616 15.908773527625987
0.0008886255924170616 15.908773527625987
0.0008886255924170616 15.908773527625987
0.0008886255924170616 15.908773527625987
0.0008886255924170616 15.908773527625987
0.0008886255924170616 15.908773527625987
0.0008886255924170616 15.908773527625987
0.0008886255924170616 15.908773527625987
0.0008886255924170616 15.908773527625987
0.0008886255924170616 15.908773527625987
0.0008886255924170616 15.908773527625987
0.0008886255924170616 15.908773527625987
0.0008886255924170616 15.908773527625987
0.0008886255924170616 15.908773527625987
0.0008886255924170616 15.908773527625987
0.0008886255924170616 15.908773527625987
0.0008886255924170616 15.908773527625987
0.0008886255924170616 15.908773527625987
0.0008886255924170616 15.908773527625987
0.0008886255924170616 15.908773527625987
0.0008886255924170616 15.908773527625987
0.0008886255924170616 15.908773527625987
0.0008886255924170616 15.908773527625987
0.0008886255924170616 15.908773527625987
0.0008886255924170616 15.908773527625987
0.0008886255924170616 15.908773527625987
0.0008886255924170616 15.908773527625987
0.0008886255924170616 15.908773527625987
0.0008886255924170616 15.908773527625987
0.0008886255924170616 15.908773527625987
0.0008886255924170616 15.908773527625987
0.0008886255924170616 15.908773527625987
0.0008886255924170616 15.908773527625987
0.0008886255924170616 15.908773527625987
0.0008886255924170616 15.908773527625987
0.0008886255924170616 15.908773527625987
0.0008886255924170616 15.908773527625987
0.0008886255924170616 15.908773527625987
0.0008886255924170616 15.908773527625987
0.0008886255924170616 15.908773527625987
0.0008886255924170616 15.908773527625987
0.0008886255924170616 15.908773527625987
0.0008886255924170616 15.908773527625987
0.0008886255924170616 15.908773527625987
0.0008886255924170616 15.908773527625987
0.0008886255924170616 15.908773527625987
0.0008886255924170616 15.908773527625987
0.0008886255924170616 15.908773527625987
0.0008886255924170616 15.908773527625987
0.0008886255924170616 15.908773527625987
0.0008886255924170616 15.908773527625987
0.0008886255924170616 15.908773527625987
0.0008886255924170616 15.908773527625987
0.0008886255924170616 15.908773527625987
0.0008886255924170616 15.908773527625987
0.0008886255924170616 15.908773527625987
0.0008886255924170616 15.908773527625987
0.0008886255924170616 15.908773527625987
0.0008886255924170616 15.908773527625987
0.0008886255924170616 15.908773527625987
0.0008886255924170616 15.908773527625987
0.0008886255924170616 15.908773527625987
0.0008886255924170616 15.908773527625987
0.0008886255924170616 15.908773527625987
0.0008886255924170616 15.908773527625987
0.0008547008547008547 50.11308116627266
0.0008547008547008547 50.11308116627266
0.0008547008547008547 50.11308116627266
0.0008547008547008547 50.11308116627266
0.0008547008547008547 50.11308116627266
0.0008547008547008547 50.11308116627266
0.0008547008547008547 50.11308116627266
0.0008547008547008547 50.11308116627266
0.0008547008547008547 50.11308116627266
0.0008547008547008547 50.11308116627266
0.0008547008547008547 50.11308116627266
0.0008547008547008547 50.11308116627266
0.0008547008547008547 50.11308116627266
0.0008547008547008547 50.11308116627266
0.0008547008547008547 50.11308116627266
0.0008547008547008547 50.11308116627266
0.0008547008547008547 50.11308116627266
0.0008547008547008547 50.11308116627266
173.70853080568722 15.908773527625987
173.70853080568722 15.908773527625987
173.70853080568722 15.908773527625987
173.70853080568722 15.908773527625987
173.70853080568722 15.908773527625987
173.70853080568722 15.908773527625987
173.70853080568722 15.908773527625987
173.70853080568722 15.908773527625987