0.03693700771156004 0.03019997619331032
1.2315363062951155 1.3222225963840997
1.2315363062951155 1.3222225963840997
812.2443820224719 920.491341991342
812.2443820224719 920.491341991342
812.2443820224719 920.491341991342
812.2443820224719 920.491341991342
812.2443820224719 920.491341991342
0.5523653912170905 0.5338845680467175
15.362312401263823 15.908710281319571
15.362312401263823 15.908710281319571
15.362312401263823 15.908710281319571
15.362312401263823 15.908710281319571
15.362312401263823 15.908710281319571
15.362312401263823 15.908710281319571
15.362312401263823 15.908710281319571
15.362312401263823 15.908710281319571
51.11962250712251 50.11298266351458
51.11962250712251 50.11298266351458