0.3745210243039625 0.3774288932695016
0.2739203073038454 0.2775907403833071
0.018424545704802255 0.01823311363470964
1.4238749015153193e-05 1.5820832239059103e-06
0.9046632694066239 0.9103227766193412
0.9046632694066239 0.9103227766193412
0.6917785463186505 0.6934274725587665
0.6917785463186505 0.6934274725587665
0.6917785463186505 0.6934274725587665
0.6917785463186505 0.6934274725587665
0.6917785463186505 0.6934274725587665
0.6917785463186505 0.6934274725587665
0.6917785463186505 0.6934274725587665
0.5463934039786229 0.5506879688899154
0.5463934039786229 0.5506879688899154
0.5463934039786229 0.5506879688899154
0.5463934039786229 0.5506879688899154
0.5463934039786229 0.5506879688899154
0.5463934039786229 0.5506879688899154
0.5463934039786229 0.5506879688899154
0.5463934039786229 0.5506879688899154
0.5463934039786229 0.5506879688899154
0.00021081258958546256 0.0001534620727188733
0.00021081258958546256 0.0001534620727188733
0.4006309347896937 0.4042361069361693
0.4006309347896937 0.4042361069361693
0.4006309347896937 0.4042361069361693
0.4006309347896937 0.4042361069361693
0.4006309347896937 0.4042361069361693
0.4006309347896937 0.4042361069361693
0.21095853676286788 0.21712866133610093
0.15491205199358307 0.1595186828207911
0.15491205199358307 0.1595186828207911
0.15491205199358307 0.1595186828207911
0.15491205199358307 0.1595186828207911
0.15491205199358307 0.1595186828207911
0.0001799619667192973 4.429833026936549e-05
0.00017323811301769718 1.0679061761364895e-05
0.5463934039786229 0.5506879688899154
0.0010030407639563471 0.00010243988874790769
0.15491205199358307 0.1595186828207911
0.7516350830119067 0.7533726059125614
0.7516350830119067 0.7533726059125614
0.030085290106600767 0.03197785716319821
0.6152709792145906 0.6173510231332209
0.41244909647227085 0.41173795006312514
0.41244909647227085 0.41173795006312514
0.41244909647227085 0.41173795006312514
0.41244909647227085 0.41173795006312514
0.2832953369679059 0.284352168561475
0.2832953369679059 0.284352168561475
2.768645641835343e-06 1.7007394656988535e-05
2.768645641835343e-06 8.701457731482507e-06
0.20283295732488713 0.20183189416496064
0.3102813260388749 0.31459606251127237
0.0008772651476558272 0.00018589477880894448
0.00011628311695708441 0.00018589477880894448
7.910416119529551e-07 1.1865624179294327e-06
0.00011232790889731964 9.294738940447224e-05