1.013114262273742e-09 5.479676046917491e-08
9.03723835097225e-10 5.479688713714977e-08
4.688127763424711e-08 5.479794285437345e-08
6.387827764233454e-08 9.58174164635018e-08
4.93526484641817e-08 5.479658158565838e-08
4.93526484641817e-08 5.479658158565838e-08
3.0891977890686285e-08 5.479668783193355e-08
3.0891977890686285e-08 5.479668783193355e-08
3.0891977890686285e-08 5.479668783193355e-08
3.0891977890686285e-08 5.479668783193355e-08
3.0891977890686285e-08 5.479668783193355e-08
3.0891977890686285e-08 5.479668783193355e-08
3.0891977890686285e-08 5.479668783193355e-08
2.3848701676286098e-08 5.479669625145857e-08
2.3848701676286098e-08 5.479669625145857e-08
2.3848701676286098e-08 5.479669625145857e-08
2.3848701676286098e-08 5.479669625145857e-08
2.3848701676286098e-08 5.479669625145857e-08
2.3848701676286098e-08 5.479669625145857e-08
2.3848701676286098e-08 5.479669625145857e-08
2.3848701676286098e-08 5.479669625145857e-08
2.3848701676286098e-08 5.479669625145857e-08
4.170664281338165e-08 5.4329462943222675e-08
4.170664281338165e-08 5.4329462943222675e-08
2.0349707676118907e-08 5.4796685156495855e-08
2.0349707676118907e-08 5.4796685156495855e-08
2.0349707676118907e-08 5.4796685156495855e-08
2.0349707676118907e-08 5.4796685156495855e-08
2.0349707676118907e-08 5.4796685156495855e-08
2.0349707676118907e-08 5.4796685156495855e-08
1.6168826368576006e-08 5.4796693918752176e-08
1.4946563848417033e-08 5.479638760088012e-08
1.4946563848417033e-08 5.479638760088012e-08
1.4946563848417033e-08 5.479638760088012e-08
1.4946563848417033e-08 5.479638760088012e-08
1.4946563848417033e-08 5.479638760088012e-08
1.600466736533217e-08 5.4752809407715315e-08
5.425278375102385e-08 5.67806912376307e-08
2.3848701676286098e-08 5.479669625145857e-08
4.8210971375168887e-08 5.4752809407715315e-08
1.4946563848417033e-08 5.479638760088012e-08
5.6762136510725926e-08 5.479673213228548e-08
5.6762136510725926e-08 5.479673213228548e-08
1.0110680490404929e-07 5.4795473934526525e-08
4.3056078911601895e-08 5.479665779075619e-08
2.8155692388197236e-08 5.479677987911196e-08
2.8155692388197236e-08 5.479677987911196e-08
2.8155692388197236e-08 5.479677987911196e-08
2.8155692388197236e-08 5.479677987911196e-08
2.416133720107669e-08 5.479682910339913e-08
2.416133720107669e-08 5.479682910339913e-08
3.832696658540072e-07 5.347948825869868e-08
1.6425842822314594e-07 5.2264045343728255e-08
2.317517490073009e-08 5.4797015605467944e-08
1.8826669845407664e-08 5.4796589792583885e-08
3.490553313909353e-08 5.463631406854997e-08
4.6930979492327414e-08 5.463631406854997e-08
1.916348329270036e-07 1.2775655528466908e-07
8.906971107874815e-08 5.5451781442707427e-08