4.191965488494537e-07 3.9552577486344216e-07
4.0356104353002803e-07 3.955247850047617e-07
3.863199734880314e-07 3.9551464146273217e-07
1.2337819364454248e-06 1.8506729046681374e-06
3.709775204156929e-07 3.9552446424761227e-07
3.709775204156929e-07 3.9552446424761227e-07
2.5953387362666935e-07 3.955278001139244e-07
2.5953387362666935e-07 3.955278001139244e-07
2.5953387362666935e-07 3.955278001139244e-07
2.5953387362666935e-07 3.955278001139244e-07
2.5953387362666935e-07 3.955278001139244e-07
2.5953387362666935e-07 3.955278001139244e-07
2.5953387362666935e-07 3.955278001139244e-07
2.0749676236414736e-07 3.955248735409471e-07
2.0749676236414736e-07 3.955248735409471e-07
2.0749676236414736e-07 3.955248735409471e-07
2.0749676236414736e-07 3.955248735409471e-07
2.0749676236414736e-07 3.955248735409471e-07
2.0749676236414736e-07 3.955248735409471e-07
2.0749676236414736e-07 3.955248735409471e-07
2.0749676236414736e-07 3.955248735409471e-07
2.0749676236414736e-07 3.955248735409471e-07
3.8888436270700074e-07 4.0066114430959675e-07
3.8888436270700074e-07 4.0066114430959675e-07
1.9570082155038258e-07 3.9552342260377764e-07
1.9570082155038258e-07 3.9552342260377764e-07
1.9570082155038258e-07 3.9552342260377764e-07
1.9570082155038258e-07 3.9552342260377764e-07
1.9570082155038258e-07 3.9552342260377764e-07
1.9570082155038258e-07 3.9552342260377764e-07
1.4677167939543208e-07 3.9552023496278396e-07
8.877574906401108e-08 3.9552556374521715e-07
8.877574906401108e-08 3.9552556374521715e-07
8.877574906401108e-08 3.9552556374521715e-07
8.877574906401108e-08 3.9552556374521715e-07
8.877574906401108e-08 3.9552556374521715e-07
1.301572152733635e-07 3.965727652860294e-07
2.0749676236414736e-07 3.955248735409471e-07
2.306043524744209e-07 4.0014549290121886e-07
8.877574906401108e-08 3.9552556374521715e-07
4.3183224763371243e-07 3.9552433545411944e-07
4.3183224763371243e-07 3.9552433545411944e-07
5.197893372159349e-07 3.955427061554164e-07
3.4295809407327985e-07 3.9552801342496335e-07
2.5668059411964137e-07 3.9552768440616433e-07
2.5668059411964137e-07 3.9552768440616433e-07
2.5668059411964137e-07 3.9552768440616433e-07
2.5668059411964137e-07 3.9552768440616433e-07
2.560756517347074e-07 3.9552083643138213e-07
2.560756517347074e-07 3.9552083643138213e-07
1.0575273740960785e-06 3.3648598266693405e-07
2.786989071938983e-07 3.955256910391011e-07
1.9379401313044706e-07 3.955252388560002e-07
3.1372994236033347e-07 3.937601924825824e-07
5.791221334335668e-07 3.937601924825824e-07
3.7013458093362747e-06 2.4675638728908497e-06
3.3885560226318006e-07 4.095106001818857e-07