6.5454697735952225e-06 5.494390586882812e-06
6.5447408965249185e-06 5.494390703843898e-06
5.419246965224787e-06 5.494393767708969e-06
8.112541260576486e-06 5.461592738419603e-06
5.747362956732093e-06 5.494390422518618e-06
5.747362956732093e-06 5.494390422518618e-06
5.8673758529699035e-06 5.494390509816795e-06
5.8673758529699035e-06 5.494390509816795e-06
5.8673758529699035e-06 5.494390509816795e-06
5.8673758529699035e-06 5.494390509816795e-06
5.8673758529699035e-06 5.494390509816795e-06
5.8673758529699035e-06 5.494390509816795e-06
5.8673758529699035e-06 5.494390509816795e-06
5.9190946094357206e-06 5.4943905545365425e-06
5.9190946094357206e-06 5.4943905545365425e-06
5.9190946094357206e-06 5.4943905545365425e-06
5.9190946094357206e-06 5.4943905545365425e-06
5.9190946094357206e-06 5.4943905545365425e-06
5.9190946094357206e-06 5.4943905545365425e-06
5.9190946094357206e-06 5.4943905545365425e-06
5.9190946094357206e-06 5.4943905545365425e-06
5.9190946094357206e-06 5.4943905545365425e-06
6.742094534797695e-06 5.4941904161855364e-06
6.742094534797695e-06 5.4941904161855364e-06
6.0469961743510805e-06 5.494390516894256e-06
6.0469961743510805e-06 5.494390516894256e-06
6.0469961743510805e-06 5.494390516894256e-06
6.0469961743510805e-06 5.494390516894256e-06
6.0469961743510805e-06 5.494390516894256e-06
6.0469961743510805e-06 5.494390516894256e-06
5.901278142062611e-06 5.494390151889958e-06
5.807993593691255e-06 5.494390317868326e-06
5.807993593691255e-06 5.494390317868326e-06
5.807993593691255e-06 5.494390317868326e-06
5.807993593691255e-06 5.494390317868326e-06
5.807993593691255e-06 5.494390317868326e-06
7.143978101335902e-06 5.495813244299425e-06
2.7117641426519826e-06 5.49353187724077e-06
5.9190946094357206e-06 5.4943905545365425e-06
7.584689057787542e-06 5.4945184143472155e-06
5.807993593691255e-06 5.494390317868326e-06
5.733029838309519e-06 5.4943904017000826e-06
5.733029838309519e-06 5.4943904017000826e-06
5.8558052281323945e-06 5.494389908279974e-06
5.8988560167873214e-06 5.494390487045221e-06
5.9390163392376346e-06 5.494390581275275e-06
5.9390163392376346e-06 5.494390581275275e-06
5.9390163392376346e-06 5.494390581275275e-06
5.9390163392376346e-06 5.494390581275275e-06
6.115006867874271e-06 5.494390362851462e-06
6.115006867874271e-06 5.494390362851462e-06
3.208514631292118e-05 5.4905607945597315e-06
1.8287438342176917e-05 5.487724761091467e-06
6.2711325238441085e-06 5.494390357309263e-06
6.083688738962064e-06 5.4943903903958316e-06
5.674395530799769e-06 5.49461916707298e-06
5.505264622113852e-06 5.49461916707298e-06
5.2699579054925996e-05 5.49353187724077e-06
7.247035583225419e-06 5.49461916707298e-06