1.7531226072522714e-07 1.4333844128012872e-07
5.845178789461659e-06 6.275677993184772e-06
5.845178789461659e-06 6.275677993184772e-06
0.003855114631528729 0.004368937025921221
0.003855114631528729 0.004368937025921221
0.003855114631528729 0.004368937025921221
0.003855114631528729 0.004368937025921221
0.003855114631528729 0.004368937025921221
2.6216640567323518e-06 2.533981527584211e-06
7.291337019132365e-05 7.550766662546667e-05
7.291337019132365e-05 7.550766662546667e-05
7.291337019132365e-05 7.550766662546667e-05
7.291337019132365e-05 7.550766662546667e-05
7.291337019132365e-05 7.550766662546667e-05
7.291337019132365e-05 7.550766662546667e-05
7.291337019132365e-05 7.550766662546667e-05
7.291337019132365e-05 7.550766662546667e-05
0.00024262649154276454 0.0002378517379254572
0.00024262649154276454 0.0002378517379254572