3.396778514000319e-07 1.4334039245598047e-07
1.0821197091526442e-05 6.2756801574518165e-06
1.0821197091526442e-05 6.2756801574518165e-06
0.00711536759685008 0.004368934721103631
0.00711536759685008 0.004368934721103631
0.00711536759685008 0.004368934721103631
0.00711536759685008 0.004368934721103631
0.00711536759685008 0.004368934721103631
4.817216618144605e-06 2.533978207521665e-06
0.00011098396285560927 7.550760283060848e-05
0.00011098396285560927 7.550760283060848e-05
0.00011098396285560927 7.550760283060848e-05
0.00011098396285560927 7.550760283060848e-05
0.00011098396285560927 7.550760283060848e-05
0.00011098396285560927 7.550760283060848e-05
0.00011098396285560927 7.550760283060848e-05
0.00011098396285560927 7.550760283060848e-05
0.0002627319698391167 0.00023785184427765454
0.0002627319698391167 0.00023785184427765454
3.834846628683869e-07 1.4334162004926927e-07
1.1302039020710951e-05 6.275681102727408e-06
1.1302039020710951e-05 6.275681102727408e-06
0.007534376322044553 0.004368930529743027
0.007534376322044553 0.004368930529743027
0.007534376322044553 0.004368930529743027
0.007534376322044553 0.004368930529743027
0.007534376322044553 0.004368930529743027
5.077913245183575e-06 2.5339864663581717e-06
0.00011576197858888219 7.550756637531288e-05
0.00011576197858888219 7.550756637531288e-05
0.00011576197858888219 7.550756637531288e-05
0.00011576197858888219 7.550756637531288e-05
0.00011576197858888219 7.550756637531288e-05
0.00011576197858888219 7.550756637531288e-05
0.00011576197858888219 7.550756637531288e-05
0.00011576197858888219 7.550756637531288e-05
0.00025753232309814013 0.00023785188865277284
0.00025753232309814013 0.00023785188865277284
2.814835901864331e-07 1.4335966192569223e-07
7.515826080444131e-06 6.275829125123766e-06
7.515826080444131e-06 6.275829125123766e-06
0.005210706418192295 0.004368914670656574
0.005210706418192295 0.004368914670656574
0.005210706418192295 0.004368914670656574
0.005210706418192295 0.004368914670656574
0.005210706418192295 0.004368914670656574
3.419287682786168e-06 2.533937918071105e-06
8.880596658077469e-05 7.550867300678737e-05
8.880596658077469e-05 7.550867300678737e-05
8.880596658077469e-05 7.550867300678737e-05
8.880596658077469e-05 7.550867300678737e-05
8.880596658077469e-05 7.550867300678737e-05
8.880596658077469e-05 7.550867300678737e-05
8.880596658077469e-05 7.550867300678737e-05
8.880596658077469e-05 7.550867300678737e-05
0.0002166338147275399 0.00023784765411597212
0.0002166338147275399 0.00023784765411597212
2.8754272884950703e-06 5.61242816091954e-06
2.8754272884950703e-06 5.61242816091954e-06
0.001560549313358302 0.003246753246753247
0.001560549313358302 0.003246753246753247
0.001560549313358302 0.003246753246753247
0.001560549313358302 0.003246753246753247
0.001560549313358302 0.003246753246753247
1.1002843134665998e-06 1.9640191688270877e-06
9.462216956292786e-05 7.589556769884639e-05
9.462216956292786e-05 7.589556769884639e-05
9.462216956292786e-05 7.589556769884639e-05
9.462216956292786e-05 7.589556769884639e-05
9.462216956292786e-05 7.589556769884639e-05
9.462216956292786e-05 7.589556769884639e-05
9.462216956292786e-05 7.589556769884639e-05
9.462216956292786e-05 7.589556769884639e-05
0.0003205128205128205 0.00019700551615445234
0.0003205128205128205 0.00019700551615445234
1.8995090542580775e-07 1.4333787350724147e-07
1.8995090542580775e-07 1.4333787350724147e-07
6.262450026499578e-06 6.275673892387568e-06
6.262450026499578e-06 6.275673892387568e-06
6.262450026499578e-06 6.275673892387568e-06
6.262450026499578e-06 6.275673892387568e-06
0.004117241547246144 0.004368935490165254
0.004117241547246144 0.004368935490165254
0.004117241547246144 0.004368935490165254
0.004117241547246144 0.004368935490165254
0.004117241547246144 0.004368935490165254
0.004117241547246144 0.004368935490165254
0.004117241547246144 0.004368935490165254
0.004117241547246144 0.004368935490165254
0.004117241547246144 0.004368935490165254
0.004117241547246144 0.004368935490165254
2.7975089851825053e-06 2.5339822113108007e-06
2.7975089851825053e-06 2.5339822113108007e-06
7.715589950722977e-05 7.55076448552306e-05
7.715589950722977e-05 7.55076448552306e-05
7.715589950722977e-05 7.55076448552306e-05
7.715589950722977e-05 7.55076448552306e-05
7.715589950722977e-05 7.55076448552306e-05
7.715589950722977e-05 7.55076448552306e-05
7.715589950722977e-05 7.55076448552306e-05
7.715589950722977e-05 7.55076448552306e-05
7.715589950722977e-05 7.55076448552306e-05
7.715589950722977e-05 7.55076448552306e-05
7.715589950722977e-05 7.55076448552306e-05
7.715589950722977e-05 7.55076448552306e-05
7.715589950722977e-05 7.55076448552306e-05
7.715589950722977e-05 7.55076448552306e-05
7.715589950722977e-05 7.55076448552306e-05
7.715589950722977e-05 7.55076448552306e-05
0.0002520665213892208 0.00023785181839417662
0.0002520665213892208 0.00023785181839417662
0.0002520665213892208 0.00023785181839417662
0.0002520665213892208 0.00023785181839417662
2.2112914697256262e-07 1.4333976324447057e-07
2.2112914697256262e-07 1.4333976324447057e-07
2.2112914697256262e-07 1.4333976324447057e-07
2.2112914697256262e-07 1.4333976324447057e-07
2.2112914697256262e-07 1.4333976324447057e-07
2.2112914697256262e-07 1.4333976324447057e-07
2.2112914697256262e-07 1.4333976324447057e-07
6.6468443434754346e-06 6.2756719667716894e-06
6.6468443434754346e-06 6.2756719667716894e-06
6.6468443434754346e-06 6.2756719667716894e-06
6.6468443434754346e-06 6.2756719667716894e-06
6.6468443434754346e-06 6.2756719667716894e-06
6.6468443434754346e-06 6.2756719667716894e-06
6.6468443434754346e-06 6.2756719667716894e-06
6.6468443434754346e-06 6.2756719667716894e-06
6.6468443434754346e-06 6.2756719667716894e-06
6.6468443434754346e-06 6.2756719667716894e-06
6.6468443434754346e-06 6.2756719667716894e-06
6.6468443434754346e-06 6.2756719667716894e-06
6.6468443434754346e-06 6.2756719667716894e-06
6.6468443434754346e-06 6.2756719667716894e-06
0.0043868374627357275 0.004368936235276718
0.0043868374627357275 0.004368936235276718
0.0043868374627357275 0.004368936235276718
0.0043868374627357275 0.004368936235276718
0.0043868374627357275 0.004368936235276718
0.0043868374627357275 0.004368936235276718
0.0043868374627357275 0.004368936235276718
0.0043868374627357275 0.004368936235276718
0.0043868374627357275 0.004368936235276718
0.0043868374627357275 0.004368936235276718
0.0043868374627357275 0.004368936235276718
0.0043868374627357275 0.004368936235276718
0.0043868374627357275 0.004368936235276718
0.0043868374627357275 0.004368936235276718
0.0043868374627357275 0.004368936235276718
0.0043868374627357275 0.004368936235276718
0.0043868374627357275 0.004368936235276718
0.0043868374627357275 0.004368936235276718
0.0043868374627357275 0.004368936235276718
0.0043868374627357275 0.004368936235276718
0.0043868374627357275 0.004368936235276718
0.0043868374627357275 0.004368936235276718
0.0043868374627357275 0.004368936235276718
0.0043868374627357275 0.004368936235276718
0.0043868374627357275 0.004368936235276718
0.0043868374627357275 0.004368936235276718
0.0043868374627357275 0.004368936235276718
0.0043868374627357275 0.004368936235276718
0.0043868374627357275 0.004368936235276718
0.0043868374627357275 0.004368936235276718
0.0043868374627357275 0.004368936235276718
0.0043868374627357275 0.004368936235276718
0.0043868374627357275 0.004368936235276718
0.0043868374627357275 0.004368936235276718
0.0043868374627357275 0.004368936235276718
2.9634662705955e-06 2.5339820908042894e-06
2.9634662705955e-06 2.5339820908042894e-06
2.9634662705955e-06 2.5339820908042894e-06
2.9634662705955e-06 2.5339820908042894e-06
2.9634662705955e-06 2.5339820908042894e-06
2.9634662705955e-06 2.5339820908042894e-06
2.9634662705955e-06 2.5339820908042894e-06
7.674590439398961e-05 7.550764858281271e-05
7.674590439398961e-05 7.550764858281271e-05
7.674590439398961e-05 7.550764858281271e-05
7.674590439398961e-05 7.550764858281271e-05
7.674590439398961e-05 7.550764858281271e-05
7.674590439398961e-05 7.550764858281271e-05
7.674590439398961e-05 7.550764858281271e-05
7.674590439398961e-05 7.550764858281271e-05
7.674590439398961e-05 7.550764858281271e-05
7.674590439398961e-05 7.550764858281271e-05
7.674590439398961e-05 7.550764858281271e-05
7.674590439398961e-05 7.550764858281271e-05
7.674590439398961e-05 7.550764858281271e-05
7.674590439398961e-05 7.550764858281271e-05
7.674590439398961e-05 7.550764858281271e-05
7.674590439398961e-05 7.550764858281271e-05
7.674590439398961e-05 7.550764858281271e-05
7.674590439398961e-05 7.550764858281271e-05
7.674590439398961e-05 7.550764858281271e-05
7.674590439398961e-05 7.550764858281271e-05
7.674590439398961e-05 7.550764858281271e-05
7.674590439398961e-05 7.550764858281271e-05
7.674590439398961e-05 7.550764858281271e-05
7.674590439398961e-05 7.550764858281271e-05
7.674590439398961e-05 7.550764858281271e-05
7.674590439398961e-05 7.550764858281271e-05
7.674590439398961e-05 7.550764858281271e-05
7.674590439398961e-05 7.550764858281271e-05
7.674590439398961e-05 7.550764858281271e-05
7.674590439398961e-05 7.550764858281271e-05
7.674590439398961e-05 7.550764858281271e-05
7.674590439398961e-05 7.550764858281271e-05
7.674590439398961e-05 7.550764858281271e-05
7.674590439398961e-05 7.550764858281271e-05
7.674590439398961e-05 7.550764858281271e-05
7.674590439398961e-05 7.550764858281271e-05
7.674590439398961e-05 7.550764858281271e-05
7.674590439398961e-05 7.550764858281271e-05
7.674590439398961e-05 7.550764858281271e-05
7.674590439398961e-05 7.550764858281271e-05
7.674590439398961e-05 7.550764858281271e-05
7.674590439398961e-05 7.550764858281271e-05
7.674590439398961e-05 7.550764858281271e-05
7.674590439398961e-05 7.550764858281271e-05
7.674590439398961e-05 7.550764858281271e-05
7.674590439398961e-05 7.550764858281271e-05
7.674590439398961e-05 7.550764858281271e-05
7.674590439398961e-05 7.550764858281271e-05
7.674590439398961e-05 7.550764858281271e-05
7.674590439398961e-05 7.550764858281271e-05
7.674590439398961e-05 7.550764858281271e-05
7.674590439398961e-05 7.550764858281271e-05
7.674590439398961e-05 7.550764858281271e-05
7.674590439398961e-05 7.550764858281271e-05
7.674590439398961e-05 7.550764858281271e-05
7.674590439398961e-05 7.550764858281271e-05
0.00026176384041763293 0.00023785177515593567
0.00026176384041763293 0.00023785177515593567
0.00026176384041763293 0.00023785177515593567
0.00026176384041763293 0.00023785177515593567
0.00026176384041763293 0.00023785177515593567
0.00026176384041763293 0.00023785177515593567
0.00026176384041763293 0.00023785177515593567
0.00026176384041763293 0.00023785177515593567
0.00026176384041763293 0.00023785177515593567
0.00026176384041763293 0.00023785177515593567
0.00026176384041763293 0.00023785177515593567
0.00026176384041763293 0.00023785177515593567
0.00026176384041763293 0.00023785177515593567
0.00026176384041763293 0.00023785177515593567
2.1529705418996396e-07 1.4333829121924887e-07
2.1529705418996396e-07 1.4333829121924887e-07
2.1529705418996396e-07 1.4333829121924887e-07
2.1529705418996396e-07 1.4333829121924887e-07
2.1529705418996396e-07 1.4333829121924887e-07
2.1529705418996396e-07 1.4333829121924887e-07
2.1529705418996396e-07 1.4333829121924887e-07
2.1529705418996396e-07 1.4333829121924887e-07
2.1529705418996396e-07 1.4333829121924887e-07
6.168842489858339e-06 6.275679469221506e-06
6.168842489858339e-06 6.275679469221506e-06
6.168842489858339e-06 6.275679469221506e-06
6.168842489858339e-06 6.275679469221506e-06
6.168842489858339e-06 6.275679469221506e-06
6.168842489858339e-06 6.275679469221506e-06
6.168842489858339e-06 6.275679469221506e-06
6.168842489858339e-06 6.275679469221506e-06
6.168842489858339e-06 6.275679469221506e-06
6.168842489858339e-06 6.275679469221506e-06
6.168842489858339e-06 6.275679469221506e-06
6.168842489858339e-06 6.275679469221506e-06
6.168842489858339e-06 6.275679469221506e-06
6.168842489858339e-06 6.275679469221506e-06
6.168842489858339e-06 6.275679469221506e-06
6.168842489858339e-06 6.275679469221506e-06
6.168842489858339e-06 6.275679469221506e-06
6.168842489858339e-06 6.275679469221506e-06
0.004070872553118778 0.00436893917948079
0.004070872553118778 0.00436893917948079
0.004070872553118778 0.00436893917948079
0.004070872553118778 0.00436893917948079
0.004070872553118778 0.00436893917948079
0.004070872553118778 0.00436893917948079
0.004070872553118778 0.00436893917948079
0.004070872553118778 0.00436893917948079
0.004070872553118778 0.00436893917948079
0.004070872553118778 0.00436893917948079
0.004070872553118778 0.00436893917948079
0.004070872553118778 0.00436893917948079
0.004070872553118778 0.00436893917948079
0.004070872553118778 0.00436893917948079
0.004070872553118778 0.00436893917948079
0.004070872553118778 0.00436893917948079
0.004070872553118778 0.00436893917948079
0.004070872553118778 0.00436893917948079
0.004070872553118778 0.00436893917948079
0.004070872553118778 0.00436893917948079
0.004070872553118778 0.00436893917948079
0.004070872553118778 0.00436893917948079
0.004070872553118778 0.00436893917948079
0.004070872553118778 0.00436893917948079
0.004070872553118778 0.00436893917948079
0.004070872553118778 0.00436893917948079
0.004070872553118778 0.00436893917948079
0.004070872553118778 0.00436893917948079
0.004070872553118778 0.00436893917948079
0.004070872553118778 0.00436893917948079
0.004070872553118778 0.00436893917948079
0.004070872553118778 0.00436893917948079
0.004070872553118778 0.00436893917948079
0.004070872553118778 0.00436893917948079
0.004070872553118778 0.00436893917948079
0.004070872553118778 0.00436893917948079
0.004070872553118778 0.00436893917948079
0.004070872553118778 0.00436893917948079
0.004070872553118778 0.00436893917948079
0.004070872553118778 0.00436893917948079
0.004070872553118778 0.00436893917948079
0.004070872553118778 0.00436893917948079
0.004070872553118778 0.00436893917948079
0.004070872553118778 0.00436893917948079
0.004070872553118778 0.00436893917948079
2.7663880787204172e-06 2.5339836647063067e-06
2.7663880787204172e-06 2.5339836647063067e-06
2.7663880787204172e-06 2.5339836647063067e-06
2.7663880787204172e-06 2.5339836647063067e-06
2.7663880787204172e-06 2.5339836647063067e-06
2.7663880787204172e-06 2.5339836647063067e-06
2.7663880787204172e-06 2.5339836647063067e-06
2.7663880787204172e-06 2.5339836647063067e-06
2.7663880787204172e-06 2.5339836647063067e-06
7.61482304658942e-05 7.550761647579875e-05
7.61482304658942e-05 7.550761647579875e-05
7.61482304658942e-05 7.550761647579875e-05
7.61482304658942e-05 7.550761647579875e-05
7.61482304658942e-05 7.550761647579875e-05
7.61482304658942e-05 7.550761647579875e-05
7.61482304658942e-05 7.550761647579875e-05
7.61482304658942e-05 7.550761647579875e-05
7.61482304658942e-05 7.550761647579875e-05
7.61482304658942e-05 7.550761647579875e-05
7.61482304658942e-05 7.550761647579875e-05
7.61482304658942e-05 7.550761647579875e-05
7.61482304658942e-05 7.550761647579875e-05
7.61482304658942e-05 7.550761647579875e-05
7.61482304658942e-05 7.550761647579875e-05
7.61482304658942e-05 7.550761647579875e-05
7.61482304658942e-05 7.550761647579875e-05
7.61482304658942e-05 7.550761647579875e-05
7.61482304658942e-05 7.550761647579875e-05
7.61482304658942e-05 7.550761647579875e-05
7.61482304658942e-05 7.550761647579875e-05
7.61482304658942e-05 7.550761647579875e-05
7.61482304658942e-05 7.550761647579875e-05
7.61482304658942e-05 7.550761647579875e-05
7.61482304658942e-05 7.550761647579875e-05
7.61482304658942e-05 7.550761647579875e-05
7.61482304658942e-05 7.550761647579875e-05
7.61482304658942e-05 7.550761647579875e-05
7.61482304658942e-05 7.550761647579875e-05
7.61482304658942e-05 7.550761647579875e-05
7.61482304658942e-05 7.550761647579875e-05
7.61482304658942e-05 7.550761647579875e-05
7.61482304658942e-05 7.550761647579875e-05
7.61482304658942e-05 7.550761647579875e-05
7.61482304658942e-05 7.550761647579875e-05
7.61482304658942e-05 7.550761647579875e-05
7.61482304658942e-05 7.550761647579875e-05
7.61482304658942e-05 7.550761647579875e-05
7.61482304658942e-05 7.550761647579875e-05
7.61482304658942e-05 7.550761647579875e-05
7.61482304658942e-05 7.550761647579875e-05
7.61482304658942e-05 7.550761647579875e-05
7.61482304658942e-05 7.550761647579875e-05
7.61482304658942e-05 7.550761647579875e-05
7.61482304658942e-05 7.550761647579875e-05
7.61482304658942e-05 7.550761647579875e-05
7.61482304658942e-05 7.550761647579875e-05
7.61482304658942e-05 7.550761647579875e-05
7.61482304658942e-05 7.550761647579875e-05
7.61482304658942e-05 7.550761647579875e-05
7.61482304658942e-05 7.550761647579875e-05
7.61482304658942e-05 7.550761647579875e-05
7.61482304658942e-05 7.550761647579875e-05
7.61482304658942e-05 7.550761647579875e-05
7.61482304658942e-05 7.550761647579875e-05
7.61482304658942e-05 7.550761647579875e-05
7.61482304658942e-05 7.550761647579875e-05
7.61482304658942e-05 7.550761647579875e-05
7.61482304658942e-05 7.550761647579875e-05
7.61482304658942e-05 7.550761647579875e-05
7.61482304658942e-05 7.550761647579875e-05
7.61482304658942e-05 7.550761647579875e-05
7.61482304658942e-05 7.550761647579875e-05
7.61482304658942e-05 7.550761647579875e-05
7.61482304658942e-05 7.550761647579875e-05
7.61482304658942e-05 7.550761647579875e-05
7.61482304658942e-05 7.550761647579875e-05
7.61482304658942e-05 7.550761647579875e-05
7.61482304658942e-05 7.550761647579875e-05
7.61482304658942e-05 7.550761647579875e-05
7.61482304658942e-05 7.550761647579875e-05
7.61482304658942e-05 7.550761647579875e-05
0.0002717072927568688 0.00023785168297773141
0.0002717072927568688 0.00023785168297773141
0.0002717072927568688 0.00023785168297773141
0.0002717072927568688 0.00023785168297773141
0.0002717072927568688 0.00023785168297773141
0.0002717072927568688 0.00023785168297773141
0.0002717072927568688 0.00023785168297773141
0.0002717072927568688 0.00023785168297773141
0.0002717072927568688 0.00023785168297773141
0.0002717072927568688 0.00023785168297773141
0.0002717072927568688 0.00023785168297773141
0.0002717072927568688 0.00023785168297773141
0.0002717072927568688 0.00023785168297773141
0.0002717072927568688 0.00023785168297773141
0.0002717072927568688 0.00023785168297773141
0.0002717072927568688 0.00023785168297773141
0.0002717072927568688 0.00023785168297773141
0.0002717072927568688 0.00023785168297773141
6.252985633149142e-08 1.4725787430804137e-07
6.252985633149142e-08 1.4725787430804137e-07
6.525547557530276e-06 6.248889086384643e-06
6.525547557530276e-06 6.248889086384643e-06
6.525547557530276e-06 6.248889086384643e-06
6.525547557530276e-06 6.248889086384643e-06
0.004005312308957143 0.004384790467264694
0.004005312308957143 0.004384790467264694
0.004005312308957143 0.004384790467264694
0.004005312308957143 0.004384790467264694
0.004005312308957143 0.004384790467264694
0.004005312308957143 0.004384790467264694
0.004005312308957143 0.004384790467264694
0.004005312308957143 0.004384790467264694
0.004005312308957143 0.004384790467264694
0.004005312308957143 0.004384790467264694
2.8239942604546127e-06 2.5309525371483088e-06
2.8239942604546127e-06 2.5309525371483088e-06
0.00017700265865217894 7.550435343235749e-05
0.00017700265865217894 7.550435343235749e-05
0.00017700265865217894 7.550435343235749e-05
0.00017700265865217894 7.550435343235749e-05
0.00017700265865217894 7.550435343235749e-05
0.00017700265865217894 7.550435343235749e-05
0.00017700265865217894 7.550435343235749e-05
0.00017700265865217894 7.550435343235749e-05
0.00017700265865217894 7.550435343235749e-05
0.00017700265865217894 7.550435343235749e-05
0.00017700265865217894 7.550435343235749e-05
0.00017700265865217894 7.550435343235749e-05
0.00017700265865217894 7.550435343235749e-05
0.00017700265865217894 7.550435343235749e-05
0.00017700265865217894 7.550435343235749e-05
0.00017700265865217894 7.550435343235749e-05
0.00033594714645371305 0.00023762521020691672
0.00033594714645371305 0.00023762521020691672
0.00033594714645371305 0.00023762521020691672
0.00033594714645371305 0.00023762521020691672
1.3046159541609973e-07 1.433383843152313e-07
1.3046159541609973e-07 1.433383843152313e-07
1.3046159541609973e-07 1.433383843152313e-07
1.3046159541609973e-07 1.433383843152313e-07
1.3046159541609973e-07 1.433383843152313e-07
1.3046159541609973e-07 1.433383843152313e-07
5.601206998760561e-06 6.275687917878963e-06
5.601206998760561e-06 6.275687917878963e-06
5.601206998760561e-06 6.275687917878963e-06
5.601206998760561e-06 6.275687917878963e-06
5.601206998760561e-06 6.275687917878963e-06
5.601206998760561e-06 6.275687917878963e-06
5.601206998760561e-06 6.275687917878963e-06
5.601206998760561e-06 6.275687917878963e-06
5.601206998760561e-06 6.275687917878963e-06
5.601206998760561e-06 6.275687917878963e-06
5.601206998760561e-06 6.275687917878963e-06
5.601206998760561e-06 6.275687917878963e-06
0.003499028506748983 0.004368938238130585
0.003499028506748983 0.004368938238130585
0.003499028506748983 0.004368938238130585
0.003499028506748983 0.004368938238130585
0.003499028506748983 0.004368938238130585
0.003499028506748983 0.004368938238130585
0.003499028506748983 0.004368938238130585
0.003499028506748983 0.004368938238130585
0.003499028506748983 0.004368938238130585
0.003499028506748983 0.004368938238130585
0.003499028506748983 0.004368938238130585
0.003499028506748983 0.004368938238130585
0.003499028506748983 0.004368938238130585
0.003499028506748983 0.004368938238130585
0.003499028506748983 0.004368938238130585
0.003499028506748983 0.004368938238130585
0.003499028506748983 0.004368938238130585
0.003499028506748983 0.004368938238130585
0.003499028506748983 0.004368938238130585
0.003499028506748983 0.004368938238130585
0.003499028506748983 0.004368938238130585
0.003499028506748983 0.004368938238130585
0.003499028506748983 0.004368938238130585
0.003499028506748983 0.004368938238130585
0.003499028506748983 0.004368938238130585
0.003499028506748983 0.004368938238130585
0.003499028506748983 0.004368938238130585
0.003499028506748983 0.004368938238130585
0.003499028506748983 0.004368938238130585
0.003499028506748983 0.004368938238130585
2.4046054751584416e-06 2.5339822262728775e-06
2.4046054751584416e-06 2.5339822262728775e-06
2.4046054751584416e-06 2.5339822262728775e-06
2.4046054751584416e-06 2.5339822262728775e-06
2.4046054751584416e-06 2.5339822262728775e-06
2.4046054751584416e-06 2.5339822262728775e-06
7.781761185764286e-05 7.550771155880121e-05
7.781761185764286e-05 7.550771155880121e-05
7.781761185764286e-05 7.550771155880121e-05
7.781761185764286e-05 7.550771155880121e-05
7.781761185764286e-05 7.550771155880121e-05
7.781761185764286e-05 7.550771155880121e-05
7.781761185764286e-05 7.550771155880121e-05
7.781761185764286e-05 7.550771155880121e-05
7.781761185764286e-05 7.550771155880121e-05
7.781761185764286e-05 7.550771155880121e-05
7.781761185764286e-05 7.550771155880121e-05
7.781761185764286e-05 7.550771155880121e-05
7.781761185764286e-05 7.550771155880121e-05
7.781761185764286e-05 7.550771155880121e-05
7.781761185764286e-05 7.550771155880121e-05
7.781761185764286e-05 7.550771155880121e-05
7.781761185764286e-05 7.550771155880121e-05
7.781761185764286e-05 7.550771155880121e-05
7.781761185764286e-05 7.550771155880121e-05
7.781761185764286e-05 7.550771155880121e-05
7.781761185764286e-05 7.550771155880121e-05
7.781761185764286e-05 7.550771155880121e-05
7.781761185764286e-05 7.550771155880121e-05
7.781761185764286e-05 7.550771155880121e-05
7.781761185764286e-05 7.550771155880121e-05
7.781761185764286e-05 7.550771155880121e-05
7.781761185764286e-05 7.550771155880121e-05
7.781761185764286e-05 7.550771155880121e-05
7.781761185764286e-05 7.550771155880121e-05
7.781761185764286e-05 7.550771155880121e-05
7.781761185764286e-05 7.550771155880121e-05
7.781761185764286e-05 7.550771155880121e-05
7.781761185764286e-05 7.550771155880121e-05
7.781761185764286e-05 7.550771155880121e-05
7.781761185764286e-05 7.550771155880121e-05
7.781761185764286e-05 7.550771155880121e-05
7.781761185764286e-05 7.550771155880121e-05
7.781761185764286e-05 7.550771155880121e-05
7.781761185764286e-05 7.550771155880121e-05
7.781761185764286e-05 7.550771155880121e-05
7.781761185764286e-05 7.550771155880121e-05
7.781761185764286e-05 7.550771155880121e-05
7.781761185764286e-05 7.550771155880121e-05
7.781761185764286e-05 7.550771155880121e-05
7.781761185764286e-05 7.550771155880121e-05
7.781761185764286e-05 7.550771155880121e-05
7.781761185764286e-05 7.550771155880121e-05
7.781761185764286e-05 7.550771155880121e-05
0.00028367340119502183 0.00023785191955620394
0.00028367340119502183 0.00023785191955620394
0.00028367340119502183 0.00023785191955620394
0.00028367340119502183 0.00023785191955620394
0.00028367340119502183 0.00023785191955620394
0.00028367340119502183 0.00023785191955620394
0.00028367340119502183 0.00023785191955620394
0.00028367340119502183 0.00023785191955620394
0.00028367340119502183 0.00023785191955620394
0.00028367340119502183 0.00023785191955620394
0.00028367340119502183 0.00023785191955620394
0.00028367340119502183 0.00023785191955620394
5.131042228472997e-08 1.4334257866584635e-07
4.8746274273687214e-06 6.275682874645917e-06
4.8746274273687214e-06 6.275682874645917e-06
0.0029026429644034408 0.004368945394759238
0.0029026429644034408 0.004368945394759238
0.0029026429644034408 0.004368945394759238
0.0029026429644034408 0.004368945394759238
0.0029026429644034408 0.004368945394759238
1.992271504227295e-06 2.533978233555719e-06
6.45179565405663e-05 7.550777336547735e-05
6.45179565405663e-05 7.550777336547735e-05
6.45179565405663e-05 7.550777336547735e-05
6.45179565405663e-05 7.550777336547735e-05
6.45179565405663e-05 7.550777336547735e-05
6.45179565405663e-05 7.550777336547735e-05
6.45179565405663e-05 7.550777336547735e-05
6.45179565405663e-05 7.550777336547735e-05
0.00028931318423208654 0.00023785183872315096
0.00028931318423208654 0.00023785183872315096
2.6038753703292058e-08 1.4334317321392165e-07
2.6038753703292058e-08 1.4334317321392165e-07
2.6038753703292058e-08 1.4334317321392165e-07
2.6038753703292058e-08 1.4334317321392165e-07
2.6038753703292058e-08 1.4334317321392165e-07
4.6930342229056735e-06 6.275697540864913e-06
4.6930342229056735e-06 6.275697540864913e-06
4.6930342229056735e-06 6.275697540864913e-06
4.6930342229056735e-06 6.275697540864913e-06
4.6930342229056735e-06 6.275697540864913e-06
4.6930342229056735e-06 6.275697540864913e-06
4.6930342229056735e-06 6.275697540864913e-06
4.6930342229056735e-06 6.275697540864913e-06
4.6930342229056735e-06 6.275697540864913e-06
4.6930342229056735e-06 6.275697540864913e-06
0.0027137602969097094 0.004368944090698658
0.0027137602969097094 0.004368944090698658
0.0027137602969097094 0.004368944090698658
0.0027137602969097094 0.004368944090698658
0.0027137602969097094 0.004368944090698658
0.0027137602969097094 0.004368944090698658
0.0027137602969097094 0.004368944090698658
0.0027137602969097094 0.004368944090698658
0.0027137602969097094 0.004368944090698658
0.0027137602969097094 0.004368944090698658
0.0027137602969097094 0.004368944090698658
0.0027137602969097094 0.004368944090698658
0.0027137602969097094 0.004368944090698658
0.0027137602969097094 0.004368944090698658
0.0027137602969097094 0.004368944090698658
0.0027137602969097094 0.004368944090698658
0.0027137602969097094 0.004368944090698658
0.0027137602969097094 0.004368944090698658
0.0027137602969097094 0.004368944090698658
0.0027137602969097094 0.004368944090698658
0.0027137602969097094 0.004368944090698658
0.0027137602969097094 0.004368944090698658
0.0027137602969097094 0.004368944090698658
0.0027137602969097094 0.004368944090698658
0.0027137602969097094 0.004368944090698658
1.876314756039201e-06 2.5339851644112343e-06
1.876314756039201e-06 2.5339851644112343e-06
1.876314756039201e-06 2.5339851644112343e-06
1.876314756039201e-06 2.5339851644112343e-06
1.876314756039201e-06 2.5339851644112343e-06
6.081045441973082e-05 7.55077280680204e-05
6.081045441973082e-05 7.55077280680204e-05
6.081045441973082e-05 7.55077280680204e-05
6.081045441973082e-05 7.55077280680204e-05
6.081045441973082e-05 7.55077280680204e-05
6.081045441973082e-05 7.55077280680204e-05
6.081045441973082e-05 7.55077280680204e-05
6.081045441973082e-05 7.55077280680204e-05
6.081045441973082e-05 7.55077280680204e-05
6.081045441973082e-05 7.55077280680204e-05
6.081045441973082e-05 7.55077280680204e-05
6.081045441973082e-05 7.55077280680204e-05
6.081045441973082e-05 7.55077280680204e-05
6.081045441973082e-05 7.55077280680204e-05
6.081045441973082e-05 7.55077280680204e-05
6.081045441973082e-05 7.55077280680204e-05
6.081045441973082e-05 7.55077280680204e-05
6.081045441973082e-05 7.55077280680204e-05
6.081045441973082e-05 7.55077280680204e-05
6.081045441973082e-05 7.55077280680204e-05
6.081045441973082e-05 7.55077280680204e-05
6.081045441973082e-05 7.55077280680204e-05
6.081045441973082e-05 7.55077280680204e-05
6.081045441973082e-05 7.55077280680204e-05
6.081045441973082e-05 7.55077280680204e-05
6.081045441973082e-05 7.55077280680204e-05
6.081045441973082e-05 7.55077280680204e-05
6.081045441973082e-05 7.55077280680204e-05
6.081045441973082e-05 7.55077280680204e-05
6.081045441973082e-05 7.55077280680204e-05
6.081045441973082e-05 7.55077280680204e-05
6.081045441973082e-05 7.55077280680204e-05
6.081045441973082e-05 7.55077280680204e-05
6.081045441973082e-05 7.55077280680204e-05
6.081045441973082e-05 7.55077280680204e-05
6.081045441973082e-05 7.55077280680204e-05
6.081045441973082e-05 7.55077280680204e-05
6.081045441973082e-05 7.55077280680204e-05
6.081045441973082e-05 7.55077280680204e-05
6.081045441973082e-05 7.55077280680204e-05
0.0002870086718314545 0.00023785170327550087
0.0002870086718314545 0.00023785170327550087
0.0002870086718314545 0.00023785170327550087
0.0002870086718314545 0.00023785170327550087
0.0002870086718314545 0.00023785170327550087
0.0002870086718314545 0.00023785170327550087
0.0002870086718314545 0.00023785170327550087
0.0002870086718314545 0.00023785170327550087
0.0002870086718314545 0.00023785170327550087
0.0002870086718314545 0.00023785170327550087
2.6390734850011898e-06 6.213759749589491e-06
2.6390734850011898e-06 6.213759749589491e-06
0.0015310532164464748 0.004406307977736549
0.0015310532164464748 0.004406307977736549
0.0015310532164464748 0.004406307977736549
0.0015310532164464748 0.004406307977736549
0.0015310532164464748 0.004406307977736549
1.0794877308384398e-06 2.5251675027776843e-06
5.403364408103745e-05 7.589556769884639e-05
5.403364408103745e-05 7.589556769884639e-05
5.403364408103745e-05 7.589556769884639e-05
5.403364408103745e-05 7.589556769884639e-05
5.403364408103745e-05 7.589556769884639e-05
5.403364408103745e-05 7.589556769884639e-05
5.403364408103745e-05 7.589556769884639e-05
5.403364408103745e-05 7.589556769884639e-05
0.0003803888419273035 0.00023922098390183495
0.0003803888419273035 0.00023922098390183495
2.079761107295065e-06 6.651766709237974e-06
2.079761107295065e-06 6.651766709237974e-06
0.0011287260787029912 0.004329004329004329
0.0011287260787029912 0.004329004329004329
0.0011287260787029912 0.004329004329004329
0.0011287260787029912 0.004329004329004329
0.0011287260787029912 0.004329004329004329
7.958220787813215e-07 2.6186922251027837e-06
4.091464866151616e-05 7.308462074703726e-05
4.091464866151616e-05 7.308462074703726e-05
4.091464866151616e-05 7.308462074703726e-05
4.091464866151616e-05 7.308462074703726e-05
4.091464866151616e-05 7.308462074703726e-05
4.091464866151616e-05 7.308462074703726e-05
4.091464866151616e-05 7.308462074703726e-05
4.091464866151616e-05 7.308462074703726e-05
0.0006585879873551106 0.00023348801914601757
0.0006585879873551106 0.00023348801914601757
2.1529705418996396e-07 1.4333829121924887e-07
6.168842489858339e-06 6.275679469221506e-06
6.168842489858339e-06 6.275679469221506e-06
0.004070872553118778 0.00436893917948079
0.004070872553118778 0.00436893917948079
0.004070872553118778 0.00436893917948079
0.004070872553118778 0.00436893917948079
0.004070872553118778 0.00436893917948079
2.7663880787204172e-06 2.5339836647063067e-06
7.61482304658942e-05 7.550761647579875e-05
7.61482304658942e-05 7.550761647579875e-05
7.61482304658942e-05 7.550761647579875e-05
7.61482304658942e-05 7.550761647579875e-05
7.61482304658942e-05 7.550761647579875e-05
7.61482304658942e-05 7.550761647579875e-05
7.61482304658942e-05 7.550761647579875e-05
7.61482304658942e-05 7.550761647579875e-05
0.0002717072927568688 0.00023785168297773141
0.0002717072927568688 0.00023785168297773141
1.5770542629977095e-07 1.4706835323428586e-07
1.5086468978627763e-05 6.240846758088137e-06
1.5086468978627763e-05 6.240846758088137e-06
0.008635203629532484 0.004362432933861505
0.008635203629532484 0.004362432933861505
0.008635203629532484 0.004362432933861505
0.008635203629532484 0.004362432933861505
0.008635203629532484 0.004362432933861505
6.0821078942824065e-06 2.5479167595594654e-06
6.587602972176955e-05 7.560253461892807e-05
6.587602972176955e-05 7.560253461892807e-05
6.587602972176955e-05 7.560253461892807e-05
6.587602972176955e-05 7.560253461892807e-05
6.587602972176955e-05 7.560253461892807e-05
6.587602972176955e-05 7.560253461892807e-05
6.587602972176955e-05 7.560253461892807e-05
6.587602972176955e-05 7.560253461892807e-05
0.0004192617757286527 0.00023731938625555648
0.0004192617757286527 0.00023731938625555648
2.6038753703292058e-08 1.4334317321392165e-07
4.6930342229056735e-06 6.275697540864913e-06
4.6930342229056735e-06 6.275697540864913e-06
0.0027137602969097094 0.004368944090698658
0.0027137602969097094 0.004368944090698658
0.0027137602969097094 0.004368944090698658
0.0027137602969097094 0.004368944090698658
0.0027137602969097094 0.004368944090698658
1.876314756039201e-06 2.5339851644112343e-06
6.081045441973082e-05 7.55077280680204e-05
6.081045441973082e-05 7.55077280680204e-05
6.081045441973082e-05 7.55077280680204e-05
6.081045441973082e-05 7.55077280680204e-05
6.081045441973082e-05 7.55077280680204e-05
6.081045441973082e-05 7.55077280680204e-05
6.081045441973082e-05 7.55077280680204e-05
6.081045441973082e-05 7.55077280680204e-05
0.0002870086718314545 0.00023785170327550087
0.0002870086718314545 0.00023785170327550087
2.232571285646986e-07 1.4333800404555669e-07
2.232571285646986e-07 1.4333800404555669e-07
6.573457303745031e-06 6.275676472325634e-06
6.573457303745031e-06 6.275676472325634e-06
6.573457303745031e-06 6.275676472325634e-06
6.573457303745031e-06 6.275676472325634e-06
0.004399313504932504 0.00436893616615377
0.004399313504932504 0.00436893616615377
0.004399313504932504 0.00436893616615377
0.004399313504932504 0.00436893616615377
0.004399313504932504 0.00436893616615377
0.004399313504932504 0.00436893616615377
0.004399313504932504 0.00436893616615377
0.004399313504932504 0.00436893616615377
0.004399313504932504 0.00436893616615377
0.004399313504932504 0.00436893616615377
2.982565042006976e-06 2.5339830561048315e-06
2.982565042006976e-06 2.5339830561048315e-06
8.044884212598304e-05 7.550767475503439e-05
8.044884212598304e-05 7.550767475503439e-05
8.044884212598304e-05 7.550767475503439e-05
8.044884212598304e-05 7.550767475503439e-05
8.044884212598304e-05 7.550767475503439e-05
8.044884212598304e-05 7.550767475503439e-05
8.044884212598304e-05 7.550767475503439e-05
8.044884212598304e-05 7.550767475503439e-05
8.044884212598304e-05 7.550767475503439e-05
8.044884212598304e-05 7.550767475503439e-05
8.044884212598304e-05 7.550767475503439e-05
8.044884212598304e-05 7.550767475503439e-05
8.044884212598304e-05 7.550767475503439e-05
8.044884212598304e-05 7.550767475503439e-05
8.044884212598304e-05 7.550767475503439e-05
8.044884212598304e-05 7.550767475503439e-05
0.00024474094662079305 0.00023785179737676688
0.00024474094662079305 0.00023785179737676688
0.00024474094662079305 0.00023785179737676688
0.00024474094662079305 0.00023785179737676688
6.647467871841826e-08 1.4334071164040386e-07
6.932870098288757e-06 6.275645707603836e-06
6.932870098288757e-06 6.275645707603836e-06
0.004145774201100921 0.004369001437647077
0.004145774201100921 0.004369001437647077
0.004145774201100921 0.004369001437647077
0.004145774201100921 0.004369001437647077
0.004145774201100921 0.004369001437647077
2.8743913327420727e-06 2.5339612558898106e-06
7.969962394970876e-05 7.550693733363522e-05
7.969962394970876e-05 7.550693733363522e-05
7.969962394970876e-05 7.550693733363522e-05
7.969962394970876e-05 7.550693733363522e-05
7.969962394970876e-05 7.550693733363522e-05
7.969962394970876e-05 7.550693733363522e-05
7.969962394970876e-05 7.550693733363522e-05
7.969962394970876e-05 7.550693733363522e-05
0.0002278528091977116 0.00023785400685096735
0.0002278528091977116 0.00023785400685096735
2.657598095931192e-07 1.4333834016259327e-07
7.398489420779931e-06 6.275683482903487e-06
7.398489420779931e-06 6.275683482903487e-06
0.0049385136887328054 0.004368939680717321
0.0049385136887328054 0.004368939680717321
0.0049385136887328054 0.004368939680717321
0.0049385136887328054 0.004368939680717321
0.0049385136887328054 0.004368939680717321
3.3366365809032934e-06 2.5339820473941003e-06
8.183852287160949e-05 7.550764284280496e-05
8.183852287160949e-05 7.550764284280496e-05
8.183852287160949e-05 7.550764284280496e-05
8.183852287160949e-05 7.550764284280496e-05
8.183852287160949e-05 7.550764284280496e-05
8.183852287160949e-05 7.550764284280496e-05
8.183852287160949e-05 7.550764284280496e-05
8.183852287160949e-05 7.550764284280496e-05
0.0002515479683730844 0.00023785164490553752
0.0002515479683730844 0.00023785164490553752
2.9156197935140695e-07 1.4333840816352954e-07
2.9156197935140695e-07 1.4333840816352954e-07
2.9156197935140695e-07 1.4333840816352954e-07
2.9156197935140695e-07 1.4333840816352954e-07
6.839043324415684e-06 6.275685423838001e-06
6.839043324415684e-06 6.275685423838001e-06
6.839043324415684e-06 6.275685423838001e-06
6.839043324415684e-06 6.275685423838001e-06
6.839043324415684e-06 6.275685423838001e-06
6.839043324415684e-06 6.275685423838001e-06
6.839043324415684e-06 6.275685423838001e-06
6.839043324415684e-06 6.275685423838001e-06
0.004676648435715425 0.004368942540050761
0.004676648435715425 0.004368942540050761
0.004676648435715425 0.004368942540050761
0.004676648435715425 0.004368942540050761
0.004676648435715425 0.004368942540050761
0.004676648435715425 0.004368942540050761
0.004676648435715425 0.004368942540050761
0.004676648435715425 0.004368942540050761
0.004676648435715425 0.004368942540050761
0.004676648435715425 0.004368942540050761
0.004676648435715425 0.004368942540050761
0.004676648435715425 0.004368942540050761
0.004676648435715425 0.004368942540050761
0.004676648435715425 0.004368942540050761
0.004676648435715425 0.004368942540050761
0.004676648435715425 0.004368942540050761
0.004676648435715425 0.004368942540050761
0.004676648435715425 0.004368942540050761
0.004676648435715425 0.004368942540050761
0.004676648435715425 0.004368942540050761
3.1557597521174153e-06 2.533983605918468e-06
3.1557597521174153e-06 2.533983605918468e-06
3.1557597521174153e-06 2.533983605918468e-06
3.1557597521174153e-06 2.533983605918468e-06
8.130125986907287e-05 7.550770636893746e-05
8.130125986907287e-05 7.550770636893746e-05
8.130125986907287e-05 7.550770636893746e-05
8.130125986907287e-05 7.550770636893746e-05
8.130125986907287e-05 7.550770636893746e-05
8.130125986907287e-05 7.550770636893746e-05
8.130125986907287e-05 7.550770636893746e-05
8.130125986907287e-05 7.550770636893746e-05
8.130125986907287e-05 7.550770636893746e-05
8.130125986907287e-05 7.550770636893746e-05
8.130125986907287e-05 7.550770636893746e-05
8.130125986907287e-05 7.550770636893746e-05
8.130125986907287e-05 7.550770636893746e-05
8.130125986907287e-05 7.550770636893746e-05
8.130125986907287e-05 7.550770636893746e-05
8.130125986907287e-05 7.550770636893746e-05
8.130125986907287e-05 7.550770636893746e-05
8.130125986907287e-05 7.550770636893746e-05
8.130125986907287e-05 7.550770636893746e-05
8.130125986907287e-05 7.550770636893746e-05
8.130125986907287e-05 7.550770636893746e-05
8.130125986907287e-05 7.550770636893746e-05
8.130125986907287e-05 7.550770636893746e-05
8.130125986907287e-05 7.550770636893746e-05
8.130125986907287e-05 7.550770636893746e-05
8.130125986907287e-05 7.550770636893746e-05
8.130125986907287e-05 7.550770636893746e-05
8.130125986907287e-05 7.550770636893746e-05
8.130125986907287e-05 7.550770636893746e-05
8.130125986907287e-05 7.550770636893746e-05
8.130125986907287e-05 7.550770636893746e-05
8.130125986907287e-05 7.550770636893746e-05
0.000263425802982765 0.00023785162652187946
0.000263425802982765 0.00023785162652187946
0.000263425802982765 0.00023785162652187946
0.000263425802982765 0.00023785162652187946
0.000263425802982765 0.00023785162652187946
0.000263425802982765 0.00023785162652187946
0.000263425802982765 0.00023785162652187946
0.000263425802982765 0.00023785162652187946
2.1777281127279835e-07 1.4333731185326878e-07
2.1777281127279835e-07 1.4333731185326878e-07
6.312126113607938e-06 6.275687234432694e-06
6.312126113607938e-06 6.275687234432694e-06
6.312126113607938e-06 6.275687234432694e-06
6.312126113607938e-06 6.275687234432694e-06
0.004128724323263205 0.004368932538673446
0.004128724323263205 0.004368932538673446
0.004128724323263205 0.004368932538673446
0.004128724323263205 0.004368932538673446
0.004128724323263205 0.004368932538673446
0.004128724323263205 0.004368932538673446
0.004128724323263205 0.004368932538673446
0.004128724323263205 0.004368932538673446
0.004128724323263205 0.004368932538673446
0.004128724323263205 0.004368932538673446
2.826373908082899e-06 2.5339863385924436e-06
2.826373908082899e-06 2.5339863385924436e-06
8.632245567872867e-05 7.55076080597527e-05
8.632245567872867e-05 7.55076080597527e-05
8.632245567872867e-05 7.55076080597527e-05
8.632245567872867e-05 7.55076080597527e-05
8.632245567872867e-05 7.55076080597527e-05
8.632245567872867e-05 7.55076080597527e-05
8.632245567872867e-05 7.55076080597527e-05
8.632245567872867e-05 7.55076080597527e-05
8.632245567872867e-05 7.55076080597527e-05
8.632245567872867e-05 7.55076080597527e-05
8.632245567872867e-05 7.55076080597527e-05
8.632245567872867e-05 7.55076080597527e-05
8.632245567872867e-05 7.55076080597527e-05
8.632245567872867e-05 7.55076080597527e-05
8.632245567872867e-05 7.55076080597527e-05
8.632245567872867e-05 7.55076080597527e-05
0.00027733784356737785 0.0002378515016975246
0.00027733784356737785 0.0002378515016975246
0.00027733784356737785 0.0002378515016975246
0.00027733784356737785 0.0002378515016975246
0.00015371880477507742 1.1072878920837221e-07
0.00035195230011179663 6.265036086607859e-06
0.00035195230011179663 6.265036086607859e-06
0.8394863563402889 0.004228329809725159
0.8394863563402889 0.004228329809725159
0.8394863563402889 0.004228329809725159
0.8394863563402889 0.004228329809725159
0.8394863563402889 0.004228329809725159
0.00039044374780729057 2.557792405914347e-06
4.2315504400812456e-05 7.413055449654763e-05
4.2315504400812456e-05 7.413055449654763e-05
4.2315504400812456e-05 7.413055449654763e-05
4.2315504400812456e-05 7.413055449654763e-05
4.2315504400812456e-05 7.413055449654763e-05
4.2315504400812456e-05 7.413055449654763e-05
4.2315504400812456e-05 7.413055449654763e-05
4.2315504400812456e-05 7.413055449654763e-05
6.105006105006105e-05 0.00023823922883794234
6.105006105006105e-05 0.00023823922883794234
0.0002099883471255257 6.122648902821316e-06
0.0002099883471255257 6.122648902821316e-06
0.11396468699839486 0.004132231404958678
0.11396468699839486 0.004132231404958678
0.11396468699839486 0.004132231404958678
0.11396468699839486 0.004132231404958678
0.11396468699839486 0.004132231404958678
8.035219157773225e-05 2.4996607603253842e-06
6.347325660121869e-05 7.589556769884639e-05
6.347325660121869e-05 7.589556769884639e-05
6.347325660121869e-05 7.589556769884639e-05
6.347325660121869e-05 7.589556769884639e-05
6.347325660121869e-05 7.589556769884639e-05
6.347325660121869e-05 7.589556769884639e-05
6.347325660121869e-05 7.589556769884639e-05
6.347325660121869e-05 7.589556769884639e-05
0.00030525030525030525 0.0002328247009098073
0.00030525030525030525 0.0002328247009098073
1.6720956766888608e-07 1.4333633821329977e-07
5.928308236615173e-06 6.275698927717531e-06
5.928308236615173e-06 6.275698927717531e-06
0.0037918842367432658 0.00436893547335763
0.0037918842367432658 0.00436893547335763
0.0037918842367432658 0.00436893547335763
0.0037918842367432658 0.00436893547335763
0.0037918842367432658 0.00436893547335763
2.5920730969093207e-06 2.5339878510212807e-06
9.021847895323807e-05 7.550768220429111e-05
9.021847895323807e-05 7.550768220429111e-05
9.021847895323807e-05 7.550768220429111e-05
9.021847895323807e-05 7.550768220429111e-05
9.021847895323807e-05 7.550768220429111e-05
9.021847895323807e-05 7.550768220429111e-05
9.021847895323807e-05 7.550768220429111e-05
9.021847895323807e-05 7.550768220429111e-05
0.0002875024843532619 0.0002378517295533427
0.0002875024843532619 0.0002378517295533427
8.686822876786523e-08 1.4333752437658466e-07
5.248976528643028e-06 6.275669517104731e-06
5.248976528643028e-06 6.275669517104731e-06
0.003199453126459121 0.0043689364695101455
0.003199453126459121 0.0043689364695101455
0.003199453126459121 0.0043689364695101455
0.003199453126459121 0.0043689364695101455
0.003199453126459121 0.0043689364695101455
2.195253520221162e-06 2.533984422257576e-06
7.650547160387787e-05 7.55076916033924e-05
7.650547160387787e-05 7.55076916033924e-05
7.650547160387787e-05 7.55076916033924e-05
7.650547160387787e-05 7.55076916033924e-05
7.650547160387787e-05 7.55076916033924e-05
7.650547160387787e-05 7.55076916033924e-05
7.650547160387787e-05 7.55076916033924e-05
7.650547160387787e-05 7.55076916033924e-05
0.00029070514890565673 0.000237851497074143
0.00029070514890565673 0.000237851497074143
6.225196375858965e-08 1.418270874541278e-07
5.049758509533813e-06 6.257260332599658e-06
5.049758509533813e-06 6.257260332599658e-06
0.003166128002755798 0.004365846919038408
0.003166128002755798 0.004365846919038408
0.003166128002755798 0.004365846919038408
0.003166128002755798 0.004365846919038408
0.003166128002755798 0.004365846919038408
2.096592255381081e-06 2.5406886269082325e-06
3.0382074282368727e-05 7.55726078362981e-05
3.0382074282368727e-05 7.55726078362981e-05
3.0382074282368727e-05 7.55726078362981e-05
3.0382074282368727e-05 7.55726078362981e-05
3.0382074282368727e-05 7.55726078362981e-05
3.0382074282368727e-05 7.55726078362981e-05
3.0382074282368727e-05 7.55726078362981e-05
3.0382074282368727e-05 7.55726078362981e-05
0.00025086125176296503 0.00023808326207601897
0.00025086125176296503 0.00023808326207601897
8.097282173149885e-08 1.418270874541278e-07
9.717770591322115e-06 6.257260332599658e-06
9.717770591322115e-06 6.257260332599658e-06
0.006535198349002522 0.004365846919038408
0.006535198349002522 0.004365846919038408
0.006535198349002522 0.004365846919038408
0.006535198349002522 0.004365846919038408
0.006535198349002522 0.004365846919038408
3.880186313612825e-06 2.5406886269082325e-06
4.58417964342135e-05 7.55726078362981e-05
4.58417964342135e-05 7.55726078362981e-05
4.58417964342135e-05 7.55726078362981e-05
4.58417964342135e-05 7.55726078362981e-05
4.58417964342135e-05 7.55726078362981e-05
4.58417964342135e-05 7.55726078362981e-05
4.58417964342135e-05 7.55726078362981e-05
4.58417964342135e-05 7.55726078362981e-05
0.0003023431594860166 0.00023808326207601897
0.0003023431594860166 0.00023808326207601897
0.0006832015237464287 7.48323754789272e-06
0.0006832015237464287 7.48323754789272e-06
0.3707865168539326 0.004329004329004329
0.3707865168539326 0.004329004329004329
0.3707865168539326 0.004329004329004329
0.3707865168539326 0.004329004329004329
0.3707865168539326 0.004329004329004329
0.0002614275528796641 2.6186922251027837e-06
7.40521327014218e-05 5.059704513256426e-05
7.40521327014218e-05 5.059704513256426e-05
7.40521327014218e-05 5.059704513256426e-05
7.40521327014218e-05 5.059704513256426e-05
7.40521327014218e-05 5.059704513256426e-05
7.40521327014218e-05 5.059704513256426e-05
7.40521327014218e-05 5.059704513256426e-05
7.40521327014218e-05 5.059704513256426e-05
0.000641025641025641 0.0002626740215392698
0.000641025641025641 0.0002626740215392698
3.6882550067558774e-07 1.418270874541278e-07
1.7495557586336204e-05 6.305025678650037e-06
1.7495557586336204e-05 6.305025678650037e-06
0.011394207944294984 0.004365846919038408
0.011394207944294984 0.004365846919038408
0.011394207944294984 0.004365846919038408
0.011394207944294984 0.004365846919038408
0.011394207944294984 0.004365846919038408
7.4478400148175754e-06 2.5406886269082325e-06
8.239603497763834e-05 7.55726078362981e-05
8.239603497763834e-05 7.55726078362981e-05
8.239603497763834e-05 7.55726078362981e-05
8.239603497763834e-05 7.55726078362981e-05
8.239603497763834e-05 7.55726078362981e-05
8.239603497763834e-05 7.55726078362981e-05
8.239603497763834e-05 7.55726078362981e-05
8.239603497763834e-05 7.55726078362981e-05
0.0003791982665222102 0.00023808326207601897
0.0003791982665222102 0.00023808326207601897