2.0703076477164508e-05 6.414200251646444e-06
2.0703076477164508e-05 6.414200251646444e-06
2.0703076477164508e-05 6.414200251646444e-06
2.0703076477164508e-05 6.414200251646444e-06
2.0703076477164508e-05 6.414200251646444e-06
2.0703076477164508e-05 6.414200251646444e-06
0.0001481042654028436 4.3368873104028416e-05
0.0001481042654028436 4.3368873104028416e-05
2.0703076477164508e-05 6.414217321245367e-06
2.0703076477164508e-05 6.414217321245367e-06
2.0703076477164508e-05 6.414217321245367e-06
2.0703076477164508e-05 6.414217321245367e-06
2.0703076477164508e-05 6.414217321245367e-06
2.0703076477164508e-05 6.414217321245367e-06
0.0001481042654028436 4.336898851814718e-05
0.0001481042654028436 4.336898851814718e-05
7.231286857549071e-07 6.802353987338682e-07
7.231286857549071e-07 6.802353987338682e-07
7.231286857549071e-07 6.802353987338682e-07
7.231286857549071e-07 6.802353987338682e-07
7.231286857549071e-07 6.802353987338682e-07
7.231286857549071e-07 6.802353987338682e-07
7.231286857549071e-07 6.802353987338682e-07
7.231286857549071e-07 6.802353987338682e-07
1.742581898102619e-05 6.414134042601468e-06
1.742581898102619e-05 6.414134042601468e-06
1.742581898102619e-05 6.414134042601468e-06
1.742581898102619e-05 6.414134042601468e-06
1.742581898102619e-05 6.414134042601468e-06
1.742581898102619e-05 6.414134042601468e-06
0.002998393347430839 0.007421069786847786
1.2031960785691904e-06 1.1223697039758086e-06
0.00010858160427705203 4.3368425439228865e-05
0.00010858160427705203 4.3368425439228865e-05
1.8513044724323515e-05 5.629095335661177e-05
1.8513044724323515e-05 5.629095335661177e-05
6.612780441405739e-07 1.1903344839900012e-06
6.612780441405739e-07 1.1903344839900012e-06
6.612780441405739e-07 1.1903344839900012e-06
6.612780441405739e-07 1.1903344839900012e-06
6.612780441405739e-07 1.1903344839900012e-06
6.612780441405739e-07 1.1903344839900012e-06
6.612780441405739e-07 1.1903344839900012e-06
6.612780441405739e-07 1.1903344839900012e-06
1.6677478273271407e-05 5.61242816091954e-06
1.6677478273271407e-05 5.61242816091954e-06
1.6677478273271407e-05 5.61242816091954e-06
1.6677478273271407e-05 5.61242816091954e-06
1.6677478273271407e-05 5.61242816091954e-06
1.6677478273271407e-05 5.61242816091954e-06
0.0028089887640449437 0.006493506493506494
1.1002843134665998e-06 1.9640191688270877e-06
0.0001110781990521327 3.7947783849423196e-05
0.0001110781990521327 3.7947783849423196e-05
3.561253561253561e-05 9.850275807722617e-05
3.561253561253561e-05 9.850275807722617e-05
1.0251566185597913e-06 6.801908381763144e-07
1.0251566185597913e-06 6.801908381763144e-07
1.0251566185597913e-06 6.801908381763144e-07
1.0251566185597913e-06 6.801908381763144e-07
1.0251566185597913e-06 6.801908381763144e-07
1.0251566185597913e-06 6.801908381763144e-07
1.0251566185597913e-06 6.801908381763144e-07
1.0251566185597913e-06 6.801908381763144e-07
1.0251566185597913e-06 6.801908381763144e-07
1.0251566185597913e-06 6.801908381763144e-07
1.0251566185597913e-06 6.801908381763144e-07
1.0251566185597913e-06 6.801908381763144e-07
1.0251566185597913e-06 6.801908381763144e-07
1.0251566185597913e-06 6.801908381763144e-07
1.0251566185597913e-06 6.801908381763144e-07
1.0251566185597913e-06 6.801908381763144e-07
1.780333276972719e-05 6.414200825609754e-06
1.780333276972719e-05 6.414200825609754e-06
1.780333276972719e-05 6.414200825609754e-06
1.780333276972719e-05 6.414200825609754e-06
1.780333276972719e-05 6.414200825609754e-06
1.780333276972719e-05 6.414200825609754e-06
1.780333276972719e-05 6.414200825609754e-06
1.780333276972719e-05 6.414200825609754e-06
1.780333276972719e-05 6.414200825609754e-06
1.780333276972719e-05 6.414200825609754e-06
1.780333276972719e-05 6.414200825609754e-06
1.780333276972719e-05 6.414200825609754e-06
0.0035506372716312797 0.007421152696572191
0.0035506372716312797 0.007421152696572191
1.7057329458348374e-06 1.1222961802810938e-06
1.7057329458348374e-06 1.1222961802810938e-06
0.00010130232269324883 4.3368876984814943e-05
0.00010130232269324883 4.3368876984814943e-05
0.00010130232269324883 4.3368876984814943e-05
0.00010130232269324883 4.3368876984814943e-05
1.6825373134267007e-05 5.628726587390876e-05
1.6825373134267007e-05 5.628726587390876e-05
1.6825373134267007e-05 5.628726587390876e-05
1.6825373134267007e-05 5.628726587390876e-05
9.127103363538465e-07 6.801903577665852e-07
9.127103363538465e-07 6.801903577665852e-07
9.127103363538465e-07 6.801903577665852e-07
9.127103363538465e-07 6.801903577665852e-07
9.127103363538465e-07 6.801903577665852e-07
9.127103363538465e-07 6.801903577665852e-07
9.127103363538465e-07 6.801903577665852e-07
9.127103363538465e-07 6.801903577665852e-07
9.127103363538465e-07 6.801903577665852e-07
9.127103363538465e-07 6.801903577665852e-07
9.127103363538465e-07 6.801903577665852e-07
9.127103363538465e-07 6.801903577665852e-07
9.127103363538465e-07 6.801903577665852e-07
9.127103363538465e-07 6.801903577665852e-07
9.127103363538465e-07 6.801903577665852e-07
9.127103363538465e-07 6.801903577665852e-07
9.127103363538465e-07 6.801903577665852e-07
9.127103363538465e-07 6.801903577665852e-07
9.127103363538465e-07 6.801903577665852e-07
9.127103363538465e-07 6.801903577665852e-07
9.127103363538465e-07 6.801903577665852e-07
9.127103363538465e-07 6.801903577665852e-07
9.127103363538465e-07 6.801903577665852e-07
9.127103363538465e-07 6.801903577665852e-07
9.127103363538465e-07 6.801903577665852e-07
9.127103363538465e-07 6.801903577665852e-07
9.127103363538465e-07 6.801903577665852e-07
9.127103363538465e-07 6.801903577665852e-07
9.127103363538465e-07 6.801903577665852e-07
9.127103363538465e-07 6.801903577665852e-07
9.127103363538465e-07 6.801903577665852e-07
9.127103363538465e-07 6.801903577665852e-07
9.127103363538465e-07 6.801903577665852e-07
9.127103363538465e-07 6.801903577665852e-07
9.127103363538465e-07 6.801903577665852e-07
9.127103363538465e-07 6.801903577665852e-07
9.127103363538465e-07 6.801903577665852e-07
9.127103363538465e-07 6.801903577665852e-07
9.127103363538465e-07 6.801903577665852e-07
9.127103363538465e-07 6.801903577665852e-07
9.127103363538465e-07 6.801903577665852e-07
9.127103363538465e-07 6.801903577665852e-07
9.127103363538465e-07 6.801903577665852e-07
9.127103363538465e-07 6.801903577665852e-07
9.127103363538465e-07 6.801903577665852e-07
9.127103363538465e-07 6.801903577665852e-07
9.127103363538465e-07 6.801903577665852e-07
9.127103363538465e-07 6.801903577665852e-07
9.127103363538465e-07 6.801903577665852e-07
9.127103363538465e-07 6.801903577665852e-07
9.127103363538465e-07 6.801903577665852e-07
9.127103363538465e-07 6.801903577665852e-07
9.127103363538465e-07 6.801903577665852e-07
9.127103363538465e-07 6.801903577665852e-07
9.127103363538465e-07 6.801903577665852e-07
9.127103363538465e-07 6.801903577665852e-07
1.773824657265658e-05 6.4142091003302225e-06
1.773824657265658e-05 6.4142091003302225e-06
1.773824657265658e-05 6.4142091003302225e-06
1.773824657265658e-05 6.4142091003302225e-06
1.773824657265658e-05 6.4142091003302225e-06
1.773824657265658e-05 6.4142091003302225e-06
1.773824657265658e-05 6.4142091003302225e-06
1.773824657265658e-05 6.4142091003302225e-06
1.773824657265658e-05 6.4142091003302225e-06
1.773824657265658e-05 6.4142091003302225e-06
1.773824657265658e-05 6.4142091003302225e-06
1.773824657265658e-05 6.4142091003302225e-06
1.773824657265658e-05 6.4142091003302225e-06
1.773824657265658e-05 6.4142091003302225e-06
1.773824657265658e-05 6.4142091003302225e-06
1.773824657265658e-05 6.4142091003302225e-06
1.773824657265658e-05 6.4142091003302225e-06
1.773824657265658e-05 6.4142091003302225e-06
1.773824657265658e-05 6.4142091003302225e-06
1.773824657265658e-05 6.4142091003302225e-06
1.773824657265658e-05 6.4142091003302225e-06
1.773824657265658e-05 6.4142091003302225e-06
1.773824657265658e-05 6.4142091003302225e-06
1.773824657265658e-05 6.4142091003302225e-06
1.773824657265658e-05 6.4142091003302225e-06
1.773824657265658e-05 6.4142091003302225e-06
1.773824657265658e-05 6.4142091003302225e-06
1.773824657265658e-05 6.4142091003302225e-06
1.773824657265658e-05 6.4142091003302225e-06
1.773824657265658e-05 6.4142091003302225e-06
1.773824657265658e-05 6.4142091003302225e-06
1.773824657265658e-05 6.4142091003302225e-06
1.773824657265658e-05 6.4142091003302225e-06
1.773824657265658e-05 6.4142091003302225e-06
1.773824657265658e-05 6.4142091003302225e-06
1.773824657265658e-05 6.4142091003302225e-06
1.773824657265658e-05 6.4142091003302225e-06
1.773824657265658e-05 6.4142091003302225e-06
1.773824657265658e-05 6.4142091003302225e-06
1.773824657265658e-05 6.4142091003302225e-06
1.773824657265658e-05 6.4142091003302225e-06
1.773824657265658e-05 6.4142091003302225e-06
0.003337974787826137 0.007421149220064462
0.003337974787826137 0.007421149220064462
0.003337974787826137 0.007421149220064462
0.003337974787826137 0.007421149220064462
0.003337974787826137 0.007421149220064462
0.003337974787826137 0.007421149220064462
0.003337974787826137 0.007421149220064462
1.5186363356946426e-06 1.1222953876182501e-06
1.5186363356946426e-06 1.1222953876182501e-06
1.5186363356946426e-06 1.1222953876182501e-06
1.5186363356946426e-06 1.1222953876182501e-06
1.5186363356946426e-06 1.1222953876182501e-06
1.5186363356946426e-06 1.1222953876182501e-06
1.5186363356946426e-06 1.1222953876182501e-06
0.00010410548635714956 4.33689329333803e-05
0.00010410548635714956 4.33689329333803e-05
0.00010410548635714956 4.33689329333803e-05
0.00010410548635714956 4.33689329333803e-05
0.00010410548635714956 4.33689329333803e-05
0.00010410548635714956 4.33689329333803e-05
0.00010410548635714956 4.33689329333803e-05
0.00010410548635714956 4.33689329333803e-05
0.00010410548635714956 4.33689329333803e-05
0.00010410548635714956 4.33689329333803e-05
0.00010410548635714956 4.33689329333803e-05
0.00010410548635714956 4.33689329333803e-05
0.00010410548635714956 4.33689329333803e-05
0.00010410548635714956 4.33689329333803e-05
1.6164496831517218e-05 5.628722611896259e-05
1.6164496831517218e-05 5.628722611896259e-05
1.6164496831517218e-05 5.628722611896259e-05
1.6164496831517218e-05 5.628722611896259e-05
1.6164496831517218e-05 5.628722611896259e-05
1.6164496831517218e-05 5.628722611896259e-05
1.6164496831517218e-05 5.628722611896259e-05
1.6164496831517218e-05 5.628722611896259e-05
1.6164496831517218e-05 5.628722611896259e-05
1.6164496831517218e-05 5.628722611896259e-05
1.6164496831517218e-05 5.628722611896259e-05
1.6164496831517218e-05 5.628722611896259e-05
1.6164496831517218e-05 5.628722611896259e-05
1.6164496831517218e-05 5.628722611896259e-05
9.443974883758561e-07 6.801925993102955e-07
9.443974883758561e-07 6.801925993102955e-07
9.443974883758561e-07 6.801925993102955e-07
9.443974883758561e-07 6.801925993102955e-07
9.443974883758561e-07 6.801925993102955e-07
9.443974883758561e-07 6.801925993102955e-07
9.443974883758561e-07 6.801925993102955e-07
9.443974883758561e-07 6.801925993102955e-07
9.443974883758561e-07 6.801925993102955e-07
9.443974883758561e-07 6.801925993102955e-07
9.443974883758561e-07 6.801925993102955e-07
9.443974883758561e-07 6.801925993102955e-07
9.443974883758561e-07 6.801925993102955e-07
9.443974883758561e-07 6.801925993102955e-07
9.443974883758561e-07 6.801925993102955e-07
9.443974883758561e-07 6.801925993102955e-07
9.443974883758561e-07 6.801925993102955e-07
9.443974883758561e-07 6.801925993102955e-07
9.443974883758561e-07 6.801925993102955e-07
9.443974883758561e-07 6.801925993102955e-07
9.443974883758561e-07 6.801925993102955e-07
9.443974883758561e-07 6.801925993102955e-07
9.443974883758561e-07 6.801925993102955e-07
9.443974883758561e-07 6.801925993102955e-07
9.443974883758561e-07 6.801925993102955e-07
9.443974883758561e-07 6.801925993102955e-07
9.443974883758561e-07 6.801925993102955e-07
9.443974883758561e-07 6.801925993102955e-07
9.443974883758561e-07 6.801925993102955e-07
9.443974883758561e-07 6.801925993102955e-07
9.443974883758561e-07 6.801925993102955e-07
9.443974883758561e-07 6.801925993102955e-07
9.443974883758561e-07 6.801925993102955e-07
9.443974883758561e-07 6.801925993102955e-07
9.443974883758561e-07 6.801925993102955e-07
9.443974883758561e-07 6.801925993102955e-07
9.443974883758561e-07 6.801925993102955e-07
9.443974883758561e-07 6.801925993102955e-07
9.443974883758561e-07 6.801925993102955e-07
9.443974883758561e-07 6.801925993102955e-07
9.443974883758561e-07 6.801925993102955e-07
9.443974883758561e-07 6.801925993102955e-07
9.443974883758561e-07 6.801925993102955e-07
9.443974883758561e-07 6.801925993102955e-07
9.443974883758561e-07 6.801925993102955e-07
9.443974883758561e-07 6.801925993102955e-07
9.443974883758561e-07 6.801925993102955e-07
9.443974883758561e-07 6.801925993102955e-07
9.443974883758561e-07 6.801925993102955e-07
9.443974883758561e-07 6.801925993102955e-07
9.443974883758561e-07 6.801925993102955e-07
9.443974883758561e-07 6.801925993102955e-07
9.443974883758561e-07 6.801925993102955e-07
9.443974883758561e-07 6.801925993102955e-07
9.443974883758561e-07 6.801925993102955e-07
9.443974883758561e-07 6.801925993102955e-07
9.443974883758561e-07 6.801925993102955e-07
9.443974883758561e-07 6.801925993102955e-07
9.443974883758561e-07 6.801925993102955e-07
9.443974883758561e-07 6.801925993102955e-07
9.443974883758561e-07 6.801925993102955e-07
9.443974883758561e-07 6.801925993102955e-07
9.443974883758561e-07 6.801925993102955e-07
9.443974883758561e-07 6.801925993102955e-07
9.443974883758561e-07 6.801925993102955e-07
9.443974883758561e-07 6.801925993102955e-07
9.443974883758561e-07 6.801925993102955e-07
9.443974883758561e-07 6.801925993102955e-07
9.443974883758561e-07 6.801925993102955e-07
9.443974883758561e-07 6.801925993102955e-07
9.443974883758561e-07 6.801925993102955e-07
9.443974883758561e-07 6.801925993102955e-07
1.7918668977180953e-05 6.41420130904166e-06
1.7918668977180953e-05 6.41420130904166e-06
1.7918668977180953e-05 6.41420130904166e-06
1.7918668977180953e-05 6.41420130904166e-06
1.7918668977180953e-05 6.41420130904166e-06
1.7918668977180953e-05 6.41420130904166e-06
1.7918668977180953e-05 6.41420130904166e-06
1.7918668977180953e-05 6.41420130904166e-06
1.7918668977180953e-05 6.41420130904166e-06
1.7918668977180953e-05 6.41420130904166e-06
1.7918668977180953e-05 6.41420130904166e-06
1.7918668977180953e-05 6.41420130904166e-06
1.7918668977180953e-05 6.41420130904166e-06
1.7918668977180953e-05 6.41420130904166e-06
1.7918668977180953e-05 6.41420130904166e-06
1.7918668977180953e-05 6.41420130904166e-06
1.7918668977180953e-05 6.41420130904166e-06
1.7918668977180953e-05 6.41420130904166e-06
1.7918668977180953e-05 6.41420130904166e-06
1.7918668977180953e-05 6.41420130904166e-06
1.7918668977180953e-05 6.41420130904166e-06
1.7918668977180953e-05 6.41420130904166e-06
1.7918668977180953e-05 6.41420130904166e-06
1.7918668977180953e-05 6.41420130904166e-06
1.7918668977180953e-05 6.41420130904166e-06
1.7918668977180953e-05 6.41420130904166e-06
1.7918668977180953e-05 6.41420130904166e-06
1.7918668977180953e-05 6.41420130904166e-06
1.7918668977180953e-05 6.41420130904166e-06
1.7918668977180953e-05 6.41420130904166e-06
1.7918668977180953e-05 6.41420130904166e-06
1.7918668977180953e-05 6.41420130904166e-06
1.7918668977180953e-05 6.41420130904166e-06
1.7918668977180953e-05 6.41420130904166e-06
1.7918668977180953e-05 6.41420130904166e-06
1.7918668977180953e-05 6.41420130904166e-06
1.7918668977180953e-05 6.41420130904166e-06
1.7918668977180953e-05 6.41420130904166e-06
1.7918668977180953e-05 6.41420130904166e-06
1.7918668977180953e-05 6.41420130904166e-06
1.7918668977180953e-05 6.41420130904166e-06
1.7918668977180953e-05 6.41420130904166e-06
1.7918668977180953e-05 6.41420130904166e-06
1.7918668977180953e-05 6.41420130904166e-06
1.7918668977180953e-05 6.41420130904166e-06
1.7918668977180953e-05 6.41420130904166e-06
1.7918668977180953e-05 6.41420130904166e-06
1.7918668977180953e-05 6.41420130904166e-06
1.7918668977180953e-05 6.41420130904166e-06
1.7918668977180953e-05 6.41420130904166e-06
1.7918668977180953e-05 6.41420130904166e-06
1.7918668977180953e-05 6.41420130904166e-06
1.7918668977180953e-05 6.41420130904166e-06
1.7918668977180953e-05 6.41420130904166e-06
0.0033397257505708633 0.0074211476132455
0.0033397257505708633 0.0074211476132455
0.0033397257505708633 0.0074211476132455
0.0033397257505708633 0.0074211476132455
0.0033397257505708633 0.0074211476132455
0.0033397257505708633 0.0074211476132455
0.0033397257505708633 0.0074211476132455
0.0033397257505708633 0.0074211476132455
0.0033397257505708633 0.0074211476132455
1.5713598105131065e-06 1.1222990861037381e-06
1.5713598105131065e-06 1.1222990861037381e-06
1.5713598105131065e-06 1.1222990861037381e-06
1.5713598105131065e-06 1.1222990861037381e-06
1.5713598105131065e-06 1.1222990861037381e-06
1.5713598105131065e-06 1.1222990861037381e-06
1.5713598105131065e-06 1.1222990861037381e-06
1.5713598105131065e-06 1.1222990861037381e-06
1.5713598105131065e-06 1.1222990861037381e-06
0.00010408240642760562 4.336888025348387e-05
0.00010408240642760562 4.336888025348387e-05
0.00010408240642760562 4.336888025348387e-05
0.00010408240642760562 4.336888025348387e-05
0.00010408240642760562 4.336888025348387e-05
0.00010408240642760562 4.336888025348387e-05
0.00010408240642760562 4.336888025348387e-05
0.00010408240642760562 4.336888025348387e-05
0.00010408240642760562 4.336888025348387e-05
0.00010408240642760562 4.336888025348387e-05
0.00010408240642760562 4.336888025348387e-05
0.00010408240642760562 4.336888025348387e-05
0.00010408240642760562 4.336888025348387e-05
0.00010408240642760562 4.336888025348387e-05
0.00010408240642760562 4.336888025348387e-05
0.00010408240642760562 4.336888025348387e-05
0.00010408240642760562 4.336888025348387e-05
0.00010408240642760562 4.336888025348387e-05
1.5217781258319734e-05 5.628741161156218e-05
1.5217781258319734e-05 5.628741161156218e-05
1.5217781258319734e-05 5.628741161156218e-05
1.5217781258319734e-05 5.628741161156218e-05
1.5217781258319734e-05 5.628741161156218e-05
1.5217781258319734e-05 5.628741161156218e-05
1.5217781258319734e-05 5.628741161156218e-05
1.5217781258319734e-05 5.628741161156218e-05
1.5217781258319734e-05 5.628741161156218e-05
1.5217781258319734e-05 5.628741161156218e-05
1.5217781258319734e-05 5.628741161156218e-05
1.5217781258319734e-05 5.628741161156218e-05
1.5217781258319734e-05 5.628741161156218e-05
1.5217781258319734e-05 5.628741161156218e-05
1.5217781258319734e-05 5.628741161156218e-05
1.5217781258319734e-05 5.628741161156218e-05
1.5217781258319734e-05 5.628741161156218e-05
1.5217781258319734e-05 5.628741161156218e-05
8.03955295690604e-07 6.749319239118563e-07
8.03955295690604e-07 6.749319239118563e-07
8.03955295690604e-07 6.749319239118563e-07
8.03955295690604e-07 6.749319239118563e-07
8.03955295690604e-07 6.749319239118563e-07
8.03955295690604e-07 6.749319239118563e-07
8.03955295690604e-07 6.749319239118563e-07
8.03955295690604e-07 6.749319239118563e-07
8.03955295690604e-07 6.749319239118563e-07
8.03955295690604e-07 6.749319239118563e-07
8.03955295690604e-07 6.749319239118563e-07
8.03955295690604e-07 6.749319239118563e-07
8.03955295690604e-07 6.749319239118563e-07
8.03955295690604e-07 6.749319239118563e-07
8.03955295690604e-07 6.749319239118563e-07
8.03955295690604e-07 6.749319239118563e-07
1.790641323822296e-05 6.4224693387842164e-06
1.790641323822296e-05 6.4224693387842164e-06
1.790641323822296e-05 6.4224693387842164e-06
1.790641323822296e-05 6.4224693387842164e-06
1.790641323822296e-05 6.4224693387842164e-06
1.790641323822296e-05 6.4224693387842164e-06
1.790641323822296e-05 6.4224693387842164e-06
1.790641323822296e-05 6.4224693387842164e-06
1.790641323822296e-05 6.4224693387842164e-06
1.790641323822296e-05 6.4224693387842164e-06
1.790641323822296e-05 6.4224693387842164e-06
1.790641323822296e-05 6.4224693387842164e-06
0.0030988468916668425 0.007430713616280627
0.0030988468916668425 0.007430713616280627
1.3376814917942901e-06 1.113619116345256e-06
1.3376814917942901e-06 1.113619116345256e-06
0.00010725749802157154 4.342478358026778e-05
0.00010725749802157154 4.342478358026778e-05
0.00010725749802157154 4.342478358026778e-05
0.00010725749802157154 4.342478358026778e-05
1.2026747486409776e-05 5.5852079322138545e-05
1.2026747486409776e-05 5.5852079322138545e-05
1.2026747486409776e-05 5.5852079322138545e-05
1.2026747486409776e-05 5.5852079322138545e-05
1.01662744657845e-06 6.801911337085721e-07
1.01662744657845e-06 6.801911337085721e-07
1.01662744657845e-06 6.801911337085721e-07
1.01662744657845e-06 6.801911337085721e-07
1.01662744657845e-06 6.801911337085721e-07
1.01662744657845e-06 6.801911337085721e-07
1.01662744657845e-06 6.801911337085721e-07
1.01662744657845e-06 6.801911337085721e-07
1.01662744657845e-06 6.801911337085721e-07
1.01662744657845e-06 6.801911337085721e-07
1.01662744657845e-06 6.801911337085721e-07
1.01662744657845e-06 6.801911337085721e-07
1.01662744657845e-06 6.801911337085721e-07
1.01662744657845e-06 6.801911337085721e-07
1.01662744657845e-06 6.801911337085721e-07
1.01662744657845e-06 6.801911337085721e-07
1.01662744657845e-06 6.801911337085721e-07
1.01662744657845e-06 6.801911337085721e-07
1.01662744657845e-06 6.801911337085721e-07
1.01662744657845e-06 6.801911337085721e-07
1.01662744657845e-06 6.801911337085721e-07
1.01662744657845e-06 6.801911337085721e-07
1.01662744657845e-06 6.801911337085721e-07
1.01662744657845e-06 6.801911337085721e-07
1.01662744657845e-06 6.801911337085721e-07
1.01662744657845e-06 6.801911337085721e-07
1.01662744657845e-06 6.801911337085721e-07
1.01662744657845e-06 6.801911337085721e-07
1.01662744657845e-06 6.801911337085721e-07
1.01662744657845e-06 6.801911337085721e-07
1.01662744657845e-06 6.801911337085721e-07
1.01662744657845e-06 6.801911337085721e-07
1.01662744657845e-06 6.801911337085721e-07
1.01662744657845e-06 6.801911337085721e-07
1.01662744657845e-06 6.801911337085721e-07
1.01662744657845e-06 6.801911337085721e-07
1.01662744657845e-06 6.801911337085721e-07
1.01662744657845e-06 6.801911337085721e-07
1.01662744657845e-06 6.801911337085721e-07
1.01662744657845e-06 6.801911337085721e-07
1.01662744657845e-06 6.801911337085721e-07
1.01662744657845e-06 6.801911337085721e-07
1.01662744657845e-06 6.801911337085721e-07
1.01662744657845e-06 6.801911337085721e-07
1.01662744657845e-06 6.801911337085721e-07
1.01662744657845e-06 6.801911337085721e-07
1.01662744657845e-06 6.801911337085721e-07
1.01662744657845e-06 6.801911337085721e-07
1.825630280485293e-05 6.414203612479474e-06
1.825630280485293e-05 6.414203612479474e-06
1.825630280485293e-05 6.414203612479474e-06
1.825630280485293e-05 6.414203612479474e-06
1.825630280485293e-05 6.414203612479474e-06
1.825630280485293e-05 6.414203612479474e-06
1.825630280485293e-05 6.414203612479474e-06
1.825630280485293e-05 6.414203612479474e-06
1.825630280485293e-05 6.414203612479474e-06
1.825630280485293e-05 6.414203612479474e-06
1.825630280485293e-05 6.414203612479474e-06
1.825630280485293e-05 6.414203612479474e-06
1.825630280485293e-05 6.414203612479474e-06
1.825630280485293e-05 6.414203612479474e-06
1.825630280485293e-05 6.414203612479474e-06
1.825630280485293e-05 6.414203612479474e-06
1.825630280485293e-05 6.414203612479474e-06
1.825630280485293e-05 6.414203612479474e-06
1.825630280485293e-05 6.414203612479474e-06
1.825630280485293e-05 6.414203612479474e-06
1.825630280485293e-05 6.414203612479474e-06
1.825630280485293e-05 6.414203612479474e-06
1.825630280485293e-05 6.414203612479474e-06
1.825630280485293e-05 6.414203612479474e-06
1.825630280485293e-05 6.414203612479474e-06
1.825630280485293e-05 6.414203612479474e-06
1.825630280485293e-05 6.414203612479474e-06
1.825630280485293e-05 6.414203612479474e-06
1.825630280485293e-05 6.414203612479474e-06
1.825630280485293e-05 6.414203612479474e-06
1.825630280485293e-05 6.414203612479474e-06
1.825630280485293e-05 6.414203612479474e-06
1.825630280485293e-05 6.414203612479474e-06
1.825630280485293e-05 6.414203612479474e-06
1.825630280485293e-05 6.414203612479474e-06
1.825630280485293e-05 6.414203612479474e-06
0.003350797582869772 0.0074211502782931356
0.003350797582869772 0.0074211502782931356
0.003350797582869772 0.0074211502782931356
0.003350797582869772 0.0074211502782931356
0.003350797582869772 0.0074211502782931356
0.003350797582869772 0.0074211502782931356
1.6915414658347338e-06 1.122296667901193e-06
1.6915414658347338e-06 1.122296667901193e-06
1.6915414658347338e-06 1.122296667901193e-06
1.6915414658347338e-06 1.122296667901193e-06
1.6915414658347338e-06 1.122296667901193e-06
1.6915414658347338e-06 1.122296667901193e-06
0.00010393646551015851 4.336889582791222e-05
0.00010393646551015851 4.336889582791222e-05
0.00010393646551015851 4.336889582791222e-05
0.00010393646551015851 4.336889582791222e-05
0.00010393646551015851 4.336889582791222e-05
0.00010393646551015851 4.336889582791222e-05
0.00010393646551015851 4.336889582791222e-05
0.00010393646551015851 4.336889582791222e-05
0.00010393646551015851 4.336889582791222e-05
0.00010393646551015851 4.336889582791222e-05
0.00010393646551015851 4.336889582791222e-05
0.00010393646551015851 4.336889582791222e-05
1.4310408665342914e-05 5.628729032984352e-05
1.4310408665342914e-05 5.628729032984352e-05
1.4310408665342914e-05 5.628729032984352e-05
1.4310408665342914e-05 5.628729032984352e-05
1.4310408665342914e-05 5.628729032984352e-05
1.4310408665342914e-05 5.628729032984352e-05
1.4310408665342914e-05 5.628729032984352e-05
1.4310408665342914e-05 5.628729032984352e-05
1.4310408665342914e-05 5.628729032984352e-05
1.4310408665342914e-05 5.628729032984352e-05
1.4310408665342914e-05 5.628729032984352e-05
1.4310408665342914e-05 5.628729032984352e-05
1.179943326103023e-06 6.801898946747948e-07
1.179943326103023e-06 6.801898946747948e-07
1.179943326103023e-06 6.801898946747948e-07
1.179943326103023e-06 6.801898946747948e-07
1.179943326103023e-06 6.801898946747948e-07
1.179943326103023e-06 6.801898946747948e-07
1.179943326103023e-06 6.801898946747948e-07
1.179943326103023e-06 6.801898946747948e-07
1.8698130540533433e-05 6.414191928388729e-06
1.8698130540533433e-05 6.414191928388729e-06
1.8698130540533433e-05 6.414191928388729e-06
1.8698130540533433e-05 6.414191928388729e-06
1.8698130540533433e-05 6.414191928388729e-06
1.8698130540533433e-05 6.414191928388729e-06
0.003501423145697918 0.007421160417049074
1.9632787508892026e-06 1.1222946235295291e-06
0.00010195102784847235 4.3368816827284084e-05
0.00010195102784847235 4.3368816827284084e-05
1.4120049311445888e-05 5.628718779711339e-05
1.4120049311445888e-05 5.628718779711339e-05
1.2033745595687618e-06 6.801894471992513e-07
1.2033745595687618e-06 6.801894471992513e-07
1.2033745595687618e-06 6.801894471992513e-07
1.2033745595687618e-06 6.801894471992513e-07
1.2033745595687618e-06 6.801894471992513e-07
1.2033745595687618e-06 6.801894471992513e-07
1.2033745595687618e-06 6.801894471992513e-07
1.2033745595687618e-06 6.801894471992513e-07
1.2033745595687618e-06 6.801894471992513e-07
1.2033745595687618e-06 6.801894471992513e-07
1.2033745595687618e-06 6.801894471992513e-07
1.2033745595687618e-06 6.801894471992513e-07
1.2033745595687618e-06 6.801894471992513e-07
1.2033745595687618e-06 6.801894471992513e-07
1.2033745595687618e-06 6.801894471992513e-07
1.2033745595687618e-06 6.801894471992513e-07
1.2033745595687618e-06 6.801894471992513e-07
1.2033745595687618e-06 6.801894471992513e-07
1.2033745595687618e-06 6.801894471992513e-07
1.2033745595687618e-06 6.801894471992513e-07
1.2033745595687618e-06 6.801894471992513e-07
1.2033745595687618e-06 6.801894471992513e-07
1.2033745595687618e-06 6.801894471992513e-07
1.2033745595687618e-06 6.801894471992513e-07
1.2033745595687618e-06 6.801894471992513e-07
1.2033745595687618e-06 6.801894471992513e-07
1.2033745595687618e-06 6.801894471992513e-07
1.2033745595687618e-06 6.801894471992513e-07
1.2033745595687618e-06 6.801894471992513e-07
1.2033745595687618e-06 6.801894471992513e-07
1.2033745595687618e-06 6.801894471992513e-07
1.2033745595687618e-06 6.801894471992513e-07
1.2033745595687618e-06 6.801894471992513e-07
1.2033745595687618e-06 6.801894471992513e-07
1.2033745595687618e-06 6.801894471992513e-07
1.2033745595687618e-06 6.801894471992513e-07
1.2033745595687618e-06 6.801894471992513e-07
1.2033745595687618e-06 6.801894471992513e-07
1.2033745595687618e-06 6.801894471992513e-07
1.2033745595687618e-06 6.801894471992513e-07
1.881241545620476e-05 6.41418770869355e-06
1.881241545620476e-05 6.41418770869355e-06
1.881241545620476e-05 6.41418770869355e-06
1.881241545620476e-05 6.41418770869355e-06
1.881241545620476e-05 6.41418770869355e-06
1.881241545620476e-05 6.41418770869355e-06
1.881241545620476e-05 6.41418770869355e-06
1.881241545620476e-05 6.41418770869355e-06
1.881241545620476e-05 6.41418770869355e-06
1.881241545620476e-05 6.41418770869355e-06
1.881241545620476e-05 6.41418770869355e-06
1.881241545620476e-05 6.41418770869355e-06
1.881241545620476e-05 6.41418770869355e-06
1.881241545620476e-05 6.41418770869355e-06
1.881241545620476e-05 6.41418770869355e-06
1.881241545620476e-05 6.41418770869355e-06
1.881241545620476e-05 6.41418770869355e-06
1.881241545620476e-05 6.41418770869355e-06
1.881241545620476e-05 6.41418770869355e-06
1.881241545620476e-05 6.41418770869355e-06
1.881241545620476e-05 6.41418770869355e-06
1.881241545620476e-05 6.41418770869355e-06
1.881241545620476e-05 6.41418770869355e-06
1.881241545620476e-05 6.41418770869355e-06
1.881241545620476e-05 6.41418770869355e-06
1.881241545620476e-05 6.41418770869355e-06
1.881241545620476e-05 6.41418770869355e-06
1.881241545620476e-05 6.41418770869355e-06
1.881241545620476e-05 6.41418770869355e-06
1.881241545620476e-05 6.41418770869355e-06
0.0034871778218278967 0.0074211640786484645
0.0034871778218278967 0.0074211640786484645
0.0034871778218278967 0.0074211640786484645
0.0034871778218278967 0.0074211640786484645
0.0034871778218278967 0.0074211640786484645
2.0022654053773795e-06 1.1222938852071864e-06
2.0022654053773795e-06 1.1222938852071864e-06
2.0022654053773795e-06 1.1222938852071864e-06
2.0022654053773795e-06 1.1222938852071864e-06
2.0022654053773795e-06 1.1222938852071864e-06
0.00010213879944569271 4.33687882963032e-05
0.00010213879944569271 4.33687882963032e-05
0.00010213879944569271 4.33687882963032e-05
0.00010213879944569271 4.33687882963032e-05
0.00010213879944569271 4.33687882963032e-05
0.00010213879944569271 4.33687882963032e-05
0.00010213879944569271 4.33687882963032e-05
0.00010213879944569271 4.33687882963032e-05
0.00010213879944569271 4.33687882963032e-05
0.00010213879944569271 4.33687882963032e-05
1.4405916501069004e-05 5.628715076754246e-05
1.4405916501069004e-05 5.628715076754246e-05
1.4405916501069004e-05 5.628715076754246e-05
1.4405916501069004e-05 5.628715076754246e-05
1.4405916501069004e-05 5.628715076754246e-05
1.4405916501069004e-05 5.628715076754246e-05
1.4405916501069004e-05 5.628715076754246e-05
1.4405916501069004e-05 5.628715076754246e-05
1.4405916501069004e-05 5.628715076754246e-05
1.4405916501069004e-05 5.628715076754246e-05
1.0987389041104921e-06 6.801911337085721e-07
1.0987389041104921e-06 6.801911337085721e-07
1.0987389041104921e-06 6.801911337085721e-07
1.0987389041104921e-06 6.801911337085721e-07
1.0987389041104921e-06 6.801911337085721e-07
1.0987389041104921e-06 6.801911337085721e-07
1.0987389041104921e-06 6.801911337085721e-07
1.0987389041104921e-06 6.801911337085721e-07
1.8064002992163316e-05 6.414203612479474e-06
1.8064002992163316e-05 6.414203612479474e-06
1.8064002992163316e-05 6.414203612479474e-06
1.8064002992163316e-05 6.414203612479474e-06
1.8064002992163316e-05 6.414203612479474e-06
1.8064002992163316e-05 6.414203612479474e-06
0.0036053833806642794 0.0074211502782931356
1.8281647054521965e-06 1.122296667901193e-06
0.00010058069892193114 4.336889582791222e-05
0.00010058069892193114 4.336889582791222e-05
1.5966939043862122e-05 5.628729032984352e-05
1.5966939043862122e-05 5.628729032984352e-05
4.652498677679436e-06 7.053833979200007e-07
4.652498677679436e-06 7.053833979200007e-07
4.652498677679436e-06 7.053833979200007e-07
4.652498677679436e-06 7.053833979200007e-07
4.652498677679436e-06 7.053833979200007e-07
4.652498677679436e-06 7.053833979200007e-07
4.652498677679436e-06 7.053833979200007e-07
4.652498677679436e-06 7.053833979200007e-07
2.023040349823381e-05 6.651766709237974e-06
2.023040349823381e-05 6.651766709237974e-06
2.023040349823381e-05 6.651766709237974e-06
2.023040349823381e-05 6.651766709237974e-06
2.023040349823381e-05 6.651766709237974e-06
2.023040349823381e-05 6.651766709237974e-06
0.011133343594479504 0.007215007215007215
7.741178402691036e-06 1.1638632111567928e-06
1.3525503689757406e-06 4.497515122894601e-05
1.3525503689757406e-06 4.497515122894601e-05
3.902743628771026e-06 5.8372004786504393e-05
3.902743628771026e-06 5.8372004786504393e-05
9.443974883758561e-07 6.801925993102955e-07
9.443974883758561e-07 6.801925993102955e-07
9.443974883758561e-07 6.801925993102955e-07
9.443974883758561e-07 6.801925993102955e-07
9.443974883758561e-07 6.801925993102955e-07
9.443974883758561e-07 6.801925993102955e-07
9.443974883758561e-07 6.801925993102955e-07
9.443974883758561e-07 6.801925993102955e-07
1.7918668977180953e-05 6.41420130904166e-06
1.7918668977180953e-05 6.41420130904166e-06
1.7918668977180953e-05 6.41420130904166e-06
1.7918668977180953e-05 6.41420130904166e-06
1.7918668977180953e-05 6.41420130904166e-06
1.7918668977180953e-05 6.41420130904166e-06
0.0033397257505708633 0.0074211476132455
1.5713598105131065e-06 1.1222990861037381e-06
0.00010408240642760562 4.336888025348387e-05
0.00010408240642760562 4.336888025348387e-05
1.5217781258319734e-05 5.628741161156218e-05
1.5217781258319734e-05 5.628741161156218e-05
1.6972107782737254e-06 6.801911337085721e-07
1.6972107782737254e-06 6.801911337085721e-07
1.6972107782737254e-06 6.801911337085721e-07
1.6972107782737254e-06 6.801911337085721e-07
1.6972107782737254e-06 6.801911337085721e-07
1.6972107782737254e-06 6.801911337085721e-07
1.6972107782737254e-06 6.801911337085721e-07
1.6972107782737254e-06 6.801911337085721e-07
1.4327247325482535e-05 6.414203612479474e-06
1.4327247325482535e-05 6.414203612479474e-06
1.4327247325482535e-05 6.414203612479474e-06
1.4327247325482535e-05 6.414203612479474e-06
1.4327247325482535e-05 6.414203612479474e-06
1.4327247325482535e-05 6.414203612479474e-06
0.00686297097082905 0.0074211502782931356
2.8239473736164845e-06 1.122296667901193e-06
5.7641526006548356e-05 4.336889582791222e-05
5.7641526006548356e-05 4.336889582791222e-05
2.2917846261694842e-05 5.628729032984352e-05
2.2917846261694842e-05 5.628729032984352e-05
1.2033745595687618e-06 6.801894471992513e-07
1.2033745595687618e-06 6.801894471992513e-07
1.2033745595687618e-06 6.801894471992513e-07
1.2033745595687618e-06 6.801894471992513e-07
1.2033745595687618e-06 6.801894471992513e-07
1.2033745595687618e-06 6.801894471992513e-07
1.2033745595687618e-06 6.801894471992513e-07
1.2033745595687618e-06 6.801894471992513e-07
1.881241545620476e-05 6.41418770869355e-06
1.881241545620476e-05 6.41418770869355e-06
1.881241545620476e-05 6.41418770869355e-06
1.881241545620476e-05 6.41418770869355e-06
1.881241545620476e-05 6.41418770869355e-06
1.881241545620476e-05 6.41418770869355e-06
0.0034871778218278967 0.0074211640786484645
2.0022654053773795e-06 1.1222938852071864e-06
0.00010213879944569271 4.33687882963032e-05
0.00010213879944569271 4.33687882963032e-05
1.4405916501069004e-05 5.628715076754246e-05
1.4405916501069004e-05 5.628715076754246e-05
9.920247988618348e-07 6.801918479096017e-07
9.920247988618348e-07 6.801918479096017e-07
9.920247988618348e-07 6.801918479096017e-07
9.920247988618348e-07 6.801918479096017e-07
9.920247988618348e-07 6.801918479096017e-07
9.920247988618348e-07 6.801918479096017e-07
9.920247988618348e-07 6.801918479096017e-07
9.920247988618348e-07 6.801918479096017e-07
9.920247988618348e-07 6.801918479096017e-07
9.920247988618348e-07 6.801918479096017e-07
9.920247988618348e-07 6.801918479096017e-07
9.920247988618348e-07 6.801918479096017e-07
9.920247988618348e-07 6.801918479096017e-07
9.920247988618348e-07 6.801918479096017e-07
9.920247988618348e-07 6.801918479096017e-07
9.920247988618348e-07 6.801918479096017e-07
1.759981782213046e-05 6.4141985612917305e-06
1.759981782213046e-05 6.4141985612917305e-06
1.759981782213046e-05 6.4141985612917305e-06
1.759981782213046e-05 6.4141985612917305e-06
1.759981782213046e-05 6.4141985612917305e-06
1.759981782213046e-05 6.4141985612917305e-06
1.759981782213046e-05 6.4141985612917305e-06
1.759981782213046e-05 6.4141985612917305e-06
1.759981782213046e-05 6.4141985612917305e-06
1.759981782213046e-05 6.4141985612917305e-06
1.759981782213046e-05 6.4141985612917305e-06
1.759981782213046e-05 6.4141985612917305e-06
0.0035697166448281996 0.007421151252319572
0.0035697166448281996 0.007421151252319572
1.6506057239146798e-06 1.122297846313254e-06
1.6506057239146798e-06 1.122297846313254e-06
0.00010105083214014962 4.3368861674890534e-05
0.00010105083214014962 4.3368861674890534e-05
0.00010105083214014962 4.3368861674890534e-05
0.00010105083214014962 4.3368861674890534e-05
1.732682850234819e-05 5.6287349431526444e-05
1.732682850234819e-05 5.6287349431526444e-05
1.732682850234819e-05 5.6287349431526444e-05
1.732682850234819e-05 5.6287349431526444e-05
1.3715566479077033e-06 6.801911337085721e-07
1.3715566479077033e-06 6.801911337085721e-07
1.3715566479077033e-06 6.801911337085721e-07
1.3715566479077033e-06 6.801911337085721e-07
1.3715566479077033e-06 6.801911337085721e-07
1.3715566479077033e-06 6.801911337085721e-07
1.3715566479077033e-06 6.801911337085721e-07
1.3715566479077033e-06 6.801911337085721e-07
1.7229564848931107e-05 6.414203612479474e-06
1.7229564848931107e-05 6.414203612479474e-06
1.7229564848931107e-05 6.414203612479474e-06
1.7229564848931107e-05 6.414203612479474e-06
1.7229564848931107e-05 6.414203612479474e-06
1.7229564848931107e-05 6.414203612479474e-06
0.004507085527826955 0.0074211502782931356
2.2820994558876875e-06 1.122296667901193e-06
8.869511078545632e-05 4.336889582791222e-05
8.869511078545632e-05 4.336889582791222e-05
2.3383060259416007e-05 5.628729032984352e-05
2.3383060259416007e-05 5.628729032984352e-05
8.802027331822872e-07 6.801898263660619e-07
8.802027331822872e-07 6.801898263660619e-07
8.802027331822872e-07 6.801898263660619e-07
8.802027331822872e-07 6.801898263660619e-07
8.802027331822872e-07 6.801898263660619e-07
8.802027331822872e-07 6.801898263660619e-07
8.802027331822872e-07 6.801898263660619e-07
8.802027331822872e-07 6.801898263660619e-07
1.739929509434634e-05 6.414205667186511e-06
1.739929509434634e-05 6.414205667186511e-06
1.739929509434634e-05 6.414205667186511e-06
1.739929509434634e-05 6.414205667186511e-06
1.739929509434634e-05 6.414205667186511e-06
1.739929509434634e-05 6.414205667186511e-06
0.0034143038967524393 0.007421152655562493
1.464547732337867e-06 1.1222945108219983e-06
0.00010309937102918141 4.336890972057619e-05
0.00010309937102918141 4.336890972057619e-05
1.734019734825856e-05 5.628718214441771e-05
1.734019734825856e-05 5.628718214441771e-05
8.36100478323275e-07 6.801930939098024e-07
8.36100478323275e-07 6.801930939098024e-07
8.36100478323275e-07 6.801930939098024e-07
8.36100478323275e-07 6.801930939098024e-07
8.36100478323275e-07 6.801930939098024e-07
8.36100478323275e-07 6.801930939098024e-07
8.36100478323275e-07 6.801930939098024e-07
8.36100478323275e-07 6.801930939098024e-07
8.36100478323275e-07 6.801930939098024e-07
8.36100478323275e-07 6.801930939098024e-07
8.36100478323275e-07 6.801930939098024e-07
8.36100478323275e-07 6.801930939098024e-07
8.36100478323275e-07 6.801930939098024e-07
8.36100478323275e-07 6.801930939098024e-07
8.36100478323275e-07 6.801930939098024e-07
8.36100478323275e-07 6.801930939098024e-07
8.36100478323275e-07 6.801930939098024e-07
8.36100478323275e-07 6.801930939098024e-07
8.36100478323275e-07 6.801930939098024e-07
8.36100478323275e-07 6.801930939098024e-07
8.36100478323275e-07 6.801930939098024e-07
8.36100478323275e-07 6.801930939098024e-07
8.36100478323275e-07 6.801930939098024e-07
8.36100478323275e-07 6.801930939098024e-07
8.36100478323275e-07 6.801930939098024e-07
8.36100478323275e-07 6.801930939098024e-07
8.36100478323275e-07 6.801930939098024e-07
8.36100478323275e-07 6.801930939098024e-07
8.36100478323275e-07 6.801930939098024e-07
8.36100478323275e-07 6.801930939098024e-07
8.36100478323275e-07 6.801930939098024e-07
8.36100478323275e-07 6.801930939098024e-07
1.7540755002683617e-05 6.414200531695954e-06
1.7540755002683617e-05 6.414200531695954e-06
1.7540755002683617e-05 6.414200531695954e-06
1.7540755002683617e-05 6.414200531695954e-06
1.7540755002683617e-05 6.414200531695954e-06
1.7540755002683617e-05 6.414200531695954e-06
1.7540755002683617e-05 6.414200531695954e-06
1.7540755002683617e-05 6.414200531695954e-06
1.7540755002683617e-05 6.414200531695954e-06
1.7540755002683617e-05 6.414200531695954e-06
1.7540755002683617e-05 6.414200531695954e-06
1.7540755002683617e-05 6.414200531695954e-06
1.7540755002683617e-05 6.414200531695954e-06
1.7540755002683617e-05 6.414200531695954e-06
1.7540755002683617e-05 6.414200531695954e-06
1.7540755002683617e-05 6.414200531695954e-06
1.7540755002683617e-05 6.414200531695954e-06
1.7540755002683617e-05 6.414200531695954e-06
1.7540755002683617e-05 6.414200531695954e-06
1.7540755002683617e-05 6.414200531695954e-06
1.7540755002683617e-05 6.414200531695954e-06
1.7540755002683617e-05 6.414200531695954e-06
1.7540755002683617e-05 6.414200531695954e-06
1.7540755002683617e-05 6.414200531695954e-06
0.003276399322480961 0.0074211467138666125
0.003276399322480961 0.0074211467138666125
0.003276399322480961 0.0074211467138666125
0.003276399322480961 0.0074211467138666125
1.391167072508245e-06 1.1222999021793248e-06
1.391167072508245e-06 1.1222999021793248e-06
1.391167072508245e-06 1.1222999021793248e-06
1.391167072508245e-06 1.1222999021793248e-06
0.00010491712978364847 4.336887499755079e-05
0.00010491712978364847 4.336887499755079e-05
0.00010491712978364847 4.336887499755079e-05
0.00010491712978364847 4.336887499755079e-05
0.00010491712978364847 4.336887499755079e-05
0.00010491712978364847 4.336887499755079e-05
0.00010491712978364847 4.336887499755079e-05
0.00010491712978364847 4.336887499755079e-05
1.5706808428327416e-05 5.62874525407432e-05
1.5706808428327416e-05 5.62874525407432e-05
1.5706808428327416e-05 5.62874525407432e-05
1.5706808428327416e-05 5.62874525407432e-05
1.5706808428327416e-05 5.62874525407432e-05
1.5706808428327416e-05 5.62874525407432e-05
1.5706808428327416e-05 5.62874525407432e-05
1.5706808428327416e-05 5.62874525407432e-05
8.824116290110242e-07 6.801882953646961e-07
8.824116290110242e-07 6.801882953646961e-07
8.824116290110242e-07 6.801882953646961e-07
8.824116290110242e-07 6.801882953646961e-07
8.824116290110242e-07 6.801882953646961e-07
8.824116290110242e-07 6.801882953646961e-07
8.824116290110242e-07 6.801882953646961e-07
8.824116290110242e-07 6.801882953646961e-07
8.824116290110242e-07 6.801882953646961e-07
8.824116290110242e-07 6.801882953646961e-07
8.824116290110242e-07 6.801882953646961e-07
8.824116290110242e-07 6.801882953646961e-07
8.824116290110242e-07 6.801882953646961e-07
8.824116290110242e-07 6.801882953646961e-07
8.824116290110242e-07 6.801882953646961e-07
8.824116290110242e-07 6.801882953646961e-07
1.779127052256837e-05 6.4142080734107825e-06
1.779127052256837e-05 6.4142080734107825e-06
1.779127052256837e-05 6.4142080734107825e-06
1.779127052256837e-05 6.4142080734107825e-06
1.779127052256837e-05 6.4142080734107825e-06
1.779127052256837e-05 6.4142080734107825e-06
1.779127052256837e-05 6.4142080734107825e-06
1.779127052256837e-05 6.4142080734107825e-06
1.779127052256837e-05 6.4142080734107825e-06
1.779127052256837e-05 6.4142080734107825e-06
1.779127052256837e-05 6.4142080734107825e-06
1.779127052256837e-05 6.4142080734107825e-06
0.0032808576509680424 0.007421155439532725
0.0032808576509680424 0.007421155439532725
1.4682230599129716e-06 1.1222919847118414e-06
1.4682230599129716e-06 1.1222919847118414e-06
0.00010485836330921864 4.336892598998329e-05
0.00010485836330921864 4.336892598998329e-05
0.00010485836330921864 4.336892598998329e-05
0.00010485836330921864 4.336892598998329e-05
1.4522870570752691e-05 5.6287055450736916e-05
1.4522870570752691e-05 5.6287055450736916e-05
1.4522870570752691e-05 5.6287055450736916e-05
1.4522870570752691e-05 5.6287055450736916e-05
6.801717025445903e-07 6.643727352502333e-07
6.801717025445903e-07 6.643727352502333e-07
6.801717025445903e-07 6.643727352502333e-07
6.801717025445903e-07 6.643727352502333e-07
6.801717025445903e-07 6.643727352502333e-07
6.801717025445903e-07 6.643727352502333e-07
6.801717025445903e-07 6.643727352502333e-07
6.801717025445903e-07 6.643727352502333e-07
2.9575823538806437e-06 6.265036086607859e-06
2.9575823538806437e-06 6.265036086607859e-06
2.9575823538806437e-06 6.265036086607859e-06
2.9575823538806437e-06 6.265036086607859e-06
2.9575823538806437e-06 6.265036086607859e-06
2.9575823538806437e-06 6.265036086607859e-06
0.011235955056179775 0.007550588945937783
1.1317210081370742e-06 1.096196745391863e-06
6.801717025445903e-07 6.49273354903637e-07
6.801717025445903e-07 6.49273354903637e-07
6.801717025445903e-07 6.49273354903637e-07
6.801717025445903e-07 6.49273354903637e-07
6.801717025445903e-07 6.49273354903637e-07
6.801717025445903e-07 6.49273354903637e-07
6.801717025445903e-07 6.49273354903637e-07
6.801717025445903e-07 6.49273354903637e-07
1.478791176940322e-05 6.122648902821316e-06
1.478791176940322e-05 6.122648902821316e-06
1.478791176940322e-05 6.122648902821316e-06
1.478791176940322e-05 6.122648902821316e-06
1.478791176940322e-05 6.122648902821316e-06
1.478791176940322e-05 6.122648902821316e-06
0.004815409309791332 0.007674144037780401
1.1317210081370742e-06 1.0712831829965933e-06
8.463100880162491e-05 4.139758238118894e-05
8.463100880162491e-05 4.139758238118894e-05
9.393166901590345e-07 6.801898007688673e-07
9.393166901590345e-07 6.801898007688673e-07
9.393166901590345e-07 6.801898007688673e-07
9.393166901590345e-07 6.801898007688673e-07
9.393166901590345e-07 6.801898007688673e-07
9.393166901590345e-07 6.801898007688673e-07
9.393166901590345e-07 6.801898007688673e-07
9.393166901590345e-07 6.801898007688673e-07
1.80323563984889e-05 6.414191042855665e-06
1.80323563984889e-05 6.414191042855665e-06
1.80323563984889e-05 6.414191042855665e-06
1.80323563984889e-05 6.414191042855665e-06
1.80323563984889e-05 6.414191042855665e-06
1.80323563984889e-05 6.414191042855665e-06
0.0033019126812977467 0.007421161185461765
1.562905995015386e-06 1.122294468587331e-06
0.00010458083106701727 4.336881083985469e-05
0.00010458083106701727 4.336881083985469e-05
1.3853212117727303e-05 5.628718002619439e-05
1.3853212117727303e-05 5.628718002619439e-05
1.1043790433692863e-06 6.801902785492822e-07
1.1043790433692863e-06 6.801902785492822e-07
1.1043790433692863e-06 6.801902785492822e-07
1.1043790433692863e-06 6.801902785492822e-07
1.1043790433692863e-06 6.801902785492822e-07
1.1043790433692863e-06 6.801902785492822e-07
1.1043790433692863e-06 6.801902785492822e-07
1.1043790433692863e-06 6.801902785492822e-07
1.8481097011485818e-05 6.414195548325835e-06
1.8481097011485818e-05 6.414195548325835e-06
1.8481097011485818e-05 6.414195548325835e-06
1.8481097011485818e-05 6.414195548325835e-06
1.8481097011485818e-05 6.414195548325835e-06
1.8481097011485818e-05 6.414195548325835e-06
0.0034431102218075906 0.007421157275883909
1.837549194786458e-06 1.1222952569118784e-06
0.00010271966680378027 4.3368841303070126e-05
0.00010271966680378027 4.3368841303070126e-05
1.4035503106081623e-05 5.62872195635591e-05
1.4035503106081623e-05 5.62872195635591e-05
8.4791467878079e-07 6.787439185304688e-07
8.4791467878079e-07 6.787439185304688e-07
8.4791467878079e-07 6.787439185304688e-07
8.4791467878079e-07 6.787439185304688e-07
8.4791467878079e-07 6.787439185304688e-07
8.4791467878079e-07 6.787439185304688e-07
8.4791467878079e-07 6.787439185304688e-07
8.4791467878079e-07 6.787439185304688e-07
1.3842498834821895e-05 6.400556370750795e-06
1.3842498834821895e-05 6.400556370750795e-06
1.3842498834821895e-05 6.400556370750795e-06
1.3842498834821895e-05 6.400556370750795e-06
1.3842498834821895e-05 6.400556370750795e-06
1.3842498834821895e-05 6.400556370750795e-06
0.0045288294951418935 0.0074329925393755185
1.4108244307930613e-06 1.1199088026503394e-06
8.840849747221143e-05 4.327662158146985e-05
8.840849747221143e-05 4.327662158146985e-05
4.547101030419335e-05 5.6167530137652364e-05
4.547101030419335e-05 5.6167530137652364e-05
1.4413162268206795e-06 6.787439185304688e-07
1.4413162268206795e-06 6.787439185304688e-07
1.4413162268206795e-06 6.787439185304688e-07
1.4413162268206795e-06 6.787439185304688e-07
1.4413162268206795e-06 6.787439185304688e-07
1.4413162268206795e-06 6.787439185304688e-07
1.4413162268206795e-06 6.787439185304688e-07
1.4413162268206795e-06 6.787439185304688e-07
1.5914609808976797e-05 6.400556370750795e-06
1.5914609808976797e-05 6.400556370750795e-06
1.5914609808976797e-05 6.400556370750795e-06
1.5914609808976797e-05 6.400556370750795e-06
1.5914609808976797e-05 6.400556370750795e-06
1.5914609808976797e-05 6.400556370750795e-06
0.005426889857066422 0.0074329925393755185
2.3981707077190377e-06 1.1199088026503394e-06
7.657091272527968e-05 4.327662158146985e-05
7.657091272527968e-05 4.327662158146985e-05
2.180359323216466e-05 5.6167530137652364e-05
2.180359323216466e-05 5.6167530137652364e-05
2.380600958906066e-06 1.5871126453200017e-06
2.380600958906066e-06 1.5871126453200017e-06
2.380600958906066e-06 1.5871126453200017e-06
2.380600958906066e-06 1.5871126453200017e-06
2.380600958906066e-06 1.5871126453200017e-06
2.380600958906066e-06 1.5871126453200017e-06
2.380600958906066e-06 1.5871126453200017e-06
2.380600958906066e-06 1.5871126453200017e-06
1.0351538238582254e-05 7.48323754789272e-06
1.0351538238582254e-05 7.48323754789272e-06
1.0351538238582254e-05 7.48323754789272e-06
1.0351538238582254e-05 7.48323754789272e-06
1.0351538238582254e-05 7.48323754789272e-06
1.0351538238582254e-05 7.48323754789272e-06
0.011235955056179775 0.008658008658008658
3.961023528479759e-06 2.6186922251027837e-06
1.559125980128621e-06 6.888744247771922e-07
1.559125980128621e-06 6.888744247771922e-07
1.559125980128621e-06 6.888744247771922e-07
1.559125980128621e-06 6.888744247771922e-07
1.559125980128621e-06 6.888744247771922e-07
1.559125980128621e-06 6.888744247771922e-07
1.559125980128621e-06 6.888744247771922e-07
1.559125980128621e-06 6.888744247771922e-07
1.5818899984312318e-05 6.400556370750795e-06
1.5818899984312318e-05 6.400556370750795e-06
1.5818899984312318e-05 6.400556370750795e-06
1.5818899984312318e-05 6.400556370750795e-06
1.5818899984312318e-05 6.400556370750795e-06
1.5818899984312318e-05 6.400556370750795e-06
0.005934483304320304 0.007405360596849959
2.5941914658353354e-06 1.1366238594063146e-06
6.988018156331353e-05 4.327662158146985e-05
6.988018156331353e-05 4.327662158146985e-05
1.5047550258817864e-05 5.700585148299046e-05
1.5047550258817864e-05 5.700585148299046e-05