0.26216107822135876 0.1428571993608303
0.26216107822135876 0.1428571993608303
0.26216107822135876 0.1428571993608303
0.26216107822135876 0.1428571993608303
0.26216107822135876 0.1428571993608303
0.26216107822135876 0.1428571993608303
0.26216107822135876 0.1428571993608303
0.26216107822135876 0.1428571993608303
0.26216107822135876 0.1428571993608303
0.26216107822135876 0.1428571993608303
0.26216107822135876 0.1428571993608303
0.26216107822135876 0.1428571993608303
0.26216107822135876 0.1428571993608303
0.26216107822135876 0.1428571993608303
0.26216107822135876 0.1428571993608303
0.26216107822135876 0.1428571993608303
0.43627704966792075 0.1428571993608303
0.43627704966792075 0.1428571993608303
0.43627704966792075 0.1428571993608303
0.43627704966792075 0.1428571993608303
0.43627704966792075 0.1428571993608303
0.43627704966792075 0.1428571993608303
0.43627704966792075 0.1428571993608303
0.43627704966792075 0.1428571993608303
0.43627704966792075 0.1428571993608303
0.43627704966792075 0.1428571993608303
0.43627704966792075 0.1428571993608303
0.43627704966792075 0.1428571993608303
0.08841828065523559 0.14285710047937727
0.08841828065523559 0.14285710047937727
0.26216107822135876 0.1428571993608303
0.26216107822135876 0.1428571993608303
0.32316343868952885 0.1428571993608303
0.32316343868952885 0.1428571993608303
0.32316343868952885 0.1428571993608303
0.32316343868952885 0.1428571993608303
0.03593385626457494 0.1428571993608303
0.03593385626457494 0.1428571993608303
0.03593385626457494 0.1428571993608303
0.03593385626457494 0.1428571993608303