2.518041101091683e-06 2.5414762697874323e-06
2.518041101091683e-06 2.5414762697874323e-06
1.0415678739456208e-05 1.1184543660503192e-05
1.0415678739456208e-05 1.1184543660503192e-05
1.0415678739456208e-05 1.1184543660503192e-05
1.0415678739456208e-05 1.1184543660503192e-05
1.0415678739456208e-05 1.1184543660503192e-05
3.763224926976194e-05 4.8927056616078404e-05
1.3790995524112723e-06 1.3955265540332202e-06
1.3790995524112723e-06 1.3955265540332202e-06
1.1628909194556332e-05 5.407440624851438e-06
1.1628909194556332e-05 5.407440624851438e-06
1.0422818367407485e-05 2.1510806868542294e-06
2.3141309169659745e-06 7.401279995089781e-06
0.007046598679276925 0.00030034791888700475
3.994693476671542e-08 4.052315322806546e-09
0.1929425640506393 0.18079840840413244
0.1929425640506393 0.18079840840413244
0.0029938156366777517 0.0014808486401822582
3.955208059764776e-07 3.9552581201449204e-07
3.955208059764776e-07 3.9552581201449204e-07
3.955208059764776e-07 3.9552581201449204e-07
3.955208059764776e-07 3.9552581201449204e-07
3.955208059764776e-07 3.9552581201449204e-07
3.955208059764776e-07 3.9552581201449204e-07
3.955208059764776e-07 3.9552581201449204e-07
3.955208059764776e-07 3.9552581201449204e-07