2.551809375351501e-07 3.955257578684677e-07
2.6161061774331317e-07 3.9552569306087815e-07
3.241620669553706e-07 3.955245843439703e-07
4.152088046751745e-07 3.832696658540072e-07
3.7355701718146436e-07 3.9552587567806503e-07
3.7355701718146436e-07 3.9552587567806503e-07
3.30479563184325e-07 3.955258934893092e-07
3.30479563184325e-07 3.955258934893092e-07
3.30479563184325e-07 3.955258934893092e-07
3.30479563184325e-07 3.955258934893092e-07
3.30479563184325e-07 3.955258934893092e-07
3.30479563184325e-07 3.955258934893092e-07
3.30479563184325e-07 3.955258934893092e-07
3.246558494621513e-07 3.9552577482162865e-07
3.246558494621513e-07 3.9552577482162865e-07
3.246558494621513e-07 3.9552577482162865e-07
3.246558494621513e-07 3.9552577482162865e-07
3.246558494621513e-07 3.9552577482162865e-07
3.246558494621513e-07 3.9552577482162865e-07
3.246558494621513e-07 3.9552577482162865e-07
3.246558494621513e-07 3.9552577482162865e-07
3.246558494621513e-07 3.9552577482162865e-07
5.220521152157772e-07 3.9512336685980127e-07
5.220521152157772e-07 3.9512336685980127e-07
3.139196208086055e-07 3.9552562501337127e-07
3.139196208086055e-07 3.9552562501337127e-07
3.139196208086055e-07 3.9552562501337127e-07
3.139196208086055e-07 3.9552562501337127e-07
3.139196208086055e-07 3.9552562501337127e-07
3.139196208086055e-07 3.9552562501337127e-07
2.9408063464584237e-07 3.95525911623927e-07
2.8831876649720786e-07 3.955257272269834e-07
2.8831876649720786e-07 3.955257272269834e-07
2.8831876649720786e-07 3.955257272269834e-07
2.8831876649720786e-07 3.955257272269834e-07
2.8831876649720786e-07 3.955257272269834e-07
3.1082748725303005e-07 3.969578682059361e-07
7.009109642672598e-07 3.974648386634149e-07
3.246558494621513e-07 3.9552577482162865e-07
5.996900765412858e-07 3.9510811113135107e-07
2.8831876649720786e-07 3.955257272269834e-07
3.9189196677392933e-07 3.955257732329212e-07
3.9189196677392933e-07 3.955257732329212e-07
4.85752039268911e-07 3.955238660547816e-07
3.572515776320262e-07 3.95525850173234e-07
3.3903450989518575e-07 3.9552580360073013e-07
3.3903450989518575e-07 3.9552580360073013e-07
3.3903450989518575e-07 3.9552580360073013e-07
3.3903450989518575e-07 3.9552580360073013e-07
3.3309768838523764e-07 3.9552587628029794e-07
3.3309768838523764e-07 3.9552587628029794e-07
9.307977599311604e-07 3.9218291389712366e-07
2.4638764233471894e-06 4.0069101430191663e-07
3.2600996625003944e-07 3.955257268843264e-07
3.075672526570196e-07 3.9552576431929773e-07
4.5947431988539456e-07 3.9550167646636915e-07
4.784352631578934e-07 3.9550167646636915e-07
4.599235990248087e-06 3.832696658540072e-07
7.166063118608374e-07 3.963171438405266e-07