1.5636494541141163e-06 2.541477848113106e-06
1.5636494541141163e-06 2.541477848113106e-06
6.984910063208702e-06 1.1184533047136365e-05
6.984910063208702e-06 1.1184533047136365e-05
6.984910063208702e-06 1.1184533047136365e-05
6.984910063208702e-06 1.1184533047136365e-05
6.984910063208702e-06 1.1184533047136365e-05
2.0480658509890412e-05 4.892629843114932e-05
7.599478136361136e-07 1.3955255426815326e-06
7.599478136361136e-07 1.3955255426815326e-06
6.415881794839873e-06 5.407489010146696e-06
6.415881794839873e-06 5.407489010146696e-06
2.351337647555012e-06 2.1511975569808094e-06
4.159104151809735e-07 7.401424320625732e-06
0.0017034425803617254 0.0003003285370318185
4.7573795102937e-08 4.054341378105029e-09
0.1612060753654534 0.1807980650935072
0.1612060753654534 0.1807980650935072
0.00010613513907399467 0.0014808683131633256
2.4561947941873827e-07 3.9552594599175044e-07
2.4561947941873827e-07 3.9552594599175044e-07
2.4561947941873827e-07 3.9552594599175044e-07
1.0338366850849009e-07 3.9552578407602994e-07
1.9687348261916115e-07 3.95525393897293e-07
1.9687348261916115e-07 3.95525393897293e-07
1.9161182154510829e-07 3.9552515825606797e-07
1.9161182154510829e-07 3.9552515825606797e-07
1.5916665644565677e-06 2.541472906643821e-06
1.5916665644565677e-06 2.541472906643821e-06
7.210395620525353e-06 1.1184552550116008e-05
7.210395620525353e-06 1.1184552550116008e-05
7.210395620525353e-06 1.1184552550116008e-05
7.210395620525353e-06 1.1184552550116008e-05
7.210395620525353e-06 1.1184552550116008e-05
2.078280807178956e-05 4.892547879798463e-05
7.556049480396068e-07 1.395529427478845e-06
7.556049480396068e-07 1.395529427478845e-06
6.6140048174864516e-06 5.407362926970282e-06
6.6140048174864516e-06 5.407362926970282e-06
2.3090483645297987e-06 2.1512864484120544e-06
3.6602105941313674e-07 7.4013003289682045e-06
0.001516122883925632 0.00030031620958846124
4.921838690638033e-08 4.049323081278934e-09
0.17477864605894686 0.18079864811722396
0.17477864605894686 0.18079864811722396
9.082298037992596e-05 0.0014808364743702047
2.500204326112996e-07 3.95525680786376e-07
2.500204326112996e-07 3.95525680786376e-07
2.500204326112996e-07 3.95525680786376e-07
1.0084509834984836e-07 3.9552638871912586e-07
1.878214175093169e-07 3.9552634850735795e-07
1.878214175093169e-07 3.9552634850735795e-07
1.8506690463766988e-07 3.955224385129998e-07
1.8506690463766988e-07 3.955224385129998e-07
1.8610214996784946e-06 2.541432162351285e-06
1.8610214996784946e-06 2.541432162351285e-06
9.418004285417279e-06 1.11846797172901e-05
9.418004285417279e-06 1.11846797172901e-05
9.418004285417279e-06 1.11846797172901e-05
9.418004285417279e-06 1.11846797172901e-05
9.418004285417279e-06 1.11846797172901e-05
7.236087235373275e-07 4.9019290217580856e-05
6.850139652970599e-07 1.3955489683962795e-06
6.850139652970599e-07 1.3955489683962795e-06
4.501977970728088e-06 5.406647526475879e-06
4.501977970728088e-06 5.406647526475879e-06
2.5870558038945647e-06 2.153859739730666e-06
1.4511163919479885e-06 7.401285917314737e-06
0.004078741171672069 0.00030073616268544575
1.7458447450949512e-08 4.1444756384879115e-09
0.12152501985702939 0.1808065250873121
0.12152501985702939 0.1808065250873121
0.004241890818538952 0.0014807451260378183
2.9229884082526904e-07 3.955307169178389e-07
2.9229884082526904e-07 3.955307169178389e-07
2.9229884082526904e-07 3.955307169178389e-07
2.996510749021081e-07 3.955145151398545e-07
3.1713237602972786e-07 3.955306439289102e-07
3.1713237602972786e-07 3.955306439289102e-07
2.0485199099882644e-07 3.9554036158765705e-07
2.0485199099882644e-07 3.9554036158765705e-07
2.2483453500779513e-06 2.3806689679800024e-06
2.2483453500779513e-06 2.3806689679800024e-06
1.2651880069378309e-05 1.122485632183908e-05
1.2651880069378309e-05 1.122485632183908e-05
1.2651880069378309e-05 1.122485632183908e-05
1.2651880069378309e-05 1.122485632183908e-05
1.2651880069378309e-05 1.122485632183908e-05
1.3203411761599198e-06 1.9640191688270877e-06
1.3203411761599198e-06 1.9640191688270877e-06
4.114007372301211e-06 3.7947783849423196e-05
4.114007372301211e-06 3.7947783849423196e-05
0.1388888888888889 0.25
0.1388888888888889 0.25
0.008333333333333333 0.010869565217391304
3.5317213393749865e-07 3.705257167078938e-07
3.5317213393749865e-07 3.705257167078938e-07
3.5317213393749865e-07 3.705257167078938e-07
4.512104351617824e-07 2.7088642707303967e-07
3.9247037731709606e-07 2.80137155151162e-07
3.9247037731709606e-07 2.80137155151162e-07
4.5796956810538724e-07 1.6274558308487507e-06
4.5796956810538724e-07 1.6274558308487507e-06
2.3721048753079487e-06 2.541477230901986e-06
2.3721048753079487e-06 2.541477230901986e-06
2.3721048753079487e-06 2.541477230901986e-06
2.3721048753079487e-06 2.541477230901986e-06
9.863833539312102e-06 1.1184542857889827e-05
9.863833539312102e-06 1.1184542857889827e-05
9.863833539312102e-06 1.1184542857889827e-05
9.863833539312102e-06 1.1184542857889827e-05
9.863833539312102e-06 1.1184542857889827e-05
9.863833539312102e-06 1.1184542857889827e-05
9.863833539312102e-06 1.1184542857889827e-05
9.863833539312102e-06 1.1184542857889827e-05
9.863833539312102e-06 1.1184542857889827e-05
9.863833539312102e-06 1.1184542857889827e-05
3.9652769266730156e-05 4.892742794532e-05
3.9652769266730156e-05 4.892742794532e-05
1.4601404853372028e-06 1.395527276182641e-06
1.4601404853372028e-06 1.395527276182641e-06
1.4601404853372028e-06 1.395527276182641e-06
1.4601404853372028e-06 1.395527276182641e-06
1.1898997638446931e-05 5.407441311415474e-06
1.1898997638446931e-05 5.407441311415474e-06
1.1898997638446931e-05 5.407441311415474e-06
1.1898997638446931e-05 5.407441311415474e-06
1.0879609536699143e-05 2.151021742003922e-06
1.0879609536699143e-05 2.151021742003922e-06
2.5223453140263074e-06 7.401310655685616e-06
2.5223453140263074e-06 7.401310655685616e-06
0.007584584423970749 0.0003003470343297766
0.007584584423970749 0.0003003470343297766
4.3749596315576115e-08 4.051968606897462e-09
4.3749596315576115e-08 4.051968606897462e-09
0.1661176135228401 0.1807984080501221
0.1661176135228401 0.1807984080501221
0.1661176135228401 0.1807984080501221
0.1661176135228401 0.1807984080501221
0.0028701889719233093 0.0014808541731445733
0.0028701889719233093 0.0014808541731445733
3.7259571677531193e-07 3.9552579474081135e-07
3.7259571677531193e-07 3.9552579474081135e-07
3.7259571677531193e-07 3.9552579474081135e-07
3.7259571677531193e-07 3.9552579474081135e-07
3.7259571677531193e-07 3.9552579474081135e-07
3.7259571677531193e-07 3.9552579474081135e-07
3.4732940130135465e-07 3.9552586725093514e-07
3.4732940130135465e-07 3.9552586725093514e-07
3.910158179804381e-07 3.955260386029756e-07
3.910158179804381e-07 3.955260386029756e-07
3.910158179804381e-07 3.955260386029756e-07
3.910158179804381e-07 3.955260386029756e-07
4.267620092206047e-07 3.955255492068741e-07
4.267620092206047e-07 3.955255492068741e-07
4.267620092206047e-07 3.955255492068741e-07
4.267620092206047e-07 3.955255492068741e-07
2.136752392731305e-06 2.541475379335629e-06
2.136752392731305e-06 2.541475379335629e-06
2.136752392731305e-06 2.541475379335629e-06
2.136752392731305e-06 2.541475379335629e-06
2.136752392731305e-06 2.541475379335629e-06
2.136752392731305e-06 2.541475379335629e-06
2.136752392731305e-06 2.541475379335629e-06
2.136752392731305e-06 2.541475379335629e-06
2.136752392731305e-06 2.541475379335629e-06
2.136752392731305e-06 2.541475379335629e-06
2.136752392731305e-06 2.541475379335629e-06
2.136752392731305e-06 2.541475379335629e-06
2.136752392731305e-06 2.541475379335629e-06
2.136752392731305e-06 2.541475379335629e-06
8.560299168022154e-06 1.1184539826321099e-05
8.560299168022154e-06 1.1184539826321099e-05
8.560299168022154e-06 1.1184539826321099e-05
8.560299168022154e-06 1.1184539826321099e-05
8.560299168022154e-06 1.1184539826321099e-05
8.560299168022154e-06 1.1184539826321099e-05
8.560299168022154e-06 1.1184539826321099e-05
8.560299168022154e-06 1.1184539826321099e-05
8.560299168022154e-06 1.1184539826321099e-05
8.560299168022154e-06 1.1184539826321099e-05
8.560299168022154e-06 1.1184539826321099e-05
8.560299168022154e-06 1.1184539826321099e-05
8.560299168022154e-06 1.1184539826321099e-05
8.560299168022154e-06 1.1184539826321099e-05
8.560299168022154e-06 1.1184539826321099e-05
8.560299168022154e-06 1.1184539826321099e-05
8.560299168022154e-06 1.1184539826321099e-05
8.560299168022154e-06 1.1184539826321099e-05
8.560299168022154e-06 1.1184539826321099e-05
8.560299168022154e-06 1.1184539826321099e-05
8.560299168022154e-06 1.1184539826321099e-05
8.560299168022154e-06 1.1184539826321099e-05
8.560299168022154e-06 1.1184539826321099e-05
8.560299168022154e-06 1.1184539826321099e-05
8.560299168022154e-06 1.1184539826321099e-05
8.560299168022154e-06 1.1184539826321099e-05
8.560299168022154e-06 1.1184539826321099e-05
8.560299168022154e-06 1.1184539826321099e-05
8.560299168022154e-06 1.1184539826321099e-05
8.560299168022154e-06 1.1184539826321099e-05
8.560299168022154e-06 1.1184539826321099e-05
8.560299168022154e-06 1.1184539826321099e-05
8.560299168022154e-06 1.1184539826321099e-05
8.560299168022154e-06 1.1184539826321099e-05
8.560299168022154e-06 1.1184539826321099e-05
4.315067426574216e-05 4.89272027447057e-05
4.315067426574216e-05 4.89272027447057e-05
4.315067426574216e-05 4.89272027447057e-05
4.315067426574216e-05 4.89272027447057e-05
4.315067426574216e-05 4.89272027447057e-05
4.315067426574216e-05 4.89272027447057e-05
4.315067426574216e-05 4.89272027447057e-05
1.6655651994779867e-06 1.395528252163503e-06
1.6655651994779867e-06 1.395528252163503e-06
1.6655651994779867e-06 1.395528252163503e-06
1.6655651994779867e-06 1.395528252163503e-06
1.6655651994779867e-06 1.395528252163503e-06
1.6655651994779867e-06 1.395528252163503e-06
1.6655651994779867e-06 1.395528252163503e-06
1.6655651994779867e-06 1.395528252163503e-06
1.6655651994779867e-06 1.395528252163503e-06
1.6655651994779867e-06 1.395528252163503e-06
1.6655651994779867e-06 1.395528252163503e-06
1.6655651994779867e-06 1.395528252163503e-06
1.6655651994779867e-06 1.395528252163503e-06
1.6655651994779867e-06 1.395528252163503e-06
1.2998557696445182e-05 5.407404600156115e-06
1.2998557696445182e-05 5.407404600156115e-06
1.2998557696445182e-05 5.407404600156115e-06
1.2998557696445182e-05 5.407404600156115e-06
1.2998557696445182e-05 5.407404600156115e-06
1.2998557696445182e-05 5.407404600156115e-06
1.2998557696445182e-05 5.407404600156115e-06
1.2998557696445182e-05 5.407404600156115e-06
1.2998557696445182e-05 5.407404600156115e-06
1.2998557696445182e-05 5.407404600156115e-06
1.2998557696445182e-05 5.407404600156115e-06
1.2998557696445182e-05 5.407404600156115e-06
1.2998557696445182e-05 5.407404600156115e-06
1.2998557696445182e-05 5.407404600156115e-06
1.3469233071847547e-05 2.1511929329613862e-06
1.3469233071847547e-05 2.1511929329613862e-06
1.3469233071847547e-05 2.1511929329613862e-06
1.3469233071847547e-05 2.1511929329613862e-06
1.3469233071847547e-05 2.1511929329613862e-06
1.3469233071847547e-05 2.1511929329613862e-06
1.3469233071847547e-05 2.1511929329613862e-06
2.7952902905858096e-06 7.401187589241456e-06
2.7952902905858096e-06 7.401187589241456e-06
2.7952902905858096e-06 7.401187589241456e-06
2.7952902905858096e-06 7.401187589241456e-06
2.7952902905858096e-06 7.401187589241456e-06
2.7952902905858096e-06 7.401187589241456e-06
2.7952902905858096e-06 7.401187589241456e-06
0.008933512937441967 0.0003003596901273209
0.008933512937441967 0.0003003596901273209
0.008933512937441967 0.0003003596901273209
0.008933512937441967 0.0003003596901273209
0.008933512937441967 0.0003003596901273209
0.008933512937441967 0.0003003596901273209
0.008933512937441967 0.0003003596901273209
5.3546956180928165e-08 4.052531218714343e-09
5.3546956180928165e-08 4.052531218714343e-09
5.3546956180928165e-08 4.052531218714343e-09
5.3546956180928165e-08 4.052531218714343e-09
5.3546956180928165e-08 4.052531218714343e-09
5.3546956180928165e-08 4.052531218714343e-09
5.3546956180928165e-08 4.052531218714343e-09
0.10653950299365592 0.18079843668809223
0.10653950299365592 0.18079843668809223
0.10653950299365592 0.18079843668809223
0.10653950299365592 0.18079843668809223
0.10653950299365592 0.18079843668809223
0.10653950299365592 0.18079843668809223
0.10653950299365592 0.18079843668809223
0.10653950299365592 0.18079843668809223
0.10653950299365592 0.18079843668809223
0.10653950299365592 0.18079843668809223
0.10653950299365592 0.18079843668809223
0.10653950299365592 0.18079843668809223
0.10653950299365592 0.18079843668809223
0.10653950299365592 0.18079843668809223
0.0015522872080099164 0.001480844119587171
0.0015522872080099164 0.001480844119587171
0.0015522872080099164 0.001480844119587171
0.0015522872080099164 0.001480844119587171
0.0015522872080099164 0.001480844119587171
0.0015522872080099164 0.001480844119587171
0.0015522872080099164 0.001480844119587171
3.356212028015515e-07 3.9552562119978807e-07
3.356212028015515e-07 3.9552562119978807e-07
3.356212028015515e-07 3.9552562119978807e-07
3.356212028015515e-07 3.9552562119978807e-07
3.356212028015515e-07 3.9552562119978807e-07
3.356212028015515e-07 3.9552562119978807e-07
3.356212028015515e-07 3.9552562119978807e-07
3.356212028015515e-07 3.9552562119978807e-07
3.356212028015515e-07 3.9552562119978807e-07
3.356212028015515e-07 3.9552562119978807e-07
3.356212028015515e-07 3.9552562119978807e-07
3.356212028015515e-07 3.9552562119978807e-07
3.356212028015515e-07 3.9552562119978807e-07
3.356212028015515e-07 3.9552562119978807e-07
3.356212028015515e-07 3.9552562119978807e-07
3.356212028015515e-07 3.9552562119978807e-07
3.356212028015515e-07 3.9552562119978807e-07
3.356212028015515e-07 3.9552562119978807e-07
3.356212028015515e-07 3.9552562119978807e-07
3.356212028015515e-07 3.9552562119978807e-07
3.356212028015515e-07 3.9552562119978807e-07
3.2102253428182637e-07 3.9552609594435133e-07
3.2102253428182637e-07 3.9552609594435133e-07
3.2102253428182637e-07 3.9552609594435133e-07
3.2102253428182637e-07 3.9552609594435133e-07
3.2102253428182637e-07 3.9552609594435133e-07
3.2102253428182637e-07 3.9552609594435133e-07
3.2102253428182637e-07 3.9552609594435133e-07
4.0296276531969986e-07 3.955255707591417e-07
4.0296276531969986e-07 3.955255707591417e-07
4.0296276531969986e-07 3.955255707591417e-07
4.0296276531969986e-07 3.955255707591417e-07
4.0296276531969986e-07 3.955255707591417e-07
4.0296276531969986e-07 3.955255707591417e-07
4.0296276531969986e-07 3.955255707591417e-07
4.0296276531969986e-07 3.955255707591417e-07
4.0296276531969986e-07 3.955255707591417e-07
4.0296276531969986e-07 3.955255707591417e-07
4.0296276531969986e-07 3.955255707591417e-07
4.0296276531969986e-07 3.955255707591417e-07
4.0296276531969986e-07 3.955255707591417e-07
4.0296276531969986e-07 3.955255707591417e-07
5.077609729050773e-07 3.955276092442809e-07
5.077609729050773e-07 3.955276092442809e-07
5.077609729050773e-07 3.955276092442809e-07
5.077609729050773e-07 3.955276092442809e-07
5.077609729050773e-07 3.955276092442809e-07
5.077609729050773e-07 3.955276092442809e-07
5.077609729050773e-07 3.955276092442809e-07
5.077609729050773e-07 3.955276092442809e-07
5.077609729050773e-07 3.955276092442809e-07
5.077609729050773e-07 3.955276092442809e-07
5.077609729050773e-07 3.955276092442809e-07
5.077609729050773e-07 3.955276092442809e-07
5.077609729050773e-07 3.955276092442809e-07
5.077609729050773e-07 3.955276092442809e-07
2.1483763340934794e-06 2.5414769874753703e-06
2.1483763340934794e-06 2.5414769874753703e-06
2.1483763340934794e-06 2.5414769874753703e-06
2.1483763340934794e-06 2.5414769874753703e-06
2.1483763340934794e-06 2.5414769874753703e-06
2.1483763340934794e-06 2.5414769874753703e-06
2.1483763340934794e-06 2.5414769874753703e-06
2.1483763340934794e-06 2.5414769874753703e-06
2.1483763340934794e-06 2.5414769874753703e-06
2.1483763340934794e-06 2.5414769874753703e-06
2.1483763340934794e-06 2.5414769874753703e-06
2.1483763340934794e-06 2.5414769874753703e-06
2.1483763340934794e-06 2.5414769874753703e-06
2.1483763340934794e-06 2.5414769874753703e-06
2.1483763340934794e-06 2.5414769874753703e-06
2.1483763340934794e-06 2.5414769874753703e-06
2.1483763340934794e-06 2.5414769874753703e-06
2.1483763340934794e-06 2.5414769874753703e-06
8.195175396988651e-06 1.1184538098061838e-05
8.195175396988651e-06 1.1184538098061838e-05
8.195175396988651e-06 1.1184538098061838e-05
8.195175396988651e-06 1.1184538098061838e-05
8.195175396988651e-06 1.1184538098061838e-05
8.195175396988651e-06 1.1184538098061838e-05
8.195175396988651e-06 1.1184538098061838e-05
8.195175396988651e-06 1.1184538098061838e-05
8.195175396988651e-06 1.1184538098061838e-05
8.195175396988651e-06 1.1184538098061838e-05
8.195175396988651e-06 1.1184538098061838e-05
8.195175396988651e-06 1.1184538098061838e-05
8.195175396988651e-06 1.1184538098061838e-05
8.195175396988651e-06 1.1184538098061838e-05
8.195175396988651e-06 1.1184538098061838e-05
8.195175396988651e-06 1.1184538098061838e-05
8.195175396988651e-06 1.1184538098061838e-05
8.195175396988651e-06 1.1184538098061838e-05
8.195175396988651e-06 1.1184538098061838e-05
8.195175396988651e-06 1.1184538098061838e-05
8.195175396988651e-06 1.1184538098061838e-05
8.195175396988651e-06 1.1184538098061838e-05
8.195175396988651e-06 1.1184538098061838e-05
8.195175396988651e-06 1.1184538098061838e-05
8.195175396988651e-06 1.1184538098061838e-05
8.195175396988651e-06 1.1184538098061838e-05
8.195175396988651e-06 1.1184538098061838e-05
8.195175396988651e-06 1.1184538098061838e-05
8.195175396988651e-06 1.1184538098061838e-05
8.195175396988651e-06 1.1184538098061838e-05
8.195175396988651e-06 1.1184538098061838e-05
8.195175396988651e-06 1.1184538098061838e-05
8.195175396988651e-06 1.1184538098061838e-05
8.195175396988651e-06 1.1184538098061838e-05
8.195175396988651e-06 1.1184538098061838e-05
8.195175396988651e-06 1.1184538098061838e-05
8.195175396988651e-06 1.1184538098061838e-05
8.195175396988651e-06 1.1184538098061838e-05
8.195175396988651e-06 1.1184538098061838e-05
8.195175396988651e-06 1.1184538098061838e-05
8.195175396988651e-06 1.1184538098061838e-05
8.195175396988651e-06 1.1184538098061838e-05
8.195175396988651e-06 1.1184538098061838e-05
8.195175396988651e-06 1.1184538098061838e-05
8.195175396988651e-06 1.1184538098061838e-05
2.8467014582927693e-07 4.8923611978130687e-05
2.8467014582927693e-07 4.8923611978130687e-05
2.8467014582927693e-07 4.8923611978130687e-05
2.8467014582927693e-07 4.8923611978130687e-05
2.8467014582927693e-07 4.8923611978130687e-05
2.8467014582927693e-07 4.8923611978130687e-05
2.8467014582927693e-07 4.8923611978130687e-05
2.8467014582927693e-07 4.8923611978130687e-05
2.8467014582927693e-07 4.8923611978130687e-05
1.8601014407857026e-06 1.3955245370615026e-06
1.8601014407857026e-06 1.3955245370615026e-06
1.8601014407857026e-06 1.3955245370615026e-06
1.8601014407857026e-06 1.3955245370615026e-06
1.8601014407857026e-06 1.3955245370615026e-06
1.8601014407857026e-06 1.3955245370615026e-06
1.8601014407857026e-06 1.3955245370615026e-06
1.8601014407857026e-06 1.3955245370615026e-06
1.8601014407857026e-06 1.3955245370615026e-06
1.8601014407857026e-06 1.3955245370615026e-06
1.8601014407857026e-06 1.3955245370615026e-06
1.8601014407857026e-06 1.3955245370615026e-06
1.8601014407857026e-06 1.3955245370615026e-06
1.8601014407857026e-06 1.3955245370615026e-06
1.8601014407857026e-06 1.3955245370615026e-06
1.8601014407857026e-06 1.3955245370615026e-06
1.8601014407857026e-06 1.3955245370615026e-06
1.8601014407857026e-06 1.3955245370615026e-06
1.4577965154574542e-05 5.407441524002584e-06
1.4577965154574542e-05 5.407441524002584e-06
1.4577965154574542e-05 5.407441524002584e-06
1.4577965154574542e-05 5.407441524002584e-06
1.4577965154574542e-05 5.407441524002584e-06
1.4577965154574542e-05 5.407441524002584e-06
1.4577965154574542e-05 5.407441524002584e-06
1.4577965154574542e-05 5.407441524002584e-06
1.4577965154574542e-05 5.407441524002584e-06
1.4577965154574542e-05 5.407441524002584e-06
1.4577965154574542e-05 5.407441524002584e-06
1.4577965154574542e-05 5.407441524002584e-06
1.4577965154574542e-05 5.407441524002584e-06
1.4577965154574542e-05 5.407441524002584e-06
1.4577965154574542e-05 5.407441524002584e-06
1.4577965154574542e-05 5.407441524002584e-06
1.4577965154574542e-05 5.407441524002584e-06
1.4577965154574542e-05 5.407441524002584e-06
1.6171502715018852e-05 2.151012134918121e-06
1.6171502715018852e-05 2.151012134918121e-06
1.6171502715018852e-05 2.151012134918121e-06
1.6171502715018852e-05 2.151012134918121e-06
1.6171502715018852e-05 2.151012134918121e-06
1.6171502715018852e-05 2.151012134918121e-06
1.6171502715018852e-05 2.151012134918121e-06
1.6171502715018852e-05 2.151012134918121e-06
1.6171502715018852e-05 2.151012134918121e-06
3.1784570681503634e-06 7.401488275891352e-06
3.1784570681503634e-06 7.401488275891352e-06
3.1784570681503634e-06 7.401488275891352e-06
3.1784570681503634e-06 7.401488275891352e-06
3.1784570681503634e-06 7.401488275891352e-06
3.1784570681503634e-06 7.401488275891352e-06
3.1784570681503634e-06 7.401488275891352e-06
3.1784570681503634e-06 7.401488275891352e-06
3.1784570681503634e-06 7.401488275891352e-06
0.010011922229710313 0.0003003508685788004
0.010011922229710313 0.0003003508685788004
0.010011922229710313 0.0003003508685788004
0.010011922229710313 0.0003003508685788004
0.010011922229710313 0.0003003508685788004
0.010011922229710313 0.0003003508685788004
0.010011922229710313 0.0003003508685788004
0.010011922229710313 0.0003003508685788004
0.010011922229710313 0.0003003508685788004
6.375919891719819e-08 4.048059221345159e-09
6.375919891719819e-08 4.048059221345159e-09
6.375919891719819e-08 4.048059221345159e-09
6.375919891719819e-08 4.048059221345159e-09
6.375919891719819e-08 4.048059221345159e-09
6.375919891719819e-08 4.048059221345159e-09
6.375919891719819e-08 4.048059221345159e-09
6.375919891719819e-08 4.048059221345159e-09
6.375919891719819e-08 4.048059221345159e-09
0.09647740458777823 0.18079868650035805
0.09647740458777823 0.18079868650035805
0.09647740458777823 0.18079868650035805
0.09647740458777823 0.18079868650035805
0.09647740458777823 0.18079868650035805
0.09647740458777823 0.18079868650035805
0.09647740458777823 0.18079868650035805
0.09647740458777823 0.18079868650035805
0.09647740458777823 0.18079868650035805
0.09647740458777823 0.18079868650035805
0.09647740458777823 0.18079868650035805
0.09647740458777823 0.18079868650035805
0.09647740458777823 0.18079868650035805
0.09647740458777823 0.18079868650035805
0.09647740458777823 0.18079868650035805
0.09647740458777823 0.18079868650035805
0.09647740458777823 0.18079868650035805
0.09647740458777823 0.18079868650035805
0.00047167728471399315 0.001480834819731836
0.00047167728471399315 0.001480834819731836
0.00047167728471399315 0.001480834819731836
0.00047167728471399315 0.001480834819731836
0.00047167728471399315 0.001480834819731836
0.00047167728471399315 0.001480834819731836
0.00047167728471399315 0.001480834819731836
0.00047167728471399315 0.001480834819731836
0.00047167728471399315 0.001480834819731836
3.3744563048871824e-07 3.955255596691692e-07
3.3744563048871824e-07 3.955255596691692e-07
3.3744563048871824e-07 3.955255596691692e-07
3.3744563048871824e-07 3.955255596691692e-07
3.3744563048871824e-07 3.955255596691692e-07
3.3744563048871824e-07 3.955255596691692e-07
3.3744563048871824e-07 3.955255596691692e-07
3.3744563048871824e-07 3.955255596691692e-07
3.3744563048871824e-07 3.955255596691692e-07
3.3744563048871824e-07 3.955255596691692e-07
3.3744563048871824e-07 3.955255596691692e-07
3.3744563048871824e-07 3.955255596691692e-07
3.3744563048871824e-07 3.955255596691692e-07
3.3744563048871824e-07 3.955255596691692e-07
3.3744563048871824e-07 3.955255596691692e-07
3.3744563048871824e-07 3.955255596691692e-07
3.3744563048871824e-07 3.955255596691692e-07
3.3744563048871824e-07 3.955255596691692e-07
3.3744563048871824e-07 3.955255596691692e-07
3.3744563048871824e-07 3.955255596691692e-07
3.3744563048871824e-07 3.955255596691692e-07
3.3744563048871824e-07 3.955255596691692e-07
3.3744563048871824e-07 3.955255596691692e-07
3.3744563048871824e-07 3.955255596691692e-07
3.3744563048871824e-07 3.955255596691692e-07
3.3744563048871824e-07 3.955255596691692e-07
3.3744563048871824e-07 3.955255596691692e-07
3.1653101864761887e-07 3.955256903868151e-07
3.1653101864761887e-07 3.955256903868151e-07
3.1653101864761887e-07 3.955256903868151e-07
3.1653101864761887e-07 3.955256903868151e-07
3.1653101864761887e-07 3.955256903868151e-07
3.1653101864761887e-07 3.955256903868151e-07
3.1653101864761887e-07 3.955256903868151e-07
3.1653101864761887e-07 3.955256903868151e-07
3.1653101864761887e-07 3.955256903868151e-07
4.176845094354306e-07 3.955256692971433e-07
4.176845094354306e-07 3.955256692971433e-07
4.176845094354306e-07 3.955256692971433e-07
4.176845094354306e-07 3.955256692971433e-07
4.176845094354306e-07 3.955256692971433e-07
4.176845094354306e-07 3.955256692971433e-07
4.176845094354306e-07 3.955256692971433e-07
4.176845094354306e-07 3.955256692971433e-07
4.176845094354306e-07 3.955256692971433e-07
4.176845094354306e-07 3.955256692971433e-07
4.176845094354306e-07 3.955256692971433e-07
4.176845094354306e-07 3.955256692971433e-07
4.176845094354306e-07 3.955256692971433e-07
4.176845094354306e-07 3.955256692971433e-07
4.176845094354306e-07 3.955256692971433e-07
4.176845094354306e-07 3.955256692971433e-07
4.176845094354306e-07 3.955256692971433e-07
4.176845094354306e-07 3.955256692971433e-07
5.744154168027459e-07 3.95523697090145e-07
5.744154168027459e-07 3.95523697090145e-07
5.744154168027459e-07 3.95523697090145e-07
5.744154168027459e-07 3.95523697090145e-07
5.744154168027459e-07 3.95523697090145e-07
5.744154168027459e-07 3.95523697090145e-07
5.744154168027459e-07 3.95523697090145e-07
5.744154168027459e-07 3.95523697090145e-07
5.744154168027459e-07 3.95523697090145e-07
5.744154168027459e-07 3.95523697090145e-07
5.744154168027459e-07 3.95523697090145e-07
5.744154168027459e-07 3.95523697090145e-07
5.744154168027459e-07 3.95523697090145e-07
5.744154168027459e-07 3.95523697090145e-07
5.744154168027459e-07 3.95523697090145e-07
5.744154168027459e-07 3.95523697090145e-07
5.744154168027459e-07 3.95523697090145e-07
5.744154168027459e-07 3.95523697090145e-07
4.01977647845302e-06 2.540198331813714e-06
4.01977647845302e-06 2.540198331813714e-06
4.01977647845302e-06 2.540198331813714e-06
4.01977647845302e-06 2.540198331813714e-06
1.0720542415942596e-05 1.1166996237705889e-05
1.0720542415942596e-05 1.1166996237705889e-05
1.0720542415942596e-05 1.1166996237705889e-05
1.0720542415942596e-05 1.1166996237705889e-05
1.0720542415942596e-05 1.1166996237705889e-05
1.0720542415942596e-05 1.1166996237705889e-05
1.0720542415942596e-05 1.1166996237705889e-05
1.0720542415942596e-05 1.1166996237705889e-05
1.0720542415942596e-05 1.1166996237705889e-05
1.0720542415942596e-05 1.1166996237705889e-05
4.117086369189093e-06 1.3970858005058666e-06
4.117086369189093e-06 1.3970858005058666e-06
4.117086369189093e-06 1.3970858005058666e-06
4.117086369189093e-06 1.3970858005058666e-06
2.2785271600437476e-05 5.476999730844585e-06
2.2785271600437476e-05 5.476999730844585e-06
2.2785271600437476e-05 5.476999730844585e-06
2.2785271600437476e-05 5.476999730844585e-06
1.2026747486409776e-05 2.0309847026232196e-06
1.2026747486409776e-05 2.0309847026232196e-06
2.6191976157030547e-05 6.751328323847717e-06
2.6191976157030547e-05 6.751328323847717e-06
0.00375234521575985 0.0003514526710402999
0.00375234521575985 0.0003514526710402999
2.2113463784636622e-08 3.077580258676776e-08
2.2113463784636622e-08 3.077580258676776e-08
0.1951219512195122 0.18041237113402062
0.1951219512195122 0.18041237113402062
0.1951219512195122 0.18041237113402062
0.1951219512195122 0.18041237113402062
0.0020637898686679174 0.001456745853877185
0.0020637898686679174 0.001456745853877185
6.314301478630923e-07 3.9535475958007226e-07
6.314301478630923e-07 3.9535475958007226e-07
6.314301478630923e-07 3.9535475958007226e-07
6.314301478630923e-07 3.9535475958007226e-07
6.314301478630923e-07 3.9535475958007226e-07
6.314301478630923e-07 3.9535475958007226e-07
6.684348210201564e-07 3.9655538808630546e-07
6.684348210201564e-07 3.9655538808630546e-07
7.643231738370463e-07 3.9565763150215667e-07
7.643231738370463e-07 3.9565763150215667e-07
7.643231738370463e-07 3.9565763150215667e-07
7.643231738370463e-07 3.9565763150215667e-07
1.299155697889954e-06 4.026694839213404e-07
1.299155697889954e-06 4.026694839213404e-07
1.299155697889954e-06 4.026694839213404e-07
1.299155697889954e-06 4.026694839213404e-07
2.087493637509499e-06 2.5414750873443092e-06
2.087493637509499e-06 2.5414750873443092e-06
2.087493637509499e-06 2.5414750873443092e-06
2.087493637509499e-06 2.5414750873443092e-06
2.087493637509499e-06 2.5414750873443092e-06
2.087493637509499e-06 2.5414750873443092e-06
2.087493637509499e-06 2.5414750873443092e-06
2.087493637509499e-06 2.5414750873443092e-06
2.087493637509499e-06 2.5414750873443092e-06
2.087493637509499e-06 2.5414750873443092e-06
2.087493637509499e-06 2.5414750873443092e-06
2.087493637509499e-06 2.5414750873443092e-06
7.879972053765446e-06 1.1184538282283223e-05
7.879972053765446e-06 1.1184538282283223e-05
7.879972053765446e-06 1.1184538282283223e-05
7.879972053765446e-06 1.1184538282283223e-05
7.879972053765446e-06 1.1184538282283223e-05
7.879972053765446e-06 1.1184538282283223e-05
7.879972053765446e-06 1.1184538282283223e-05
7.879972053765446e-06 1.1184538282283223e-05
7.879972053765446e-06 1.1184538282283223e-05
7.879972053765446e-06 1.1184538282283223e-05
7.879972053765446e-06 1.1184538282283223e-05
7.879972053765446e-06 1.1184538282283223e-05
7.879972053765446e-06 1.1184538282283223e-05
7.879972053765446e-06 1.1184538282283223e-05
7.879972053765446e-06 1.1184538282283223e-05
7.879972053765446e-06 1.1184538282283223e-05
7.879972053765446e-06 1.1184538282283223e-05
7.879972053765446e-06 1.1184538282283223e-05
7.879972053765446e-06 1.1184538282283223e-05
7.879972053765446e-06 1.1184538282283223e-05
7.879972053765446e-06 1.1184538282283223e-05
7.879972053765446e-06 1.1184538282283223e-05
7.879972053765446e-06 1.1184538282283223e-05
7.879972053765446e-06 1.1184538282283223e-05
7.879972053765446e-06 1.1184538282283223e-05
7.879972053765446e-06 1.1184538282283223e-05
7.879972053765446e-06 1.1184538282283223e-05
7.879972053765446e-06 1.1184538282283223e-05
7.879972053765446e-06 1.1184538282283223e-05
7.879972053765446e-06 1.1184538282283223e-05
2.3294540159121677e-07 4.8922003649581475e-05
2.3294540159121677e-07 4.8922003649581475e-05
2.3294540159121677e-07 4.8922003649581475e-05
2.3294540159121677e-07 4.8922003649581475e-05
2.3294540159121677e-07 4.8922003649581475e-05
2.3294540159121677e-07 4.8922003649581475e-05
1.402446031433743e-06 1.3955281144764185e-06
1.402446031433743e-06 1.3955281144764185e-06
1.402446031433743e-06 1.3955281144764185e-06
1.402446031433743e-06 1.3955281144764185e-06
1.402446031433743e-06 1.3955281144764185e-06
1.402446031433743e-06 1.3955281144764185e-06
1.402446031433743e-06 1.3955281144764185e-06
1.402446031433743e-06 1.3955281144764185e-06
1.402446031433743e-06 1.3955281144764185e-06
1.402446031433743e-06 1.3955281144764185e-06
1.402446031433743e-06 1.3955281144764185e-06
1.402446031433743e-06 1.3955281144764185e-06
1.108398683324247e-05 5.407411144133612e-06
1.108398683324247e-05 5.407411144133612e-06
1.108398683324247e-05 5.407411144133612e-06
1.108398683324247e-05 5.407411144133612e-06
1.108398683324247e-05 5.407411144133612e-06
1.108398683324247e-05 5.407411144133612e-06
1.108398683324247e-05 5.407411144133612e-06
1.108398683324247e-05 5.407411144133612e-06
1.108398683324247e-05 5.407411144133612e-06
1.108398683324247e-05 5.407411144133612e-06
1.108398683324247e-05 5.407411144133612e-06
1.108398683324247e-05 5.407411144133612e-06
1.336915091209606e-05 2.151180302322022e-06
1.336915091209606e-05 2.151180302322022e-06
1.336915091209606e-05 2.151180302322022e-06
1.336915091209606e-05 2.151180302322022e-06
1.336915091209606e-05 2.151180302322022e-06
1.336915091209606e-05 2.151180302322022e-06
3.934471550419426e-06 7.401415378602692e-06
3.934471550419426e-06 7.401415378602692e-06
3.934471550419426e-06 7.401415378602692e-06
3.934471550419426e-06 7.401415378602692e-06
3.934471550419426e-06 7.401415378602692e-06
3.934471550419426e-06 7.401415378602692e-06
0.010457884136950599 0.0003003366278596579
0.010457884136950599 0.0003003366278596579
0.010457884136950599 0.0003003366278596579
0.010457884136950599 0.0003003366278596579
0.010457884136950599 0.0003003366278596579
0.010457884136950599 0.0003003366278596579
5.7750149436046065e-08 4.0541967320806666e-09
5.7750149436046065e-08 4.0541967320806666e-09
5.7750149436046065e-08 4.0541967320806666e-09
5.7750149436046065e-08 4.0541967320806666e-09
5.7750149436046065e-08 4.0541967320806666e-09
5.7750149436046065e-08 4.0541967320806666e-09
0.08892410061998973 0.18079811356753928
0.08892410061998973 0.18079811356753928
0.08892410061998973 0.18079811356753928
0.08892410061998973 0.18079811356753928
0.08892410061998973 0.18079811356753928
0.08892410061998973 0.18079811356753928
0.08892410061998973 0.18079811356753928
0.08892410061998973 0.18079811356753928
0.08892410061998973 0.18079811356753928
0.08892410061998973 0.18079811356753928
0.08892410061998973 0.18079811356753928
0.08892410061998973 0.18079811356753928
4.087193460490463e-05 0.0014808477800364618
4.087193460490463e-05 0.0014808477800364618
4.087193460490463e-05 0.0014808477800364618
4.087193460490463e-05 0.0014808477800364618
4.087193460490463e-05 0.0014808477800364618
4.087193460490463e-05 0.0014808477800364618
3.2788915673031145e-07 3.9552592012407785e-07
3.2788915673031145e-07 3.9552592012407785e-07
3.2788915673031145e-07 3.9552592012407785e-07
3.2788915673031145e-07 3.9552592012407785e-07
3.2788915673031145e-07 3.9552592012407785e-07
3.2788915673031145e-07 3.9552592012407785e-07
3.2788915673031145e-07 3.9552592012407785e-07
3.2788915673031145e-07 3.9552592012407785e-07
3.2788915673031145e-07 3.9552592012407785e-07
3.2788915673031145e-07 3.9552592012407785e-07
3.2788915673031145e-07 3.9552592012407785e-07
3.2788915673031145e-07 3.9552592012407785e-07
3.2788915673031145e-07 3.9552592012407785e-07
3.2788915673031145e-07 3.9552592012407785e-07
3.2788915673031145e-07 3.9552592012407785e-07
3.2788915673031145e-07 3.9552592012407785e-07
3.2788915673031145e-07 3.9552592012407785e-07
3.2788915673031145e-07 3.9552592012407785e-07
3.019726238229868e-07 3.9552622760441716e-07
3.019726238229868e-07 3.9552622760441716e-07
3.019726238229868e-07 3.9552622760441716e-07
3.019726238229868e-07 3.9552622760441716e-07
3.019726238229868e-07 3.9552622760441716e-07
3.019726238229868e-07 3.9552622760441716e-07
4.115219988199606e-07 3.9552586411325304e-07
4.115219988199606e-07 3.9552586411325304e-07
4.115219988199606e-07 3.9552586411325304e-07
4.115219988199606e-07 3.9552586411325304e-07
4.115219988199606e-07 3.9552586411325304e-07
4.115219988199606e-07 3.9552586411325304e-07
4.115219988199606e-07 3.9552586411325304e-07
4.115219988199606e-07 3.9552586411325304e-07
4.115219988199606e-07 3.9552586411325304e-07
4.115219988199606e-07 3.9552586411325304e-07
4.115219988199606e-07 3.9552586411325304e-07
4.115219988199606e-07 3.9552586411325304e-07
4.4009676451277066e-07 3.9552510326247097e-07
4.4009676451277066e-07 3.9552510326247097e-07
4.4009676451277066e-07 3.9552510326247097e-07
4.4009676451277066e-07 3.9552510326247097e-07
4.4009676451277066e-07 3.9552510326247097e-07
4.4009676451277066e-07 3.9552510326247097e-07
4.4009676451277066e-07 3.9552510326247097e-07
4.4009676451277066e-07 3.9552510326247097e-07
4.4009676451277066e-07 3.9552510326247097e-07
4.4009676451277066e-07 3.9552510326247097e-07
4.4009676451277066e-07 3.9552510326247097e-07
4.4009676451277066e-07 3.9552510326247097e-07
1.8330353781551132e-06 2.541475108220465e-06
1.8330353781551132e-06 2.541475108220465e-06
7.914787352150543e-06 1.1184554971835082e-05
7.914787352150543e-06 1.1184554971835082e-05
7.914787352150543e-06 1.1184554971835082e-05
7.914787352150543e-06 1.1184554971835082e-05
7.914787352150543e-06 1.1184554971835082e-05
1.4746204858786023e-07 4.8922876987849694e-05
4.022150411862402e-08 1.3955269407672282e-06
4.022150411862402e-08 1.3955269407672282e-06
4.645535005201977e-07 5.407553495684962e-06
4.645535005201977e-07 5.407553495684962e-06
6.217532920434663e-07 2.151034145516026e-06
3.83102594562115e-06 7.400906734900641e-06
0.009966833468011827 0.00030031502027188487
2.651779806597981e-10 4.045817015317542e-09
0.07773417652694475 0.18079891578577298
0.07773417652694475 0.18079891578577298
3.5622617737438807e-06 0.0014808787413116778
2.8792224568445513e-07 3.9552647826743014e-07
2.8792224568445513e-07 3.9552647826743014e-07
2.8792224568445513e-07 3.9552647826743014e-07
2.637719377237745e-07 3.955263857971318e-07
3.6177143504323077e-07 3.9552497010177965e-07
3.6177143504323077e-07 3.9552497010177965e-07
1.1183555907184421e-08 3.9552078009599256e-07
1.1183555907184421e-08 3.9552078009599256e-07
1.7465171905039107e-06 2.5414784749750143e-06
1.7465171905039107e-06 2.5414784749750143e-06
1.7465171905039107e-06 2.5414784749750143e-06
1.7465171905039107e-06 2.5414784749750143e-06
1.7465171905039107e-06 2.5414784749750143e-06
1.7465171905039107e-06 2.5414784749750143e-06
1.7465171905039107e-06 2.5414784749750143e-06
1.7465171905039107e-06 2.5414784749750143e-06
1.7465171905039107e-06 2.5414784749750143e-06
1.7465171905039107e-06 2.5414784749750143e-06
7.97975452100051e-06 1.1184528296681585e-05
7.97975452100051e-06 1.1184528296681585e-05
7.97975452100051e-06 1.1184528296681585e-05
7.97975452100051e-06 1.1184528296681585e-05
7.97975452100051e-06 1.1184528296681585e-05
7.97975452100051e-06 1.1184528296681585e-05
7.97975452100051e-06 1.1184528296681585e-05
7.97975452100051e-06 1.1184528296681585e-05
7.97975452100051e-06 1.1184528296681585e-05
7.97975452100051e-06 1.1184528296681585e-05
7.97975452100051e-06 1.1184528296681585e-05
7.97975452100051e-06 1.1184528296681585e-05
7.97975452100051e-06 1.1184528296681585e-05
7.97975452100051e-06 1.1184528296681585e-05
7.97975452100051e-06 1.1184528296681585e-05
7.97975452100051e-06 1.1184528296681585e-05
7.97975452100051e-06 1.1184528296681585e-05
7.97975452100051e-06 1.1184528296681585e-05
7.97975452100051e-06 1.1184528296681585e-05
7.97975452100051e-06 1.1184528296681585e-05
7.97975452100051e-06 1.1184528296681585e-05
7.97975452100051e-06 1.1184528296681585e-05
7.97975452100051e-06 1.1184528296681585e-05
7.97975452100051e-06 1.1184528296681585e-05
7.97975452100051e-06 1.1184528296681585e-05
1.4343796827117715e-07 4.891305940367091e-05
1.4343796827117715e-07 4.891305940367091e-05
1.4343796827117715e-07 4.891305940367091e-05
1.4343796827117715e-07 4.891305940367091e-05
1.4343796827117715e-07 4.891305940367091e-05
2.0813107141317716e-08 1.3955238270254522e-06
2.0813107141317716e-08 1.3955238270254522e-06
2.0813107141317716e-08 1.3955238270254522e-06
2.0813107141317716e-08 1.3955238270254522e-06
2.0813107141317716e-08 1.3955238270254522e-06
2.0813107141317716e-08 1.3955238270254522e-06
2.0813107141317716e-08 1.3955238270254522e-06
2.0813107141317716e-08 1.3955238270254522e-06
2.0813107141317716e-08 1.3955238270254522e-06
2.0813107141317716e-08 1.3955238270254522e-06
2.575127908456095e-07 5.407549554301621e-06
2.575127908456095e-07 5.407549554301621e-06
2.575127908456095e-07 5.407549554301621e-06
2.575127908456095e-07 5.407549554301621e-06
2.575127908456095e-07 5.407549554301621e-06
2.575127908456095e-07 5.407549554301621e-06
2.575127908456095e-07 5.407549554301621e-06
2.575127908456095e-07 5.407549554301621e-06
2.575127908456095e-07 5.407549554301621e-06
2.575127908456095e-07 5.407549554301621e-06
3.480638766826488e-07 2.1512133086317776e-06
3.480638766826488e-07 2.1512133086317776e-06
3.480638766826488e-07 2.1512133086317776e-06
3.480638766826488e-07 2.1512133086317776e-06
3.480638766826488e-07 2.1512133086317776e-06
3.2079095358105e-06 7.401045308506038e-06
3.2079095358105e-06 7.401045308506038e-06
3.2079095358105e-06 7.401045308506038e-06
3.2079095358105e-06 7.401045308506038e-06
3.2079095358105e-06 7.401045308506038e-06
0.009901293449010126 0.00030035323343498386
0.009901293449010126 0.00030035323343498386
0.009901293449010126 0.00030035323343498386
0.009901293449010126 0.00030035323343498386
0.009901293449010126 0.00030035323343498386
3.009318193872156e-11 4.056200921622231e-09
3.009318193872156e-11 4.056200921622231e-09
3.009318193872156e-11 4.056200921622231e-09
3.009318193872156e-11 4.056200921622231e-09
3.009318193872156e-11 4.056200921622231e-09
0.07469629735539976 0.18079754433901213
0.07469629735539976 0.18079754433901213
0.07469629735539976 0.18079754433901213
0.07469629735539976 0.18079754433901213
0.07469629735539976 0.18079754433901213
0.07469629735539976 0.18079754433901213
0.07469629735539976 0.18079754433901213
0.07469629735539976 0.18079754433901213
0.07469629735539976 0.18079754433901213
0.07469629735539976 0.18079754433901213
3.574474169317735e-06 0.0014808867295753357
3.574474169317735e-06 0.0014808867295753357
3.574474169317735e-06 0.0014808867295753357
3.574474169317735e-06 0.0014808867295753357
3.574474169317735e-06 0.0014808867295753357
2.743292337318449e-07 3.9552643904704955e-07
2.743292337318449e-07 3.9552643904704955e-07
2.743292337318449e-07 3.9552643904704955e-07
2.743292337318449e-07 3.9552643904704955e-07
2.743292337318449e-07 3.9552643904704955e-07
2.743292337318449e-07 3.9552643904704955e-07
2.743292337318449e-07 3.9552643904704955e-07
2.743292337318449e-07 3.9552643904704955e-07
2.743292337318449e-07 3.9552643904704955e-07
2.743292337318449e-07 3.9552643904704955e-07
2.743292337318449e-07 3.9552643904704955e-07
2.743292337318449e-07 3.9552643904704955e-07
2.743292337318449e-07 3.9552643904704955e-07
2.743292337318449e-07 3.9552643904704955e-07
2.743292337318449e-07 3.9552643904704955e-07
2.5067681608682703e-07 3.95525764655441e-07
2.5067681608682703e-07 3.95525764655441e-07
2.5067681608682703e-07 3.95525764655441e-07
2.5067681608682703e-07 3.95525764655441e-07
2.5067681608682703e-07 3.95525764655441e-07
3.439529396816129e-07 3.955245208576393e-07
3.439529396816129e-07 3.955245208576393e-07
3.439529396816129e-07 3.955245208576393e-07
3.439529396816129e-07 3.955245208576393e-07
3.439529396816129e-07 3.955245208576393e-07
3.439529396816129e-07 3.955245208576393e-07
3.439529396816129e-07 3.955245208576393e-07
3.439529396816129e-07 3.955245208576393e-07
3.439529396816129e-07 3.955245208576393e-07
3.439529396816129e-07 3.955245208576393e-07
5.615379057332808e-09 3.955320570866661e-07
5.615379057332808e-09 3.955320570866661e-07
5.615379057332808e-09 3.955320570866661e-07
5.615379057332808e-09 3.955320570866661e-07
5.615379057332808e-09 3.955320570866661e-07
5.615379057332808e-09 3.955320570866661e-07
5.615379057332808e-09 3.955320570866661e-07
5.615379057332808e-09 3.955320570866661e-07
5.615379057332808e-09 3.955320570866661e-07
5.615379057332808e-09 3.955320570866661e-07
1.8626240469682628e-06 2.5507167514071453e-06
1.8626240469682628e-06 2.5507167514071453e-06
8.690741993710815e-06 1.122485632183908e-05
8.690741993710815e-06 1.122485632183908e-05
8.690741993710815e-06 1.122485632183908e-05
8.690741993710815e-06 1.122485632183908e-05
8.690741993710815e-06 1.122485632183908e-05
1.6148436427642894e-06 5.847132566189541e-06
0.002197802197802198 0.00040584415584415587
0.06373626373626373 0.17857142857142858
0.06373626373626373 0.17857142857142858
2.925826805780855e-07 3.9699183932988626e-07
2.925826805780855e-07 3.9699183932988626e-07
2.925826805780855e-07 3.9699183932988626e-07
2.1658100887765555e-07 3.966551253569509e-07
3.8556979925437785e-07 4.0019593593023146e-07
3.8556979925437785e-07 4.0019593593023146e-07
2.4349525789724147e-06 2.4688418927200025e-06
2.4349525789724147e-06 2.4688418927200025e-06
2.7273230884301188e-05 1.0809120902511707e-05
2.7273230884301188e-05 1.0809120902511707e-05
2.7273230884301188e-05 1.0809120902511707e-05
2.7273230884301188e-05 1.0809120902511707e-05
2.7273230884301188e-05 1.0809120902511707e-05
7.234746170739287e-08 1.4548290139459909e-06
7.234746170739287e-08 1.4548290139459909e-06
1.3525503689757406e-06 5.621893903618251e-06
1.3525503689757406e-06 5.621893903618251e-06
1.951371814385513e-06 1.4593001196626098e-05
0.0091324200913242 0.0016835016835016834
0.17579908675799086 0.18518518518518517
0.17579908675799086 0.18518518518518517
3.824845672941162e-07 3.842488914007788e-07
3.824845672941162e-07 3.842488914007788e-07
3.824845672941162e-07 3.842488914007788e-07
5.340353643558631e-07 4.013132252933921e-07
3.9515853058639124e-07 4.1501800763135114e-07
3.9515853058639124e-07 4.1501800763135114e-07
1.505653374593054e-08 4.822091350662965e-07
1.505653374593054e-08 4.822091350662965e-07
2.1483763340934794e-06 2.5414769874753703e-06
2.1483763340934794e-06 2.5414769874753703e-06
8.195175396988651e-06 1.1184538098061838e-05
8.195175396988651e-06 1.1184538098061838e-05
8.195175396988651e-06 1.1184538098061838e-05
8.195175396988651e-06 1.1184538098061838e-05
8.195175396988651e-06 1.1184538098061838e-05
2.8467014582927693e-07 4.8923611978130687e-05
1.8601014407857026e-06 1.3955245370615026e-06
1.8601014407857026e-06 1.3955245370615026e-06
1.4577965154574542e-05 5.407441524002584e-06
1.4577965154574542e-05 5.407441524002584e-06
1.6171502715018852e-05 2.151012134918121e-06
3.1784570681503634e-06 7.401488275891352e-06
0.010011922229710313 0.0003003508685788004
6.375919891719819e-08 4.048059221345159e-09
0.09647740458777823 0.18079868650035805
0.09647740458777823 0.18079868650035805
0.00047167728471399315 0.001480834819731836
3.3744563048871824e-07 3.955255596691692e-07
3.3744563048871824e-07 3.955255596691692e-07
3.3744563048871824e-07 3.955255596691692e-07
3.1653101864761887e-07 3.955256903868151e-07
4.176845094354306e-07 3.955256692971433e-07
4.176845094354306e-07 3.955256692971433e-07
5.744154168027459e-07 3.95523697090145e-07
5.744154168027459e-07 3.95523697090145e-07
4.0214883706441596e-06 2.536929093291431e-06
4.0214883706441596e-06 2.536929093291431e-06
1.4906868157453623e-05 1.1181517108241245e-05
1.4906868157453623e-05 1.1181517108241245e-05
1.4906868157453623e-05 1.1181517108241245e-05
1.4906868157453623e-05 1.1181517108241245e-05
1.4906868157453623e-05 1.1181517108241245e-05
3.957899692889475e-06 1.3952877492825642e-06
3.957899692889475e-06 1.3952877492825642e-06
3.562444869705623e-05 5.274595438529865e-06
3.562444869705623e-05 5.274595438529865e-06
3.6735959448893204e-05 1.521278117022798e-06
6.953506537455063e-06 7.585469275056701e-06
0.003548895899053628 0.000351000351000351
1.2083926700610976e-07 4.610429113384514e-08
0.236198738170347 0.18146718146718147
0.236198738170347 0.18146718146718147
0.0016561514195583596 0.0015108275977841195
6.31699053446567e-07 3.9484593749567065e-07
6.31699053446567e-07 3.9484593749567065e-07
6.31699053446567e-07 3.9484593749567065e-07
7.178089036343434e-07 3.9743954551256783e-07
7.163822462937057e-07 3.937062721043358e-07
7.163822462937057e-07 3.937062721043358e-07
1.1364001964406864e-06 4.021512477772975e-07
1.1364001964406864e-06 4.021512477772975e-07
1.7465171905039107e-06 2.5414784749750143e-06
1.7465171905039107e-06 2.5414784749750143e-06
7.97975452100051e-06 1.1184528296681585e-05
7.97975452100051e-06 1.1184528296681585e-05
7.97975452100051e-06 1.1184528296681585e-05
7.97975452100051e-06 1.1184528296681585e-05
7.97975452100051e-06 1.1184528296681585e-05
1.4343796827117715e-07 4.891305940367091e-05
2.0813107141317716e-08 1.3955238270254522e-06
2.0813107141317716e-08 1.3955238270254522e-06
2.575127908456095e-07 5.407549554301621e-06
2.575127908456095e-07 5.407549554301621e-06
3.480638766826488e-07 2.1512133086317776e-06
3.2079095358105e-06 7.401045308506038e-06
0.009901293449010126 0.00030035323343498386
3.009318193872156e-11 4.056200921622231e-09
0.07469629735539976 0.18079754433901213
0.07469629735539976 0.18079754433901213
3.574474169317735e-06 0.0014808867295753357
2.743292337318449e-07 3.9552643904704955e-07
2.743292337318449e-07 3.9552643904704955e-07
2.743292337318449e-07 3.9552643904704955e-07
2.5067681608682703e-07 3.95525764655441e-07
3.439529396816129e-07 3.955245208576393e-07
3.439529396816129e-07 3.955245208576393e-07
5.615379057332808e-09 3.955320570866661e-07
5.615379057332808e-09 3.955320570866661e-07
2.507760562802068e-06 2.5414761506602836e-06
2.507760562802068e-06 2.5414761506602836e-06
2.507760562802068e-06 2.5414761506602836e-06
2.507760562802068e-06 2.5414761506602836e-06
1.0264362482112838e-05 1.1184541950588461e-05
1.0264362482112838e-05 1.1184541950588461e-05
1.0264362482112838e-05 1.1184541950588461e-05
1.0264362482112838e-05 1.1184541950588461e-05
1.0264362482112838e-05 1.1184541950588461e-05
1.0264362482112838e-05 1.1184541950588461e-05
1.0264362482112838e-05 1.1184541950588461e-05
1.0264362482112838e-05 1.1184541950588461e-05
1.0264362482112838e-05 1.1184541950588461e-05
1.0264362482112838e-05 1.1184541950588461e-05
4.782042451482135e-05 4.8927295967738315e-05
4.782042451482135e-05 4.8927295967738315e-05
1.7562111740664164e-06 1.395525645198509e-06
1.7562111740664164e-06 1.395525645198509e-06
1.7562111740664164e-06 1.395525645198509e-06
1.7562111740664164e-06 1.395525645198509e-06
1.4312674356352153e-05 5.4074706924101455e-06
1.4312674356352153e-05 5.4074706924101455e-06
1.4312674356352153e-05 5.4074706924101455e-06
1.4312674356352153e-05 5.4074706924101455e-06
1.304335764819208e-05 2.151094402384498e-06
1.304335764819208e-05 2.151094402384498e-06
2.3778216763096267e-06 7.401231413423821e-06
2.3778216763096267e-06 7.401231413423821e-06
0.007092836755828345 0.0003003478699379655
0.007092836755828345 0.0003003478699379655
5.26691440114328e-08 4.049795941206359e-09
5.26691440114328e-08 4.049795941206359e-09
0.18615394492014178 0.18079853587930456
0.18615394492014178 0.18079853587930456
0.18615394492014178 0.18079853587930456
0.18615394492014178 0.18079853587930456
0.003472590571931331 0.001480843094704818
0.003472590571931331 0.001480843094704818
3.939043889179055e-07 3.9552562668827897e-07
3.939043889179055e-07 3.9552562668827897e-07
3.939043889179055e-07 3.9552562668827897e-07
3.939043889179055e-07 3.9552562668827897e-07
3.939043889179055e-07 3.9552562668827897e-07
3.939043889179055e-07 3.9552562668827897e-07
3.6850447755911267e-07 3.955256046063416e-07
3.6850447755911267e-07 3.955256046063416e-07
4.0097149822710065e-07 3.9552564113659657e-07
4.0097149822710065e-07 3.9552564113659657e-07
4.0097149822710065e-07 3.9552564113659657e-07
4.0097149822710065e-07 3.9552564113659657e-07
5.129488199618216e-07 3.9552566081335336e-07
5.129488199618216e-07 3.9552566081335336e-07
5.129488199618216e-07 3.9552566081335336e-07
5.129488199618216e-07 3.9552566081335336e-07
2.9942398598627644e-06 2.5415003087729125e-06
2.9942398598627644e-06 2.5415003087729125e-06
1.3219049738288644e-05 1.1184594004791049e-05
1.3219049738288644e-05 1.1184594004791049e-05
1.3219049738288644e-05 1.1184594004791049e-05
1.3219049738288644e-05 1.1184594004791049e-05
1.3219049738288644e-05 1.1184594004791049e-05
2.2304991960601406e-05 4.8992442313407066e-05
8.007969476232398e-07 1.3955346099044964e-06
8.007969476232398e-07 1.3955346099044964e-06
7.33657887383047e-06 5.4070311681552896e-06
7.33657887383047e-06 5.4070311681552896e-06
2.696748900653456e-06 2.1491510853212982e-06
2.482504980827479e-06 7.4033304457104626e-06
0.003444422533359627 0.0003002192612582223
1.4875458028426829e-08 3.987721804563748e-09
0.2887398935121278 0.18080395794681509
0.2887398935121278 0.18080395794681509
0.008528232432787747 0.0014810034685811084
4.7033792241560486e-07 3.955299011279095e-07
4.7033792241560486e-07 3.955299011279095e-07
4.7033792241560486e-07 3.955299011279095e-07
4.390701962003402e-07 3.955310388228383e-07
4.004885061062996e-07 3.9552525089443966e-07
4.004885061062996e-07 3.9552525089443966e-07
1.907812173597453e-07 3.955009544157855e-07
1.907812173597453e-07 3.955009544157855e-07
2.3326169739366304e-06 2.541477326106612e-06
2.3326169739366304e-06 2.541477326106612e-06
9.15476741837991e-06 1.1184540915074952e-05
9.15476741837991e-06 1.1184540915074952e-05
9.15476741837991e-06 1.1184540915074952e-05
9.15476741837991e-06 1.1184540915074952e-05
9.15476741837991e-06 1.1184540915074952e-05
5.369519861997706e-05 4.89242033625372e-05
1.9658081293233773e-06 1.395525980218143e-06
1.9658081293233773e-06 1.395525980218143e-06
1.5450914934543638e-05 5.4074138118143564e-06
1.5450914934543638e-05 5.4074138118143564e-06
1.535014047894955e-05 2.1509786977813307e-06
2.6086740683732113e-06 7.401107384902484e-06
0.0080605709576452 0.00030035966278643374
6.193291478191673e-08 4.0546572162601305e-09
0.13450977341817966 0.1807982286642714
0.13450977341817966 0.1807982286642714
0.0029753207289548644 0.0014808485243660056
3.6638892393934175e-07 3.9552580981665923e-07
3.6638892393934175e-07 3.9552580981665923e-07
3.6638892393934175e-07 3.9552580981665923e-07
3.556482547391948e-07 3.9552581126325794e-07
4.1846616560135064e-07 3.955255441128372e-07
4.1846616560135064e-07 3.955255441128372e-07
5.926415554636086e-07 3.955259773317751e-07
5.926415554636086e-07 3.955259773317751e-07
2.2879246292860524e-06 2.5414747293065724e-06
2.2879246292860524e-06 2.5414747293065724e-06
2.2879246292860524e-06 2.5414747293065724e-06
2.2879246292860524e-06 2.5414747293065724e-06
2.2879246292860524e-06 2.5414747293065724e-06
2.2879246292860524e-06 2.5414747293065724e-06
2.2879246292860524e-06 2.5414747293065724e-06
2.2879246292860524e-06 2.5414747293065724e-06
8.365071300458309e-06 1.1184550431042488e-05
8.365071300458309e-06 1.1184550431042488e-05
8.365071300458309e-06 1.1184550431042488e-05
8.365071300458309e-06 1.1184550431042488e-05
8.365071300458309e-06 1.1184550431042488e-05
8.365071300458309e-06 1.1184550431042488e-05
8.365071300458309e-06 1.1184550431042488e-05
8.365071300458309e-06 1.1184550431042488e-05
8.365071300458309e-06 1.1184550431042488e-05
8.365071300458309e-06 1.1184550431042488e-05
8.365071300458309e-06 1.1184550431042488e-05
8.365071300458309e-06 1.1184550431042488e-05
8.365071300458309e-06 1.1184550431042488e-05
8.365071300458309e-06 1.1184550431042488e-05
8.365071300458309e-06 1.1184550431042488e-05
8.365071300458309e-06 1.1184550431042488e-05
8.365071300458309e-06 1.1184550431042488e-05
8.365071300458309e-06 1.1184550431042488e-05
8.365071300458309e-06 1.1184550431042488e-05
8.365071300458309e-06 1.1184550431042488e-05
3.5556819798037263e-07 4.892888287924993e-05
3.5556819798037263e-07 4.892888287924993e-05
3.5556819798037263e-07 4.892888287924993e-05
3.5556819798037263e-07 4.892888287924993e-05
2.5732902546574996e-06 1.395526328285652e-06
2.5732902546574996e-06 1.395526328285652e-06
2.5732902546574996e-06 1.395526328285652e-06
2.5732902546574996e-06 1.395526328285652e-06
2.5732902546574996e-06 1.395526328285652e-06
2.5732902546574996e-06 1.395526328285652e-06
2.5732902546574996e-06 1.395526328285652e-06
2.5732902546574996e-06 1.395526328285652e-06
2.0143486730039614e-05 5.407457676568764e-06
2.0143486730039614e-05 5.407457676568764e-06
2.0143486730039614e-05 5.407457676568764e-06
2.0143486730039614e-05 5.407457676568764e-06
2.0143486730039614e-05 5.407457676568764e-06
2.0143486730039614e-05 5.407457676568764e-06
2.0143486730039614e-05 5.407457676568764e-06
2.0143486730039614e-05 5.407457676568764e-06
2.1794953756979073e-05 2.150970600067536e-06
2.1794953756979073e-05 2.150970600067536e-06
2.1794953756979073e-05 2.150970600067536e-06
2.1794953756979073e-05 2.150970600067536e-06
3.059360614769426e-06 7.401186203116453e-06
3.059360614769426e-06 7.401186203116453e-06
3.059360614769426e-06 7.401186203116453e-06
3.059360614769426e-06 7.401186203116453e-06
0.00978807057920982 0.0003003662031214332
0.00978807057920982 0.0003003662031214332
0.00978807057920982 0.0003003662031214332
0.00978807057920982 0.0003003662031214332
8.555028609195673e-08 4.04915362842152e-09
8.555028609195673e-08 4.04915362842152e-09
8.555028609195673e-08 4.04915362842152e-09
8.555028609195673e-08 4.04915362842152e-09
0.1056367472190257 0.1807988841519997
0.1056367472190257 0.1807988841519997
0.1056367472190257 0.1807988841519997
0.1056367472190257 0.1807988841519997
0.1056367472190257 0.1807988841519997
0.1056367472190257 0.1807988841519997
0.1056367472190257 0.1807988841519997
0.1056367472190257 0.1807988841519997
0.0007940161104718067 0.0014808475078734761
0.0007940161104718067 0.0014808475078734761
0.0007940161104718067 0.0014808475078734761
0.0007940161104718067 0.0014808475078734761
3.5936274681796407e-07 3.9552565454675395e-07
3.5936274681796407e-07 3.9552565454675395e-07
3.5936274681796407e-07 3.9552565454675395e-07
3.5936274681796407e-07 3.9552565454675395e-07
3.5936274681796407e-07 3.9552565454675395e-07
3.5936274681796407e-07 3.9552565454675395e-07
3.5936274681796407e-07 3.9552565454675395e-07
3.5936274681796407e-07 3.9552565454675395e-07
3.5936274681796407e-07 3.9552565454675395e-07
3.5936274681796407e-07 3.9552565454675395e-07
3.5936274681796407e-07 3.9552565454675395e-07
3.5936274681796407e-07 3.9552565454675395e-07
3.4090116642846784e-07 3.95525690602119e-07
3.4090116642846784e-07 3.95525690602119e-07
3.4090116642846784e-07 3.95525690602119e-07
3.4090116642846784e-07 3.95525690602119e-07
4.414094913402037e-07 3.9552599278765717e-07
4.414094913402037e-07 3.9552599278765717e-07
4.414094913402037e-07 3.9552599278765717e-07
4.414094913402037e-07 3.9552599278765717e-07
4.414094913402037e-07 3.9552599278765717e-07
4.414094913402037e-07 3.9552599278765717e-07
4.414094913402037e-07 3.9552599278765717e-07
4.414094913402037e-07 3.9552599278765717e-07
7.907326805255295e-07 3.955288512459476e-07
7.907326805255295e-07 3.955288512459476e-07
7.907326805255295e-07 3.955288512459476e-07
7.907326805255295e-07 3.955288512459476e-07
7.907326805255295e-07 3.955288512459476e-07
7.907326805255295e-07 3.955288512459476e-07
7.907326805255295e-07 3.955288512459476e-07
7.907326805255295e-07 3.955288512459476e-07
2.3259234381000957e-06 2.541473921103566e-06
2.3259234381000957e-06 2.541473921103566e-06
2.3259234381000957e-06 2.541473921103566e-06
2.3259234381000957e-06 2.541473921103566e-06
7.879152270533012e-06 1.1184558498867659e-05
7.879152270533012e-06 1.1184558498867659e-05
7.879152270533012e-06 1.1184558498867659e-05
7.879152270533012e-06 1.1184558498867659e-05
7.879152270533012e-06 1.1184558498867659e-05
7.879152270533012e-06 1.1184558498867659e-05
7.879152270533012e-06 1.1184558498867659e-05
7.879152270533012e-06 1.1184558498867659e-05
7.879152270533012e-06 1.1184558498867659e-05
7.879152270533012e-06 1.1184558498867659e-05
2.666790029236019e-07 4.8918228827010056e-05
2.666790029236019e-07 4.8918228827010056e-05
2.435767976620143e-06 1.395521739986562e-06
2.435767976620143e-06 1.395521739986562e-06
2.435767976620143e-06 1.395521739986562e-06
2.435767976620143e-06 1.395521739986562e-06
1.9224674275037356e-05 5.407365614600441e-06
1.9224674275037356e-05 5.407365614600441e-06
1.9224674275037356e-05 5.407365614600441e-06
1.9224674275037356e-05 5.407365614600441e-06
2.2996981359808213e-05 2.1511011513100014e-06
2.2996981359808213e-05 2.1511011513100014e-06
3.962748323384829e-06 7.401114481407092e-06
3.962748323384829e-06 7.401114481407092e-06
0.010845238942896355 0.00030031962860008947
0.010845238942896355 0.00030031962860008947
9.93095847314593e-08 4.052693210467315e-09
9.93095847314593e-08 4.052693210467315e-09
0.10059070810977594 0.18079899183649056
0.10059070810977594 0.18079899183649056
0.10059070810977594 0.18079899183649056
0.10059070810977594 0.18079899183649056
0.00012020791361783935 0.0014808217974356008
0.00012020791361783935 0.0014808217974356008
3.6533937560828133e-07 3.955254606893744e-07
3.6533937560828133e-07 3.955254606893744e-07
3.6533937560828133e-07 3.955254606893744e-07
3.6533937560828133e-07 3.955254606893744e-07
3.6533937560828133e-07 3.955254606893744e-07
3.6533937560828133e-07 3.955254606893744e-07
3.385696931280754e-07 3.955261127602224e-07
3.385696931280754e-07 3.955261127602224e-07
4.567475872112255e-07 3.9552616413499837e-07
4.567475872112255e-07 3.9552616413499837e-07
4.567475872112255e-07 3.9552616413499837e-07
4.567475872112255e-07 3.9552616413499837e-07
7.632195695550246e-07 3.955255686417989e-07
7.632195695550246e-07 3.955255686417989e-07
7.632195695550246e-07 3.955255686417989e-07
7.632195695550246e-07 3.955255686417989e-07
8.162060430535085e-06 2.5467621517925606e-06
8.162060430535085e-06 2.5467621517925606e-06
1.478791176940322e-05 1.0963813151563753e-05
1.478791176940322e-05 1.0963813151563753e-05
1.478791176940322e-05 1.0963813151563753e-05
1.478791176940322e-05 1.0963813151563753e-05
1.478791176940322e-05 1.0963813151563753e-05
1.131721008137074e-05 1.4615956605224838e-06
1.131721008137074e-05 1.4615956605224838e-06
0.00012694651320243737 7.060052809195013e-06
0.00012694651320243737 7.060052809195013e-06
6.7351292555493255e-06 2.77697939620137e-07
0.8571428571428571 0.18604651162790697
0.8571428571428571 0.18604651162790697
1.2821038811848691e-06 3.96376348106119e-07
1.2821038811848691e-06 3.96376348106119e-07
1.2821038811848691e-06 3.96376348106119e-07
1.7017079268958651e-06 4.031797984342916e-07
1.0092095416725327e-06 3.908890536992958e-07
1.0092095416725327e-06 3.908890536992958e-07
1.8842176516335932e-06 4.541737202368607e-07
1.8842176516335932e-06 4.541737202368607e-07
2.4486181291605252e-05 2.597093419614548e-06
2.4486181291605252e-05 2.597093419614548e-06
2.6618241184925796e-05 1.122485632183908e-05
2.6618241184925796e-05 1.122485632183908e-05
2.6618241184925796e-05 1.122485632183908e-05
2.6618241184925796e-05 1.122485632183908e-05
2.6618241184925796e-05 1.122485632183908e-05
2.9424746211563926e-05 1.4283775773287911e-06
2.9424746211563926e-05 1.4283775773287911e-06
8.463100880162491e-05 6.8995970635314895e-06
8.463100880162491e-05 6.8995970635314895e-06
0.0003148945103390364 2.9767220336964933e-05
0.5714285714285714 0.18181818181818182
0.5714285714285714 0.18181818181818182
3.8463116435546074e-06 4.0420987277224783e-07
3.8463116435546074e-06 4.0420987277224783e-07
3.8463116435546074e-06 4.0420987277224783e-07
5.105123780687595e-06 3.9401662119714856e-07
5.3824508889201745e-06 4.074722256744175e-07
5.3824508889201745e-06 4.074722256744175e-07
1.0363197083984763e-05 2.959010601543183e-07
1.0363197083984763e-05 2.959010601543183e-07
2.2628254469314046e-06 2.541472148084677e-06
2.2628254469314046e-06 2.541472148084677e-06
7.770663032328876e-06 1.118455810790435e-05
7.770663032328876e-06 1.118455810790435e-05
7.770663032328876e-06 1.118455810790435e-05
7.770663032328876e-06 1.118455810790435e-05
7.770663032328876e-06 1.118455810790435e-05
2.6291904777293875e-07 4.8915015581290315e-05
2.0134118368173858e-06 1.3955284255481666e-06
2.0134118368173858e-06 1.3955284255481666e-06
1.5875668256149204e-05 5.407492642270254e-06
1.5875668256149204e-05 5.407492642270254e-06
1.9902325854648772e-05 2.1511417653599854e-06
4.895732327661751e-06 7.4010008211581735e-06
0.010884804757958368 0.0003003616097244476
5.0471606745139295e-08 4.048244684111902e-09
0.09277823819041583 0.18079773620697087
0.09277823819041583 0.18079773620697087
1.813484132013845e-05 0.0014808172816318504
3.5543209692636037e-07 3.955254235950075e-07
3.5543209692636037e-07 3.955254235950075e-07
3.5543209692636037e-07 3.955254235950075e-07
3.3036707296747635e-07 3.9552537591074354e-07
4.503423949885073e-07 3.955255952292792e-07
4.503423949885073e-07 3.955255952292792e-07
6.381162613013741e-07 3.955309530228889e-07
6.381162613013741e-07 3.955309530228889e-07
2.0009006774713438e-06 2.5414769690695985e-06
2.0009006774713438e-06 2.5414769690695985e-06
7.913367317456277e-06 1.1184537569679475e-05
7.913367317456277e-06 1.1184537569679475e-05
7.913367317456277e-06 1.1184537569679475e-05
7.913367317456277e-06 1.1184537569679475e-05
7.913367317456277e-06 1.1184537569679475e-05
2.0051724282145406e-07 4.893415228128585e-05
8.496866254418561e-07 1.395530515714376e-06
8.496866254418561e-07 1.395530515714376e-06
6.844239725335874e-06 5.407364902675802e-06
6.844239725335874e-06 5.407364902675802e-06
8.608696122080648e-06 2.1508704487007923e-06
4.4039075648911754e-06 7.400965755965275e-06
0.010501116651879952 0.00030036458637522004
6.460500052009549e-10 4.053413677685219e-09
0.08286806171668655 0.1807990223749901
0.08286806171668655 0.1807990223749901
4.71645200436463e-06 0.0014808574400172383
3.142889992570532e-07 3.955258155749533e-07
3.142889992570532e-07 3.955258155749533e-07
3.142889992570532e-07 3.955258155749533e-07
2.9076548735596013e-07 3.9552564515917234e-07
3.9723862764878915e-07 3.95525288601614e-07
3.9723862764878915e-07 3.95525288601614e-07
2.676908974570422e-07 3.955260476839997e-07
2.676908974570422e-07 3.955260476839997e-07
3.2993540792052514e-06 2.542757067927577e-06
3.2993540792052514e-06 2.542757067927577e-06
1.0472881788718926e-05 1.1177090975788702e-05
1.0472881788718926e-05 1.1177090975788702e-05
1.0472881788718926e-05 1.1177090975788702e-05
1.0472881788718926e-05 1.1177090975788702e-05
1.0472881788718926e-05 1.1177090975788702e-05
4.0526438435274215e-05 5.526388505111909e-05
1.4501132124100831e-06 1.387349710745943e-06
1.4501132124100831e-06 1.387349710745943e-06
1.8563113517579134e-05 5.490317663320803e-06
1.8563113517579134e-05 5.490317663320803e-06
1.0597057486146755e-05 2.514964036014285e-06
1.3250745851357108e-06 6.9667962490769e-06
0.004508566275924256 0.0002901353965183752
1.594203272841928e-08 2.540640724184232e-08
0.4188458070333634 0.18085106382978725
0.4188458070333634 0.18085106382978725
0.0018034265103697023 0.0014801110083256244
5.182655416917646e-07 3.9575299954758023e-07
5.182655416917646e-07 3.9575299954758023e-07
5.182655416917646e-07 3.9575299954758023e-07
3.900996981362642e-07 3.965316209069176e-07
3.2275291624273364e-07 3.9576823621355655e-07
3.2275291624273364e-07 3.9576823621355655e-07
2.7205622314502175e-07 4.016699497413938e-07
2.7205622314502175e-07 4.016699497413938e-07
3.0121889684117575e-06 2.542757067927577e-06
3.0121889684117575e-06 2.542757067927577e-06
1.2745771572676107e-05 1.1177090975788702e-05
1.2745771572676107e-05 1.1177090975788702e-05
1.2745771572676107e-05 1.1177090975788702e-05
1.2745771572676107e-05 1.1177090975788702e-05
1.2745771572676107e-05 1.1177090975788702e-05
1.5897985590496992e-06 1.387349710745943e-06
1.5897985590496992e-06 1.387349710745943e-06
1.6623948157462036e-05 5.490317663320803e-06
1.6623948157462036e-05 5.490317663320803e-06
1.4535728821443106e-05 2.514964036014285e-06
0.003401360544217687 0.0002901353965183752
0.272108843537415 0.18085106382978725
0.272108843537415 0.18085106382978725
0.004421768707482994 0.0014801110083256244
4.7315738472298743e-07 3.9575299954758023e-07
4.7315738472298743e-07 3.9575299954758023e-07
4.7315738472298743e-07 3.9575299954758023e-07
5.193524192474393e-07 3.965316209069176e-07
4.245087754654304e-07 3.9576823621355655e-07
4.245087754654304e-07 3.9576823621355655e-07
4.0376092535005567e-07 4.016699497413938e-07
4.0376092535005567e-07 4.016699497413938e-07
5.4753822054839526e-05 3.1742252906400034e-06
5.4753822054839526e-05 3.1742252906400034e-06
1.0351538238582254e-05 7.48323754789272e-06
1.0351538238582254e-05 7.48323754789272e-06
1.0351538238582254e-05 7.48323754789272e-06
1.0351538238582254e-05 7.48323754789272e-06
1.0351538238582254e-05 7.48323754789272e-06
7.525944704111542e-05 2.6186922251027837e-06
7.525944704111542e-05 2.6186922251027837e-06
0.0001481042654028436 5.059704513256426e-05
0.0001481042654028436 5.059704513256426e-05
1.5 0.3333333333333333
1.5 0.3333333333333333
0.15 0.014492753623188406
8.600780202948497e-06 4.940342889438585e-07
8.600780202948497e-06 4.940342889438585e-07
8.600780202948497e-06 4.940342889438585e-07
1.1370502966076917e-05 3.6118190276405286e-07
1.177411131951288e-05 3.73516206868216e-07
1.177411131951288e-05 3.73516206868216e-07
2.8027737568049697e-05 2.1699411077983344e-06
2.8027737568049697e-05 2.1699411077983344e-06
5.230616191399244e-06 2.5326265616808538e-06
5.230616191399244e-06 2.5326265616808538e-06
1.5964696297531784e-05 1.1177090975788702e-05
1.5964696297531784e-05 1.1177090975788702e-05
1.5964696297531784e-05 1.1177090975788702e-05
1.5964696297531784e-05 1.1177090975788702e-05
1.5964696297531784e-05 1.1177090975788702e-05
0.00011868966608640607 5.526388505111909e-05
2.7057695933981454e-06 1.404064767501918e-06
2.7057695933981454e-06 1.404064767501918e-06
2.2945731259595487e-05 5.16735780077252e-06
2.2945731259595487e-05 5.16735780077252e-06
1.9561815336463222e-05 1.67664269067619e-06
7.761484409764982e-06 8.360155498892279e-06
0.0035211267605633804 0.00038684719535783365
0.3028169014084507 0.17872340425531916
0.3028169014084507 0.17872340425531916
0.011619718309859155 0.0014801110083256244
8.216299520269232e-07 3.941762943700998e-07
8.216299520269232e-07 3.941762943700998e-07
8.216299520269232e-07 3.941762943700998e-07
1.06002676880261e-06 3.965316209069176e-07
9.369539289471519e-07 3.9576823621355655e-07
9.369539289471519e-07 3.9576823621355655e-07
7.662927421256338e-07 3.878192618192768e-07
7.662927421256338e-07 3.878192618192768e-07