8.441613592561592e-07 3.9552584235862734e-07
8.441613592561592e-07 3.9552584235862734e-07
8.441613592561592e-07 3.9552584235862734e-07
8.441613592561592e-07 3.9552584235862734e-07
8.441613592561592e-07 3.9552584235862734e-07
8.441613592561592e-07 3.9552584235862734e-07
8.441613592561592e-07 3.9552584235862734e-07
8.441613592561592e-07 3.9552584235862734e-07
8.441613592561592e-07 3.9552584235862734e-07
8.441613592561592e-07 3.9552584235862734e-07
8.441613592561592e-07 3.9552584235862734e-07
8.441613592561592e-07 3.9552584235862734e-07
8.441613592561592e-07 3.9552584235862734e-07
8.441613592561592e-07 3.9552584235862734e-07
8.441613592561592e-07 3.9552584235862734e-07
8.441613592561592e-07 3.9552584235862734e-07
3.747262508964205e-07 3.9552584235862734e-07
3.747262508964205e-07 3.9552584235862734e-07
3.747262508964205e-07 3.9552584235862734e-07
3.747262508964205e-07 3.9552584235862734e-07
3.747262508964205e-07 3.9552584235862734e-07
3.747262508964205e-07 3.9552584235862734e-07
3.747262508964205e-07 3.9552584235862734e-07
3.747262508964205e-07 3.9552584235862734e-07
3.747262508964205e-07 3.9552584235862734e-07
3.747262508964205e-07 3.9552584235862734e-07
3.747262508964205e-07 3.9552584235862734e-07
3.747262508964205e-07 3.9552584235862734e-07
7.615540034589926e-07 3.955257892563748e-07
7.615540034589926e-07 3.955257892563748e-07
8.441613592561592e-07 3.9552584235862734e-07
8.441613592561592e-07 3.9552584235862734e-07
1.9522571000038102e-07 3.9552584235862734e-07
1.9522571000038102e-07 3.9552584235862734e-07
1.9522571000038102e-07 3.9552584235862734e-07
1.9522571000038102e-07 3.9552584235862734e-07
5.70964306323614e-07 3.9552584235862734e-07
5.70964306323614e-07 3.9552584235862734e-07
5.70964306323614e-07 3.9552584235862734e-07
5.70964306323614e-07 3.9552584235862734e-07