1.1909880649615198e-06 2.247038697673444e-06
1.2242978674213306e-06 2.2470388028800496e-06
2.0623566046117963e-06 2.2470399052118815e-06
2.3741426523734335e-06 2.2038005786605414e-06
2.1477576339890875e-06 2.2470388549788355e-06
2.1477576339890875e-06 2.2470388549788355e-06
1.9925023336712786e-06 2.247038900990963e-06
1.9925023336712786e-06 2.247038900990963e-06
1.9925023336712786e-06 2.247038900990963e-06
1.9925023336712786e-06 2.247038900990963e-06
1.9925023336712786e-06 2.247038900990963e-06
1.9925023336712786e-06 2.247038900990963e-06
1.9925023336712786e-06 2.247038900990963e-06
1.940079396587193e-06 2.247038921535998e-06
1.940079396587193e-06 2.247038921535998e-06
1.940079396587193e-06 2.247038921535998e-06
1.940079396587193e-06 2.247038921535998e-06
1.940079396587193e-06 2.247038921535998e-06
1.940079396587193e-06 2.247038921535998e-06
1.940079396587193e-06 2.247038921535998e-06
1.940079396587193e-06 2.247038921535998e-06
1.940079396587193e-06 2.247038921535998e-06
3.5457837191859465e-06 2.2472641490151195e-06
3.5457837191859465e-06 2.2472641490151195e-06
1.8625270397893863e-06 2.247038722809764e-06
1.8625270397893863e-06 2.247038722809764e-06
1.8625270397893863e-06 2.247038722809764e-06
1.8625270397893863e-06 2.247038722809764e-06
1.8625270397893863e-06 2.247038722809764e-06
1.8625270397893863e-06 2.247038722809764e-06
1.7489688916436013e-06 2.2470386658629536e-06
1.6895106884418307e-06 2.247038665070124e-06
1.6895106884418307e-06 2.247038665070124e-06
1.6895106884418307e-06 2.247038665070124e-06
1.6895106884418307e-06 2.247038665070124e-06
1.6895106884418307e-06 2.247038665070124e-06
1.7318734791117337e-06 2.24828723630431e-06
2.4483756279897537e-06 2.2428373038864126e-06
1.940079396587193e-06 2.247038921535998e-06
3.7805562663004695e-06 2.246344991375996e-06
1.6895106884418307e-06 2.247038665070124e-06
2.2460785323221364e-06 2.247038871913495e-06
2.2460785323221364e-06 2.247038871913495e-06
2.5492156572254578e-06 2.2470410765836995e-06
2.1327128005714167e-06 2.247038907917843e-06
2.044544093655871e-06 2.2470387260637756e-06
2.044544093655871e-06 2.2470387260637756e-06
2.044544093655871e-06 2.2470387260637756e-06
2.044544093655871e-06 2.2470387260637756e-06
1.989527434821048e-06 2.2470389057063063e-06
1.989527434821048e-06 2.2470389057063063e-06
5.803797797217824e-06 2.2461385068653446e-06
2.3050932760648147e-05 2.247353949780315e-06
1.9620634151589023e-06 2.2470389074645574e-06
1.8328866019304569e-06 2.2470389231273024e-06
2.0502680727492314e-06 2.2474280831779656e-06
2.346548974616371e-06 2.2474280831779656e-06
8.911019731105667e-05 2.2996179951240434e-06
3.6559067774595267e-06 2.2474280831779656e-06