7.865093802386025e-08 1.018076994177758e-07
1.6218302849221083e-07 2.1509532077582056e-07
3.802192453554632e-05 4.854847329429922e-05
9.370219634519094e-07 1.182346244297118e-06
9.370219634519094e-07 1.182346244297118e-06
9.370219634519094e-07 1.182346244297118e-06
9.370219634519094e-07 1.182346244297118e-06
1.2343730262982174e-06 3.5460349461668434e-06
2.475423382851439e-06 1.0759797644359788e-05
1.7254818797163346e-05 4.284671460567608e-06
5.5996779589385e-06 4.672611652364055e-06
2.6735148762340315e-06 2.274066992413603e-05
2.6735148762340315e-06 2.274066992413603e-05
4.364404026274635e-09 6.98991416400817e-09
7.676173807164464e-08 1.0180754088680384e-07
1.5821803139716187e-07 2.1509500271094973e-07
3.707743530258915e-05 4.854847979605169e-05
9.146342281729871e-07 1.182344541357628e-06
9.146342281729871e-07 1.182344541357628e-06
9.146342281729871e-07 1.182344541357628e-06
9.146342281729871e-07 1.182344541357628e-06
1.207661683122936e-06 3.5460288967460457e-06
2.427985545496405e-06 1.0759806013391331e-05
1.6932364420933913e-05 4.284675276642732e-06
5.506388311030821e-06 4.672630881660092e-06
2.6927233477409266e-06 2.274088670340786e-05
2.6927233477409266e-06 2.274088670340786e-05
4.306747254932854e-09 6.988439260991417e-09
1.1442224079667859e-07 1.0180561527109738e-07
2.393800276533202e-07 2.1509894575615152e-07
6.190919259714816e-05 4.8547804710380526e-05
1.362779605220579e-06 1.1823460571203117e-06
1.362779605220579e-06 1.1823460571203117e-06
1.362779605220579e-06 1.1823460571203117e-06
1.362779605220579e-06 1.1823460571203117e-06
1.8608050000287118e-06 3.5459637239765653e-06
2.720632208557857e-06 1.0758999869208845e-05
1.739362845240037e-05 4.284739864203779e-06
4.931784444394683e-06 4.6732376291836296e-06
2.612923599789921e-06 2.2729029865844114e-05
2.612923599789921e-06 2.2729029865844114e-05
8.09714016650115e-09 6.975993350975918e-09
2.0228121253405937e-07 9.58174164635018e-08
4.149232247902913e-07 1.984757065735154e-07
0.00010497034587728967 5.2493438320209976e-05
2.208903167238962e-06 1.1133006022956258e-06
2.208903167238962e-06 1.1133006022956258e-06
2.208903167238962e-06 1.1133006022956258e-06
2.208903167238962e-06 1.1133006022956258e-06
2.5186506077503918e-06 2.7756805968823554e-06
4.955169232543389e-06 1.811200463667319e-05
2.093013520867345e-05 8.749212570868623e-06
6.236591328643417e-06 1.496468334730037e-05
3.2416592108504815e-06 0.0002913752913752914
3.2416592108504815e-06 0.0002913752913752914
1.0612764865188161e-07 1.0180763901501005e-07
1.0612764865188161e-07 1.0180763901501005e-07
2.2184665186276028e-07 2.1509482829461478e-07
2.2184665186276028e-07 2.1509482829461478e-07
5.65507257968434e-05 4.854850481692378e-05
5.65507257968434e-05 4.854850481692378e-05
1.2447605778612347e-06 1.182345574867371e-06
1.2447605778612347e-06 1.182345574867371e-06
1.2447605778612347e-06 1.182345574867371e-06
1.2447605778612347e-06 1.182345574867371e-06
1.2447605778612347e-06 1.182345574867371e-06
1.2447605778612347e-06 1.182345574867371e-06
1.2447605778612347e-06 1.182345574867371e-06
1.2447605778612347e-06 1.182345574867371e-06
1.6650349254913675e-06 3.5460375468706783e-06
1.6650349254913675e-06 3.5460375468706783e-06
2.489154334633182e-06 1.075977002394212e-05
2.489154334633182e-06 1.075977002394212e-05
1.6017919440723948e-05 4.284688110028144e-06
1.6017919440723948e-05 4.284688110028144e-06
4.5303290497495525e-06 4.672642044003466e-06
4.5303290497495525e-06 4.672642044003466e-06
2.5608142752934282e-06 2.2740535127677873e-05
2.5608142752934282e-06 2.2740535127677873e-05
2.5608142752934282e-06 2.2740535127677873e-05
2.5608142752934282e-06 2.2740535127677873e-05
6.9745291096354324e-09 6.990009698740351e-09
6.9745291096354324e-09 6.990009698740351e-09
9.748479526931161e-08 1.0180753185623155e-07
9.748479526931161e-08 1.0180753185623155e-07
9.748479526931161e-08 1.0180753185623155e-07
9.748479526931161e-08 1.0180753185623155e-07
9.748479526931161e-08 1.0180753185623155e-07
9.748479526931161e-08 1.0180753185623155e-07
9.748479526931161e-08 1.0180753185623155e-07
2.0419108183575866e-07 2.1509492430845382e-07
2.0419108183575866e-07 2.1509492430845382e-07
2.0419108183575866e-07 2.1509492430845382e-07
2.0419108183575866e-07 2.1509492430845382e-07
2.0419108183575866e-07 2.1509492430845382e-07
2.0419108183575866e-07 2.1509492430845382e-07
2.0419108183575866e-07 2.1509492430845382e-07
5.1835879610582974e-05 4.854849819875256e-05
5.1835879610582974e-05 4.854849819875256e-05
5.1835879610582974e-05 4.854849819875256e-05
5.1835879610582974e-05 4.854849819875256e-05
5.1835879610582974e-05 4.854849819875256e-05
5.1835879610582974e-05 4.854849819875256e-05
5.1835879610582974e-05 4.854849819875256e-05
1.1438923499128396e-06 1.1823459016014131e-06
1.1438923499128396e-06 1.1823459016014131e-06
1.1438923499128396e-06 1.1823459016014131e-06
1.1438923499128396e-06 1.1823459016014131e-06
1.1438923499128396e-06 1.1823459016014131e-06
1.1438923499128396e-06 1.1823459016014131e-06
1.1438923499128396e-06 1.1823459016014131e-06
1.1438923499128396e-06 1.1823459016014131e-06
1.1438923499128396e-06 1.1823459016014131e-06
1.1438923499128396e-06 1.1823459016014131e-06
1.1438923499128396e-06 1.1823459016014131e-06
1.1438923499128396e-06 1.1823459016014131e-06
1.1438923499128396e-06 1.1823459016014131e-06
1.1438923499128396e-06 1.1823459016014131e-06
1.1438923499128396e-06 1.1823459016014131e-06
1.1438923499128396e-06 1.1823459016014131e-06
1.1438923499128396e-06 1.1823459016014131e-06
1.1438923499128396e-06 1.1823459016014131e-06
1.1438923499128396e-06 1.1823459016014131e-06
1.1438923499128396e-06 1.1823459016014131e-06
1.1438923499128396e-06 1.1823459016014131e-06
1.1438923499128396e-06 1.1823459016014131e-06
1.1438923499128396e-06 1.1823459016014131e-06
1.1438923499128396e-06 1.1823459016014131e-06
1.1438923499128396e-06 1.1823459016014131e-06
1.1438923499128396e-06 1.1823459016014131e-06
1.1438923499128396e-06 1.1823459016014131e-06
1.1438923499128396e-06 1.1823459016014131e-06
1.5447786704649122e-06 3.546036014858058e-06
1.5447786704649122e-06 3.546036014858058e-06
1.5447786704649122e-06 3.546036014858058e-06
1.5447786704649122e-06 3.546036014858058e-06
1.5447786704649122e-06 3.546036014858058e-06
1.5447786704649122e-06 3.546036014858058e-06
1.5447786704649122e-06 3.546036014858058e-06
2.2886297170737424e-06 1.075975605146692e-05
2.2886297170737424e-06 1.075975605146692e-05
2.2886297170737424e-06 1.075975605146692e-05
2.2886297170737424e-06 1.075975605146692e-05
2.2886297170737424e-06 1.075975605146692e-05
2.2886297170737424e-06 1.075975605146692e-05
2.2886297170737424e-06 1.075975605146692e-05
1.4869386337945855e-05 4.284696350245445e-06
1.4869386337945855e-05 4.284696350245445e-06
1.4869386337945855e-05 4.284696350245445e-06
1.4869386337945855e-05 4.284696350245445e-06
1.4869386337945855e-05 4.284696350245445e-06
1.4869386337945855e-05 4.284696350245445e-06
1.4869386337945855e-05 4.284696350245445e-06
4.304902234324976e-06 4.67264544992043e-06
4.304902234324976e-06 4.67264544992043e-06
4.304902234324976e-06 4.67264544992043e-06
4.304902234324976e-06 4.67264544992043e-06
4.304902234324976e-06 4.67264544992043e-06
4.304902234324976e-06 4.67264544992043e-06
4.304902234324976e-06 4.67264544992043e-06
2.5961045060692602e-06 2.2740289543696567e-05
2.5961045060692602e-06 2.2740289543696567e-05
2.5961045060692602e-06 2.2740289543696567e-05
2.5961045060692602e-06 2.2740289543696567e-05
2.5961045060692602e-06 2.2740289543696567e-05
2.5961045060692602e-06 2.2740289543696567e-05
2.5961045060692602e-06 2.2740289543696567e-05
2.5961045060692602e-06 2.2740289543696567e-05
2.5961045060692602e-06 2.2740289543696567e-05
2.5961045060692602e-06 2.2740289543696567e-05
2.5961045060692602e-06 2.2740289543696567e-05
2.5961045060692602e-06 2.2740289543696567e-05
2.5961045060692602e-06 2.2740289543696567e-05
2.5961045060692602e-06 2.2740289543696567e-05
6.851763183611724e-09 6.99023252717274e-09
6.851763183611724e-09 6.99023252717274e-09
6.851763183611724e-09 6.99023252717274e-09
6.851763183611724e-09 6.99023252717274e-09
6.851763183611724e-09 6.99023252717274e-09
6.851763183611724e-09 6.99023252717274e-09
6.851763183611724e-09 6.99023252717274e-09
9.032792863727547e-08 1.0180748890162781e-07
9.032792863727547e-08 1.0180748890162781e-07
9.032792863727547e-08 1.0180748890162781e-07
9.032792863727547e-08 1.0180748890162781e-07
9.032792863727547e-08 1.0180748890162781e-07
9.032792863727547e-08 1.0180748890162781e-07
9.032792863727547e-08 1.0180748890162781e-07
9.032792863727547e-08 1.0180748890162781e-07
9.032792863727547e-08 1.0180748890162781e-07
1.894236980276531e-07 2.1509504682930115e-07
1.894236980276531e-07 2.1509504682930115e-07
1.894236980276531e-07 2.1509504682930115e-07
1.894236980276531e-07 2.1509504682930115e-07
1.894236980276531e-07 2.1509504682930115e-07
1.894236980276531e-07 2.1509504682930115e-07
1.894236980276531e-07 2.1509504682930115e-07
1.894236980276531e-07 2.1509504682930115e-07
1.894236980276531e-07 2.1509504682930115e-07
4.774150496087533e-05 4.854852519967977e-05
4.774150496087533e-05 4.854852519967977e-05
4.774150496087533e-05 4.854852519967977e-05
4.774150496087533e-05 4.854852519967977e-05
4.774150496087533e-05 4.854852519967977e-05
4.774150496087533e-05 4.854852519967977e-05
4.774150496087533e-05 4.854852519967977e-05
4.774150496087533e-05 4.854852519967977e-05
4.774150496087533e-05 4.854852519967977e-05
1.054994065518964e-06 1.1823458039119493e-06
1.054994065518964e-06 1.1823458039119493e-06
1.054994065518964e-06 1.1823458039119493e-06
1.054994065518964e-06 1.1823458039119493e-06
1.054994065518964e-06 1.1823458039119493e-06
1.054994065518964e-06 1.1823458039119493e-06
1.054994065518964e-06 1.1823458039119493e-06
1.054994065518964e-06 1.1823458039119493e-06
1.054994065518964e-06 1.1823458039119493e-06
1.054994065518964e-06 1.1823458039119493e-06
1.054994065518964e-06 1.1823458039119493e-06
1.054994065518964e-06 1.1823458039119493e-06
1.054994065518964e-06 1.1823458039119493e-06
1.054994065518964e-06 1.1823458039119493e-06
1.054994065518964e-06 1.1823458039119493e-06
1.054994065518964e-06 1.1823458039119493e-06
1.054994065518964e-06 1.1823458039119493e-06
1.054994065518964e-06 1.1823458039119493e-06
1.054994065518964e-06 1.1823458039119493e-06
1.054994065518964e-06 1.1823458039119493e-06
1.054994065518964e-06 1.1823458039119493e-06
1.054994065518964e-06 1.1823458039119493e-06
1.054994065518964e-06 1.1823458039119493e-06
1.054994065518964e-06 1.1823458039119493e-06
1.054994065518964e-06 1.1823458039119493e-06
1.054994065518964e-06 1.1823458039119493e-06
1.054994065518964e-06 1.1823458039119493e-06
1.054994065518964e-06 1.1823458039119493e-06
1.054994065518964e-06 1.1823458039119493e-06
1.054994065518964e-06 1.1823458039119493e-06
1.054994065518964e-06 1.1823458039119493e-06
1.054994065518964e-06 1.1823458039119493e-06
1.054994065518964e-06 1.1823458039119493e-06
1.054994065518964e-06 1.1823458039119493e-06
1.054994065518964e-06 1.1823458039119493e-06
1.054994065518964e-06 1.1823458039119493e-06
1.4263577217383847e-06 3.546033031938524e-06
1.4263577217383847e-06 3.546033031938524e-06
1.4263577217383847e-06 3.546033031938524e-06
1.4263577217383847e-06 3.546033031938524e-06
1.4263577217383847e-06 3.546033031938524e-06
1.4263577217383847e-06 3.546033031938524e-06
1.4263577217383847e-06 3.546033031938524e-06
1.4263577217383847e-06 3.546033031938524e-06
1.4263577217383847e-06 3.546033031938524e-06
2.1175330932096887e-06 1.0759770030634118e-05
2.1175330932096887e-06 1.0759770030634118e-05
2.1175330932096887e-06 1.0759770030634118e-05
2.1175330932096887e-06 1.0759770030634118e-05
2.1175330932096887e-06 1.0759770030634118e-05
2.1175330932096887e-06 1.0759770030634118e-05
2.1175330932096887e-06 1.0759770030634118e-05
2.1175330932096887e-06 1.0759770030634118e-05
2.1175330932096887e-06 1.0759770030634118e-05
1.3816359123157942e-05 4.2846986722231086e-06
1.3816359123157942e-05 4.2846986722231086e-06
1.3816359123157942e-05 4.2846986722231086e-06
1.3816359123157942e-05 4.2846986722231086e-06
1.3816359123157942e-05 4.2846986722231086e-06
1.3816359123157942e-05 4.2846986722231086e-06
1.3816359123157942e-05 4.2846986722231086e-06
1.3816359123157942e-05 4.2846986722231086e-06
1.3816359123157942e-05 4.2846986722231086e-06
4.031737951670899e-06 4.6726244627855154e-06
4.031737951670899e-06 4.6726244627855154e-06
4.031737951670899e-06 4.6726244627855154e-06
4.031737951670899e-06 4.6726244627855154e-06
4.031737951670899e-06 4.6726244627855154e-06
4.031737951670899e-06 4.6726244627855154e-06
4.031737951670899e-06 4.6726244627855154e-06
4.031737951670899e-06 4.6726244627855154e-06
4.031737951670899e-06 4.6726244627855154e-06
2.520343791649856e-06 2.274061230716748e-05
2.520343791649856e-06 2.274061230716748e-05
2.520343791649856e-06 2.274061230716748e-05
2.520343791649856e-06 2.274061230716748e-05
2.520343791649856e-06 2.274061230716748e-05
2.520343791649856e-06 2.274061230716748e-05
2.520343791649856e-06 2.274061230716748e-05
2.520343791649856e-06 2.274061230716748e-05
2.520343791649856e-06 2.274061230716748e-05
2.520343791649856e-06 2.274061230716748e-05
2.520343791649856e-06 2.274061230716748e-05
2.520343791649856e-06 2.274061230716748e-05
2.520343791649856e-06 2.274061230716748e-05
2.520343791649856e-06 2.274061230716748e-05
2.520343791649856e-06 2.274061230716748e-05
2.520343791649856e-06 2.274061230716748e-05
2.520343791649856e-06 2.274061230716748e-05
2.520343791649856e-06 2.274061230716748e-05
6.2264521377846235e-09 6.9904700483758244e-09
6.2264521377846235e-09 6.9904700483758244e-09
6.2264521377846235e-09 6.9904700483758244e-09
6.2264521377846235e-09 6.9904700483758244e-09
6.2264521377846235e-09 6.9904700483758244e-09
6.2264521377846235e-09 6.9904700483758244e-09
6.2264521377846235e-09 6.9904700483758244e-09
6.2264521377846235e-09 6.9904700483758244e-09
6.2264521377846235e-09 6.9904700483758244e-09
1.0714292722748045e-07 1.0174426696639883e-07
1.0714292722748045e-07 1.0174426696639883e-07
2.2419866555272773e-07 2.1484483701256823e-07
2.2419866555272773e-07 2.1484483701256823e-07
5.7384117317064305e-05 4.843466731607003e-05
5.7384117317064305e-05 4.843466731607003e-05
1.2574940571470263e-06 1.1821645570767985e-06
1.2574940571470263e-06 1.1821645570767985e-06
1.2574940571470263e-06 1.1821645570767985e-06
1.2574940571470263e-06 1.1821645570767985e-06
1.2574940571470263e-06 1.1821645570767985e-06
1.2574940571470263e-06 1.1821645570767985e-06
1.2574940571470263e-06 1.1821645570767985e-06
1.2574940571470263e-06 1.1821645570767985e-06
1.738955766701959e-06 3.5482927217877535e-06
1.738955766701959e-06 3.5482927217877535e-06
2.434058910067365e-06 1.0829858442546854e-05
2.434058910067365e-06 1.0829858442546854e-05
1.507912180137074e-05 4.329507251563854e-06
1.507912180137074e-05 4.329507251563854e-06
4.212331854243209e-06 4.62825258163929e-06
4.212331854243209e-06 4.62825258163929e-06
1.7515907180580464e-06 2.4030951866003412e-05
1.7515907180580464e-06 2.4030951866003412e-05
1.7515907180580464e-06 2.4030951866003412e-05
1.7515907180580464e-06 2.4030951866003412e-05
1.1538127509670133e-08 5.638304184841834e-09
1.1538127509670133e-08 5.638304184841834e-09
7.994282067978837e-08 1.0180748743964501e-07
7.994282067978837e-08 1.0180748743964501e-07
7.994282067978837e-08 1.0180748743964501e-07
7.994282067978837e-08 1.0180748743964501e-07
7.994282067978837e-08 1.0180748743964501e-07
7.994282067978837e-08 1.0180748743964501e-07
1.6767240540430043e-07 2.1509524449958254e-07
1.6767240540430043e-07 2.1509524449958254e-07
1.6767240540430043e-07 2.1509524449958254e-07
1.6767240540430043e-07 2.1509524449958254e-07
1.6767240540430043e-07 2.1509524449958254e-07
1.6767240540430043e-07 2.1509524449958254e-07
4.2029254119907314e-05 4.854850148628514e-05
4.2029254119907314e-05 4.854850148628514e-05
4.2029254119907314e-05 4.854850148628514e-05
4.2029254119907314e-05 4.854850148628514e-05
4.2029254119907314e-05 4.854850148628514e-05
4.2029254119907314e-05 4.854850148628514e-05
9.324384878913183e-07 1.1823457511178366e-06
9.324384878913183e-07 1.1823457511178366e-06
9.324384878913183e-07 1.1823457511178366e-06
9.324384878913183e-07 1.1823457511178366e-06
9.324384878913183e-07 1.1823457511178366e-06
9.324384878913183e-07 1.1823457511178366e-06
9.324384878913183e-07 1.1823457511178366e-06
9.324384878913183e-07 1.1823457511178366e-06
9.324384878913183e-07 1.1823457511178366e-06
9.324384878913183e-07 1.1823457511178366e-06
9.324384878913183e-07 1.1823457511178366e-06
9.324384878913183e-07 1.1823457511178366e-06
9.324384878913183e-07 1.1823457511178366e-06
9.324384878913183e-07 1.1823457511178366e-06
9.324384878913183e-07 1.1823457511178366e-06
9.324384878913183e-07 1.1823457511178366e-06
9.324384878913183e-07 1.1823457511178366e-06
9.324384878913183e-07 1.1823457511178366e-06
9.324384878913183e-07 1.1823457511178366e-06
9.324384878913183e-07 1.1823457511178366e-06
9.324384878913183e-07 1.1823457511178366e-06
9.324384878913183e-07 1.1823457511178366e-06
9.324384878913183e-07 1.1823457511178366e-06
9.324384878913183e-07 1.1823457511178366e-06
1.2597032556308903e-06 3.5460359451311638e-06
1.2597032556308903e-06 3.5460359451311638e-06
1.2597032556308903e-06 3.5460359451311638e-06
1.2597032556308903e-06 3.5460359451311638e-06
1.2597032556308903e-06 3.5460359451311638e-06
1.2597032556308903e-06 3.5460359451311638e-06
1.8876189686336087e-06 1.0759792702992062e-05
1.8876189686336087e-06 1.0759792702992062e-05
1.8876189686336087e-06 1.0759792702992062e-05
1.8876189686336087e-06 1.0759792702992062e-05
1.8876189686336087e-06 1.0759792702992062e-05
1.8876189686336087e-06 1.0759792702992062e-05
1.2414513440263636e-05 4.284673110285456e-06
1.2414513440263636e-05 4.284673110285456e-06
1.2414513440263636e-05 4.284673110285456e-06
1.2414513440263636e-05 4.284673110285456e-06
1.2414513440263636e-05 4.284673110285456e-06
1.2414513440263636e-05 4.284673110285456e-06
3.667756279927548e-06 4.672628245142176e-06
3.667756279927548e-06 4.672628245142176e-06
3.667756279927548e-06 4.672628245142176e-06
3.667756279927548e-06 4.672628245142176e-06
3.667756279927548e-06 4.672628245142176e-06
3.667756279927548e-06 4.672628245142176e-06
2.3279575647830174e-06 2.274017889921455e-05
2.3279575647830174e-06 2.274017889921455e-05
2.3279575647830174e-06 2.274017889921455e-05
2.3279575647830174e-06 2.274017889921455e-05
2.3279575647830174e-06 2.274017889921455e-05
2.3279575647830174e-06 2.274017889921455e-05
2.3279575647830174e-06 2.274017889921455e-05
2.3279575647830174e-06 2.274017889921455e-05
2.3279575647830174e-06 2.274017889921455e-05
2.3279575647830174e-06 2.274017889921455e-05
2.3279575647830174e-06 2.274017889921455e-05
2.3279575647830174e-06 2.274017889921455e-05
5.518884180441348e-09 6.988720060899414e-09
5.518884180441348e-09 6.988720060899414e-09
5.518884180441348e-09 6.988720060899414e-09
5.518884180441348e-09 6.988720060899414e-09
5.518884180441348e-09 6.988720060899414e-09
5.518884180441348e-09 6.988720060899414e-09
6.820210871935852e-08 1.0180747767936449e-07
1.4282776852703752e-07 2.1509473752802245e-07
3.5259731637000864e-05 4.85485583763511e-05
7.89747770888805e-07 1.1823473892842521e-06
7.89747770888805e-07 1.1823473892842521e-06
7.89747770888805e-07 1.1823473892842521e-06
7.89747770888805e-07 1.1823473892842521e-06
1.0566953105612365e-06 3.5460336041749326e-06
1.6325492625519277e-06 1.0759732152690601e-05
1.0866173362330638e-05 4.284710620094402e-06
3.2801886975514844e-06 4.6726250515556454e-06
2.0352530860547248e-06 2.274023302533109e-05
2.0352530860547248e-06 2.274023302533109e-05
4.61205804060917e-09 6.9897556867555e-09
6.367310570176768e-08 1.0180789075053742e-07
6.367310570176768e-08 1.0180789075053742e-07
6.367310570176768e-08 1.0180789075053742e-07
6.367310570176768e-08 1.0180789075053742e-07
6.367310570176768e-08 1.0180789075053742e-07
1.3334140415846876e-07 2.1509486610146068e-07
1.3334140415846876e-07 2.1509486610146068e-07
1.3334140415846876e-07 2.1509486610146068e-07
1.3334140415846876e-07 2.1509486610146068e-07
1.3334140415846876e-07 2.1509486610146068e-07
3.269978128458535e-05 4.8548552779582114e-05
3.269978128458535e-05 4.8548552779582114e-05
3.269978128458535e-05 4.8548552779582114e-05
3.269978128458535e-05 4.8548552779582114e-05
3.269978128458535e-05 4.8548552779582114e-05
7.349564289739793e-07 1.1823462020288863e-06
7.349564289739793e-07 1.1823462020288863e-06
7.349564289739793e-07 1.1823462020288863e-06
7.349564289739793e-07 1.1823462020288863e-06
7.349564289739793e-07 1.1823462020288863e-06
7.349564289739793e-07 1.1823462020288863e-06
7.349564289739793e-07 1.1823462020288863e-06
7.349564289739793e-07 1.1823462020288863e-06
7.349564289739793e-07 1.1823462020288863e-06
7.349564289739793e-07 1.1823462020288863e-06
7.349564289739793e-07 1.1823462020288863e-06
7.349564289739793e-07 1.1823462020288863e-06
7.349564289739793e-07 1.1823462020288863e-06
7.349564289739793e-07 1.1823462020288863e-06
7.349564289739793e-07 1.1823462020288863e-06
7.349564289739793e-07 1.1823462020288863e-06
7.349564289739793e-07 1.1823462020288863e-06
7.349564289739793e-07 1.1823462020288863e-06
7.349564289739793e-07 1.1823462020288863e-06
7.349564289739793e-07 1.1823462020288863e-06
9.824811884445429e-07 3.5460396173256004e-06
9.824811884445429e-07 3.5460396173256004e-06
9.824811884445429e-07 3.5460396173256004e-06
9.824811884445429e-07 3.5460396173256004e-06
9.824811884445429e-07 3.5460396173256004e-06
1.5384843287741293e-06 1.0759791682708837e-05
1.5384843287741293e-06 1.0759791682708837e-05
1.5384843287741293e-06 1.0759791682708837e-05
1.5384843287741293e-06 1.0759791682708837e-05
1.5384843287741293e-06 1.0759791682708837e-05
1.0295185868806009e-05 4.28469817064514e-06
1.0295185868806009e-05 4.28469817064514e-06
1.0295185868806009e-05 4.28469817064514e-06
1.0295185868806009e-05 4.28469817064514e-06
1.0295185868806009e-05 4.28469817064514e-06
3.1267190577560435e-06 4.672630198610583e-06
3.1267190577560435e-06 4.672630198610583e-06
3.1267190577560435e-06 4.672630198610583e-06
3.1267190577560435e-06 4.672630198610583e-06
3.1267190577560435e-06 4.672630198610583e-06
1.946554836216325e-06 2.2739977812093017e-05
1.946554836216325e-06 2.2739977812093017e-05
1.946554836216325e-06 2.2739977812093017e-05
1.946554836216325e-06 2.2739977812093017e-05
1.946554836216325e-06 2.2739977812093017e-05
1.946554836216325e-06 2.2739977812093017e-05
1.946554836216325e-06 2.2739977812093017e-05
1.946554836216325e-06 2.2739977812093017e-05
1.946554836216325e-06 2.2739977812093017e-05
1.946554836216325e-06 2.2739977812093017e-05
4.396475950282053e-09 6.991831030919698e-09
4.396475950282053e-09 6.991831030919698e-09
4.396475950282053e-09 6.991831030919698e-09
4.396475950282053e-09 6.991831030919698e-09
4.396475950282053e-09 6.991831030919698e-09
9.939740784785242e-08 1.0266151763946622e-07
2.0734162302996624e-07 2.1265254275733793e-07
5.346566518035578e-05 4.874390701162355e-05
1.1634712569419412e-06 1.1729417059900344e-06
1.1634712569419412e-06 1.1729417059900344e-06
1.1634712569419412e-06 1.1729417059900344e-06
1.1634712569419412e-06 1.1729417059900344e-06
1.527796852173864e-06 3.5687321959916e-06
2.4949103828190493e-06 1.0996574243694435e-05
1.68361087612626e-05 4.374606285434311e-06
4.1942790034393085e-06 4.810076790203691e-06
3.3342780454462096e-06 2.0812520812520813e-05
3.3342780454462096e-06 2.0812520812520813e-05
1.3516092225613584e-08 1.9532696640344927e-08
9.032792863727547e-08 1.0180748890162781e-07
1.894236980276531e-07 2.1509504682930115e-07
4.774150496087533e-05 4.854852519967977e-05
1.054994065518964e-06 1.1823458039119493e-06
1.054994065518964e-06 1.1823458039119493e-06
1.054994065518964e-06 1.1823458039119493e-06
1.054994065518964e-06 1.1823458039119493e-06
1.4263577217383847e-06 3.546033031938524e-06
2.1175330932096887e-06 1.0759770030634118e-05
1.3816359123157942e-05 4.2846986722231086e-06
4.031737951670899e-06 4.6726244627855154e-06
2.520343791649856e-06 2.274061230716748e-05
2.520343791649856e-06 2.274061230716748e-05
6.2264521377846235e-09 6.9904700483758244e-09
1.964710432216914e-07 1.0210659051709073e-07
4.1261541671616296e-07 2.1456833143082746e-07
0.00010929064550305549 4.86425683276077e-05
2.2988918316456325e-06 1.1863743870022886e-06
2.2988918316456325e-06 1.1863743870022886e-06
2.2988918316456325e-06 1.1863743870022886e-06
2.2988918316456325e-06 1.1863743870022886e-06
3.2357112303039337e-06 3.5580152824901236e-06
3.8112313970981846e-06 1.062943901457268e-05
2.347212323874893e-05 4.32393517015901e-06
6.1308447091120024e-06 4.622296014610153e-06
4.14155198862601e-06 2.25000225000225e-05
4.14155198862601e-06 2.25000225000225e-05
1.4550051962115571e-08 8.446571520149157e-09
6.367310570176768e-08 1.0180789075053742e-07
1.3334140415846876e-07 2.1509486610146068e-07
3.269978128458535e-05 4.8548552779582114e-05
7.349564289739793e-07 1.1823462020288863e-06
7.349564289739793e-07 1.1823462020288863e-06
7.349564289739793e-07 1.1823462020288863e-06
7.349564289739793e-07 1.1823462020288863e-06
9.824811884445429e-07 3.5460396173256004e-06
1.5384843287741293e-06 1.0759791682708837e-05
1.0295185868806009e-05 4.28469817064514e-06
3.1267190577560435e-06 4.672630198610583e-06
1.946554836216325e-06 2.2739977812093017e-05
1.946554836216325e-06 2.2739977812093017e-05
4.396475950282053e-09 6.991831030919698e-09
1.1498727290153032e-07 1.0180758642973764e-07
1.1498727290153032e-07 1.0180758642973764e-07
2.403076532404282e-07 2.150950529481749e-07
2.403076532404282e-07 2.150950529481749e-07
6.1527127991889e-05 4.854849550148024e-05
6.1527127991889e-05 4.854849550148024e-05
1.3510872108594706e-06 1.1823461746534096e-06
1.3510872108594706e-06 1.1823461746534096e-06
1.3510872108594706e-06 1.1823461746534096e-06
1.3510872108594706e-06 1.1823461746534096e-06
1.3510872108594706e-06 1.1823461746534096e-06
1.3510872108594706e-06 1.1823461746534096e-06
1.3510872108594706e-06 1.1823461746534096e-06
1.3510872108594706e-06 1.1823461746534096e-06
1.8071423608380217e-06 3.5460366246347503e-06
1.8071423608380217e-06 3.5460366246347503e-06
2.68821864839826e-06 1.075978559340196e-05
2.68821864839826e-06 1.075978559340196e-05
1.7212671782124724e-05 4.284684788777455e-06
1.7212671782124724e-05 4.284684788777455e-06
4.821697455948229e-06 4.672615352498398e-06
4.821697455948229e-06 4.672615352498398e-06
2.687872691879321e-06 2.2740220591814572e-05
2.687872691879321e-06 2.2740220591814572e-05
2.687872691879321e-06 2.2740220591814572e-05
2.687872691879321e-06 2.2740220591814572e-05
7.508880855714219e-09 6.989911635292613e-09
7.508880855714219e-09 6.989911635292613e-09
1.411847240811054e-07 1.0180704197749733e-07
2.9463429081601675e-07 2.1509513184874978e-07
7.638812751232917e-05 4.854847689493359e-05
1.6647701116294476e-06 1.1823431405752829e-06
1.6647701116294476e-06 1.1823431405752829e-06
1.6647701116294476e-06 1.1823431405752829e-06
1.6647701116294476e-06 1.1823431405752829e-06
2.192797184613974e-06 3.5460049163980797e-06
3.30755614164012e-06 1.0760121295098164e-05
2.077081688505783e-05 4.284895744664365e-06
5.442105428761017e-06 4.6724609328293205e-06
2.5943501757672245e-06 2.2733399356775982e-05
2.5943501757672245e-06 2.2733399356775982e-05
7.572909009863603e-09 6.981036513536265e-09
1.1168404991285646e-07 1.0180763176748148e-07
2.337890881538187e-07 2.1509478030378403e-07
5.990011810550101e-05 4.854850021255582e-05
1.3153261121630968e-06 1.1823458729057404e-06
1.3153261121630968e-06 1.1823458729057404e-06
1.3153261121630968e-06 1.1823458729057404e-06
1.3153261121630968e-06 1.1823458729057404e-06
1.7726049765941005e-06 3.546035922323683e-06
2.611099718928161e-06 1.0759778590326739e-05
1.6789725078267004e-05 4.284695768617428e-06
4.753176973305869e-06 4.672633345809663e-06
2.784264715253483e-06 2.2740196721653052e-05
2.784264715253483e-06 2.2740196721653052e-05
7.645782086088612e-09 6.989671380501991e-09
1.0191305072528614e-07 1.0180778833433167e-07
1.0191305072528614e-07 1.0180778833433167e-07
1.0191305072528614e-07 1.0180778833433167e-07
1.0191305072528614e-07 1.0180778833433167e-07
2.1375192990451864e-07 2.150946308783554e-07
2.1375192990451864e-07 2.150946308783554e-07
2.1375192990451864e-07 2.150946308783554e-07
2.1375192990451864e-07 2.150946308783554e-07
5.429044545778878e-05 4.854852114746039e-05
5.429044545778878e-05 4.854852114746039e-05
5.429044545778878e-05 4.854852114746039e-05
5.429044545778878e-05 4.854852114746039e-05
1.1944897158113657e-06 1.1823464960455034e-06
1.1944897158113657e-06 1.1823464960455034e-06
1.1944897158113657e-06 1.1823464960455034e-06
1.1944897158113657e-06 1.1823464960455034e-06
1.1944897158113657e-06 1.1823464960455034e-06
1.1944897158113657e-06 1.1823464960455034e-06
1.1944897158113657e-06 1.1823464960455034e-06
1.1944897158113657e-06 1.1823464960455034e-06
1.1944897158113657e-06 1.1823464960455034e-06
1.1944897158113657e-06 1.1823464960455034e-06
1.1944897158113657e-06 1.1823464960455034e-06
1.1944897158113657e-06 1.1823464960455034e-06
1.1944897158113657e-06 1.1823464960455034e-06
1.1944897158113657e-06 1.1823464960455034e-06
1.1944897158113657e-06 1.1823464960455034e-06
1.1944897158113657e-06 1.1823464960455034e-06
1.619447899691075e-06 3.5460384700565246e-06
1.619447899691075e-06 3.5460384700565246e-06
1.619447899691075e-06 3.5460384700565246e-06
1.619447899691075e-06 3.5460384700565246e-06
2.3695703247155625e-06 1.0759797582952315e-05
2.3695703247155625e-06 1.0759797582952315e-05
2.3695703247155625e-06 1.0759797582952315e-05
2.3695703247155625e-06 1.0759797582952315e-05
1.535787809566695e-05 4.284702205643319e-06
1.535787809566695e-05 4.284702205643319e-06
1.535787809566695e-05 4.284702205643319e-06
1.535787809566695e-05 4.284702205643319e-06
4.428069552648227e-06 4.672652302947824e-06
4.428069552648227e-06 4.672652302947824e-06
4.428069552648227e-06 4.672652302947824e-06
4.428069552648227e-06 4.672652302947824e-06
2.7555595425352616e-06 2.2740104411417242e-05
2.7555595425352616e-06 2.2740104411417242e-05
2.7555595425352616e-06 2.2740104411417242e-05
2.7555595425352616e-06 2.2740104411417242e-05
2.7555595425352616e-06 2.2740104411417242e-05
2.7555595425352616e-06 2.2740104411417242e-05
2.7555595425352616e-06 2.2740104411417242e-05
2.7555595425352616e-06 2.2740104411417242e-05
7.072963630491543e-09 6.989577244700941e-09
7.072963630491543e-09 6.989577244700941e-09
7.072963630491543e-09 6.989577244700941e-09
7.072963630491543e-09 6.989577244700941e-09
9.35262551771928e-08 1.0180757933442e-07
9.35262551771928e-08 1.0180757933442e-07
1.963167476877558e-07 2.150954322654555e-07
1.963167476877558e-07 2.150954322654555e-07
4.963825904796317e-05 4.854845892858181e-05
4.963825904796317e-05 4.854845892858181e-05
1.0941377710387868e-06 1.182345801284896e-06
1.0941377710387868e-06 1.182345801284896e-06
1.0941377710387868e-06 1.182345801284896e-06
1.0941377710387868e-06 1.182345801284896e-06
1.0941377710387868e-06 1.182345801284896e-06
1.0941377710387868e-06 1.182345801284896e-06
1.0941377710387868e-06 1.182345801284896e-06
1.0941377710387868e-06 1.182345801284896e-06
1.4841232545851638e-06 3.546030983519376e-06
1.4841232545851638e-06 3.546030983519376e-06
2.1775112626012984e-06 1.0759815242776527e-05
2.1775112626012984e-06 1.0759815242776527e-05
1.4186727625703653e-05 4.284677896906853e-06
1.4186727625703653e-05 4.284677896906853e-06
4.129655625313828e-06 4.672593222161775e-06
4.129655625313828e-06 4.672593222161775e-06
2.6378288502512285e-06 2.2739991526982213e-05
2.6378288502512285e-06 2.2739991526982213e-05
2.6378288502512285e-06 2.2739991526982213e-05
2.6378288502512285e-06 2.2739991526982213e-05
6.459557306184163e-09 6.989627194378455e-09
6.459557306184163e-09 6.989627194378455e-09
6.022809034848685e-07 9.804572847428091e-08
1.2354105038868822e-06 2.2155427710531952e-07
0.0003205344490181524 4.883110541414881e-05
6.816044058908797e-06 1.1909727373395067e-06
6.816044058908797e-06 1.1909727373395067e-06
6.816044058908797e-06 1.1909727373395067e-06
6.816044058908797e-06 1.1909727373395067e-06
8.635373512287058e-06 3.6148398471026027e-06
1.3900214989991845e-05 1.010902584372457e-05
5.382034767944601e-05 4.069401195752848e-06
8.018474565398678e-06 4.176190701572197e-06
2.737640470385766e-07 1.0452809068745651e-07
5.615502290394919e-07 2.1651895262565318e-07
0.00011809163911195088 4.772130756382725e-05
2.9211617395323415e-06 1.2145097479588645e-06
2.9211617395323415e-06 1.2145097479588645e-06
2.9211617395323415e-06 1.2145097479588645e-06
2.9211617395323415e-06 1.2145097479588645e-06
3.5980722967862738e-06 3.532684396032089e-06
6.950107494995923e-06 9.879275256367193e-06
5.382034767944601e-05 4.772297765928339e-06
8.018474565398678e-06 5.4417030353819534e-06
8.683982948226103e-08 1.018076245004739e-07
1.8224833044438558e-07 2.150952767465653e-07
4.6060402356458125e-05 4.854861754492472e-05
1.0172086539185504e-06 1.1823465590606515e-06
1.0172086539185504e-06 1.1823465590606515e-06
1.0172086539185504e-06 1.1823465590606515e-06
1.0172086539185504e-06 1.1823465590606515e-06
1.3791100823039546e-06 3.546037567989326e-06
2.0289132278084264e-06 1.0759714951769379e-05
1.3251215208466198e-05 4.284712770109686e-06
3.8766527654131345e-06 4.672625556689774e-06
2.4706459043130356e-06 2.2739302448646474e-05
2.4706459043130356e-06 2.2739302448646474e-05
5.860114072215037e-09 6.987911083926853e-09
7.469109344663095e-08 1.018077743206229e-07
1.5658808179774683e-07 2.1509517771172167e-07
3.9051372383544806e-05 4.854849601392701e-05
8.697764383595547e-07 1.1823453754223046e-06
8.697764383595547e-07 1.1823453754223046e-06
8.697764383595547e-07 1.1823453754223046e-06
8.697764383595547e-07 1.1823453754223046e-06
1.1708292588725548e-06 3.5460308338613444e-06
1.7729527351643119e-06 1.0759764533837587e-05
1.1710649808719873e-05 4.284688372542301e-06
3.492735364583669e-06 4.672596071398473e-06
2.1861637851129812e-06 2.274010662274636e-05
2.1861637851129812e-06 2.274010662274636e-05
5.0119137256277216e-09 6.9887731563848535e-09
8.709103317872842e-08 1.0193342176968277e-07
1.8218735113472426e-07 2.1452267859435282e-07
4.9302460693267134e-05 4.8472664321215164e-05
1.05610781856552e-06 1.184362342867687e-06
1.05610781856552e-06 1.184362342867687e-06
1.05610781856552e-06 1.184362342867687e-06
1.05610781856552e-06 1.184362342867687e-06
1.4512333078020741e-06 3.5434220385732197e-06
2.0618443335019463e-06 1.0790130421847857e-05
1.27392617365686e-05 4.318760247747915e-06
3.1126720472535e-06 4.712283266809479e-06
1.4732157279248356e-06 2.2318107424490404e-05
1.4732157279248356e-06 2.2318107424490404e-05
9.242293301253654e-10 9.309200100930347e-09
1.3297110856159433e-07 1.0193342176968277e-07
2.8077511451974594e-07 2.1452267859435282e-07
7.149765905417434e-05 4.8472664321215164e-05
1.4992205753155403e-06 1.184362342867687e-06
1.4992205753155403e-06 1.184362342867687e-06
1.4992205753155403e-06 1.184362342867687e-06
1.4992205753155403e-06 1.184362342867687e-06
1.9018382140156018e-06 3.5434220385732197e-06
2.371862081625593e-06 1.0790130421847857e-05
1.3668659728113272e-05 4.318760247747915e-06
3.6274051605374973e-06 4.712283266809479e-06
1.984689312765601e-06 2.2318107424490404e-05
1.984689312765601e-06 2.2318107424490404e-05
7.665393317080144e-07 1.2775655528466908e-07
1.5723406413105774e-06 2.6463427543135386e-07
0.0002952290977798772 3.499562554680665e-05
6.816044058908797e-06 1.4844008030608345e-06
6.816044058908797e-06 1.4844008030608345e-06
6.816044058908797e-06 1.4844008030608345e-06
6.816044058908797e-06 1.4844008030608345e-06
5.0373012155007836e-06 3.7009074625098073e-06
8.10845874416191e-06 2.4149339515564248e-05
6.279040562602035e-05 1.1665616761158163e-05
2.8064660978895374e-05 1.995291112973383e-05
2.0378070261956018e-07 1.0111795439552531e-07
4.456810620616249e-07 2.1621183354391464e-07
0.00011892327037330264 4.8696040654492653e-05
2.4800160308236234e-06 1.184362342867687e-06
2.4800160308236234e-06 1.184362342867687e-06
2.4800160308236234e-06 1.184362342867687e-06
2.4800160308236234e-06 1.184362342867687e-06
3.7779759116255877e-06 3.5434220385732197e-06
4.054229372080955e-06 1.0790130421847857e-05
2.4762413486317882e-05 4.318760247747915e-06
6.917346015924916e-06 4.584924259598412e-06
5.75280366996001e-06 2.479789713832267e-05
5.75280366996001e-06 2.479789713832267e-05
2.1654302685402048e-08 9.309200100930347e-09