1.548725853152599e-07 1.5778021060439345e-07
5.0002783701101513e-08 9.033919186606152e-09
0.003883885155763477 0.004458281355095424
9.751610855904857e-07 1.0128635163270168e-06
0.00010468992337959388 0.00011315816964177725
3.296701749346468e-05 2.9691481059978887e-05
0.00014663247587157414 0.0001346160212365935
0.00014663247587157414 0.0001346160212365935
0.00014663247587157414 0.0001346160212365935
0.00014663247587157414 0.0001346160212365935
0.07714282093470735 0.0037891887061608457
0.07714282093470735 0.0037891887061608457
1.670920638624584e-06 1.705075790680837e-06
1.670920638624584e-06 1.705075790680837e-06
0.746297942984837 0.7750566408665162
0.07563686363799575 0.03419838969809186
0.07563686363799575 0.03419838969809186
0.07563686363799575 0.03419838969809186
0.07563686363799575 0.03419838969809186
7.39456186224908e-07 7.367476633200794e-07
7.39456186224908e-07 7.367476633200794e-07
8.081698070748753e-07 8.398092968942505e-07
8.081698070748753e-07 8.398092968942505e-07
6.873393909074789e-07 6.90885090586706e-07
1.5315817571546418e-06 3.6893419403856974e-06
1.056071035562136e-06 1.0479346256463138e-06
1.056071035562136e-06 1.0479346256463138e-06
1.056071035562136e-06 1.0479346256463138e-06
1.056071035562136e-06 1.0479346256463138e-06
1.056071035562136e-06 1.0479346256463138e-06
1.056071035562136e-06 1.0479346256463138e-06
1.056071035562136e-06 1.0479346256463138e-06
1.056071035562136e-06 1.0479346256463138e-06
1.056071035562136e-06 1.0479346256463138e-06
1.056071035562136e-06 1.0479346256463138e-06
2.1175151218173185e-07 2.145273656679442e-07
6.836694202819011e-08 1.2283054239412645e-08
0.005310291380485291 0.006061744694416715
1.3333013978828348e-06 1.3771495240528934e-06
0.0001431386293493634 0.00015385658280000323
4.507457399353506e-05 4.037030493353623e-05
0.0002004851177343764 0.00018303195503392426
0.0002004851177343764 0.00018303195503392426
0.0002004851177343764 0.00018303195503392426
0.0002004851177343764 0.00018303195503392426
0.10547450314487204 0.005152006503461829
0.10547450314487204 0.005152006503461829
2.2845874965164555e-06 2.3183225338448216e-06
2.2845874965164555e-06 2.3183225338448216e-06
1.0203853551192972 1.0538131415316399
0.10341546387584542 0.04649816617631717
0.10341546387584542 0.04649816617631717
0.10341546387584542 0.04649816617631717
0.10341546387584542 0.04649816617631717
1.0110308761652236e-06 1.0017259754479572e-06
1.0110308761652236e-06 1.0017259754479572e-06
1.1049804482786112e-06 1.1418547068484854e-06
1.1049804482786112e-06 1.1418547068484854e-06
9.397735248653354e-07 9.393684917460616e-07
2.094074638498942e-06 5.016248897674919e-06
1.4439265561196496e-06 1.424834291771867e-06
1.4439265561196496e-06 1.424834291771867e-06
1.4439265561196496e-06 1.424834291771867e-06
1.4439265561196496e-06 1.424834291771867e-06
1.4439265561196496e-06 1.424834291771867e-06
1.4439265561196496e-06 1.424834291771867e-06
1.4439265561196496e-06 1.424834291771867e-06
1.4439265561196496e-06 1.424834291771867e-06
1.4439265561196496e-06 1.424834291771867e-06
1.4439265561196496e-06 1.424834291771867e-06
3.148139455821469e-06 3.2660801364655906e-06
1.0164209240125202e-06 1.8700383208252703e-07
0.07894884737572443 0.09228726543635761
1.9822379041971202e-05 2.096646593989428e-05
0.0021280620953497567 0.002342395467277448
0.0006701300188194549 0.0006146192614445722
0.0029806403880739494 0.0027865770449074655
0.0029806403880739494 0.0027865770449074655
0.0029806403880739494 0.0027865770449074655
0.0029806403880739494 0.0027865770449074655
1.5681042440375244 0.07843692132939188
1.5681042440375244 0.07843692132939188
3.39652830053335e-05 3.529539065627268e-05
3.39652830053335e-05 3.529539065627268e-05
15.170212309211514 16.043818737933577
1.5374922181911856 0.7079131208165413
1.5374922181911856 0.7079131208165413
1.5374922181911856 0.7079131208165413
1.5374922181911856 0.7079131208165413
1.5031137957484118e-05 1.5250815672888619e-05
1.5031137957484118e-05 1.5250815672888619e-05
1.6427899434086292e-05 1.7384210938105245e-05
1.6427899434086292e-05 1.7384210938105245e-05
1.3971744913093558e-05 1.430145176192735e-05
3.1132901602307135e-05 7.637007443433859e-05
2.146705879827405e-05 2.1692444521573137e-05
2.146705879827405e-05 2.1692444521573137e-05
2.146705879827405e-05 2.1692444521573137e-05
2.146705879827405e-05 2.1692444521573137e-05
2.146705879827405e-05 2.1692444521573137e-05
2.146705879827405e-05 2.1692444521573137e-05
2.146705879827405e-05 2.1692444521573137e-05
2.146705879827405e-05 2.1692444521573137e-05
2.146705879827405e-05 2.1692444521573137e-05
2.146705879827405e-05 2.1692444521573137e-05
0.004073605007514764 0.037640757052731816
0.0013152204417576452 0.0021551724137931034
102.15761548064918 1063.5876623376623
0.02564960785867068 0.24163327834079662
2.7536532385466033 26.995522161505768
0.8671296296296296 7.083333333333333
3.856865866601355 32.11460379829732
3.856865866601355 32.11460379829732
3.856865866601355 32.11460379829732
3.856865866601355 32.11460379829732
2029.0833333333333 903.9659090909091
2029.0833333333333 903.9659090909091
0.043950132728818064 0.40677055346587854
0.043950132728818064 0.40677055346587854
19629.833333333332 184901.0
1989.4722222222222 8158.521739130435
1989.4722222222222 8158.521739130435
1989.4722222222222 8158.521739130435
1989.4722222222222 8158.521739130435
0.019449874985374517 0.1757618379261231
0.019449874985374517 0.1757618379261231
0.02125724553716783 0.2003486850089284
0.02125724553716783 0.2003486850089284
0.0180790498135177 0.1648206561932722
0.04028510987056314 0.8801460153371438
0.027777777777777776 0.25
0.027777777777777776 0.25
0.027777777777777776 0.25
0.027777777777777776 0.25
0.027777777777777776 0.25
0.027777777777777776 0.25
0.027777777777777776 0.25
0.027777777777777776 0.25
0.027777777777777776 0.25
0.027777777777777776 0.25
6.411561212927173e-08 6.541724737394627e-08
6.411561212927173e-08 6.541724737394627e-08
2.07006235392637e-08 3.745552905035851e-09
2.07006235392637e-08 3.745552905035851e-09
0.0016078873720269137 0.001848447870311112
0.0016078873720269137 0.001848447870311112
4.037063745013794e-07 4.199433056262161e-07
4.037063745013794e-07 4.199433056262161e-07
4.33405209035911e-05 4.691650459511426e-05
4.33405209035911e-05 4.691650459511426e-05
1.3647996528031294e-05 1.231038388121783e-05
1.3647996528031294e-05 1.231038388121783e-05
6.070429398075208e-05 5.581314366356558e-05
6.070429398075208e-05 5.581314366356558e-05
6.070429398075208e-05 5.581314366356558e-05
6.070429398075208e-05 5.581314366356558e-05
6.070429398075208e-05 5.581314366356558e-05
6.070429398075208e-05 5.581314366356558e-05
6.070429398075208e-05 5.581314366356558e-05
6.070429398075208e-05 5.581314366356558e-05
0.03193631187559323 0.0015710353914978564
0.03193631187559323 0.0015710353914978564
0.03193631187559323 0.0015710353914978564
0.03193631187559323 0.0015710353914978564
6.917434699418872e-07 7.069414114927634e-07
6.917434699418872e-07 7.069414114927634e-07
6.917434699418872e-07 7.069414114927634e-07
6.917434699418872e-07 7.069414114927634e-07
0.30895945430165467 0.3213462056500317
0.30895945430165467 0.3213462056500317
0.03131286148427537 0.014178993107570339
0.03131286148427537 0.014178993107570339
0.03131286148427537 0.014178993107570339
0.03131286148427537 0.014178993107570339
0.03131286148427537 0.014178993107570339
0.03131286148427537 0.014178993107570339
0.03131286148427537 0.014178993107570339
0.03131286148427537 0.014178993107570339
3.061270393728958e-07 3.054629218643247e-07
3.061270393728958e-07 3.054629218643247e-07
3.061270393728958e-07 3.054629218643247e-07
3.061270393728958e-07 3.054629218643247e-07
3.3457375157471144e-07 3.481933020080613e-07
3.3457375157471144e-07 3.481933020080613e-07
3.3457375157471144e-07 3.481933020080613e-07
3.3457375157471144e-07 3.481933020080613e-07
2.845512373857917e-07 2.8644784225318644e-07
2.845512373857917e-07 2.8644784225318644e-07
6.340586468941692e-07 1.52963792757522e-06
6.340586468941692e-07 1.52963792757522e-06
4.3720223795081564e-07 4.344841369841587e-07
4.3720223795081564e-07 4.344841369841587e-07
4.3720223795081564e-07 4.344841369841587e-07
4.3720223795081564e-07 4.344841369841587e-07
4.3720223795081564e-07 4.344841369841587e-07
4.3720223795081564e-07 4.344841369841587e-07
4.3720223795081564e-07 4.344841369841587e-07
4.3720223795081564e-07 4.344841369841587e-07
4.3720223795081564e-07 4.344841369841587e-07
4.3720223795081564e-07 4.344841369841587e-07
4.3720223795081564e-07 4.344841369841587e-07
4.3720223795081564e-07 4.344841369841587e-07
4.3720223795081564e-07 4.344841369841587e-07
4.3720223795081564e-07 4.344841369841587e-07
4.3720223795081564e-07 4.344841369841587e-07
4.3720223795081564e-07 4.344841369841587e-07
4.3720223795081564e-07 4.344841369841587e-07
4.3720223795081564e-07 4.344841369841587e-07
4.3720223795081564e-07 4.344841369841587e-07
4.3720223795081564e-07 4.344841369841587e-07
8.384625339646816e-08 8.587893128678758e-08
8.384625339646816e-08 8.587893128678758e-08
8.384625339646816e-08 8.587893128678758e-08
8.384625339646816e-08 8.587893128678758e-08
8.384625339646816e-08 8.587893128678758e-08
8.384625339646816e-08 8.587893128678758e-08
8.384625339646816e-08 8.587893128678758e-08
2.7070937468997267e-08 4.917114269939622e-09
2.7070937468997267e-08 4.917114269939622e-09
2.7070937468997267e-08 4.917114269939622e-09
2.7070937468997267e-08 4.917114269939622e-09
2.7070937468997267e-08 4.917114269939622e-09
2.7070937468997267e-08 4.917114269939622e-09
2.7070937468997267e-08 4.917114269939622e-09
0.0021026911784938016 0.0024266188813208806
0.0021026911784938016 0.0024266188813208806
0.0021026911784938016 0.0024266188813208806
0.0021026911784938016 0.0024266188813208806
0.0021026911784938016 0.0024266188813208806
0.0021026911784938016 0.0024266188813208806
0.0021026911784938016 0.0024266188813208806
5.279411027998027e-07 5.51296236634126e-07
5.279411027998027e-07 5.51296236634126e-07
5.279411027998027e-07 5.51296236634126e-07
5.279411027998027e-07 5.51296236634126e-07
5.279411027998027e-07 5.51296236634126e-07
5.279411027998027e-07 5.51296236634126e-07
5.279411027998027e-07 5.51296236634126e-07
5.667793190043277e-05 6.159139120159244e-05
5.667793190043277e-05 6.159139120159244e-05
5.667793190043277e-05 6.159139120159244e-05
5.667793190043277e-05 6.159139120159244e-05
5.667793190043277e-05 6.159139120159244e-05
5.667793190043277e-05 6.159139120159244e-05
5.667793190043277e-05 6.159139120159244e-05
1.7847967713950728e-05 1.6160915567201557e-05
1.7847967713950728e-05 1.6160915567201557e-05
1.7847967713950728e-05 1.6160915567201557e-05
1.7847967713950728e-05 1.6160915567201557e-05
1.7847967713950728e-05 1.6160915567201557e-05
1.7847967713950728e-05 1.6160915567201557e-05
1.7847967713950728e-05 1.6160915567201557e-05
7.938515201417058e-05 7.32707859470701e-05
7.938515201417058e-05 7.32707859470701e-05
7.938515201417058e-05 7.32707859470701e-05
7.938515201417058e-05 7.32707859470701e-05
7.938515201417058e-05 7.32707859470701e-05
7.938515201417058e-05 7.32707859470701e-05
7.938515201417058e-05 7.32707859470701e-05
7.938515201417058e-05 7.32707859470701e-05
7.938515201417058e-05 7.32707859470701e-05
7.938515201417058e-05 7.32707859470701e-05
7.938515201417058e-05 7.32707859470701e-05
7.938515201417058e-05 7.32707859470701e-05
7.938515201417058e-05 7.32707859470701e-05
7.938515201417058e-05 7.32707859470701e-05
7.938515201417058e-05 7.32707859470701e-05
7.938515201417058e-05 7.32707859470701e-05
7.938515201417058e-05 7.32707859470701e-05
7.938515201417058e-05 7.32707859470701e-05
7.938515201417058e-05 7.32707859470701e-05
7.938515201417058e-05 7.32707859470701e-05
7.938515201417058e-05 7.32707859470701e-05
7.938515201417058e-05 7.32707859470701e-05
7.938515201417058e-05 7.32707859470701e-05
7.938515201417058e-05 7.32707859470701e-05
7.938515201417058e-05 7.32707859470701e-05
7.938515201417058e-05 7.32707859470701e-05
7.938515201417058e-05 7.32707859470701e-05
7.938515201417058e-05 7.32707859470701e-05
0.0417642444506447 0.002062435303404251
0.0417642444506447 0.002062435303404251
0.0417642444506447 0.002062435303404251
0.0417642444506447 0.002062435303404251
0.0417642444506447 0.002062435303404251
0.0417642444506447 0.002062435303404251
0.0417642444506447 0.002062435303404251
0.0417642444506447 0.002062435303404251
0.0417642444506447 0.002062435303404251
0.0417642444506447 0.002062435303404251
0.0417642444506447 0.002062435303404251
0.0417642444506447 0.002062435303404251
0.0417642444506447 0.002062435303404251
0.0417642444506447 0.002062435303404251
9.046173987882728e-07 9.280637039697754e-07
9.046173987882728e-07 9.280637039697754e-07
9.046173987882728e-07 9.280637039697754e-07
9.046173987882728e-07 9.280637039697754e-07
9.046173987882728e-07 9.280637039697754e-07
9.046173987882728e-07 9.280637039697754e-07
9.046173987882728e-07 9.280637039697754e-07
9.046173987882728e-07 9.280637039697754e-07
9.046173987882728e-07 9.280637039697754e-07
9.046173987882728e-07 9.280637039697754e-07
9.046173987882728e-07 9.280637039697754e-07
9.046173987882728e-07 9.280637039697754e-07
9.046173987882728e-07 9.280637039697754e-07
9.046173987882728e-07 9.280637039697754e-07
0.40403720457944736 0.42185921637051316
0.40403720457944736 0.42185921637051316
0.40403720457944736 0.42185921637051316
0.40403720457944736 0.42185921637051316
0.40403720457944736 0.42185921637051316
0.40403720457944736 0.42185921637051316
0.40403720457944736 0.42185921637051316
0.040948936325921996 0.018614002020602167
0.040948936325921996 0.018614002020602167
0.040948936325921996 0.018614002020602167
0.040948936325921996 0.018614002020602167
0.040948936325921996 0.018614002020602167
0.040948936325921996 0.018614002020602167
0.040948936325921996 0.018614002020602167
0.040948936325921996 0.018614002020602167
0.040948936325921996 0.018614002020602167
0.040948936325921996 0.018614002020602167
0.040948936325921996 0.018614002020602167
0.040948936325921996 0.018614002020602167
0.040948936325921996 0.018614002020602167
0.040948936325921996 0.018614002020602167
0.040948936325921996 0.018614002020602167
0.040948936325921996 0.018614002020602167
0.040948936325921996 0.018614002020602167
0.040948936325921996 0.018614002020602167
0.040948936325921996 0.018614002020602167
0.040948936325921996 0.018614002020602167
0.040948936325921996 0.018614002020602167
0.040948936325921996 0.018614002020602167
0.040948936325921996 0.018614002020602167
0.040948936325921996 0.018614002020602167
0.040948936325921996 0.018614002020602167
0.040948936325921996 0.018614002020602167
0.040948936325921996 0.018614002020602167
0.040948936325921996 0.018614002020602167
4.0033315541023986e-07 4.0100784319909263e-07
4.0033315541023986e-07 4.0100784319909263e-07
4.0033315541023986e-07 4.0100784319909263e-07
4.0033315541023986e-07 4.0100784319909263e-07
4.0033315541023986e-07 4.0100784319909263e-07
4.0033315541023986e-07 4.0100784319909263e-07
4.0033315541023986e-07 4.0100784319909263e-07
4.0033315541023986e-07 4.0100784319909263e-07
4.0033315541023986e-07 4.0100784319909263e-07
4.0033315541023986e-07 4.0100784319909263e-07
4.0033315541023986e-07 4.0100784319909263e-07
4.0033315541023986e-07 4.0100784319909263e-07
4.0033315541023986e-07 4.0100784319909263e-07
4.0033315541023986e-07 4.0100784319909263e-07
4.3753392695962213e-07 4.5710374340176266e-07
4.3753392695962213e-07 4.5710374340176266e-07
4.3753392695962213e-07 4.5710374340176266e-07
4.3753392695962213e-07 4.5710374340176266e-07
4.3753392695962213e-07 4.5710374340176266e-07
4.3753392695962213e-07 4.5710374340176266e-07
4.3753392695962213e-07 4.5710374340176266e-07
4.3753392695962213e-07 4.5710374340176266e-07
4.3753392695962213e-07 4.5710374340176266e-07
4.3753392695962213e-07 4.5710374340176266e-07
4.3753392695962213e-07 4.5710374340176266e-07
4.3753392695962213e-07 4.5710374340176266e-07
4.3753392695962213e-07 4.5710374340176266e-07
4.3753392695962213e-07 4.5710374340176266e-07
3.721177161347747e-07 3.760450882546205e-07
3.721177161347747e-07 3.760450882546205e-07
3.721177161347747e-07 3.760450882546205e-07
3.721177161347747e-07 3.760450882546205e-07
3.721177161347747e-07 3.760450882546205e-07
3.721177161347747e-07 3.760450882546205e-07
3.721177161347747e-07 3.760450882546205e-07
8.291809156952378e-07 2.0080892386831715e-06
8.291809156952378e-07 2.0080892386831715e-06
8.291809156952378e-07 2.0080892386831715e-06
8.291809156952378e-07 2.0080892386831715e-06
8.291809156952378e-07 2.0080892386831715e-06
8.291809156952378e-07 2.0080892386831715e-06
8.291809156952378e-07 2.0080892386831715e-06
5.717448279962859e-07 5.703852553129961e-07
5.717448279962859e-07 5.703852553129961e-07
5.717448279962859e-07 5.703852553129961e-07
5.717448279962859e-07 5.703852553129961e-07
5.717448279962859e-07 5.703852553129961e-07
5.717448279962859e-07 5.703852553129961e-07
5.717448279962859e-07 5.703852553129961e-07
5.717448279962859e-07 5.703852553129961e-07
5.717448279962859e-07 5.703852553129961e-07
5.717448279962859e-07 5.703852553129961e-07
5.717448279962859e-07 5.703852553129961e-07
5.717448279962859e-07 5.703852553129961e-07
5.717448279962859e-07 5.703852553129961e-07
5.717448279962859e-07 5.703852553129961e-07
5.717448279962859e-07 5.703852553129961e-07
5.717448279962859e-07 5.703852553129961e-07
5.717448279962859e-07 5.703852553129961e-07
5.717448279962859e-07 5.703852553129961e-07
5.717448279962859e-07 5.703852553129961e-07
5.717448279962859e-07 5.703852553129961e-07
5.717448279962859e-07 5.703852553129961e-07
5.717448279962859e-07 5.703852553129961e-07
5.717448279962859e-07 5.703852553129961e-07
5.717448279962859e-07 5.703852553129961e-07
5.717448279962859e-07 5.703852553129961e-07
5.717448279962859e-07 5.703852553129961e-07
5.717448279962859e-07 5.703852553129961e-07
5.717448279962859e-07 5.703852553129961e-07
5.717448279962859e-07 5.703852553129961e-07
5.717448279962859e-07 5.703852553129961e-07
5.717448279962859e-07 5.703852553129961e-07
5.717448279962859e-07 5.703852553129961e-07
5.717448279962859e-07 5.703852553129961e-07
5.717448279962859e-07 5.703852553129961e-07
5.717448279962859e-07 5.703852553129961e-07
5.717448279962859e-07 5.703852553129961e-07
5.717448279962859e-07 5.703852553129961e-07
5.717448279962859e-07 5.703852553129961e-07
5.717448279962859e-07 5.703852553129961e-07
5.717448279962859e-07 5.703852553129961e-07
5.717448279962859e-07 5.703852553129961e-07
5.717448279962859e-07 5.703852553129961e-07
5.717448279962859e-07 5.703852553129961e-07
5.717448279962859e-07 5.703852553129961e-07
5.717448279962859e-07 5.703852553129961e-07
5.717448279962859e-07 5.703852553129961e-07
5.717448279962859e-07 5.703852553129961e-07
5.717448279962859e-07 5.703852553129961e-07
5.717448279962859e-07 5.703852553129961e-07
5.717448279962859e-07 5.703852553129961e-07
5.717448279962859e-07 5.703852553129961e-07
5.717448279962859e-07 5.703852553129961e-07
5.717448279962859e-07 5.703852553129961e-07
5.717448279962859e-07 5.703852553129961e-07
5.717448279962859e-07 5.703852553129961e-07
5.717448279962859e-07 5.703852553129961e-07
5.717448279962859e-07 5.703852553129961e-07
5.717448279962859e-07 5.703852553129961e-07
5.717448279962859e-07 5.703852553129961e-07
5.717448279962859e-07 5.703852553129961e-07
5.717448279962859e-07 5.703852553129961e-07
5.717448279962859e-07 5.703852553129961e-07
5.717448279962859e-07 5.703852553129961e-07
5.717448279962859e-07 5.703852553129961e-07
5.717448279962859e-07 5.703852553129961e-07
5.717448279962859e-07 5.703852553129961e-07
5.717448279962859e-07 5.703852553129961e-07
5.717448279962859e-07 5.703852553129961e-07
5.717448279962859e-07 5.703852553129961e-07
5.717448279962859e-07 5.703852553129961e-07
1.0615618502441378e-07 1.0813893462805886e-07
1.0615618502441378e-07 1.0813893462805886e-07
1.0615618502441378e-07 1.0813893462805886e-07
1.0615618502441378e-07 1.0813893462805886e-07
1.0615618502441378e-07 1.0813893462805886e-07
1.0615618502441378e-07 1.0813893462805886e-07
1.0615618502441378e-07 1.0813893462805886e-07
1.0615618502441378e-07 1.0813893462805886e-07
1.0615618502441378e-07 1.0813893462805886e-07
3.4274011423678713e-08 6.191640844015751e-09
3.4274011423678713e-08 6.191640844015751e-09
3.4274011423678713e-08 6.191640844015751e-09
3.4274011423678713e-08 6.191640844015751e-09
3.4274011423678713e-08 6.191640844015751e-09
3.4274011423678713e-08 6.191640844015751e-09
3.4274011423678713e-08 6.191640844015751e-09
3.4274011423678713e-08 6.191640844015751e-09
3.4274011423678713e-08 6.191640844015751e-09
0.002662178269766232 0.0030556037044529917
0.002662178269766232 0.0030556037044529917
0.002662178269766232 0.0030556037044529917
0.002662178269766232 0.0030556037044529917
0.002662178269766232 0.0030556037044529917
0.002662178269766232 0.0030556037044529917
0.002662178269766232 0.0030556037044529917
0.002662178269766232 0.0030556037044529917
0.002662178269766232 0.0030556037044529917
6.684164303180379e-07 6.941934046080125e-07
6.684164303180379e-07 6.941934046080125e-07
6.684164303180379e-07 6.941934046080125e-07
6.684164303180379e-07 6.941934046080125e-07
6.684164303180379e-07 6.941934046080125e-07
6.684164303180379e-07 6.941934046080125e-07
6.684164303180379e-07 6.941934046080125e-07
6.684164303180379e-07 6.941934046080125e-07
6.684164303180379e-07 6.941934046080125e-07
7.175887749179865e-05 7.755601201601012e-05
7.175887749179865e-05 7.755601201601012e-05
7.175887749179865e-05 7.755601201601012e-05
7.175887749179865e-05 7.755601201601012e-05
7.175887749179865e-05 7.755601201601012e-05
7.175887749179865e-05 7.755601201601012e-05
7.175887749179865e-05 7.755601201601012e-05
7.175887749179865e-05 7.755601201601012e-05
7.175887749179865e-05 7.755601201601012e-05
2.2596980618715703e-05 2.0349859573998434e-05
2.2596980618715703e-05 2.0349859573998434e-05
2.2596980618715703e-05 2.0349859573998434e-05
2.2596980618715703e-05 2.0349859573998434e-05
2.2596980618715703e-05 2.0349859573998434e-05
2.2596980618715703e-05 2.0349859573998434e-05
2.2596980618715703e-05 2.0349859573998434e-05
2.2596980618715703e-05 2.0349859573998434e-05
2.2596980618715703e-05 2.0349859573998434e-05
0.00010050806737373533 9.226273095105135e-05
0.00010050806737373533 9.226273095105135e-05
0.00010050806737373533 9.226273095105135e-05
0.00010050806737373533 9.226273095105135e-05
0.00010050806737373533 9.226273095105135e-05
0.00010050806737373533 9.226273095105135e-05
0.00010050806737373533 9.226273095105135e-05
0.00010050806737373533 9.226273095105135e-05
0.00010050806737373533 9.226273095105135e-05
0.00010050806737373533 9.226273095105135e-05
0.00010050806737373533 9.226273095105135e-05
0.00010050806737373533 9.226273095105135e-05
0.00010050806737373533 9.226273095105135e-05
0.00010050806737373533 9.226273095105135e-05
0.00010050806737373533 9.226273095105135e-05
0.00010050806737373533 9.226273095105135e-05
0.00010050806737373533 9.226273095105135e-05
0.00010050806737373533 9.226273095105135e-05
0.00010050806737373533 9.226273095105135e-05
0.00010050806737373533 9.226273095105135e-05
0.00010050806737373533 9.226273095105135e-05
0.00010050806737373533 9.226273095105135e-05
0.00010050806737373533 9.226273095105135e-05
0.00010050806737373533 9.226273095105135e-05
0.00010050806737373533 9.226273095105135e-05
0.00010050806737373533 9.226273095105135e-05
0.00010050806737373533 9.226273095105135e-05
0.00010050806737373533 9.226273095105135e-05
0.00010050806737373533 9.226273095105135e-05
0.00010050806737373533 9.226273095105135e-05
0.00010050806737373533 9.226273095105135e-05
0.00010050806737373533 9.226273095105135e-05
0.00010050806737373533 9.226273095105135e-05
0.00010050806737373533 9.226273095105135e-05
0.00010050806737373533 9.226273095105135e-05
0.00010050806737373533 9.226273095105135e-05
0.05287693464779475 0.0025970229613668473
0.05287693464779475 0.0025970229613668473
0.05287693464779475 0.0025970229613668473
0.05287693464779475 0.0025970229613668473
0.05287693464779475 0.0025970229613668473
0.05287693464779475 0.0025970229613668473
0.05287693464779475 0.0025970229613668473
0.05287693464779475 0.0025970229613668473
0.05287693464779475 0.0025970229613668473
0.05287693464779475 0.0025970229613668473
0.05287693464779475 0.0025970229613668473
0.05287693464779475 0.0025970229613668473
0.05287693464779475 0.0025970229613668473
0.05287693464779475 0.0025970229613668473
0.05287693464779475 0.0025970229613668473
0.05287693464779475 0.0025970229613668473
0.05287693464779475 0.0025970229613668473
0.05287693464779475 0.0025970229613668473
1.1453192965938402e-06 1.1686198082637531e-06
1.1453192965938402e-06 1.1686198082637531e-06
1.1453192965938402e-06 1.1686198082637531e-06
1.1453192965938402e-06 1.1686198082637531e-06
1.1453192965938402e-06 1.1686198082637531e-06
1.1453192965938402e-06 1.1686198082637531e-06
1.1453192965938402e-06 1.1686198082637531e-06
1.1453192965938402e-06 1.1686198082637531e-06
1.1453192965938402e-06 1.1686198082637531e-06
1.1453192965938402e-06 1.1686198082637531e-06
1.1453192965938402e-06 1.1686198082637531e-06
1.1453192965938402e-06 1.1686198082637531e-06
1.1453192965938402e-06 1.1686198082637531e-06
1.1453192965938402e-06 1.1686198082637531e-06
1.1453192965938402e-06 1.1686198082637531e-06
1.1453192965938402e-06 1.1686198082637531e-06
1.1453192965938402e-06 1.1686198082637531e-06
1.1453192965938402e-06 1.1686198082637531e-06
0.5115440047544144 0.5312060308365013
0.5115440047544144 0.5312060308365013
0.5115440047544144 0.5312060308365013
0.5115440047544144 0.5312060308365013
0.5115440047544144 0.5312060308365013
0.5115440047544144 0.5312060308365013
0.5115440047544144 0.5312060308365013
0.5115440047544144 0.5312060308365013
0.5115440047544144 0.5312060308365013
0.05184468816528684 0.02343879130203075
0.05184468816528684 0.02343879130203075
0.05184468816528684 0.02343879130203075
0.05184468816528684 0.02343879130203075
0.05184468816528684 0.02343879130203075
0.05184468816528684 0.02343879130203075
0.05184468816528684 0.02343879130203075
0.05184468816528684 0.02343879130203075
0.05184468816528684 0.02343879130203075
0.05184468816528684 0.02343879130203075
0.05184468816528684 0.02343879130203075
0.05184468816528684 0.02343879130203075
0.05184468816528684 0.02343879130203075
0.05184468816528684 0.02343879130203075
0.05184468816528684 0.02343879130203075
0.05184468816528684 0.02343879130203075
0.05184468816528684 0.02343879130203075
0.05184468816528684 0.02343879130203075
0.05184468816528684 0.02343879130203075
0.05184468816528684 0.02343879130203075
0.05184468816528684 0.02343879130203075
0.05184468816528684 0.02343879130203075
0.05184468816528684 0.02343879130203075
0.05184468816528684 0.02343879130203075
0.05184468816528684 0.02343879130203075
0.05184468816528684 0.02343879130203075
0.05184468816528684 0.02343879130203075
0.05184468816528684 0.02343879130203075
0.05184468816528684 0.02343879130203075
0.05184468816528684 0.02343879130203075
0.05184468816528684 0.02343879130203075
0.05184468816528684 0.02343879130203075
0.05184468816528684 0.02343879130203075
0.05184468816528684 0.02343879130203075
0.05184468816528684 0.02343879130203075
0.05184468816528684 0.02343879130203075
5.068543768579045e-07 5.049499369785144e-07
5.068543768579045e-07 5.049499369785144e-07
5.068543768579045e-07 5.049499369785144e-07
5.068543768579045e-07 5.049499369785144e-07
5.068543768579045e-07 5.049499369785144e-07
5.068543768579045e-07 5.049499369785144e-07
5.068543768579045e-07 5.049499369785144e-07
5.068543768579045e-07 5.049499369785144e-07
5.068543768579045e-07 5.049499369785144e-07
5.068543768579045e-07 5.049499369785144e-07
5.068543768579045e-07 5.049499369785144e-07
5.068543768579045e-07 5.049499369785144e-07
5.068543768579045e-07 5.049499369785144e-07
5.068543768579045e-07 5.049499369785144e-07
5.068543768579045e-07 5.049499369785144e-07
5.068543768579045e-07 5.049499369785144e-07
5.068543768579045e-07 5.049499369785144e-07
5.068543768579045e-07 5.049499369785144e-07
5.539535831751364e-07 5.755860149318031e-07
5.539535831751364e-07 5.755860149318031e-07
5.539535831751364e-07 5.755860149318031e-07
5.539535831751364e-07 5.755860149318031e-07
5.539535831751364e-07 5.755860149318031e-07
5.539535831751364e-07 5.755860149318031e-07
5.539535831751364e-07 5.755860149318031e-07
5.539535831751364e-07 5.755860149318031e-07
5.539535831751364e-07 5.755860149318031e-07
5.539535831751364e-07 5.755860149318031e-07
5.539535831751364e-07 5.755860149318031e-07
5.539535831751364e-07 5.755860149318031e-07
5.539535831751364e-07 5.755860149318031e-07
5.539535831751364e-07 5.755860149318031e-07
5.539535831751364e-07 5.755860149318031e-07
5.539535831751364e-07 5.755860149318031e-07
5.539535831751364e-07 5.755860149318031e-07
5.539535831751364e-07 5.755860149318031e-07
4.7113133294193666e-07 4.735167823662162e-07
4.7113133294193666e-07 4.735167823662162e-07
4.7113133294193666e-07 4.735167823662162e-07
4.7113133294193666e-07 4.735167823662162e-07
4.7113133294193666e-07 4.735167823662162e-07
4.7113133294193666e-07 4.735167823662162e-07
4.7113133294193666e-07 4.735167823662162e-07
4.7113133294193666e-07 4.735167823662162e-07
4.7113133294193666e-07 4.735167823662162e-07
1.049810565643763e-06 2.528590280008256e-06
1.049810565643763e-06 2.528590280008256e-06
1.049810565643763e-06 2.528590280008256e-06
1.049810565643763e-06 2.528590280008256e-06
1.049810565643763e-06 2.528590280008256e-06
1.049810565643763e-06 2.528590280008256e-06
1.049810565643763e-06 2.528590280008256e-06
1.049810565643763e-06 2.528590280008256e-06
1.049810565643763e-06 2.528590280008256e-06
7.238755136801614e-07 7.182303379058271e-07
7.238755136801614e-07 7.182303379058271e-07
7.238755136801614e-07 7.182303379058271e-07
7.238755136801614e-07 7.182303379058271e-07
7.238755136801614e-07 7.182303379058271e-07
7.238755136801614e-07 7.182303379058271e-07
7.238755136801614e-07 7.182303379058271e-07
7.238755136801614e-07 7.182303379058271e-07
7.238755136801614e-07 7.182303379058271e-07
7.238755136801614e-07 7.182303379058271e-07
7.238755136801614e-07 7.182303379058271e-07
7.238755136801614e-07 7.182303379058271e-07
7.238755136801614e-07 7.182303379058271e-07
7.238755136801614e-07 7.182303379058271e-07
7.238755136801614e-07 7.182303379058271e-07
7.238755136801614e-07 7.182303379058271e-07
7.238755136801614e-07 7.182303379058271e-07
7.238755136801614e-07 7.182303379058271e-07
7.238755136801614e-07 7.182303379058271e-07
7.238755136801614e-07 7.182303379058271e-07
7.238755136801614e-07 7.182303379058271e-07
7.238755136801614e-07 7.182303379058271e-07
7.238755136801614e-07 7.182303379058271e-07
7.238755136801614e-07 7.182303379058271e-07
7.238755136801614e-07 7.182303379058271e-07
7.238755136801614e-07 7.182303379058271e-07
7.238755136801614e-07 7.182303379058271e-07
7.238755136801614e-07 7.182303379058271e-07
7.238755136801614e-07 7.182303379058271e-07
7.238755136801614e-07 7.182303379058271e-07
7.238755136801614e-07 7.182303379058271e-07
7.238755136801614e-07 7.182303379058271e-07
7.238755136801614e-07 7.182303379058271e-07
7.238755136801614e-07 7.182303379058271e-07
7.238755136801614e-07 7.182303379058271e-07
7.238755136801614e-07 7.182303379058271e-07
7.238755136801614e-07 7.182303379058271e-07
7.238755136801614e-07 7.182303379058271e-07
7.238755136801614e-07 7.182303379058271e-07
7.238755136801614e-07 7.182303379058271e-07
7.238755136801614e-07 7.182303379058271e-07
7.238755136801614e-07 7.182303379058271e-07
7.238755136801614e-07 7.182303379058271e-07
7.238755136801614e-07 7.182303379058271e-07
7.238755136801614e-07 7.182303379058271e-07
7.238755136801614e-07 7.182303379058271e-07
7.238755136801614e-07 7.182303379058271e-07
7.238755136801614e-07 7.182303379058271e-07
7.238755136801614e-07 7.182303379058271e-07
7.238755136801614e-07 7.182303379058271e-07
7.238755136801614e-07 7.182303379058271e-07
7.238755136801614e-07 7.182303379058271e-07
7.238755136801614e-07 7.182303379058271e-07
7.238755136801614e-07 7.182303379058271e-07
7.238755136801614e-07 7.182303379058271e-07
7.238755136801614e-07 7.182303379058271e-07
7.238755136801614e-07 7.182303379058271e-07
7.238755136801614e-07 7.182303379058271e-07
7.238755136801614e-07 7.182303379058271e-07
7.238755136801614e-07 7.182303379058271e-07
7.238755136801614e-07 7.182303379058271e-07
7.238755136801614e-07 7.182303379058271e-07
7.238755136801614e-07 7.182303379058271e-07
7.238755136801614e-07 7.182303379058271e-07
7.238755136801614e-07 7.182303379058271e-07
7.238755136801614e-07 7.182303379058271e-07
7.238755136801614e-07 7.182303379058271e-07
7.238755136801614e-07 7.182303379058271e-07
7.238755136801614e-07 7.182303379058271e-07
7.238755136801614e-07 7.182303379058271e-07
7.238755136801614e-07 7.182303379058271e-07
7.238755136801614e-07 7.182303379058271e-07
7.238755136801614e-07 7.182303379058271e-07
7.238755136801614e-07 7.182303379058271e-07
7.238755136801614e-07 7.182303379058271e-07
7.238755136801614e-07 7.182303379058271e-07
7.238755136801614e-07 7.182303379058271e-07
7.238755136801614e-07 7.182303379058271e-07
7.238755136801614e-07 7.182303379058271e-07
7.238755136801614e-07 7.182303379058271e-07
7.238755136801614e-07 7.182303379058271e-07
7.238755136801614e-07 7.182303379058271e-07
7.238755136801614e-07 7.182303379058271e-07
7.238755136801614e-07 7.182303379058271e-07
7.238755136801614e-07 7.182303379058271e-07
7.238755136801614e-07 7.182303379058271e-07
7.238755136801614e-07 7.182303379058271e-07
7.238755136801614e-07 7.182303379058271e-07
7.238755136801614e-07 7.182303379058271e-07
7.238755136801614e-07 7.182303379058271e-07
0.00027514030069518105 0.0003880490417807404
0.00027514030069518105 0.0003880490417807404
8.883290038137942e-05 2.2218272307145396e-05
8.883290038137942e-05 2.2218272307145396e-05
6.89995151464047 10.964821261213014
6.89995151464047 10.964821261213014
0.0017324313000227852 0.0024910647251628515
0.0017324313000227852 0.0024910647251628515
0.18598783599939536 0.27830435218047184
0.18598783599939536 0.27830435218047184
0.058567854909318325 0.07302405498281787
0.058567854909318325 0.07302405498281787
0.2605012592826431 0.3310783896731682
0.2605012592826431 0.3310783896731682
0.2605012592826431 0.3310783896731682
0.2605012592826431 0.3310783896731682
0.2605012592826431 0.3310783896731682
0.2605012592826431 0.3310783896731682
0.2605012592826431 0.3310783896731682
0.2605012592826431 0.3310783896731682
137.0487804878049 9.31923617619494
137.0487804878049 9.31923617619494
137.0487804878049 9.31923617619494
137.0487804878049 9.31923617619494
0.0029684892649858357 0.004193510860472975
0.0029684892649858357 0.004193510860472975
0.0029684892649858357 0.004193510860472975
0.0029684892649858357 0.004193510860472975
1325.8424015009382 1906.1958762886597
1325.8424015009382 1906.1958762886597
134.3733583489681 84.10847153742716
134.3733583489681 84.10847153742716
134.3733583489681 84.10847153742716
134.3733583489681 84.10847153742716
134.3733583489681 84.10847153742716
134.3733583489681 84.10847153742716
134.3733583489681 84.10847153742716
134.3733583489681 84.10847153742716
0.0013136876162729507 0.0018119777105785886
0.0013136876162729507 0.0018119777105785886
0.0013136876162729507 0.0018119777105785886
0.0013136876162729507 0.0018119777105785886
0.0014357614246492342 0.0020654503609167877
0.0014357614246492342 0.0020654503609167877
0.0014357614246492342 0.0020654503609167877
0.0014357614246492342 0.0020654503609167877
0.0012210990493182687 0.001699182022611054
0.0012210990493182687 0.001699182022611054
0.0027209455072050156 0.009073670261207667
0.0027209455072050156 0.009073670261207667
0.001876172607879925 0.002577319587628866
0.001876172607879925 0.002577319587628866
0.001876172607879925 0.002577319587628866
0.001876172607879925 0.002577319587628866
0.001876172607879925 0.002577319587628866
0.001876172607879925 0.002577319587628866
0.001876172607879925 0.002577319587628866
0.001876172607879925 0.002577319587628866
0.001876172607879925 0.002577319587628866
0.001876172607879925 0.002577319587628866
0.001876172607879925 0.002577319587628866
0.001876172607879925 0.002577319587628866
0.001876172607879925 0.002577319587628866
0.001876172607879925 0.002577319587628866
0.001876172607879925 0.002577319587628866
0.001876172607879925 0.002577319587628866
0.001876172607879925 0.002577319587628866
0.001876172607879925 0.002577319587628866
0.001876172607879925 0.002577319587628866
0.001876172607879925 0.002577319587628866
1.447792325855265e-07 1.4731690031254044e-07
1.447792325855265e-07 1.4731690031254044e-07
1.447792325855265e-07 1.4731690031254044e-07
1.447792325855265e-07 1.4731690031254044e-07
1.447792325855265e-07 1.4731690031254044e-07
1.447792325855265e-07 1.4731690031254044e-07
4.6744003379610656e-08 8.434828215445082e-09
4.6744003379610656e-08 8.434828215445082e-09
4.6744003379610656e-08 8.434828215445082e-09
4.6744003379610656e-08 8.434828215445082e-09
4.6744003379610656e-08 8.434828215445082e-09
4.6744003379610656e-08 8.434828215445082e-09
0.0036307646776679017 0.004162627159882635
0.0036307646776679017 0.004162627159882635
0.0036307646776679017 0.004162627159882635
0.0036307646776679017 0.004162627159882635
0.0036307646776679017 0.004162627159882635
0.0036307646776679017 0.004162627159882635
9.116079087313356e-07 9.456947299879029e-07
9.116079087313356e-07 9.456947299879029e-07
9.116079087313356e-07 9.456947299879029e-07
9.116079087313356e-07 9.456947299879029e-07
9.116079087313356e-07 9.456947299879029e-07
9.116079087313356e-07 9.456947299879029e-07
9.78670739917049e-05 0.00010565400269660341
9.78670739917049e-05 0.00010565400269660341
9.78670739917049e-05 0.00010565400269660341
9.78670739917049e-05 0.00010565400269660341
9.78670739917049e-05 0.00010565400269660341
9.78670739917049e-05 0.00010565400269660341
3.081849175321513e-05 2.7722468734762833e-05
3.081849175321513e-05 2.7722468734762833e-05
3.081849175321513e-05 2.7722468734762833e-05
3.081849175321513e-05 2.7722468734762833e-05
3.081849175321513e-05 2.7722468734762833e-05
3.081849175321513e-05 2.7722468734762833e-05
0.00013707614737358212 0.00012568886113801313
0.00013707614737358212 0.00012568886113801313
0.00013707614737358212 0.00012568886113801313
0.00013707614737358212 0.00012568886113801313
0.00013707614737358212 0.00012568886113801313
0.00013707614737358212 0.00012568886113801313
0.00013707614737358212 0.00012568886113801313
0.00013707614737358212 0.00012568886113801313
0.00013707614737358212 0.00012568886113801313
0.00013707614737358212 0.00012568886113801313
0.00013707614737358212 0.00012568886113801313
0.00013707614737358212 0.00012568886113801313
0.00013707614737358212 0.00012568886113801313
0.00013707614737358212 0.00012568886113801313
0.00013707614737358212 0.00012568886113801313
0.00013707614737358212 0.00012568886113801313
0.00013707614737358212 0.00012568886113801313
0.00013707614737358212 0.00012568886113801313
0.00013707614737358212 0.00012568886113801313
0.00013707614737358212 0.00012568886113801313
0.00013707614737358212 0.00012568886113801313
0.00013707614737358212 0.00012568886113801313
0.00013707614737358212 0.00012568886113801313
0.00013707614737358212 0.00012568886113801313
0.0721152707025234 0.003537905880291415
0.0721152707025234 0.003537905880291415
0.0721152707025234 0.003537905880291415
0.0721152707025234 0.003537905880291415
0.0721152707025234 0.003537905880291415
0.0721152707025234 0.003537905880291415
0.0721152707025234 0.003537905880291415
0.0721152707025234 0.003537905880291415
0.0721152707025234 0.003537905880291415
0.0721152707025234 0.003537905880291415
0.0721152707025234 0.003537905880291415
0.0721152707025234 0.003537905880291415
1.562023435451418e-06 1.5920024400959988e-06
1.562023435451418e-06 1.5920024400959988e-06
1.562023435451418e-06 1.5920024400959988e-06
1.562023435451418e-06 1.5920024400959988e-06
1.562023435451418e-06 1.5920024400959988e-06
1.562023435451418e-06 1.5920024400959988e-06
1.562023435451418e-06 1.5920024400959988e-06
1.562023435451418e-06 1.5920024400959988e-06
1.562023435451418e-06 1.5920024400959988e-06
1.562023435451418e-06 1.5920024400959988e-06
1.562023435451418e-06 1.5920024400959988e-06
1.562023435451418e-06 1.5920024400959988e-06
0.6976602298305888 0.7236581917449011
0.6976602298305888 0.7236581917449011
0.6976602298305888 0.7236581917449011
0.6976602298305888 0.7236581917449011
0.6976602298305888 0.7236581917449011
0.6976602298305888 0.7236581917449011
0.0707074596216878 0.03193049842375431
0.0707074596216878 0.03193049842375431
0.0707074596216878 0.03193049842375431
0.0707074596216878 0.03193049842375431
0.0707074596216878 0.03193049842375431
0.0707074596216878 0.03193049842375431
0.0707074596216878 0.03193049842375431
0.0707074596216878 0.03193049842375431
0.0707074596216878 0.03193049842375431
0.0707074596216878 0.03193049842375431
0.0707074596216878 0.03193049842375431
0.0707074596216878 0.03193049842375431
0.0707074596216878 0.03193049842375431
0.0707074596216878 0.03193049842375431
0.0707074596216878 0.03193049842375431
0.0707074596216878 0.03193049842375431
0.0707074596216878 0.03193049842375431
0.0707074596216878 0.03193049842375431
0.0707074596216878 0.03193049842375431
0.0707074596216878 0.03193049842375431
0.0707074596216878 0.03193049842375431
0.0707074596216878 0.03193049842375431
0.0707074596216878 0.03193049842375431
0.0707074596216878 0.03193049842375431
6.912643638919981e-07 6.878897021183153e-07
6.912643638919981e-07 6.878897021183153e-07
6.912643638919981e-07 6.878897021183153e-07
6.912643638919981e-07 6.878897021183153e-07
6.912643638919981e-07 6.878897021183153e-07
6.912643638919981e-07 6.878897021183153e-07
6.912643638919981e-07 6.878897021183153e-07
6.912643638919981e-07 6.878897021183153e-07
6.912643638919981e-07 6.878897021183153e-07
6.912643638919981e-07 6.878897021183153e-07
6.912643638919981e-07 6.878897021183153e-07
6.912643638919981e-07 6.878897021183153e-07
7.554997821526298e-07 7.841167279356516e-07
7.554997821526298e-07 7.841167279356516e-07
7.554997821526298e-07 7.841167279356516e-07
7.554997821526298e-07 7.841167279356516e-07
7.554997821526298e-07 7.841167279356516e-07
7.554997821526298e-07 7.841167279356516e-07
7.554997821526298e-07 7.841167279356516e-07
7.554997821526298e-07 7.841167279356516e-07
7.554997821526298e-07 7.841167279356516e-07
7.554997821526298e-07 7.841167279356516e-07
7.554997821526298e-07 7.841167279356516e-07
7.554997821526298e-07 7.841167279356516e-07
6.425441232147032e-07 6.450685395050942e-07
6.425441232147032e-07 6.450685395050942e-07
6.425441232147032e-07 6.450685395050942e-07
6.425441232147032e-07 6.450685395050942e-07
6.425441232147032e-07 6.450685395050942e-07
6.425441232147032e-07 6.450685395050942e-07
1.4317655445052653e-06 3.444680525959067e-06
1.4317655445052653e-06 3.444680525959067e-06
1.4317655445052653e-06 3.444680525959067e-06
1.4317655445052653e-06 3.444680525959067e-06
1.4317655445052653e-06 3.444680525959067e-06
1.4317655445052653e-06 3.444680525959067e-06
9.872447972199186e-07 9.784400729916294e-07
9.872447972199186e-07 9.784400729916294e-07
9.872447972199186e-07 9.784400729916294e-07
9.872447972199186e-07 9.784400729916294e-07
9.872447972199186e-07 9.784400729916294e-07
9.872447972199186e-07 9.784400729916294e-07
9.872447972199186e-07 9.784400729916294e-07
9.872447972199186e-07 9.784400729916294e-07
9.872447972199186e-07 9.784400729916294e-07
9.872447972199186e-07 9.784400729916294e-07
9.872447972199186e-07 9.784400729916294e-07
9.872447972199186e-07 9.784400729916294e-07
9.872447972199186e-07 9.784400729916294e-07
9.872447972199186e-07 9.784400729916294e-07
9.872447972199186e-07 9.784400729916294e-07
9.872447972199186e-07 9.784400729916294e-07
9.872447972199186e-07 9.784400729916294e-07
9.872447972199186e-07 9.784400729916294e-07
9.872447972199186e-07 9.784400729916294e-07
9.872447972199186e-07 9.784400729916294e-07
9.872447972199186e-07 9.784400729916294e-07
9.872447972199186e-07 9.784400729916294e-07
9.872447972199186e-07 9.784400729916294e-07
9.872447972199186e-07 9.784400729916294e-07
9.872447972199186e-07 9.784400729916294e-07
9.872447972199186e-07 9.784400729916294e-07
9.872447972199186e-07 9.784400729916294e-07
9.872447972199186e-07 9.784400729916294e-07
9.872447972199186e-07 9.784400729916294e-07
9.872447972199186e-07 9.784400729916294e-07
9.872447972199186e-07 9.784400729916294e-07
9.872447972199186e-07 9.784400729916294e-07
9.872447972199186e-07 9.784400729916294e-07
9.872447972199186e-07 9.784400729916294e-07
9.872447972199186e-07 9.784400729916294e-07
9.872447972199186e-07 9.784400729916294e-07
9.872447972199186e-07 9.784400729916294e-07
9.872447972199186e-07 9.784400729916294e-07
9.872447972199186e-07 9.784400729916294e-07
9.872447972199186e-07 9.784400729916294e-07
9.872447972199186e-07 9.784400729916294e-07
9.872447972199186e-07 9.784400729916294e-07
9.872447972199186e-07 9.784400729916294e-07
9.872447972199186e-07 9.784400729916294e-07
9.872447972199186e-07 9.784400729916294e-07
9.872447972199186e-07 9.784400729916294e-07
9.872447972199186e-07 9.784400729916294e-07
9.872447972199186e-07 9.784400729916294e-07
9.872447972199186e-07 9.784400729916294e-07
9.872447972199186e-07 9.784400729916294e-07
9.872447972199186e-07 9.784400729916294e-07
9.872447972199186e-07 9.784400729916294e-07
9.872447972199186e-07 9.784400729916294e-07
9.872447972199186e-07 9.784400729916294e-07
9.872447972199186e-07 9.784400729916294e-07
9.872447972199186e-07 9.784400729916294e-07
9.872447972199186e-07 9.784400729916294e-07
9.872447972199186e-07 9.784400729916294e-07
9.872447972199186e-07 9.784400729916294e-07
9.872447972199186e-07 9.784400729916294e-07
2.7494995072929154e-07 2.7426508274770937e-07
8.877144322837516e-08 1.5703417961984036e-08
0.006895177929919757 0.0077497101828166055
1.7312327542698292e-06 1.7606333205758184e-06
0.00018585916427028517 0.00019669979296831527
5.8527335984406045e-05 5.161190036838753e-05
0.00026032103702624035 0.0002339993974034768
0.00026032103702624035 0.0002339993974034768
0.00026032103702624035 0.0002339993974034768
0.00026032103702624035 0.0002339993974034768
0.13695396620351014 0.006586644485141486
0.13695396620351014 0.006586644485141486
2.966435578815886e-06 2.963887239285851e-06
2.966435578815886e-06 2.963887239285851e-06
1.324925145630886 1.3472600456492079
0.13428039499858446 0.059446138045175116
0.13428039499858446 0.059446138045175116
0.13428039499858446 0.059446138045175116
0.13428039499858446 0.059446138045175116
1.3127787694325741e-06 1.2806685836622694e-06
1.3127787694325741e-06 1.2806685836622694e-06
1.4347681236405599e-06 1.459817840416697e-06
1.4347681236405599e-06 1.459817840416697e-06
1.220254257908947e-06 1.2009469109787418e-06
2.7190630789196097e-06 6.4130835463360865e-06
1.8748746177599374e-06 1.821596483590148e-06
1.8748746177599374e-06 1.821596483590148e-06
1.8748746177599374e-06 1.821596483590148e-06
1.8748746177599374e-06 1.821596483590148e-06
1.8748746177599374e-06 1.821596483590148e-06
1.8748746177599374e-06 1.821596483590148e-06
1.8748746177599374e-06 1.821596483590148e-06
1.8748746177599374e-06 1.821596483590148e-06
1.8748746177599374e-06 1.821596483590148e-06
1.8748746177599374e-06 1.821596483590148e-06
3.744256082236689e-07 3.7331558420117195e-07
3.744256082236689e-07 3.7331558420117195e-07
3.744256082236689e-07 3.7331558420117195e-07
3.744256082236689e-07 3.7331558420117195e-07
3.744256082236689e-07 3.7331558420117195e-07
1.2088855275483506e-07 2.1374688282233437e-08
1.2088855275483506e-07 2.1374688282233437e-08
1.2088855275483506e-07 2.1374688282233437e-08
1.2088855275483506e-07 2.1374688282233437e-08
1.2088855275483506e-07 2.1374688282233437e-08
0.009389822341748762 0.010548508600889754
0.009389822341748762 0.010548508600889754
0.009389822341748762 0.010548508600889754
0.009389822341748762 0.010548508600889754
0.009389822341748762 0.010548508600889754
2.357584990558651e-06 2.3964839054609856e-06
2.357584990558651e-06 2.3964839054609856e-06
2.357584990558651e-06 2.3964839054609856e-06
2.357584990558651e-06 2.3964839054609856e-06
2.357584990558651e-06 2.3964839054609856e-06
0.00025310217529139046 0.000267737684245296
0.00025310217529139046 0.000267737684245296
0.00025310217529139046 0.000267737684245296
0.00025310217529139046 0.000267737684245296
0.00025310217529139046 0.000267737684245296
7.97022633230014e-05 7.025147548760723e-05
7.97022633230014e-05 7.025147548760723e-05
7.97022633230014e-05 7.025147548760723e-05
7.97022633230014e-05 7.025147548760723e-05
7.97022633230014e-05 7.025147548760723e-05
0.00035450401923488073 0.00031850799551016025
0.00035450401923488073 0.00031850799551016025
0.00035450401923488073 0.00031850799551016025
0.00035450401923488073 0.00031850799551016025
0.00035450401923488073 0.00031850799551016025
0.00035450401923488073 0.00031850799551016025
0.00035450401923488073 0.00031850799551016025
0.00035450401923488073 0.00031850799551016025
0.00035450401923488073 0.00031850799551016025
0.00035450401923488073 0.00031850799551016025
0.00035450401923488073 0.00031850799551016025
0.00035450401923488073 0.00031850799551016025
0.00035450401923488073 0.00031850799551016025
0.00035450401923488073 0.00031850799551016025
0.00035450401923488073 0.00031850799551016025
0.00035450401923488073 0.00031850799551016025
0.00035450401923488073 0.00031850799551016025
0.00035450401923488073 0.00031850799551016025
0.00035450401923488073 0.00031850799551016025
0.00035450401923488073 0.00031850799551016025
0.18650329617582329 0.008965403139406953
0.18650329617582329 0.008965403139406953
0.18650329617582329 0.008965403139406953
0.18650329617582329 0.008965403139406953
0.18650329617582329 0.008965403139406953
0.18650329617582329 0.008965403139406953
0.18650329617582329 0.008965403139406953
0.18650329617582329 0.008965403139406953
0.18650329617582329 0.008965403139406953
0.18650329617582329 0.008965403139406953
4.039678650272044e-06 4.0342915151842715e-06
4.039678650272044e-06 4.0342915151842715e-06
4.039678650272044e-06 4.0342915151842715e-06
4.039678650272044e-06 4.0342915151842715e-06
4.039678650272044e-06 4.0342915151842715e-06
4.039678650272044e-06 4.0342915151842715e-06
4.039678650272044e-06 4.0342915151842715e-06
4.039678650272044e-06 4.0342915151842715e-06
4.039678650272044e-06 4.0342915151842715e-06
4.039678650272044e-06 4.0342915151842715e-06
1.8042771136631721 1.8338213744659855
1.8042771136631721 1.8338213744659855
1.8042771136631721 1.8338213744659855
1.8042771136631721 1.8338213744659855
1.8042771136631721 1.8338213744659855
0.18286243891478965 0.08091503858423046
0.18286243891478965 0.08091503858423046
0.18286243891478965 0.08091503858423046
0.18286243891478965 0.08091503858423046
0.18286243891478965 0.08091503858423046
0.18286243891478965 0.08091503858423046
0.18286243891478965 0.08091503858423046
0.18286243891478965 0.08091503858423046
0.18286243891478965 0.08091503858423046
0.18286243891478965 0.08091503858423046
0.18286243891478965 0.08091503858423046
0.18286243891478965 0.08091503858423046
0.18286243891478965 0.08091503858423046
0.18286243891478965 0.08091503858423046
0.18286243891478965 0.08091503858423046
0.18286243891478965 0.08091503858423046
0.18286243891478965 0.08091503858423046
0.18286243891478965 0.08091503858423046
0.18286243891478965 0.08091503858423046
0.18286243891478965 0.08091503858423046
1.7877362331003525e-06 1.7431804868786584e-06
1.7877362331003525e-06 1.7431804868786584e-06
1.7877362331003525e-06 1.7431804868786584e-06
1.7877362331003525e-06 1.7431804868786584e-06
1.7877362331003525e-06 1.7431804868786584e-06
1.7877362331003525e-06 1.7431804868786584e-06
1.7877362331003525e-06 1.7431804868786584e-06
1.7877362331003525e-06 1.7431804868786584e-06
1.7877362331003525e-06 1.7431804868786584e-06
1.7877362331003525e-06 1.7431804868786584e-06
1.953860787860171e-06 1.9870292800770462e-06
1.953860787860171e-06 1.9870292800770462e-06
1.953860787860171e-06 1.9870292800770462e-06
1.953860787860171e-06 1.9870292800770462e-06
1.953860787860171e-06 1.9870292800770462e-06
1.953860787860171e-06 1.9870292800770462e-06
1.953860787860171e-06 1.9870292800770462e-06
1.953860787860171e-06 1.9870292800770462e-06
1.953860787860171e-06 1.9870292800770462e-06
1.953860787860171e-06 1.9870292800770462e-06
1.6617367687944249e-06 1.6346674289524238e-06
1.6617367687944249e-06 1.6346674289524238e-06
1.6617367687944249e-06 1.6346674289524238e-06
1.6617367687944249e-06 1.6346674289524238e-06
1.6617367687944249e-06 1.6346674289524238e-06
3.7028078907545543e-06 8.729160878396121e-06
3.7028078907545543e-06 8.729160878396121e-06
3.7028078907545543e-06 8.729160878396121e-06
3.7028078907545543e-06 8.729160878396121e-06
3.7028078907545543e-06 8.729160878396121e-06
2.5531958352269534e-06 2.4794638407390784e-06
2.5531958352269534e-06 2.4794638407390784e-06
2.5531958352269534e-06 2.4794638407390784e-06
2.5531958352269534e-06 2.4794638407390784e-06
2.5531958352269534e-06 2.4794638407390784e-06
2.5531958352269534e-06 2.4794638407390784e-06
2.5531958352269534e-06 2.4794638407390784e-06
2.5531958352269534e-06 2.4794638407390784e-06
2.5531958352269534e-06 2.4794638407390784e-06
2.5531958352269534e-06 2.4794638407390784e-06
2.5531958352269534e-06 2.4794638407390784e-06
2.5531958352269534e-06 2.4794638407390784e-06
2.5531958352269534e-06 2.4794638407390784e-06
2.5531958352269534e-06 2.4794638407390784e-06
2.5531958352269534e-06 2.4794638407390784e-06
2.5531958352269534e-06 2.4794638407390784e-06
2.5531958352269534e-06 2.4794638407390784e-06
2.5531958352269534e-06 2.4794638407390784e-06
2.5531958352269534e-06 2.4794638407390784e-06
2.5531958352269534e-06 2.4794638407390784e-06
2.5531958352269534e-06 2.4794638407390784e-06
2.5531958352269534e-06 2.4794638407390784e-06
2.5531958352269534e-06 2.4794638407390784e-06
2.5531958352269534e-06 2.4794638407390784e-06
2.5531958352269534e-06 2.4794638407390784e-06
2.5531958352269534e-06 2.4794638407390784e-06
2.5531958352269534e-06 2.4794638407390784e-06
2.5531958352269534e-06 2.4794638407390784e-06
2.5531958352269534e-06 2.4794638407390784e-06
2.5531958352269534e-06 2.4794638407390784e-06
2.5531958352269534e-06 2.4794638407390784e-06
2.5531958352269534e-06 2.4794638407390784e-06
2.5531958352269534e-06 2.4794638407390784e-06
2.5531958352269534e-06 2.4794638407390784e-06
2.5531958352269534e-06 2.4794638407390784e-06
2.5531958352269534e-06 2.4794638407390784e-06
2.5531958352269534e-06 2.4794638407390784e-06
2.5531958352269534e-06 2.4794638407390784e-06
2.5531958352269534e-06 2.4794638407390784e-06
2.5531958352269534e-06 2.4794638407390784e-06
2.5531958352269534e-06 2.4794638407390784e-06
2.5531958352269534e-06 2.4794638407390784e-06
2.5531958352269534e-06 2.4794638407390784e-06
2.5531958352269534e-06 2.4794638407390784e-06
2.5531958352269534e-06 2.4794638407390784e-06
2.5531958352269534e-06 2.4794638407390784e-06
2.5531958352269534e-06 2.4794638407390784e-06
2.5531958352269534e-06 2.4794638407390784e-06
2.5531958352269534e-06 2.4794638407390784e-06
2.5531958352269534e-06 2.4794638407390784e-06
0.0003223072093857835 0.0013443127518832792
0.00010406139758961589 7.69704433497537e-05
8.082800345721694 37.98527365491651
0.002029419522883834 0.008629759940742736
0.21787146502786314 0.9641257914823489
0.0686080586080586 0.25297619047619047
0.30515861801681055 1.1469501356534755
0.30515861801681055 1.1469501356534755
0.30515861801681055 1.1469501356534755
0.30515861801681055 1.1469501356534755
160.54285714285714 32.284496753246756
160.54285714285714 32.284496753246756
0.0034773731389834074 0.01452751976663852
0.0034773731389834074 0.01452751976663852
1553.1296703296703 6603.607142857143
157.4087912087912 291.37577639751555
157.4087912087912 291.37577639751555
157.4087912087912 291.37577639751555
157.4087912087912 291.37577639751555
0.001538891207634028 0.006277208497361539
0.001538891207634028 0.006277208497361539
0.0016818919545891029 0.007155310178890301
0.0016818919545891029 0.007155310178890301
0.001430430314915686 0.0058864520069025796
0.0031873933084401607 0.031433786262040846
0.002197802197802198 0.008928571428571428
0.002197802197802198 0.008928571428571428
0.002197802197802198 0.008928571428571428
0.002197802197802198 0.008928571428571428
0.002197802197802198 0.008928571428571428
0.002197802197802198 0.008928571428571428
0.002197802197802198 0.008928571428571428
0.002197802197802198 0.008928571428571428
0.002197802197802198 0.008928571428571428
0.002197802197802198 0.008928571428571428
0.00033481684993272033 0.005576408452256565
0.00010810031028145028 0.00031928480204342275
8.396516340875277 157.56854256854257
0.0021081869472880013 0.035797522717155056
0.22632766344218658 3.999336616519373
0.07127092846270928 1.0493827160493827
0.3170026739672347 4.757719081229232
0.3170026739672347 4.757719081229232
0.3170026739672347 4.757719081229232
0.3170026739672347 4.757719081229232
166.77397260273972 133.92087542087543
166.77397260273972 133.92087542087543
0.003612339676341211 0.0602623042171672
0.003612339676341211 0.0602623042171672
1613.4109589041095 27392.74074074074
163.51826484018264 1208.669887278583
163.51826484018264 1208.669887278583
163.51826484018264 1208.669887278583
163.51826484018264 1208.669887278583
0.0015986198618116042 0.026038790803870088
0.0015986198618116042 0.026038790803870088
0.0017471708660685885 0.029681286667989394
0.0017471708660685885 0.029681286667989394
0.0014859492997411807 0.024417874991595884
0.003311104920868204 0.13039200227216943
0.00228310502283105 0.037037037037037035
0.00228310502283105 0.037037037037037035
0.00228310502283105 0.037037037037037035
0.00228310502283105 0.037037037037037035
0.00228310502283105 0.037037037037037035
0.00228310502283105 0.037037037037037035
0.00228310502283105 0.037037037037037035
0.00228310502283105 0.037037037037037035
0.00228310502283105 0.037037037037037035
0.00228310502283105 0.037037037037037035
1.0615618502441378e-07 1.0813893462805886e-07
3.4274011423678713e-08 6.191640844015751e-09
0.002662178269766232 0.0030556037044529917
6.684164303180379e-07 6.941934046080125e-07
7.175887749179865e-05 7.755601201601012e-05
2.2596980618715703e-05 2.0349859573998434e-05
0.00010050806737373533 9.226273095105135e-05
0.00010050806737373533 9.226273095105135e-05
0.00010050806737373533 9.226273095105135e-05
0.00010050806737373533 9.226273095105135e-05
0.05287693464779475 0.0025970229613668473
0.05287693464779475 0.0025970229613668473
1.1453192965938402e-06 1.1686198082637531e-06
1.1453192965938402e-06 1.1686198082637531e-06
0.5115440047544144 0.5312060308365013
0.05184468816528684 0.02343879130203075
0.05184468816528684 0.02343879130203075
0.05184468816528684 0.02343879130203075
0.05184468816528684 0.02343879130203075
5.068543768579045e-07 5.049499369785144e-07
5.068543768579045e-07 5.049499369785144e-07
5.539535831751364e-07 5.755860149318031e-07
5.539535831751364e-07 5.755860149318031e-07
4.7113133294193666e-07 4.735167823662162e-07
1.049810565643763e-06 2.528590280008256e-06
7.238755136801614e-07 7.182303379058271e-07
7.238755136801614e-07 7.182303379058271e-07
7.238755136801614e-07 7.182303379058271e-07
7.238755136801614e-07 7.182303379058271e-07
7.238755136801614e-07 7.182303379058271e-07
7.238755136801614e-07 7.182303379058271e-07
7.238755136801614e-07 7.182303379058271e-07
7.238755136801614e-07 7.182303379058271e-07
7.238755136801614e-07 7.182303379058271e-07
7.238755136801614e-07 7.182303379058271e-07
5.782720042213387e-05 0.0005813244332468234
1.867032172842083e-05 3.328451604313673e-05
1.4501869705454933 16.42606428320714
0.00036411115256788034 0.0037317880824833454
0.03908971474277513 0.41691926118155626
0.012309411146161934 0.1093951093951094
0.054750461828725866 0.49597843703934075
0.054750461828725866 0.49597843703934075
0.054750461828725866 0.49597843703934075
0.054750461828725866 0.49597843703934075
28.80402208201893 13.960863460863461
28.80402208201893 13.960863460863461
0.0006238977832166602 0.006282170709897739
0.0006238977832166602 0.006282170709897739
278.6569400630915 2855.6138996139
28.241719242902207 126.00033573946618
28.241719242902207 126.00033573946618
28.241719242902207 126.00033573946618
28.241719242902207 126.00033573946618
0.0002761023262908055 0.0027144685393995847
0.0002761023262908055 0.0027144685393995847
0.0003017590060481237 0.003094188185466076
0.0003017590060481237 0.003094188185466076
0.0002566426629679169 0.002545492759741656
0.0005718706448502655 0.013592988653855501
0.0003943217665615142 0.003861003861003861
0.0003943217665615142 0.003861003861003861
0.0003943217665615142 0.003861003861003861
0.0003943217665615142 0.003861003861003861
0.0003943217665615142 0.003861003861003861
0.0003943217665615142 0.003861003861003861
0.0003943217665615142 0.003861003861003861
0.0003943217665615142 0.003861003861003861
0.0003943217665615142 0.003861003861003861
0.0003943217665615142 0.003861003861003861
3.744256082236689e-07 3.7331558420117195e-07
1.2088855275483506e-07 2.1374688282233437e-08
0.009389822341748762 0.010548508600889754
2.357584990558651e-06 2.3964839054609856e-06
0.00025310217529139046 0.000267737684245296
7.97022633230014e-05 7.025147548760723e-05
0.00035450401923488073 0.00031850799551016025
0.00035450401923488073 0.00031850799551016025
0.00035450401923488073 0.00031850799551016025
0.00035450401923488073 0.00031850799551016025
0.18650329617582329 0.008965403139406953
0.18650329617582329 0.008965403139406953
4.039678650272044e-06 4.0342915151842715e-06
4.039678650272044e-06 4.0342915151842715e-06
1.8042771136631721 1.8338213744659855
0.18286243891478965 0.08091503858423046
0.18286243891478965 0.08091503858423046
0.18286243891478965 0.08091503858423046
0.18286243891478965 0.08091503858423046
1.7877362331003525e-06 1.7431804868786584e-06
1.7877362331003525e-06 1.7431804868786584e-06
1.953860787860171e-06 1.9870292800770462e-06
1.953860787860171e-06 1.9870292800770462e-06
1.6617367687944249e-06 1.6346674289524238e-06
3.7028078907545543e-06 8.729160878396121e-06
2.5531958352269534e-06 2.4794638407390784e-06
2.5531958352269534e-06 2.4794638407390784e-06
2.5531958352269534e-06 2.4794638407390784e-06
2.5531958352269534e-06 2.4794638407390784e-06
2.5531958352269534e-06 2.4794638407390784e-06
2.5531958352269534e-06 2.4794638407390784e-06
2.5531958352269534e-06 2.4794638407390784e-06
2.5531958352269534e-06 2.4794638407390784e-06
2.5531958352269534e-06 2.4794638407390784e-06
2.5531958352269534e-06 2.4794638407390784e-06
7.716914843363574e-08 7.904562735740982e-08
7.716914843363574e-08 7.904562735740982e-08
2.49151405955453e-08 4.5258642187510215e-09
2.49151405955453e-08 4.5258642187510215e-09
0.0019352431514861178 0.002233535151838288
0.0019352431514861178 0.002233535151838288
4.858984590943146e-07 5.074301255449825e-07
4.858984590943146e-07 5.074301255449825e-07
5.21643789980034e-05 5.669062346720826e-05
5.21643789980034e-05 5.669062346720826e-05
1.6426642980026323e-05 1.4875007065628357e-05
1.6426642980026323e-05 1.4875007065628357e-05
7.306330731608235e-05 6.744070001075687e-05
7.306330731608235e-05 6.744070001075687e-05
7.306330731608235e-05 6.744070001075687e-05
7.306330731608235e-05 6.744070001075687e-05
7.306330731608235e-05 6.744070001075687e-05
7.306330731608235e-05 6.744070001075687e-05
7.306330731608235e-05 6.744070001075687e-05
7.306330731608235e-05 6.744070001075687e-05
0.0384383445732616 0.0018983293107973317
0.0384383445732616 0.0018983293107973317
0.0384383445732616 0.0018983293107973317
0.0384383445732616 0.0018983293107973317
8.325780997351304e-07 8.542185680321648e-07
8.325780997351304e-07 8.542185680321648e-07
8.325780997351304e-07 8.542185680321648e-07
8.325780997351304e-07 8.542185680321648e-07
0.37186166047839153 0.3882922844388351
0.37186166047839153 0.3882922844388351
0.03768796359441961 0.017132903790303213
0.03768796359441961 0.017132903790303213
0.03768796359441961 0.017132903790303213
0.03768796359441961 0.017132903790303213
0.03768796359441961 0.017132903790303213
0.03768796359441961 0.017132903790303213
0.03768796359441961 0.017132903790303213
0.03768796359441961 0.017132903790303213
3.684525836435273e-07 3.691000349673751e-07
3.684525836435273e-07 3.691000349673751e-07
3.684525836435273e-07 3.691000349673751e-07
3.684525836435273e-07 3.691000349673751e-07
4.0269086794665126e-07 4.207324383666579e-07
4.0269086794665126e-07 4.207324383666579e-07
4.0269086794665126e-07 4.207324383666579e-07
4.0269086794665126e-07 4.207324383666579e-07
3.4248408375990187e-07 3.461235424145543e-07
3.4248408375990187e-07 3.461235424145543e-07
7.631490086868824e-07 1.8483075101540692e-06
7.631490086868824e-07 1.8483075101540692e-06
5.262138701556751e-07 5.250002493751185e-07
5.262138701556751e-07 5.250002493751185e-07
5.262138701556751e-07 5.250002493751185e-07
5.262138701556751e-07 5.250002493751185e-07
5.262138701556751e-07 5.250002493751185e-07
5.262138701556751e-07 5.250002493751185e-07
5.262138701556751e-07 5.250002493751185e-07
5.262138701556751e-07 5.250002493751185e-07
5.262138701556751e-07 5.250002493751185e-07
5.262138701556751e-07 5.250002493751185e-07
5.262138701556751e-07 5.250002493751185e-07
5.262138701556751e-07 5.250002493751185e-07
5.262138701556751e-07 5.250002493751185e-07
5.262138701556751e-07 5.250002493751185e-07
5.262138701556751e-07 5.250002493751185e-07
5.262138701556751e-07 5.250002493751185e-07
5.262138701556751e-07 5.250002493751185e-07
5.262138701556751e-07 5.250002493751185e-07
5.262138701556751e-07 5.250002493751185e-07
5.262138701556751e-07 5.250002493751185e-07
1.9279534644124303e-06 1.8622514311803001e-06
6.224667837149179e-07 1.0662572238926919e-07
0.04834909823576376 0.05262029250897526
1.2139431840033452e-05 1.1954645805357902e-05
0.0013032474408424075 0.0013355855120101802
0.00041039461863756876 0.00035044320758606474
0.0018253752868947451 0.0015888486727667194
0.0018253752868947451 0.0015888486727667194
0.0018253752868947451 0.0015888486727667194
0.0018253752868947451 0.0015888486727667194
0.9603234076119108 0.04472311238545005
0.9603234076119108 0.04472311238545005
2.0800693857062386e-05 2.0124702707031716e-05
2.0800693857062386e-05 2.0124702707031716e-05
9.290396371524354 9.147854050711194
0.9415762834417932 0.40363743916538947
0.9415762834417932 0.40363743916538947
0.9415762834417932 0.40363743916538947
0.9415762834417932 0.40363743916538947
9.205225786807109e-06 8.695700082925077e-06
9.205225786807109e-06 8.695700082925077e-06
1.0060617095090275e-05 9.912117996731153e-06
1.0060617095090275e-05 9.912117996731153e-06
8.556442428010744e-06 8.154392390514395e-06
1.906611392020342e-05 4.3544638977718923e-05
1.3146650890685597e-05 1.2368583797155226e-05
1.3146650890685597e-05 1.2368583797155226e-05
1.3146650890685597e-05 1.2368583797155226e-05
1.3146650890685597e-05 1.2368583797155226e-05
1.3146650890685597e-05 1.2368583797155226e-05
1.3146650890685597e-05 1.2368583797155226e-05
1.3146650890685597e-05 1.2368583797155226e-05
1.3146650890685597e-05 1.2368583797155226e-05
1.3146650890685597e-05 1.2368583797155226e-05
1.3146650890685597e-05 1.2368583797155226e-05
9.427234706066642e-08 9.646183133545136e-08
3.043714786238031e-08 5.523052514243731e-09
0.0023641561132500067 0.0027256522378429843
5.93589395526055e-07 6.192327244558028e-07
6.372570568577706e-05 6.918132655800603e-05
2.0067322492050747e-05 1.8152432596814397e-05
8.925651772126636e-05 8.229997846898706e-05
8.925651772126636e-05 8.229997846898706e-05
8.925651772126636e-05 8.229997846898706e-05
8.925651772126636e-05 8.229997846898706e-05
0.04695753463139875 0.002316590150765757
0.04695753463139875 0.002316590150765757
1.017104544581566e-06 1.0424294194105762e-06
1.017104544581566e-06 1.0424294194105762e-06
0.45427832529890455 0.4738451208823876
0.046040844768921514 0.02090781401777085
0.046040844768921514 0.02090781401777085
0.046040844768921514 0.02090781401777085
0.046040844768921514 0.02090781401777085
4.5011368591832117e-07 4.504242234418117e-07
4.5011368591832117e-07 4.504242234418117e-07
4.919402900224427e-07 5.134328471272902e-07
4.919402900224427e-07 5.134328471272902e-07
4.183897200152978e-07 4.2238529676862496e-07
9.322877039106357e-07 2.255546995589968e-06
6.428400157624372e-07 6.406740916522729e-07
6.428400157624372e-07 6.406740916522729e-07
6.428400157624372e-07 6.406740916522729e-07
6.428400157624372e-07 6.406740916522729e-07
6.428400157624372e-07 6.406740916522729e-07
6.428400157624372e-07 6.406740916522729e-07
6.428400157624372e-07 6.406740916522729e-07
6.428400157624372e-07 6.406740916522729e-07
6.428400157624372e-07 6.406740916522729e-07
6.428400157624372e-07 6.406740916522729e-07
1.4063078276805857e-07 1.4463279437592557e-07
1.4063078276805857e-07 1.4463279437592557e-07
1.4063078276805857e-07 1.4463279437592557e-07
1.4063078276805857e-07 1.4463279437592557e-07
4.540461824249638e-08 8.28114610267071e-09
4.540461824249638e-08 8.28114610267071e-09
4.540461824249638e-08 8.28114610267071e-09
4.540461824249638e-08 8.28114610267071e-09
0.0035267301086530215 0.004086784318714709
0.0035267301086530215 0.004086784318714709
0.0035267301086530215 0.004086784318714709
0.0035267301086530215 0.004086784318714709
8.854870376986426e-07 9.284642232802496e-07
8.854870376986426e-07 9.284642232802496e-07
8.854870376986426e-07 9.284642232802496e-07
8.854870376986426e-07 9.284642232802496e-07
9.506282756777687e-05 0.00010372899249571381
9.506282756777687e-05 0.00010372899249571381
9.506282756777687e-05 0.00010372899249571381
9.506282756777687e-05 0.00010372899249571381
2.993543025188595e-05 2.7217366857444397e-05
2.993543025188595e-05 2.7217366857444397e-05
2.993543025188595e-05 2.7217366857444397e-05
2.993543025188595e-05 2.7217366857444397e-05
0.00013314841887001225 0.00012339881690255088
0.00013314841887001225 0.00012339881690255088
0.00013314841887001225 0.00012339881690255088
0.00013314841887001225 0.00012339881690255088
0.00013314841887001225 0.00012339881690255088
0.00013314841887001225 0.00012339881690255088
0.00013314841887001225 0.00012339881690255088
0.00013314841887001225 0.00012339881690255088
0.00013314841887001225 0.00012339881690255088
0.00013314841887001225 0.00012339881690255088
0.00013314841887001225 0.00012339881690255088
0.00013314841887001225 0.00012339881690255088
0.00013314841887001225 0.00012339881690255088
0.00013314841887001225 0.00012339881690255088
0.00013314841887001225 0.00012339881690255088
0.00013314841887001225 0.00012339881690255088
0.07004890678941311 0.00347344542696713
0.07004890678941311 0.00347344542696713
0.07004890678941311 0.00347344542696713
0.07004890678941311 0.00347344542696713
0.07004890678941311 0.00347344542696713
0.07004890678941311 0.00347344542696713
0.07004890678941311 0.00347344542696713
0.07004890678941311 0.00347344542696713
1.5172658019154683e-06 1.5629962419510377e-06
1.5172658019154683e-06 1.5629962419510377e-06
1.5172658019154683e-06 1.5629962419510377e-06
1.5172658019154683e-06 1.5629962419510377e-06
1.5172658019154683e-06 1.5629962419510377e-06
1.5172658019154683e-06 1.5629962419510377e-06
1.5172658019154683e-06 1.5629962419510377e-06
1.5172658019154683e-06 1.5629962419510377e-06
0.6776697353279632 0.7104731787258814
0.6776697353279632 0.7104731787258814
0.6776697353279632 0.7104731787258814
0.6776697353279632 0.7104731787258814
0.06868143459915611 0.031348726473649176
0.06868143459915611 0.031348726473649176
0.06868143459915611 0.031348726473649176
0.06868143459915611 0.031348726473649176
0.06868143459915611 0.031348726473649176
0.06868143459915611 0.031348726473649176
0.06868143459915611 0.031348726473649176
0.06868143459915611 0.031348726473649176
0.06868143459915611 0.031348726473649176
0.06868143459915611 0.031348726473649176
0.06868143459915611 0.031348726473649176
0.06868143459915611 0.031348726473649176
0.06868143459915611 0.031348726473649176
0.06868143459915611 0.031348726473649176
0.06868143459915611 0.031348726473649176
0.06868143459915611 0.031348726473649176
6.714571341326071e-07 6.75356389041032e-07
6.714571341326071e-07 6.75356389041032e-07
6.714571341326071e-07 6.75356389041032e-07
6.714571341326071e-07 6.75356389041032e-07
6.714571341326071e-07 6.75356389041032e-07
6.714571341326071e-07 6.75356389041032e-07
6.714571341326071e-07 6.75356389041032e-07
6.714571341326071e-07 6.75356389041032e-07
7.338519748159204e-07 7.698301636651166e-07
7.338519748159204e-07 7.698301636651166e-07
7.338519748159204e-07 7.698301636651166e-07
7.338519748159204e-07 7.698301636651166e-07
7.338519748159204e-07 7.698301636651166e-07
7.338519748159204e-07 7.698301636651166e-07
7.338519748159204e-07 7.698301636651166e-07
7.338519748159204e-07 7.698301636651166e-07
6.241329049545812e-07 6.33315425688989e-07
6.241329049545812e-07 6.33315425688989e-07
6.241329049545812e-07 6.33315425688989e-07
6.241329049545812e-07 6.33315425688989e-07
1.3907402717110407e-06 3.3819186335363187e-06
1.3907402717110407e-06 3.3819186335363187e-06
1.3907402717110407e-06 3.3819186335363187e-06
1.3907402717110407e-06 3.3819186335363187e-06
9.589566551591868e-07 9.606129479098023e-07
9.589566551591868e-07 9.606129479098023e-07
9.589566551591868e-07 9.606129479098023e-07
9.589566551591868e-07 9.606129479098023e-07
9.589566551591868e-07 9.606129479098023e-07
9.589566551591868e-07 9.606129479098023e-07
9.589566551591868e-07 9.606129479098023e-07
9.589566551591868e-07 9.606129479098023e-07
9.589566551591868e-07 9.606129479098023e-07
9.589566551591868e-07 9.606129479098023e-07
9.589566551591868e-07 9.606129479098023e-07
9.589566551591868e-07 9.606129479098023e-07
9.589566551591868e-07 9.606129479098023e-07
9.589566551591868e-07 9.606129479098023e-07
9.589566551591868e-07 9.606129479098023e-07
9.589566551591868e-07 9.606129479098023e-07
9.589566551591868e-07 9.606129479098023e-07
9.589566551591868e-07 9.606129479098023e-07
9.589566551591868e-07 9.606129479098023e-07
9.589566551591868e-07 9.606129479098023e-07
9.589566551591868e-07 9.606129479098023e-07
9.589566551591868e-07 9.606129479098023e-07
9.589566551591868e-07 9.606129479098023e-07
9.589566551591868e-07 9.606129479098023e-07
9.589566551591868e-07 9.606129479098023e-07
9.589566551591868e-07 9.606129479098023e-07
9.589566551591868e-07 9.606129479098023e-07
9.589566551591868e-07 9.606129479098023e-07
9.589566551591868e-07 9.606129479098023e-07
9.589566551591868e-07 9.606129479098023e-07
9.589566551591868e-07 9.606129479098023e-07
9.589566551591868e-07 9.606129479098023e-07
9.589566551591868e-07 9.606129479098023e-07
9.589566551591868e-07 9.606129479098023e-07
9.589566551591868e-07 9.606129479098023e-07
9.589566551591868e-07 9.606129479098023e-07
9.589566551591868e-07 9.606129479098023e-07
9.589566551591868e-07 9.606129479098023e-07
9.589566551591868e-07 9.606129479098023e-07
9.589566551591868e-07 9.606129479098023e-07
2.0474406642084985e-07 2.0942625677697481e-07
2.0474406642084985e-07 2.0942625677697481e-07
6.610449000050991e-08 1.1990983356083427e-08
6.610449000050991e-08 1.1990983356083427e-08
0.005134559087290171 0.005917606347967537
0.005134559087290171 0.005917606347967537
1.2891787508598768e-06 1.3444031671512097e-06
1.2891787508598768e-06 1.3444031671512097e-06
0.0001384017744805688 0.00015019812561431218
0.0001384017744805688 0.00015019812561431218
4.358293112779967e-05 3.9410365296994196e-05
4.358293112779967e-05 3.9410365296994196e-05
0.00019385050826258208 0.00017867975534952487
0.00019385050826258208 0.00017867975534952487
0.00019385050826258208 0.00017867975534952487
0.00019385050826258208 0.00017867975534952487
0.00019385050826258208 0.00017867975534952487
0.00019385050826258208 0.00017867975534952487
0.00019385050826258208 0.00017867975534952487
0.00019385050826258208 0.00017867975534952487
0.10198405883905123 0.005029500239054424
0.10198405883905123 0.005029500239054424
0.10198405883905123 0.005029500239054424
0.10198405883905123 0.005029500239054424
2.208984149919862e-06 2.2631966264683457e-06
2.208984149919862e-06 2.2631966264683457e-06
2.208984149919862e-06 2.2631966264683457e-06
2.208984149919862e-06 2.2631966264683457e-06
0.9866179691982928 1.0287551934747563
0.9866179691982928 1.0287551934747563
0.099993158899225 0.04539251605024924
0.099993158899225 0.04539251605024924
0.099993158899225 0.04539251605024924
0.099993158899225 0.04539251605024924
0.099993158899225 0.04539251605024924
0.099993158899225 0.04539251605024924
0.099993158899225 0.04539251605024924
0.099993158899225 0.04539251605024924
9.7757305593854e-07 9.779065747679435e-07
9.7757305593854e-07 9.779065747679435e-07
9.7757305593854e-07 9.779065747679435e-07
9.7757305593854e-07 9.779065747679435e-07
1.0684135757289498e-06 1.1147032747728415e-06
1.0684135757289498e-06 1.1147032747728415e-06
1.0684135757289498e-06 1.1147032747728415e-06
1.0684135757289498e-06 1.1147032747728415e-06
9.086738083383765e-07 9.17031849750656e-07
9.086738083383765e-07 9.17031849750656e-07
2.024775891598253e-06 4.89697072646551e-06
2.024775891598253e-06 4.89697072646551e-06
1.3961430153059158e-06 1.3909540693056775e-06
1.3961430153059158e-06 1.3909540693056775e-06
1.3961430153059158e-06 1.3909540693056775e-06
1.3961430153059158e-06 1.3909540693056775e-06
1.3961430153059158e-06 1.3909540693056775e-06
1.3961430153059158e-06 1.3909540693056775e-06
1.3961430153059158e-06 1.3909540693056775e-06
1.3961430153059158e-06 1.3909540693056775e-06
1.3961430153059158e-06 1.3909540693056775e-06
1.3961430153059158e-06 1.3909540693056775e-06
1.3961430153059158e-06 1.3909540693056775e-06
1.3961430153059158e-06 1.3909540693056775e-06
1.3961430153059158e-06 1.3909540693056775e-06
1.3961430153059158e-06 1.3909540693056775e-06
1.3961430153059158e-06 1.3909540693056775e-06
1.3961430153059158e-06 1.3909540693056775e-06
1.3961430153059158e-06 1.3909540693056775e-06
1.3961430153059158e-06 1.3909540693056775e-06
1.3961430153059158e-06 1.3909540693056775e-06
1.3961430153059158e-06 1.3909540693056775e-06
0.020949968610075927 0.003501465772347146
0.006763990843325032 0.00020048115477145148
525.3820224719101 98.93838719420114
0.1319122689874492 0.02247751426426015
14.161645226811103 2.5112113638610016
4.45952380952381 0.6589147286821705
19.835310171092683 2.9874050044927736
19.835310171092683 2.9874050044927736
19.835310171092683 2.9874050044927736
19.835310171092683 2.9874050044927736
10435.285714285714 84.08985200845666
10435.285714285714 84.08985200845666
0.2260292540339215 0.037839121252639864
0.2260292540339215 0.037839121252639864
100953.42857142857 17200.093023255813
10231.57142857143 758.9322548028312
10231.57142857143 758.9322548028312
10231.57142857143 758.9322548028312
10231.57142857143 758.9322548028312
0.10002792849621181 0.016349938411732382
0.10002792849621181 0.016349938411732382
0.10932297704829169 0.018637086977574737
0.10932297704829169 0.018637086977574737
0.0929779704695196 0.01533215406449044
0.20718056504861046 0.08187404793833895
0.14285714285714285 0.023255813953488372
0.14285714285714285 0.023255813953488372
0.14285714285714285 0.023255813953488372
0.14285714285714285 0.023255813953488372
0.14285714285714285 0.023255813953488372
0.14285714285714285 0.023255813953488372
0.14285714285714285 0.023255813953488372
0.14285714285714285 0.023255813953488372
0.14285714285714285 0.023255813953488372
0.14285714285714285 0.023255813953488372
0.020949968610075927 0.006843774009587603
0.006763990843325032 0.00039184952978056425
525.3820224719101 193.37957497048407
0.1319122689874492 0.04393332333469029
14.161645226811103 4.908276756637412
4.45952380952381 1.2878787878787878
19.835310171092683 5.839018872417694
19.835310171092683 5.839018872417694
19.835310171092683 5.839018872417694
19.835310171092683 5.839018872417694
10435.285714285714 164.35743801652893
10435.285714285714 164.35743801652893
0.2260292540339215 0.07395828244834156
0.2260292540339215 0.07395828244834156
100953.42857142857 33618.36363636364
10231.57142857143 1483.3675889328063
10231.57142857143 1483.3675889328063
10231.57142857143 1483.3675889328063
10231.57142857143 1483.3675889328063
0.10002792849621181 0.031956697804749655
0.10002792849621181 0.031956697804749655
0.10932297704829169 0.03642703363798699
0.10932297704829169 0.03642703363798699
0.0929779704695196 0.029967392035140403
0.20718056504861046 0.16002654824311704
0.14285714285714285 0.045454545454545456
0.14285714285714285 0.045454545454545456
0.14285714285714285 0.045454545454545456
0.14285714285714285 0.045454545454545456
0.14285714285714285 0.045454545454545456
0.14285714285714285 0.045454545454545456
0.14285714285714285 0.045454545454545456
0.14285714285714285 0.045454545454545456
0.14285714285714285 0.045454545454545456
0.14285714285714285 0.045454545454545456
2.859645693375547e-07 2.9505153541081664e-07
9.232766714429918e-08 1.6893574400585573e-08
0.007171401856975325 0.008337057949634229
1.800586716544912e-06 1.8940710911027494e-06
0.00019330476592926968 0.0002116076000227772
6.087196737028551e-05 5.552354786325791e-05
0.00027074961477628585 0.00025173412815590476
0.00027074961477628585 0.00025173412815590476
0.00027074961477628585 0.00025173412815590476
0.00027074961477628585 0.00025173412815590476
0.1424404036464681 0.0070858439181405945
0.1424404036464681 0.0070858439181405945
3.085272321430216e-06 3.1885191945496405e-06
3.085272321430216e-06 3.1885191945496405e-06
1.3780022424803784 1.4493684033126002
0.1396597279773802 0.06395153961544078
0.1396597279773802 0.06395153961544078
0.1396597279773802 0.06395153961544078
0.1396597279773802 0.06395153961544078
1.3653692769921174e-06 1.3777299982059213e-06
1.3653692769921174e-06 1.3777299982059213e-06
1.4922455795603603e-06 1.5704569131436264e-06
1.4922455795603603e-06 1.5704569131436264e-06
1.269138191949763e-06 1.2919662484236321e-06
2.827989968001313e-06 6.899128857773313e-06
1.9499829376492954e-06 1.9596546304679264e-06
1.9499829376492954e-06 1.9596546304679264e-06
1.9499829376492954e-06 1.9596546304679264e-06
1.9499829376492954e-06 1.9596546304679264e-06
1.9499829376492954e-06 1.9596546304679264e-06
1.9499829376492954e-06 1.9596546304679264e-06
1.9499829376492954e-06 1.9596546304679264e-06
1.9499829376492954e-06 1.9596546304679264e-06
1.9499829376492954e-06 1.9596546304679264e-06
1.9499829376492954e-06 1.9596546304679264e-06
1.8693693245853538e-07 1.8929292945651953e-07
6.035520734960283e-08 1.0838222491626714e-08
0.0046879928785441855 0.005348713471826835
1.1770554589899966e-06 1.215158107665966e-06
0.00012636460543396168 0.0001357587326153142
3.9792408126914196e-05 3.5621624589146465e-05
0.00017699081591770528 0.00016150226263512342
0.00017699081591770528 0.00016150226263512342
0.00017699081591770528 0.00016150226263512342
0.00017699081591770528 0.00016150226263512342
0.09311423501697923 0.004545986012473816
0.09311423501697923 0.004545986012473816
2.0168629453063022e-06 2.0456227693384742e-06
2.0168629453063022e-06 2.0456227693384742e-06
0.900809190197938 0.9298551540928618
0.09129648892016194 0.04102867744852161
0.09129648892016194 0.04102867744852161
0.09129648892016194 0.04102867744852161
0.09129648892016194 0.04102867744852161
8.925509370104866e-07 8.838948999109783e-07
8.925509370104866e-07 8.838948999109783e-07
9.754908160966665e-07 1.0075405615506641e-06
9.754908160966665e-07 1.0075405615506641e-06
8.296440395348777e-07 8.28872405569909e-07
1.8486757673033535e-06 4.426197309454995e-06
1.2747167579363866e-06 1.257233809028699e-06
1.2747167579363866e-06 1.257233809028699e-06
1.2747167579363866e-06 1.257233809028699e-06
1.2747167579363866e-06 1.257233809028699e-06
1.2747167579363866e-06 1.257233809028699e-06
1.2747167579363866e-06 1.257233809028699e-06
1.2747167579363866e-06 1.257233809028699e-06
1.2747167579363866e-06 1.257233809028699e-06
1.2747167579363866e-06 1.257233809028699e-06
1.2747167579363866e-06 1.257233809028699e-06
6.611802536994206e-05 0.0003203468685338878
2.1347130704812998e-05 1.834189288334556e-05
1.6581037679456134 9.051809892235424
0.00041631464513622383 0.0020564534326876307
0.04469410125684298 0.2297491247787725
0.01407424105801022 0.06028368794326241
0.0626001673569201 0.27331577700678567
0.0626001673569201 0.27331577700678567
0.0626001673569201 0.27331577700678567
0.0626001673569201 0.27331577700678567
32.93372407574391 7.693326885880078
32.93372407574391 7.693326885880078
0.0007133475104767585 0.0034618770507734344
0.0007133475104767585 0.0034618770507734344
318.60865644724976 1573.6255319148936
32.290802524797115 69.43422756706752
32.290802524797115 69.43422756706752
32.290802524797115 69.43422756706752
32.290802524797115 69.43422756706752
0.00031568778154800843 0.0014958454291584945
0.00031568778154800843 0.0014958454291584945
0.00034502292125249855 0.0017050951915653482
0.00034502292125249855 0.0017050951915653482
0.00029343813944393023 0.0014027289888789126
0.0006538611160235678 0.007490604385848032
0.0004508566275924256 0.002127659574468085
0.0004508566275924256 0.002127659574468085
0.0004508566275924256 0.002127659574468085
0.0004508566275924256 0.002127659574468085
0.0004508566275924256 0.002127659574468085
0.0004508566275924256 0.002127659574468085
0.0004508566275924256 0.002127659574468085
0.0004508566275924256 0.002127659574468085
0.0004508566275924256 0.002127659574468085
0.0004508566275924256 0.002127659574468085
0.0004988087764303792 0.0003203468685338878
0.0001610474010315484 1.834189288334556e-05
12.509095773140716 9.051809892235424
0.003140768309224981 0.0020564534326876307
0.3371820292097882 0.2297491247787725
0.10617913832199546 0.06028368794326241
0.47226928978792104 0.27331577700678567
0.47226928978792104 0.27331577700678567
0.47226928978792104 0.27331577700678567
0.47226928978792104 0.27331577700678567
248.4591836734694 7.693326885880078
248.4591836734694 7.693326885880078
0.005381648905569559 0.0034618770507734344
0.005381648905569559 0.0034618770507734344
2403.6530612244896 1573.6255319148936
243.60884353741497 69.43422756706752
243.60884353741497 69.43422756706752
243.60884353741497 69.43422756706752
243.60884353741497 69.43422756706752
0.0023816173451479 0.0014958454291584945
0.0023816173451479 0.0014958454291584945
0.002602928024959326 0.0017050951915653482
0.002602928024959326 0.0017050951915653482
0.0022137612016552284 0.0014027289888789126
0.0049328705963954875 0.007490604385848032
0.003401360544217687 0.002127659574468085
0.003401360544217687 0.002127659574468085
0.003401360544217687 0.002127659574468085
0.003401360544217687 0.002127659574468085
0.003401360544217687 0.002127659574468085
0.003401360544217687 0.002127659574468085
0.003401360544217687 0.002127659574468085
0.003401360544217687 0.002127659574468085
0.003401360544217687 0.002127659574468085
0.003401360544217687 0.002127659574468085
0.07332489013526575 0.05018767607030909
0.023673967951637613 0.0028735632183908046
1838.8370786516855 1418.1168831168832
0.46169294145607226 0.3221777044543955
49.56575829383886 35.994029548674355
15.608333333333333 9.444444444444445
69.42358559882439 42.81947173106309
69.42358559882439 42.81947173106309
69.42358559882439 42.81947173106309
69.42358559882439 42.81947173106309
36523.5 1205.2878787878788
36523.5 1205.2878787878788
0.7911023891187252 0.5423607379545048
0.7911023891187252 0.5423607379545048
353337.0 246534.66666666666
35810.5 10878.028985507246
35810.5 10878.028985507246
35810.5 10878.028985507246
35810.5 10878.028985507246
0.35009774973674135 0.2343491172348308
0.35009774973674135 0.2343491172348308
0.3826304196690209 0.26713158001190457
0.3826304196690209 0.26713158001190457
0.3254228966433186 0.21976087492436297
0.7251319776701366 1.173528020449525
0.5 0.3333333333333333
0.5 0.3333333333333333
0.5 0.3333333333333333
0.5 0.3333333333333333
0.5 0.3333333333333333
0.5 0.3333333333333333
0.5 0.3333333333333333
0.5 0.3333333333333333
0.5 0.3333333333333333
0.5 0.3333333333333333
0.0005163724657413081 0.0006406937370677756
0.00016671808416646207 3.668378576669112e-05
12.949556891913277 18.103619784470848
0.003251358742648396 0.004112906865375261
0.34905463587210467 0.459498249557545
0.10991784037558686 0.12056737588652482
0.48889849013256614 0.5466315540135713
0.48889849013256614 0.5466315540135713
0.48889849013256614 0.5466315540135713
0.48889849013256614 0.5466315540135713
257.2077464788732 15.386653771760155
257.2077464788732 15.386653771760155
0.005571143585343135 0.006923754101546869
0.005571143585343135 0.006923754101546869
2488.288732394366 3147.251063829787
252.18661971830986 138.86845513413505
252.18661971830986 138.86845513413505
252.18661971830986 138.86845513413505
252.18661971830986 138.86845513413505
0.002465477110822122 0.002991690858316989
0.002465477110822122 0.002991690858316989
0.0026945804202043724 0.0034101903831306964
0.0026945804202043724 0.0034101903831306964
0.0022917105397416804 0.002805457977757825
0.005106563223029131 0.014981208771696064
0.0035211267605633804 0.00425531914893617
0.0035211267605633804 0.00425531914893617
0.0035211267605633804 0.00425531914893617
0.0035211267605633804 0.00425531914893617
0.0035211267605633804 0.00425531914893617
0.0035211267605633804 0.00425531914893617
0.0035211267605633804 0.00425531914893617
0.0035211267605633804 0.00425531914893617
0.0035211267605633804 0.00425531914893617
0.0035211267605633804 0.00425531914893617