1.6384401181325405e-07 2.0920383941524038e-07
1.6007533559443198e-07 2.0920382581117473e-07
2.3684177921717048e-07 2.0920659020552254e-07
3.832696658540072e-07 1.916348329270036e-07
2.1669630842755606e-07 2.0920367674585646e-07
2.1669630842755606e-07 2.0920367674585646e-07
1.9953718730932893e-07 2.0920364467830322e-07
1.9953718730932893e-07 2.0920364467830322e-07
1.9953718730932893e-07 2.0920364467830322e-07
1.9953718730932893e-07 2.0920364467830322e-07
1.9953718730932893e-07 2.0920364467830322e-07
1.9953718730932893e-07 2.0920364467830322e-07
1.9953718730932893e-07 2.0920364467830322e-07
1.8422428446115393e-07 2.09203629157851e-07
1.8422428446115393e-07 2.09203629157851e-07
1.8422428446115393e-07 2.09203629157851e-07
1.8422428446115393e-07 2.09203629157851e-07
1.8422428446115393e-07 2.09203629157851e-07
1.8422428446115393e-07 2.09203629157851e-07
1.8422428446115393e-07 2.09203629157851e-07
1.8422428446115393e-07 2.09203629157851e-07
1.8422428446115393e-07 2.09203629157851e-07
2.178812546974938e-07 2.0941538443569465e-07
2.178812546974938e-07 2.0941538443569465e-07
1.62986473519741e-07 2.0920369525601124e-07
1.62986473519741e-07 2.0920369525601124e-07
1.62986473519741e-07 2.0920369525601124e-07
1.62986473519741e-07 2.0920369525601124e-07
1.62986473519741e-07 2.0920369525601124e-07
1.62986473519741e-07 2.0920369525601124e-07
1.3811803686403384e-07 2.0920374757679834e-07
1.287064132988673e-07 2.0920356477416935e-07
1.287064132988673e-07 2.0920356477416935e-07
1.287064132988673e-07 2.0920356477416935e-07
1.287064132988673e-07 2.0920356477416935e-07
1.287064132988673e-07 2.0920356477416935e-07
2.046912720934588e-07 2.0874508586691464e-07
1.8422428446115393e-07 2.09203629157851e-07
3.997430071702875e-07 2.086525980131854e-07
1.287064132988673e-07 2.0920356477416935e-07
2.3504744847518827e-07 2.092037646562567e-07
2.3504744847518827e-07 2.092037646562567e-07
2.8850659997986913e-07 2.0920313696726275e-07
2.2911395294665703e-07 2.0920375749287539e-07
2.084082101235699e-07 2.0920371865910342e-07
2.084082101235699e-07 2.0920371865910342e-07
2.084082101235699e-07 2.0920371865910342e-07
2.084082101235699e-07 2.0920371865910342e-07
1.9107913233826493e-07 2.0920375605460796e-07
1.9107913233826493e-07 2.0920375605460796e-07
1.1498089975620217e-06 2.050047049916783e-07
4.927752846694379e-07 2.0905618137491302e-07
1.7761007416020523e-07 2.0920400682216392e-07
1.5201503816605033e-07 2.0920367421238693e-07
1.8247645046971668e-07 2.0957511515846778e-07
2.581203872078008e-07 2.0957511515846778e-07
1.1498089975620217e-06 2.5551311056933817e-07
4.372513089320364e-07 2.087596477843103e-07