2.1947948711981124e-07 6.857965268628229e-07
2.08245531586185e-07 6.857963426837349e-07
7.393633295974637e-07 6.857932201920571e-07
4.152088046751745e-07 6.707219152445127e-07
6.638536635675402e-07 6.857963872297437e-07
6.638536635675402e-07 6.857963872297437e-07
6.010079943922181e-07 6.857963166544933e-07
6.010079943922181e-07 6.857963166544933e-07
6.010079943922181e-07 6.857963166544933e-07
6.010079943922181e-07 6.857963166544933e-07
6.010079943922181e-07 6.857963166544933e-07
6.010079943922181e-07 6.857963166544933e-07
6.010079943922181e-07 6.857963166544933e-07
5.466612937287181e-07 6.857962300738969e-07
5.466612937287181e-07 6.857962300738969e-07
5.466612937287181e-07 6.857962300738969e-07
5.466612937287181e-07 6.857962300738969e-07
5.466612937287181e-07 6.857962300738969e-07
5.466612937287181e-07 6.857962300738969e-07
5.466612937287181e-07 6.857962300738969e-07
5.466612937287181e-07 6.857962300738969e-07
5.466612937287181e-07 6.857962300738969e-07
1.1109786749426663e-06 6.855390415017552e-07
1.1109786749426663e-06 6.855390415017552e-07
4.7414580505337416e-07 6.857963287534267e-07
4.7414580505337416e-07 6.857963287534267e-07
4.7414580505337416e-07 6.857963287534267e-07
4.7414580505337416e-07 6.857963287534267e-07
4.7414580505337416e-07 6.857963287534267e-07
4.7414580505337416e-07 6.857963287534267e-07
3.419576354217685e-07 6.857961201137681e-07
2.931127442563669e-07 6.857958634117989e-07
2.931127442563669e-07 6.857958634117989e-07
2.931127442563669e-07 6.857958634117989e-07
2.931127442563669e-07 6.857958634117989e-07
2.931127442563669e-07 6.857958634117989e-07
5.011987938090863e-07 6.844101175964415e-07
9.222973237674055e-07 6.813682948515684e-07
5.466612937287181e-07 6.857962300738969e-07
1.3795289865596916e-06 6.851500204262755e-07
2.931127442563669e-07 6.857958634117989e-07
7.426210786368776e-07 6.857963136097329e-07
7.426210786368776e-07 6.857963136097329e-07
9.328319601465841e-07 6.857943444663162e-07
7.211389368388728e-07 6.857962877598359e-07
6.540863651717431e-07 6.857962393705889e-07
6.540863651717431e-07 6.857962393705889e-07
6.540863651717431e-07 6.857962393705889e-07
6.540863651717431e-07 6.857962393705889e-07
6.039965081774969e-07 6.857965476138739e-07
6.039965081774969e-07 6.857965476138739e-07
2.8471460892011966e-06 6.863200993199664e-07
1.2319382116735946e-05 6.794325894684673e-07
5.754115888571224e-07 6.85796389623053e-07
4.324325082882536e-07 6.857965308691545e-07
5.071670285308887e-07 6.858080616664257e-07
5.762081371002422e-07 6.858080616664257e-07
2.606233727807249e-05 6.387827764233454e-07
1.7206648731121802e-06 6.849925942922682e-07