2.270075686670218e-07 3.9553008072699146e-07
2.1704386577136046e-07 3.955260575252304e-07
4.408343574269698e-07 3.9556512828951247e-07
1.7594352027795373e-05 8.334166750008334e-06
4.085189028077278e-07 3.955214964371911e-07
4.085189028077278e-07 3.955214964371911e-07
3.4860862433083543e-07 3.955256757597637e-07
3.4860862433083543e-07 3.955256757597637e-07
3.4860862433083543e-07 3.955256757597637e-07
3.4860862433083543e-07 3.955256757597637e-07
3.4860862433083543e-07 3.955256757597637e-07
3.4860862433083543e-07 3.955256757597637e-07
3.4860862433083543e-07 3.955256757597637e-07
3.045890166907023e-07 3.955211171739293e-07
3.045890166907023e-07 3.955211171739293e-07
3.045890166907023e-07 3.955211171739293e-07
3.045890166907023e-07 3.955211171739293e-07
3.045890166907023e-07 3.955211171739293e-07
3.045890166907023e-07 3.955211171739293e-07
3.045890166907023e-07 3.955211171739293e-07
3.045890166907023e-07 3.955211171739293e-07
3.045890166907023e-07 3.955211171739293e-07
1.5010881951234523e-06 4.2959622422723374e-07
1.5010881951234523e-06 4.2959622422723374e-07
2.673397168989365e-07 3.9552503000621724e-07
2.673397168989365e-07 3.9552503000621724e-07
2.673397168989365e-07 3.9552503000621724e-07
2.673397168989365e-07 3.9552503000621724e-07
2.673397168989365e-07 3.9552503000621724e-07
2.673397168989365e-07 3.9552503000621724e-07
2.327577116557658e-07 3.9550814740216137e-07
2.214693323752553e-07 3.9551403400128314e-07
2.214693323752553e-07 3.9551403400128314e-07
2.214693323752553e-07 3.9551403400128314e-07
2.214693323752553e-07 3.9551403400128314e-07
2.214693323752553e-07 3.9551403400128314e-07
2.9306960000029307e-07 2.9764881250029763e-07
7.611111187222223e-08 1.234691370371605e-06
3.045890166907023e-07 3.955211171739293e-07
1.3013919688498818e-06 3.8613900000038616e-07
2.214693323752553e-07 3.9551403400128314e-07
4.4769490883231604e-07 3.9552224007828454e-07
4.4769490883231604e-07 3.9552224007828454e-07
7.818656928687238e-07 3.95421937576153e-07
4.2658843730263275e-07 3.955276695439024e-07
3.4372443765281783e-07 3.955239030447701e-07
3.4372443765281783e-07 3.955239030447701e-07
3.4372443765281783e-07 3.955239030447701e-07
3.4372443765281783e-07 3.955239030447701e-07
3.0620478373496087e-07 3.955341604552932e-07
3.0620478373496087e-07 3.955341604552932e-07
9.524762000009524e-06 1.5153030454560608e-06
2.836858865853761e-07 3.9549785421384894e-07
2.512293053612e-07 3.955234008668811e-07
7.665329201991435e-07 4.2557447234085113e-07
3.333666700003334e-05 1.1112222333344445e-05
1.0564436725362678e-06 4.2557447234085113e-07