5.674133040022318e-07 3.9553008072699146e-07
5.316587929573468e-07 3.955260575252304e-07
2.490427863386128e-07 3.9556512828951247e-07
1.7594352027795373e-05 8.334166750008334e-06
4.3325244942247376e-07 3.955214964371911e-07
4.3325244942247376e-07 3.955214964371911e-07
4.051598429415292e-07 3.955256757597637e-07
4.051598429415292e-07 3.955256757597637e-07
4.051598429415292e-07 3.955256757597637e-07
4.051598429415292e-07 3.955256757597637e-07
4.051598429415292e-07 3.955256757597637e-07
4.051598429415292e-07 3.955256757597637e-07
4.051598429415292e-07 3.955256757597637e-07
3.9078708099265037e-07 3.955211171739293e-07
3.9078708099265037e-07 3.955211171739293e-07
3.9078708099265037e-07 3.955211171739293e-07
3.9078708099265037e-07 3.955211171739293e-07
3.9078708099265037e-07 3.955211171739293e-07
3.9078708099265037e-07 3.955211171739293e-07
3.9078708099265037e-07 3.955211171739293e-07
3.9078708099265037e-07 3.955211171739293e-07
3.9078708099265037e-07 3.955211171739293e-07
1.2509068292695435e-07 4.2959622422723374e-07
1.2509068292695435e-07 4.2959622422723374e-07
3.9316019427239883e-07 3.9552503000621724e-07
3.9316019427239883e-07 3.9552503000621724e-07
3.9316019427239883e-07 3.9552503000621724e-07
3.9316019427239883e-07 3.9552503000621724e-07
3.9316019427239883e-07 3.9552503000621724e-07
3.9316019427239883e-07 3.9552503000621724e-07
4.1670130601745184e-07 3.9550814740216137e-07
4.036155165731978e-07 3.9551403400128314e-07
4.036155165731978e-07 3.9551403400128314e-07
4.036155165731978e-07 3.9551403400128314e-07
4.036155165731978e-07 3.9551403400128314e-07
4.036155165731978e-07 3.9551403400128314e-07
1.1722784000011723e-06 2.9764881250029763e-07
3.9078708099265037e-07 3.955211171739293e-07
5.376457729894966e-06 3.8613900000038616e-07
4.036155165731978e-07 3.9551403400128314e-07
4.3994124911271715e-07 3.9552224007828454e-07
4.3994124911271715e-07 3.9552224007828454e-07
4.07586936304884e-07 3.95421937576153e-07
4.21380912422469e-07 3.955276695439024e-07
3.9046226576372e-07 3.955239030447701e-07
3.9046226576372e-07 3.955239030447701e-07
3.9046226576372e-07 3.955239030447701e-07
3.9046226576372e-07 3.955239030447701e-07
3.6792047658076693e-07 3.955341604552932e-07
3.6792047658076693e-07 3.955341604552932e-07
3.945860063183393e-07 3.9549785421384894e-07
3.959666216772094e-07 3.955234008668811e-07
8.416832064931771e-07 4.2557447234085113e-07
2.3476526056361505e-07 4.2557447234085113e-07