0.9972699152170919 0.9972198219183229
0.9968315988528634 0.9969568320997858
0.9969818787491703 0.9972824385417841
0.9969818787491703 0.9972824385417841
0.9980213146986262 0.9988979474270829
0.983882481121088 0.9865374259558427
0.9370828167461898 0.9375336564351104
0.9894177906350577 0.9891422774918285
0.996493469086173 0.9964809457614807
0.9905323665326671 0.9900815268437465
0.9781467984120424 0.9789733378417302
0.9684537451002492 0.9686415949706328
0.9817284692740229 0.9828430451716321
0.9749533506155215 0.9747655007451378
0.9985598176603925 0.998271781192471
0.9943519805638 0.9947652502786439
0.9880903182176805 0.9889919975955217
0.9725113023005347 0.9729496186647631
0.9877146184769132 0.988015178269527
0.997645614957859 0.9974076717887065
0.9967689822294022 0.9968942154763246
0.9709959800127738 0.9717348561696159
0.9875267686065297 0.9876895718275288
0.9757924133699014 0.9759927865649772
0.9957420696046386 0.9981215012961641
0.98943031395975 0.9926488084056555
0.9975329050356289 0.9987351442060838
0.9883032147374485 0.9884159246596786
0.9731124218857622 0.9736258781981441
0.9919224555735057 0.9917220823784298
0.9729621419894554 0.9738512980426044
0.9836320146272433 0.9844836007063155
0.9506455773878849 0.9509085672064219
0.9978960814517038 0.9975579516850134