7.599274626654013e-05 5.660656503795985e-05
7.601888137095756e-05 5.660657966412288e-05
7.600886397144889e-05 5.6606540972970616e-05
7.600886397144889e-05 5.6606540972970616e-05
7.593704393001937e-05 5.660655409213836e-05
7.617288838421794e-05 5.660652036862193e-05
7.362666550364753e-05 5.660658064698355e-05
7.607350857365388e-05 5.660657162753638e-05
7.601662916269767e-05 5.660657524974397e-05
7.6073353396831e-05 5.660657085578219e-05
7.626786305127321e-05 5.660656050711132e-05
7.483867405974684e-05 5.660656906569685e-05
7.60835813534965e-05 5.660657196812829e-05
7.632526520543443e-05 5.660657871232212e-05
7.594401187151587e-05 5.660657858194554e-05
7.602340406668673e-05 5.6606557399018685e-05
7.598687512518029e-05 5.660652816301999e-05
7.636067165824467e-05 5.6606555628969144e-05
7.600661311711497e-05 5.6606572555578286e-05
7.597464287906334e-05 5.6606564885983814e-05
7.602365684627392e-05 5.6606531668374047e-05
7.638172391008974e-05 5.660656155508542e-05
7.599306073890948e-05 5.660653887748729e-05
7.553563504489647e-05 5.66065825880621e-05
7.597196591684528e-05 5.660653551603249e-05
7.612671627385571e-05 5.6606520500928904e-05
7.59627000615475e-05 5.6606573405407e-05
7.611146681017487e-05 5.660651891993084e-05
7.524994625520665e-05 5.6606569833712544e-05
7.606619301744654e-05 5.660653087294433e-05
7.608965308748337e-05 5.660652538001161e-05
7.603546182470418e-05 5.660653168946031e-05
7.633326294696814e-05 5.6606523743797565e-05
7.595564565522007e-05 5.6606535955214115e-05