2.74269468346601e-06 3.100924779650888e-07
9.809410017409362e-05 7.31551291570858e-05
9.809410017409362e-05 7.31551291570858e-05
9.809410017409362e-05 7.31551291570858e-05
9.809410017409362e-05 7.31551291570858e-05
2.114815025051586e-06 2.2420554373224188e-07
2.1540533395620683e-06 2.2741792097420386e-07
9.786782155894822e-05 7.348089648278424e-05
7.595961254509286e-05 5.654224836194716e-05
3.047249902793585e-06 3.244034859205433e-07
3.879362831070686e-06 4.118401302508787e-07
3.0044495626155973e-06 3.1899671395431637e-07
0.0005296229137081716 0.0003990818912056106
0.0005296229137081716 0.0003990818912056106
2.74353520204953e-06 2.9062847277077914e-07
2.74353520204953e-06 2.9062847277077914e-07
3.8301174947167645e-06 4.1632731802104e-07
7.630830939734206e-05 5.671399955688548e-05
7.630830939734206e-05 5.671399955688548e-05
7.597688432451228e-05 5.670177750257309e-05
7.597688432451228e-05 5.670177750257309e-05
2.759596016382878e-06 3.131230935598027e-07
7.598688461207279e-05 5.639546991008373e-05
2.107506645052652e-06 2.2131515026037468e-07
0.0015814359171006946 0.0011599686730349268
0.0015814359171006946 0.0011599686730349268
7.605094884949079e-05 5.662123395671818e-05
7.319213023822206e-05 5.811093964069102e-06
7.304364702237142e-05 5.804261501023322e-06
2.7128706704180264e-06 2.869134706652282e-07
7.614115362883978e-05 5.6568596690615217e-05
7.677538781479976e-05 5.7306948324015794e-05
7.62945942418927e-05 5.7190760327904443e-05
9.527854552092545e-05 7.46279513704579e-06
7.603190210480866e-05 5.660453970253867e-05
9.85139355112103e-05 7.298912836345431e-05
9.78285921012159e-05 7.28535605332155e-05
7.728116844692754e-05 5.7568735260171854e-05
2.1156940077650377e-05 2.2417763482959737e-06
2.7531974395431233e-06 3.0828777031685435e-07
3.057972625339599e-06 3.220484478157098e-07
7.624324118242205e-05 5.684631877974684e-05
7.560131522323332e-05 5.618974229604488e-05
7.80699050830445e-05 5.774671709572153e-05
9.820131721308263e-05 7.324899389364465e-05