2.742062012615313e-06 3.1009242382863745e-07
9.8188453572145e-05 7.315510428962911e-05
9.8188453572145e-05 7.315510428962911e-05
9.8188453572145e-05 7.315510428962911e-05
9.8188453572145e-05 7.315510428962911e-05
2.1149148860899853e-06 2.2417192943808987e-07
2.1541550534238997e-06 2.2745748018689784e-07
9.796293916979362e-05 7.348094942544094e-05
7.603202052714415e-05 5.654223046708284e-05
3.0463718971378324e-06 3.2441521863394503e-07
3.878062920243676e-06 4.1177610808521285e-07
3.003223917912446e-06 3.190126451291285e-07
0.0005301340841211556 0.00039908208281380224
0.0005301340841211556 0.00039908208281380224
2.743664751097989e-06 2.9058489993662863e-07
2.743664751097989e-06 2.9058489993662863e-07
3.828584478539159e-06 4.1626453200033275e-07
7.638143467223284e-05 5.6713955809077004e-05
7.638143467223284e-05 5.6713955809077004e-05
7.604962095973983e-05 5.670180447665022e-05
7.604962095973983e-05 5.670180447665022e-05
2.7591744030110963e-06 3.1312141768790097e-07
7.605899046405517e-05 5.6395500163668936e-05
2.10760616099117e-06 2.2127577293857566e-07
0.0015829689376888035 0.0011599686765094948
0.0015829689376888035 0.0011599686765094948
7.612467151448833e-05 5.6621235989668296e-05
7.326638098523492e-05 5.811055559913872e-06
7.311774713857656e-05 5.804223142022235e-06
2.7129987714949446e-06 2.8687045480737484e-07
7.621496373701627e-05 5.656859686006068e-05
7.684948828455006e-05 5.730697583837056e-05
7.636797943230576e-05 5.719074088717935e-05
9.537520099846193e-05 7.462758347708676e-06
7.610451843275236e-05 5.660449550485738e-05
9.860824804134121e-05 7.298916308572342e-05
9.792357192132179e-05 7.28535830616057e-05
7.735608366860752e-05 5.756873732714141e-05
2.114834622331543e-05 2.2419050192621954e-06
2.752557633584891e-06 3.083512295039095e-07
3.056947948892079e-06 3.2206453139869257e-07
7.631630410327642e-05 5.684633641750343e-05
7.567487032275094e-05 5.618975823555231e-05
7.814455936049547e-05 5.7746674482718604e-05
9.829522213551691e-05 7.324895737839215e-05
2.742979421220156e-06 3.101021574084547e-07
9.822222101573093e-05 7.315509940986405e-05
9.822222101573093e-05 7.315509940986405e-05
9.822222101573093e-05 7.315509940986405e-05
9.822222101573093e-05 7.315509940986405e-05
2.1156259085475226e-06 2.2415785797587812e-07
2.154879268204398e-06 2.2744315395517918e-07
9.799687141264577e-05 7.348093918197925e-05
7.605813283894215e-05 5.6542227785763316e-05
3.0473424525320894e-06 3.2442638724080286e-07
3.879302315922036e-06 4.1179146056965757e-07
3.0041808234763683e-06 3.190239950139744e-07
0.0005303163853198968 0.0003990819909362343
0.0005303163853198968 0.0003990819909362343
2.7445871557142762e-06 2.9056665967590994e-07
2.7445871557142762e-06 2.9056665967590994e-07
3.82980191763038e-06 4.162802010523342e-07
7.640770345272554e-05 5.671399885973229e-05
7.640770345272554e-05 5.671399885973229e-05
7.607577178912553e-05 5.670177459152353e-05
7.607577178912553e-05 5.670177459152353e-05
2.760097468274816e-06 3.1313111083273085e-07
7.608510994484759e-05 5.639551576952449e-05
2.1083147262965467e-06 2.213341438464205e-07
0.0015835162459115967 0.0011599687978160332
0.0015835162459115967 0.0011599687978160332
7.615099146157343e-05 5.66212859857344e-05
7.329165163948449e-05 5.811058806390698e-06
7.314296652682256e-05 5.804226384681979e-06
2.7139108663818317e-06 2.8685244770552846e-07
7.624131490244978e-05 5.656860277585894e-05
7.687591509666523e-05 5.730696264503066e-05
7.63942427182975e-05 5.719073707230707e-05
9.540809724800162e-05 7.462745933434284e-06
7.613067880101597e-05 5.6604510976855516e-05
9.864215600088144e-05 7.29891246162178e-05
9.79574753649394e-05 7.285354437899973e-05
7.738282937388757e-05 5.7568788159843077e-05
2.1155105602433858e-05 2.2419861790869007e-06
2.753478386318935e-06 3.0828780023139095e-07
3.057924923261694e-06 3.2207598986405486e-07
7.634255048433885e-05 5.684634982799428e-05
7.570106367955496e-05 5.618977354769379e-05
7.817142591754206e-05 5.774669050158452e-05
9.832901660840821e-05 7.324897935938625e-05
2.746817775466679e-06 3.1007295397757956e-07
2.746817775466679e-06 3.1007295397757956e-07
9.820909174025773e-05 7.315517203616258e-05
9.820909174025773e-05 7.315517203616258e-05
9.820909174025773e-05 7.315517203616258e-05
9.820909174025773e-05 7.315517203616258e-05
9.820909174025773e-05 7.315517203616258e-05
9.820909174025773e-05 7.315517203616258e-05
9.820909174025773e-05 7.315517203616258e-05
9.820909174025773e-05 7.315517203616258e-05
2.1182985449008034e-06 2.2415785429873747e-07
2.1182985449008034e-06 2.2415785429873747e-07
2.15760149269875e-06 2.2744319875684364e-07
2.15760149269875e-06 2.2744319875684364e-07
9.798209987066672e-05 7.348094738190877e-05
9.798209987066672e-05 7.348094738190877e-05
7.605818957318341e-05 5.65422449619451e-05
7.605818957318341e-05 5.65422449619451e-05
3.051383786758042e-06 3.2439484949396497e-07
3.051383786758042e-06 3.2439484949396497e-07
3.884586087599449e-06 4.1175025379508016e-07
3.884586087599449e-06 4.1175025379508016e-07
3.008381887427586e-06 3.189926152018908e-07
3.008381887427586e-06 3.189926152018908e-07
0.0005302439921523256 0.0003990819592959778
0.0005302439921523256 0.0003990819592959778
0.0005302439921523256 0.0003990819592959778
0.0005302439921523256 0.0003990819592959778
2.74805434874565e-06 2.9056665490938296e-07
2.74805434874565e-06 2.9056665490938296e-07
2.74805434874565e-06 2.9056665490938296e-07
2.74805434874565e-06 2.9056665490938296e-07
3.83546844058643e-06 4.1633250360316914e-07
3.83546844058643e-06 4.1633250360316914e-07
7.639763481612865e-05 5.6713959418527525e-05
7.639763481612865e-05 5.6713959418527525e-05
7.639763481612865e-05 5.6713959418527525e-05
7.639763481612865e-05 5.6713959418527525e-05
7.6069066855502e-05 5.670180812647064e-05
7.6069066855502e-05 5.670180812647064e-05
7.6069066855502e-05 5.670180812647064e-05
7.6069066855502e-05 5.670180812647064e-05
2.7638882568870113e-06 3.1317463981424635e-07
2.7638882568870113e-06 3.1317463981424635e-07
7.60862576104457e-05 5.63955102529251e-05
7.60862576104457e-05 5.63955102529251e-05
2.1109781265502926e-06 2.2133480708972425e-07
2.1109781265502926e-06 2.2133480708972425e-07
0.0015832895723023814 0.0011599689317432337
0.0015832895723023814 0.0011599689317432337
0.0015832895723023814 0.0011599689317432337
0.0015832895723023814 0.0011599689317432337
7.61400907713377e-05 5.6621292889571414e-05
7.61400907713377e-05 5.6621292889571414e-05
7.327742126461275e-05 5.811054787195569e-06
7.327742126461275e-05 5.811054787195569e-06
7.312876502078982e-05 5.804222370212465e-06
7.312876502078982e-05 5.804222370212465e-06
2.7173393065478133e-06 2.8685244299993036e-07
2.7173393065478133e-06 2.8685244299993036e-07
7.623040128279803e-05 5.656860930713341e-05
7.623040128279803e-05 5.656860930713341e-05
7.686542081220063e-05 5.7306958101585865e-05
7.686542081220063e-05 5.7306958101585865e-05
7.638403116894703e-05 5.7190793849641486e-05
7.638403116894703e-05 5.7190793849641486e-05
9.53895726949658e-05 7.462761302523249e-06
9.53895726949658e-05 7.462761302523249e-06
7.612824089659151e-05 5.6604505677307044e-05
7.612824089659151e-05 5.6604505677307044e-05
9.863346218032711e-05 7.298916778393964e-05
9.863346218032711e-05 7.298916778393964e-05
9.794728631396222e-05 7.28535383454089e-05
9.794728631396222e-05 7.28535383454089e-05
7.737175235129891e-05 5.756879517920909e-05
7.737175235129891e-05 5.756879517920909e-05
2.1184420697079477e-05 2.2417642562075165e-06
2.1184420697079477e-05 2.2417642562075165e-06
2.757406283255626e-06 3.0833186897765793e-07
2.757406283255626e-06 3.0833186897765793e-07
3.062089944645789e-06 3.220443098519036e-07
3.062089944645789e-06 3.220443098519036e-07
7.633249043328417e-05 5.684631255291509e-05
7.633249043328417e-05 5.684631255291509e-05
7.56900141443649e-05 5.618980320280064e-05
7.56900141443649e-05 5.618980320280064e-05
7.816772950484433e-05 5.7746684804356795e-05
7.816772950484433e-05 5.7746684804356795e-05
9.832436702422475e-05 7.324897007382398e-05
9.832436702422475e-05 7.324897007382398e-05
2.744244932242676e-06 3.100749609167001e-07
9.811611000626798e-05 7.315514866214466e-05
9.811611000626798e-05 7.315514866214466e-05
9.811611000626798e-05 7.315514866214466e-05
9.811611000626798e-05 7.315514866214466e-05
2.1162381204101367e-06 2.2416064624745094e-07
2.1555028390564875e-06 2.2744627381737652e-07
9.788909074501931e-05 7.34808759548422e-05
7.59866481128724e-05 5.6542240626081596e-05
3.048721713465255e-06 3.24390064422833e-07
3.88109862818309e-06 4.118290517184953e-07
3.0059024403724275e-06 3.189853439112325e-07
0.0005297414831980184 0.0003990822324874372
0.0005297414831980184 0.0003990822324874372
2.7453813740153084e-06 2.905702739982652e-07
2.7453813740153084e-06 2.905702739982652e-07
3.83221856548293e-06 4.163168612626994e-07
7.632544742888298e-05 5.6713965232648106e-05
7.632544742888298e-05 5.6713965232648106e-05
7.599733763996283e-05 5.670181499805193e-05
7.599733763996283e-05 5.670181499805193e-05
2.7611545883377073e-06 3.1317749523278326e-07
7.601483669800825e-05 5.6395466238599524e-05
2.1089248224767587e-06 2.2126808226385844e-07
0.0015817891423825657 0.0011599692512872688
0.0015817891423825657 0.0011599692512872688
7.606793538530514e-05 5.66212438578132e-05
7.32078955414641e-05 5.811107584286421e-06
7.305938034290004e-05 5.804275105226509e-06
2.714696207693716e-06 2.8685601582726533e-07
7.615816031255153e-05 5.656862489044878e-05
7.679257592794662e-05 5.730699733105027e-05
7.631171281693538e-05 5.719077557644763e-05
9.529906699169807e-05 7.462743257004614e-06
7.605668174476202e-05 5.660453529710755e-05
9.854045590115784e-05 7.298917662935421e-05
9.785432480480896e-05 7.285357369222433e-05
7.729842976128928e-05 5.756874532695207e-05
2.116641594855876e-05 2.2417033965295304e-06
2.754895988497035e-06 3.0833891705275195e-07
3.0593408964408122e-06 3.220369689992626e-07
7.626036460033662e-05 5.6846333568980134e-05
7.561789552923877e-05 5.6189782052340964e-05
7.809424816477259e-05 5.7746713581221035e-05
9.823193749740577e-05 7.324899637427081e-05
2.7468767891877553e-06 3.1010008623753763e-07
9.842126896769184e-05 7.315510591564556e-05
9.842126896769184e-05 7.315510591564556e-05
9.842126896769184e-05 7.315510591564556e-05
9.842126896769184e-05 7.315510591564556e-05
2.1184799079630296e-06 2.2415797692598217e-07
2.157786220774366e-06 2.274417046870779e-07
9.820272812769063e-05 7.348086420594499e-05
7.623913057884449e-05 5.654226047997744e-05
3.0518616632921975e-06 3.243938485729587e-07
3.884767770372346e-06 4.118048540085304e-07
3.008940109505189e-06 3.1900907503538234e-07
0.0005313914554856731 0.00039908198566357677
0.0005313914554856731 0.00039908198566357677
2.748289629817363e-06 2.9056681386606283e-07
2.748289629817363e-06 2.9056681386606283e-07
3.835257290804846e-06 4.163006788169187e-07
7.656249818249034e-05 5.67139510465681e-05
7.656249818249034e-05 5.67139510465681e-05
7.62380027760252e-05 5.6701792626805544e-05
7.62380027760252e-05 5.6701792626805544e-05
2.764011493357028e-06 3.131228555114473e-07
7.626784762473469e-05 5.639547444684659e-05
2.1111588628578566e-06 2.2131268889882112e-07
0.0015867304360581698 0.0011599689888866591
0.0015867304360581698 0.0011599689888866591
7.630556124703631e-05 5.6621281736671284e-05
7.344198505762454e-05 5.811115210855117e-06
7.329299496696428e-05 5.804282722828176e-06
2.7175719578796707e-06 2.868525999247226e-07
7.639606802465735e-05 5.656861209386677e-05
7.70317598057389e-05 5.730696188789305e-05
7.654905613421737e-05 5.719074215835634e-05
9.560378786549615e-05 7.462820753805347e-06
7.6307190689564e-05 5.6604535346888654e-05
9.885250962519027e-05 7.298914783205992e-05
9.817735149411754e-05 7.285354876954179e-05
7.753989951972893e-05 5.7568783839676016e-05
2.1184964241478657e-05 2.2419462803023635e-06
2.757665357662376e-06 3.083252313801572e-07
3.062233159129767e-06 3.220609271510649e-07
7.649721322039518e-05 5.684631220205516e-05
7.586378827984782e-05 5.618977250323813e-05
7.834849149139782e-05 5.774672477080751e-05
9.85517410060776e-05 7.324899430352462e-05
2.6893162904678373e-06 3.1006218742030553e-07
9.513038423965102e-05 7.315513070562518e-05
9.513038423965102e-05 7.315513070562518e-05
9.513038423965102e-05 7.315513070562518e-05
9.513038423965102e-05 7.315513070562518e-05
2.086257812013919e-06 2.241974949979034e-07
2.1249662755003446e-06 2.2747397603144147e-07
9.490787589801154e-05 7.348089907051081e-05
7.374522202784628e-05 5.654229824252265e-05
2.9849546722587543e-06 3.2441656706191846e-07
3.7958345099386314e-06 4.118067488753451e-07
2.9414288619227995e-06 3.189610692781458e-07
0.0005136110587850358 0.0003990821791892755
0.0005136110587850358 0.0003990821791892755
2.7064881230789444e-06 2.906180395257773e-07
2.7064881230789444e-06 2.906180395257773e-07
3.7493810697995304e-06 4.1633739861696706e-07
7.400325185743857e-05 5.6713994848162194e-05
7.400325185743857e-05 5.6713994848162194e-05
7.36982184363466e-05 5.670180183298862e-05
7.36982184363466e-05 5.670180183298862e-05
2.7060450423542433e-06 3.131312345127503e-07
7.37810556919292e-05 5.639550747855436e-05
2.079048120061986e-06 2.2132175061862124e-07
0.0015336004884640433 0.001159969770936703
0.0015336004884640433 0.001159969770936703
7.375055229399269e-05 5.662125208139411e-05
7.09552148041895e-05 5.811064474083108e-06
7.081126956798435e-05 5.804232045710531e-06
2.6762376671713826e-06 2.8690317078474767e-07
7.383802855033384e-05 5.656865023237391e-05
7.44542715270792e-05 5.730698967759601e-05
7.398950653258878e-05 5.71907615385119e-05
9.236655556014862e-05 7.462771746613899e-06
7.378114773360648e-05 5.660453391089559e-05
9.55593481211885e-05 7.298915968268098e-05
9.488911325984293e-05 7.285361150688257e-05
7.494356008845706e-05 5.756875368814661e-05
2.070031817556164e-05 2.2419332489474796e-06
2.7002472403483214e-06 3.083536760819238e-07
2.9921300293811535e-06 3.2201246213895686e-07
7.39401491686925e-05 5.684635131494052e-05
7.330805627936501e-05 5.6189756372144e-05
7.574594756617185e-05 5.774669142173639e-05
9.52780948899431e-05 7.324897987626708e-05
2.741312463943483e-06 3.1008244915818e-07
9.829291234994272e-05 7.315512777291008e-05
9.829291234994272e-05 7.315512777291008e-05
9.829291234994272e-05 7.315512777291008e-05
9.829291234994272e-05 7.315512777291008e-05
2.1144949092452816e-06 2.2415794695351976e-07
2.1537272843215635e-06 2.2744206986652883e-07
9.807593311953489e-05 7.348093054267785e-05
7.611102318768896e-05 5.65422522418501e-05
3.0454937556763687e-06 3.244395462982666e-07
3.876926146718012e-06 4.117544752601193e-07
3.0022182447072585e-06 3.189761452705754e-07
0.000530699076966608 0.00039908224351197153
0.000530699076966608 0.00039908224351197153
2.7431199179831103e-06 2.905667750139862e-07
2.7431199179831103e-06 2.905667750139862e-07
3.82713521010838e-06 4.163429600152548e-07
7.64626100631465e-05 5.671399976630599e-05
7.64626100631465e-05 5.671399976630599e-05
7.61305320757084e-05 5.67017697500749e-05
7.61305320757084e-05 5.67017697500749e-05
2.7584148191730037e-06 3.1318004710503025e-07
7.613772504107006e-05 5.639550312561542e-05
2.1071876355028895e-06 2.2131809501103528e-07
0.0015846649462915642 0.001159968564782718
0.0015846649462915642 0.001159968564782718
7.62062322417376e-05 5.662126459874613e-05
7.33483245773114e-05 5.8110826441478296e-06
7.319952449354488e-05 5.804250194411583e-06
2.712460027987472e-06 2.8685256156927843e-07
7.62966212042473e-05 5.6568591411442007e-05
7.693139098116582e-05 5.730699891413994e-05
7.644922427835599e-05 5.719075924579219e-05
9.54818673480927e-05 7.462754360807157e-06
7.618510978852963e-05 5.660449253742201e-05
9.871315985144679e-05 7.29891183840831e-05
9.803993592804907e-05 7.285359523444438e-05
7.743896374303865e-05 5.756876641496435e-05
2.1142184629097193e-05 2.24169919922987e-06
2.7517921468471877e-06 3.08315799663319e-07
3.0560518681504565e-06 3.22027682358316e-07
7.639741027580712e-05 5.684630344541941e-05
7.576545090753033e-05 5.6189791145861524e-05
7.822751550432992e-05 5.774667872765627e-05
9.839956967618314e-05 7.324901426118329e-05
2.7431891677809615e-06 3.100339491860918e-07
9.821930669466767e-05 7.315514388416154e-05
9.821930669466767e-05 7.315514388416154e-05
9.821930669466767e-05 7.315514388416154e-05
9.821930669466767e-05 7.315514388416154e-05
2.115832781698653e-06 2.2419166703860438e-07
2.155089979683548e-06 2.2740304663298653e-07
9.799381926056276e-05 7.34808982061473e-05
7.605573959935756e-05 5.6542292269286804e-05
3.047638298379985e-06 3.24432432037108e-07
3.879686671937735e-06 4.11801487465792e-07
3.004472672845286e-06 3.1895783616096255e-07
0.0005303005955277584 0.0003990821155647744
0.0005303005955277584 0.0003990821155647744
2.7448555308514684e-06 2.906104849805941e-07
2.7448555308514684e-06 2.906104849805941e-07
3.830169076166081e-06 4.162906359031503e-07
7.64054397248499e-05 5.6714000547954e-05
7.64054397248499e-05 5.6714000547954e-05
7.607350311797893e-05 5.6701775931952206e-05
7.607350311797893e-05 5.6701775931952206e-05
2.76030835218395e-06 3.131347703327433e-07
7.60827077897444e-05 5.6395468048090016e-05
2.1085208845352225e-06 2.2129387350020513e-07
0.0015834689292678556 0.0011599689464020315
0.0015834689292678556 0.0011599689464020315
7.61487160132837e-05 5.662128701015499e-05
7.328909227266471e-05 5.811064685323727e-06
7.314041235213225e-05 5.804232256702782e-06
2.7141762418863318e-06 2.8689571280667296e-07
7.623903675522843e-05 5.656861002200412e-05
7.6873626171123e-05 5.730698054131077e-05
7.639197604840994e-05 5.719077184114581e-05
9.540476532144104e-05 7.4628178328837944e-06
7.61283725098817e-05 5.6604535528013863e-05
9.863921437297686e-05 7.298912634167906e-05
9.795445766972905e-05 7.285358226341298e-05
7.73805171173644e-05 5.756878920140635e-05
2.1157202719898398e-05 2.2415254322296327e-06
2.753688517067612e-06 3.082901891098948e-07
3.058227898318571e-06 3.2200919809163304e-07
7.634028868674751e-05 5.684634307866365e-05
7.56987036432081e-05 5.6189752625017627e-05
7.816907683788161e-05 5.774671597315256e-05
9.832606178584697e-05 7.324901467858296e-05
2.743232699433874e-06 3.100785545557486e-07
9.829263108255367e-05 7.315511847164998e-05
9.829263108255367e-05 7.315511847164998e-05
9.829263108255367e-05 7.315511847164998e-05
9.829263108255367e-05 7.315511847164998e-05
2.1160813426603243e-06 2.241664417286162e-07
2.1553431524495964e-06 2.274508369136172e-07
9.807354778678324e-05 7.34808996846679e-05
7.611618254335614e-05 5.6542251395751786e-05
3.0476365242162375e-06 3.244314696792091e-07
3.8795017784390716e-06 4.118334542858604e-07
3.0042561685122893e-06 3.1896678118507334e-07
0.0005306972182390487 0.0003990819147756895
0.0005306972182390487 0.0003990819147756895
2.7451779873028e-06 2.905777864433724e-07
2.7451779873028e-06 2.905777864433724e-07
3.829769853484008e-06 4.163271613221263e-07
7.646245409262377e-05 5.6713980985693845e-05
7.646245409262377e-05 5.6713980985693845e-05
7.613187422667688e-05 5.670182492850468e-05
7.613187422667688e-05 5.670182492850468e-05
2.7603482354325706e-06 3.1317659510157e-07
7.614342338911896e-05 5.639550956910314e-05
2.1087685865196596e-06 2.2132851325874839e-07
0.0015846538542724992 0.0011599694164217249
0.0015846538542724992 0.0011599694164217249
7.620569882867583e-05 5.662125109483577e-05
7.334616946996162e-05 5.8110709433793194e-06
7.319737375821256e-05 5.80423850740039e-06
2.714495094237361e-06 2.8686343224341464e-07
7.629608715849905e-05 5.656863294361837e-05
7.693112153563105e-05 5.730695170860759e-05
7.64490055171738e-05 5.719075197431112e-05
9.547906264479933e-05 7.462799009165646e-06
7.618882073395134e-05 5.66044997005956e-05
9.871490012515152e-05 7.298918941228841e-05
9.803791479294514e-05 7.285358496673136e-05
7.743842170135079e-05 5.756875268507918e-05
2.1156222174295653e-05 2.2416277171263175e-06
2.7537955063177494e-06 3.0831486392820644e-07
3.0580821529263157e-06 3.220182286897694e-07
7.639725443828071e-05 5.68463073070248e-05
7.576222650215054e-05 5.618973604867029e-05
7.823089183718872e-05 5.774668518355563e-05
9.84038166434842e-05 7.324901641808418e-05
2.741756264731454e-06 3.1007420919081004e-07
9.854430967120496e-05 7.31551257915188e-05
9.854430967120496e-05 7.31551257915188e-05
9.854430967120496e-05 7.31551257915188e-05
9.854430967120496e-05 7.31551257915188e-05
2.1146898077916275e-06 2.241752689740089e-07
2.1539257990189053e-06 2.274581009113473e-07
9.832828225131951e-05 7.348094244814355e-05
7.630412344164259e-05 5.65422703991783e-05
3.0453917091671636e-06 3.2439966629581474e-07
3.87707009851203e-06 4.117572171363157e-07
3.0022735039445774e-06 3.1895313260350035e-07
0.0005320561096909762 0.00039908225590283813
0.0005320561096909762 0.00039908225590283813
2.743372758546656e-06 2.905892288404004e-07
2.743372758546656e-06 2.905892288404004e-07
3.8272561837628715e-06 4.1625774424285236e-07
7.665795862685637e-05 5.6713966289936376e-05
7.665795862685637e-05 5.6713966289936376e-05
7.632511488939178e-05 5.670180275438614e-05
7.632511488939178e-05 5.670180275438614e-05
2.7588539158032877e-06 3.131663681758081e-07
7.63309164842457e-05 5.6395502460122084e-05
2.107381860518633e-06 2.2131397147542034e-07
0.0015887160576395017 0.0011599697949068633
0.0015887160576395017 0.0011599697949068633
7.64010494066787e-05 5.66212711655012e-05
7.354329056091823e-05 5.811062403168846e-06
7.339409495407932e-05 5.8042299772311714e-06
2.712710042548474e-06 2.8687472837628393e-07
7.649166944374622e-05 5.656865140133508e-05
7.712810964834219e-05 5.730700069343078e-05
7.66447534343925e-05 5.719075769679248e-05
9.573566025239362e-05 7.462745822412203e-06
7.637991211288642e-05 5.6604558351049575e-05
9.896546183683647e-05 7.298916086874611e-05
9.82939087963678e-05 7.28536102484761e-05
7.76369323202613e-05 5.756877309160768e-05
2.1143022547511646e-05 2.2416020188609787e-06
2.7522194146723316e-06 3.0834865135423686e-07
3.0561653405593663e-06 3.2200444953682464e-07
7.659259226549082e-05 5.6846315214877994e-05
7.596473390533942e-05 5.618975066085836e-05
7.842762590768514e-05 5.774667960050698e-05
9.865128133353202e-05 7.324898553064474e-05
2.7317332336363714e-06 3.1004373702069904e-07
9.669639735315484e-05 7.315513437346655e-05
9.669639735315484e-05 7.315513437346655e-05
9.669639735315484e-05 7.315513437346655e-05
9.669639735315484e-05 7.315513437346655e-05
2.1100913350525583e-06 2.2415528926543617e-07
2.149242006137192e-06 2.2743620040605564e-07
9.646563054998235e-05 7.348090193616114e-05
7.494006488879633e-05 5.654228010593298e-05
3.0350086321013993e-06 3.244134653254886e-07
3.861310600800582e-06 4.1182922262033277e-07
2.99212323476104e-06 3.189832405356449e-07
0.0005220694896118015 0.00039908228488838213
0.0005220694896118015 0.00039908228488838213
2.737407191021433e-06 2.9056332996166513e-07
2.737407191021433e-06 2.9056332996166513e-07
3.8135649107314208e-06 4.163375772213518e-07
7.522145960617798e-05 5.671395240328873e-05
7.522145960617798e-05 5.671395240328873e-05
7.490737079041264e-05 5.670178175813064e-05
7.490737079041264e-05 5.670178175813064e-05
2.748535284639728e-06 3.131299976422744e-07
7.497464536019019e-05 5.6395504618164276e-05
2.1027992791865163e-06 2.2127187396465603e-07
0.0015588598363408183 0.0011599694466264642
0.0015588598363408183 0.0011599694466264642
7.496526947132222e-05 5.662127431476156e-05
7.212073511965419e-05 5.811118773993786e-06
7.19744254187994e-05 5.804286281777442e-06
2.7068111522555827e-06 2.868491605538561e-07
7.505418651566945e-05 5.656863441662343e-05
7.56804256269515e-05 5.730700485566691e-05
7.520750368899484e-05 5.719076440593404e-05
9.388381579942683e-05 7.462826284098407e-06
7.498670466367572e-05 5.660455340387022e-05
9.712717178348703e-05 7.298913384140315e-05
9.644002761637375e-05 7.285353154128904e-05
7.61779268414921e-05 5.7568776293567855e-05
2.1058714550842297e-05 2.2418795361788925e-06
2.742881100609439e-06 3.082850216992641e-07
3.043742652945635e-06 3.2203484550139086e-07
7.515731814977687e-05 5.6846346416227414e-05
7.451213417528351e-05 5.618976912293743e-05
7.698707833505532e-05 5.774668342284065e-05
9.683926851002624e-05 7.324896097313898e-05
2.754586956290795e-06 3.1009609041927714e-07
9.830574372445519e-05 7.315511746425535e-05
9.830574372445519e-05 7.315511746425535e-05
9.830574372445519e-05 7.315511746425535e-05
9.830574372445519e-05 7.315511746425535e-05
2.124461830567354e-06 2.2418372426472236e-07
2.1638791320740348e-06 2.2746728177909095e-07
9.808303601913534e-05 7.348089072789447e-05
7.617041301791202e-05 5.65422786266879e-05
3.0606557391622045e-06 3.2440555126716275e-07
3.8955617062907485e-06 4.118390093954734e-07
3.017831286165358e-06 3.1902660914551227e-07
0.000530766705135818 0.00039908215132551997
0.000530766705135818 0.00039908215132551997
2.756049937478549e-06 2.9060018908779647e-07
2.756049937478549e-06 2.9060018908779647e-07
3.846227489930192e-06 4.163376549992635e-07
7.647273436333717e-05 5.671395638472854e-05
7.647273436333717e-05 5.671395638472854e-05
7.615166253082675e-05 5.6701795476619876e-05
7.615166253082675e-05 5.6701795476619876e-05
2.7717701609444054e-06 3.1319055054474774e-07
7.620191360075688e-05 5.639553214679646e-05
2.117120113127722e-06 2.21330587424519e-07
0.0015848573060930832 0.00115996884477464
0.0015848573060930832 0.00115996884477464
7.621548278756614e-05 5.6621247346287e-05
7.334395880967612e-05 5.811087807951341e-06
7.319516758264349e-05 5.80425535214369e-06
2.7252455284727233e-06 2.8688554852267147e-07
7.630588272223935e-05 5.656860506590569e-05
7.694119452021957e-05 5.730698567644529e-05
7.64592041294404e-05 5.719075118675643e-05
9.54761789275012e-05 7.4627397827469495e-06
7.622739614970141e-05 5.6604516966173844e-05
9.874055824125127e-05 7.298915150047162e-05
9.805898470021467e-05 7.285354459430025e-05
7.74483639280622e-05 5.756874887380208e-05
2.1243824550330605e-05 2.2415748601285624e-06
2.7657741510198013e-06 3.0830939463606903e-07
3.070741659622111e-06 3.2207862900410656e-07
7.640752594299117e-05 5.6846345878983756e-05
7.576844638490907e-05 5.6189744114937074e-05
7.826340095474531e-05 5.774670940310133e-05
9.844470868968427e-05 7.324899841568406e-05
2.7432938656562605e-06 3.100859990165785e-07
9.861883036070828e-05 7.315514140306385e-05
9.861883036070828e-05 7.315514140306385e-05
9.861883036070828e-05 7.315514140306385e-05
9.861883036070828e-05 7.315514140306385e-05
2.115348968864964e-06 2.2416963329270287e-07
2.1545971901781842e-06 2.274517253949363e-07
9.840348740020269e-05 7.348087108022402e-05
7.636088186052332e-05 5.654222669376478e-05
3.0471429541948813e-06 3.24430157629093e-07
3.879386515283412e-06 4.1181757875011554e-07
3.004076515770103e-06 3.1898968666700123e-07
0.0005324585983091224 0.0003990823149615529
0.0005324585983091224 0.0003990823149615529
2.744227883740631e-06 2.9058192353731227e-07
2.744227883740631e-06 2.9058192353731227e-07
3.829500264681507e-06 4.163215641079618e-07
7.67156543820898e-05 5.6714000995051134e-05
7.67156543820898e-05 5.6714000995051134e-05
7.638245919674092e-05 5.670176016328357e-05
7.638245919674092e-05 5.670176016328357e-05
2.7603992990176585e-06 3.131760518382029e-07
7.638734230665622e-05 5.639553541746169e-05
2.1080387436624353e-06 2.2129937587019097e-07
0.0015899259611124447 0.0011599687327943646
0.0015899259611124447 0.0011599687327943646
7.645923343180335e-05 5.6621276471427334e-05
7.359910760238219e-05 5.811115558877894e-06
7.344979876077625e-05 5.80428307044176e-06
2.713555609996101e-06 2.868675164543298e-07
7.654992248151605e-05 5.6568599604924554e-05
7.71864553485553e-05 5.7307009174082974e-05
7.67027133500061e-05 5.719076990148874e-05
9.580831891285225e-05 7.462735583201368e-06
7.643705000479693e-05 5.660451413281439e-05
9.903981620719996e-05 7.298910604352565e-05
9.837041030940191e-05 7.285355662791038e-05
7.769605754505604e-05 5.7568778486323326e-05
2.1155667256878534e-05 2.241885122629269e-06
2.75375847729455e-06 3.083471284951338e-07
3.0579912948163464e-06 3.220413533007095e-07
7.66502388234634e-05 5.684631249899982e-05
7.60245631407229e-05 5.618977739362645e-05
7.848642694239159e-05 5.7746714000020544e-05
9.87252450338276e-05 7.324896018509169e-05
2.7421894103615565e-06 3.100535407946485e-07
9.812539959044263e-05 7.315512378297836e-05
9.812539959044263e-05 7.315512378297836e-05
9.812539959044263e-05 7.315512378297836e-05
9.812539959044263e-05 7.315512378297836e-05
2.1145140845875987e-06 2.241550312203972e-07
2.1537468154435136e-06 2.2744047970868287e-07
9.789926001454924e-05 7.348089632382692e-05
7.598343508085048e-05 5.654224117823331e-05
3.046488280252109e-06 3.244449147602685e-07
3.878447607527241e-06 4.118079271782268e-07
3.0035553958625985e-06 3.189673053911778e-07
0.0005297922365458801 0.00039908194149225316
0.0005297922365458801 0.00039908194149225316
2.743144794024767e-06 2.905629954684392e-07
2.743144794024767e-06 2.905629954684392e-07
3.829035401363412e-06 4.162959527938463e-07
7.633245101007147e-05 5.671400185309542e-05
7.633245101007147e-05 5.671400185309542e-05
7.600087613216144e-05 5.670177854261904e-05
7.600087613216144e-05 5.670177854261904e-05
2.759231052166287e-06 3.131555061101578e-07
7.601047437147527e-05 5.639551022019639e-05
2.1072067445790387e-06 2.2133401755240527e-07
0.0015819409864559744 0.0011599696820050686
0.0015819409864559744 0.0011599696820050686
7.607523753756754e-05 5.662125277354906e-05
7.321709322333738e-05 5.811115336443686e-06
7.306855936564457e-05 5.804282848269082e-06
2.7124846259892603e-06 2.868488303363401e-07
7.616547112596865e-05 5.656864589541389e-05
7.679993325306252e-05 5.730695554502504e-05
7.631893797170028e-05 5.7190756126568265e-05
9.531104059846138e-05 7.462807939396643e-06
7.60558018281349e-05 5.6604506365340855e-05
9.854504401760088e-05 7.298912970224915e-05
9.786002261623518e-05 7.285354904358921e-05
7.73058500350341e-05 5.756875439188411e-05
2.1150944763902093e-05 2.2415808075865523e-06
2.752687649351191e-06 3.083154537008931e-07
3.057251185076393e-06 3.220187579107767e-07
7.626736220956047e-05 5.6846282846198595e-05
7.562580828669129e-05 5.618976991310805e-05
7.809450332757206e-05 5.7746684623760216e-05
9.823225845748616e-05 7.324896359524394e-05
2.742521812246506e-06 3.1006309526505547e-07
9.822803634552657e-05 7.315515209978986e-05
9.822803634552657e-05 7.315515209978986e-05
9.822803634552657e-05 7.315515209978986e-05
9.822803634552657e-05 7.315515209978986e-05
2.115488014707298e-06 2.2421149759988895e-07
2.1547388158794796e-06 2.274227962168598e-07
9.800639634140331e-05 7.348091651111048e-05
7.606173505634896e-05 5.654222969681776e-05
3.04717406581822e-06 3.2439539919303167e-07
3.87898261641954e-06 4.1176391948117465e-07
3.003871041949686e-06 3.1899720463690806e-07
0.0005303489334647912 0.0003990822436798996
0.0005303489334647912 0.0003990822436798996
2.7444082669697194e-06 2.906361905258022e-07
2.7444082669697194e-06 2.906361905258022e-07
3.829354478643241e-06 4.1634820145093036e-07
7.64122492811809e-05 5.671401816302182e-05
7.64122492811809e-05 5.671401816302182e-05
7.6080200372297e-05 5.670179228803784e-05
7.6080200372297e-05 5.670179228803784e-05
2.7596352664966112e-06 3.1316337529857344e-07
7.608866021831946e-05 5.639552505100681e-05
2.108177308990001e-06 2.2130998441611199e-07
0.001583615335537941 0.0011599688143081473
0.001583615335537941 0.0011599688143081473
7.615575666263098e-05 5.6621244970987816e-05
7.329643797859478e-05 5.811085927119619e-06
7.314774315599518e-05 5.804253473523379e-06
2.7137339770792944e-06 2.869210897668885e-07
7.624608575555924e-05 5.656860358013562e-05
7.688063335258324e-05 5.7306998938253896e-05
7.639876570414837e-05 5.719077826390845e-05
9.541432630906148e-05 7.462736768691159e-06
7.61348731771708e-05 5.660451868980581e-05
9.864789823631053e-05 7.298914739598259e-05
9.796763704585642e-05 7.285359964702698e-05
7.738767165805606e-05 5.756874645875458e-05
2.115337395321581e-05 2.2418119094577355e-06
2.7530147885097665e-06 3.083140931446941e-07
3.0576729147825854e-06 3.220489431924962e-07
7.634709243655917e-05 5.684631678306332e-05
7.570895325552664e-05 5.618980399409727e-05
7.817585830567381e-05 5.774670033249041e-05
9.833459194953968e-05 7.324900572557066e-05
2.757283870336545e-06 3.1005692010119255e-07
9.818038274782563e-05 7.315515182287571e-05
9.818038274782563e-05 7.315515182287571e-05
9.818038274782563e-05 7.315515182287571e-05
9.818038274782563e-05 7.315515182287571e-05
2.126243798510803e-06 2.2419200833430588e-07
2.1656941626814923e-06 2.274017038519897e-07
9.795008564608735e-05 7.348089752391887e-05
7.60761887540579e-05 5.654226118025017e-05
3.0635810467752887e-06 3.2441383674828693e-07
3.899522714736261e-06 4.1181704241940514e-07
3.0212194349527977e-06 3.1902461452225004e-07
0.0005300870838539852 0.0003990823372171286
0.0005300870838539852 0.0003990823372171286
2.758361672417002e-06 2.9061092738824756e-07
2.758361672417002e-06 2.9061092738824756e-07
3.850706694758998e-06 4.1631132781953873e-07
7.637553350110455e-05 5.671396169561993e-05
7.637553350110455e-05 5.671396169561993e-05
7.605480092108504e-05 5.6701804915979136e-05
7.605480092108504e-05 5.6701804915979136e-05
2.7742692629430055e-06 3.131541425143833e-07
7.610825249863995e-05 5.6395522555091996e-05
2.118895922944469e-06 2.2127818608993504e-07
0.0015828167074844284 0.0011599688495083187
0.0015828167074844284 0.0011599688495083187
7.611735079326209e-05 5.662127258938407e-05
7.32435983369212e-05 5.811084518333228e-06
7.309501070890516e-05 5.804252066393385e-06
2.7275314251171786e-06 2.868961495591841e-07
7.620763433261048e-05 5.6568605296754645e-05
7.68426750148708e-05 5.730701236991609e-05
7.636170219172196e-05 5.719077804742424e-05
9.534553714479664e-05 7.462747209199855e-06
7.613149157901605e-05 5.660451192771418e-05
9.861496453652853e-05 7.298916365124775e-05
9.792483664288344e-05 7.285353217241212e-05
7.734864452552254e-05 5.7568774539317843e-05
2.126692800272948e-05 2.2415254839423172e-06
2.7684891062177547e-06 3.0828968107600757e-07
3.0738639907683766e-06 3.22076615298957e-07
7.6310407964086e-05 5.684633201121169e-05
7.56643574906589e-05 5.618979997112382e-05
7.81644062677977e-05 5.7746698645327726e-05
9.832018684423038e-05 7.324904048973062e-05
2.7426469247349567e-06 3.1007397586371546e-07
9.866455613447562e-05 7.315513424746109e-05
9.866455613447562e-05 7.315513424746109e-05
9.866455613447562e-05 7.315513424746109e-05
9.866455613447562e-05 7.315513424746109e-05
2.1149011514739614e-06 2.242129528460317e-07
2.154141063975573e-06 2.274192629700836e-07
9.844928684878605e-05 7.348093167854984e-05
7.639655783425412e-05 5.654224322404357e-05
3.0457936272996993e-06 3.2442569764999144e-07
3.8776685479714635e-06 4.118216024776238e-07
3.002897989039504e-06 3.189882413676429e-07
0.0005327051746538736 0.00039908233594904634
0.0005327051746538736 0.00039908233594904634
2.7436469332736867e-06 2.906380769018344e-07
2.7436469332736867e-06 2.906380769018344e-07
3.828129778594119e-06 4.1632688313530673e-07
7.675124193215432e-05 5.67139683521688e-05
7.675124193215432e-05 5.67139683521688e-05
7.641781000700747e-05 5.670180068780346e-05
7.641781000700747e-05 5.670180068780346e-05
2.759746490536532e-06 3.1316291446494106e-07
7.642298472465592e-05 5.639553270522916e-05
2.1075924738392462e-06 2.213386453765029e-07
0.0015906613278754175 0.001159968790326122
0.0015906613278754175 0.001159968790326122
7.64945970778871e-05 5.6621288251552956e-05
7.36359795987846e-05 5.811064001503817e-06
7.348659595579519e-05 5.804231573686881e-06
2.7129811528207156e-06 2.869229520300357e-07
7.658532807276866e-05 5.656860241059583e-05
7.722219963756592e-05 5.730701218782333e-05
7.67382774598739e-05 5.7190764307426274e-05
9.585631602024693e-05 7.462744370716347e-06
7.647237275767639e-05 5.660451002155752e-05
9.908565314133892e-05 7.298915820854612e-05
9.841654399092304e-05 7.285353161757224e-05
7.773199324252252e-05 5.75687904635779e-05
2.1146312380309476e-05 2.2418866809841143e-06
2.753104595511694e-06 3.0832924894984325e-07
3.056637078353506e-06 3.220398941746602e-07
7.668579602796825e-05 5.6846280197390644e-05
7.60605895143601e-05 5.61897861097356e-05
7.85226514225636e-05 5.7746711506201564e-05
9.8770810500629e-05 7.324896870368092e-05
2.7574597759428635e-06 3.1007258871293296e-07
9.820588415850224e-05 7.315512013907469e-05
9.820588415850224e-05 7.315512013907469e-05
9.820588415850224e-05 7.315512013907469e-05
9.820588415850224e-05 7.315512013907469e-05
2.1265370217634103e-06 2.2419205323257715e-07
2.165992826403394e-06 2.2740152720591656e-07
9.797547940461603e-05 7.348087265220634e-05
7.609612970241366e-05 5.654228263121927e-05
3.0638526638146788e-06 3.2443424188327905e-07
3.8998776861757994e-06 4.1175361732837335e-07
3.0214878312977823e-06 3.189727132415222e-07
0.000530224750513885 0.00039908191974568713
0.000530224750513885 0.00039908191974568713
2.7587420689557336e-06 2.9061098558803955e-07
2.7587420689557336e-06 2.9061098558803955e-07
3.851042612407339e-06 4.163429600152548e-07
7.639537244910405e-05 5.671400766463572e-05
7.639537244910405e-05 5.671400766463572e-05
7.607469872920751e-05 5.670177681028566e-05
7.607469872920751e-05 5.670177681028566e-05
2.7744459741406305e-06 3.1316948501856376e-07
7.612827306695296e-05 5.639546611754457e-05
2.1191881328758496e-06 2.212761223733436e-07
0.0015832277171929855 0.0011599684440092438
0.0015832277171929855 0.0011599684440092438
7.613711617103307e-05 5.662125167036127e-05
7.326313456825817e-05 5.8110967144354205e-06
7.311450730753235e-05 5.8042642481558655e-06
2.727907569958434e-06 2.8689620701502855e-07
7.622742315429069e-05 5.6568585521639885e-05
7.68626314988699e-05 5.7306952422284163e-05
7.638153640985245e-05 5.7190753277859996e-05
9.537096854053635e-05 7.462795859445834e-06
7.615140046789123e-05 5.66045279764238e-05
9.864076463880463e-05 7.298912747231016e-05
9.795039444006206e-05 7.285355043089566e-05
7.736872963309905e-05 5.7568753270235536e-05
2.1268865698926868e-05 2.241682185991016e-06
2.7686654261116733e-06 3.0830231687127017e-07
3.0741438029417035e-06 3.2202421749619954e-07
7.633022999538345e-05 5.684629880180149e-05
7.568394918812734e-05 5.6189783799114906e-05
7.818485196489462e-05 5.774671590537677e-05
9.834590474902508e-05 7.324897366705397e-05
2.7416775401541496e-06 3.100340216092935e-07
9.816506421789932e-05 7.315512108894081e-05
9.816506421789932e-05 7.315512108894081e-05
9.816506421789932e-05 7.315512108894081e-05
9.816506421789932e-05 7.315512108894081e-05
2.1144830165790136e-06 2.2420288258635444e-07
2.1537151709985604e-06 2.2741464127621024e-07
9.793928486735395e-05 7.348094329561418e-05
7.601396021350608e-05 5.654227394620975e-05
3.0458145347499013e-06 3.244284949743732e-07
3.8774402965086534e-06 4.1179178379294774e-07
3.0027469638051737e-06 3.1902533326932686e-07
0.0005300078221082222 0.0003990822210949919
0.0005300078221082222 0.0003990822210949919
2.7431044897077457e-06 2.906250232362484e-07
2.7431044897077457e-06 2.906250232362484e-07
3.827980848216204e-06 4.162802294201041e-07
7.636323868938136e-05 5.6713966636068976e-05
7.636323868938136e-05 5.6713966636068976e-05
7.603150956261428e-05 5.6701815424736676e-05
7.603150956261428e-05 5.6701815424736676e-05
2.7587876854283842e-06 3.13135318002206e-07
7.604092676789802e-05 5.639553042763704e-05
2.10717578393531e-06 2.2130701657102985e-07
0.0015825904844679619 0.001159969442114571
0.0015825904844679619 0.001159969442114571
7.610647177194492e-05 5.6621262206417595e-05
7.32486932602015e-05 5.811053242050027e-06
7.310009529623006e-05 5.804220826883647e-06
2.7124447721541586e-06 2.869100652248907e-07
7.6196742407579e-05 5.656863419659036e-05
7.683118504509735e-05 5.730699569512971e-05
7.634978790714179e-05 5.7190754020440405e-05
9.5352175925002e-05 7.4627672110393876e-06
7.60864074498104e-05 5.660452601837463e-05
9.858476425381417e-05 7.298917717860239e-05
9.789994907791021e-05 7.285354328384493e-05
7.73375895223744e-05 5.756876398260252e-05
2.114494986514471e-05 2.241482783120252e-06
2.752172065797554e-06 3.082931552178044e-07
3.056457155320946e-06 3.220773409220444e-07
7.6298123636168e-05 5.684633717794177e-05
7.565662492767743e-05 5.618974730325215e-05
7.812595576377643e-05 5.7746705443745275e-05
9.827182134233333e-05 7.324899545990556e-05
2.7431517340756344e-06 3.100495644246316e-07
9.822839129584449e-05 7.315512489203348e-05
9.822839129584449e-05 7.315512489203348e-05
9.822839129584449e-05 7.315512489203348e-05
9.822839129584449e-05 7.315512489203348e-05
2.115758811309609e-06 2.2417193771269555e-07
2.155014636846628e-06 2.274574400470322e-07
9.800302753638859e-05 7.348094122566384e-05
7.606291078001982e-05 5.654228606088987e-05
3.047533885349833e-06 3.244467650147084e-07
3.879546012121195e-06 4.118173258926083e-07
3.0043695448980684e-06 3.1897122559649235e-07
0.000530349699580279 0.00039908211449638957
0.000530349699580279 0.00039908211449638957
2.744759569566984e-06 2.905849106626614e-07
2.744759569566984e-06 2.905849106626614e-07
3.8300425042345805e-06 4.163063483207193e-07
7.641250335368748e-05 5.6713995251580216e-05
7.641250335368748e-05 5.6713995251580216e-05
7.60805508382749e-05 5.670177093840462e-05
7.60805508382749e-05 5.670177093840462e-05
2.760270856479072e-06 3.131507791310885e-07
7.608988958061613e-05 5.6395505677319474e-05
2.1084471697731275e-06 2.2127509037182746e-07
0.0015836157217603466 0.0011599685424905175
0.0015836157217603466 0.0011599685424905175
7.615577523599213e-05 5.662122906681295e-05
7.32962557913345e-05 5.81105957961384e-06
7.314756133833406e-05 5.804227156995994e-06
2.714081353162477e-06 2.8687046539630053e-07
7.624610435095044e-05 5.6568590324310496e-05
7.688074441049287e-05 5.7306980387893945e-05
7.639904177366155e-05 5.719075699359847e-05
9.54140907460007e-05 7.462742976689248e-06
7.613546129940157e-05 5.66045008014162e-05
9.864835266114057e-05 7.298911991375562e-05
9.796362901383848e-05 7.285358911018075e-05
7.738769053186465e-05 5.756873028843881e-05
2.1156434557593382e-05 2.2416167319155135e-06
2.7536513587151456e-06 3.083071643131612e-07
3.0581170208659594e-06 3.2202271561937195e-07
7.634734629241773e-05 5.6846301320242647e-05
7.570581918969275e-05 5.618980151000104e-05
7.817633661483437e-05 5.774668017693291e-05
9.833519359737763e-05 7.324896666039107e-05
2.7415255493841635e-06 3.100919131432374e-07
9.869174334823386e-05 7.315512482713425e-05
9.869174334823386e-05 7.315512482713425e-05
9.869174334823386e-05 7.315512482713425e-05
9.869174334823386e-05 7.315512482713425e-05
2.1143059546175065e-06 2.241928148263169e-07
2.1535348238263607e-06 2.2739853082009476e-07
9.847678544866275e-05 7.348093370752897e-05
7.641712613411896e-05 5.65422980829564e-05
3.0444106042679567e-06 3.2444955577032516e-07
3.8759728180077835e-06 4.1176226785525144e-07
3.001835199443915e-06 3.190135428063905e-07
0.0005328522875350418 0.0003990819754677063
0.0005328522875350418 0.0003990819754677063
2.7428747884248515e-06 2.906119728108431e-07
2.7428747884248515e-06 2.906119728108431e-07
3.826736146140846e-06 4.162678407864457e-07
7.6772401862253e-05 5.671401595617167e-05
7.6772401862253e-05 5.671401595617167e-05
7.643882630647287e-05 5.6701772800652455e-05
7.643882630647287e-05 5.6701772800652455e-05
2.7586168057768004e-06 3.1318040696711855e-07
7.644353105472198e-05 5.63955252429527e-05
2.1069993338647172e-06 2.213159610294204e-07
0.0015911000343380582 0.0011599692195444584
0.0015911000343380582 0.0011599692195444584
7.651569438723073e-05 5.662126752360863e-05
7.365842677870059e-05 5.811079396908506e-06
7.350899759762601e-05 5.80424695099024e-06
2.7122176382457415e-06 2.868971816185083e-07
7.660645040583866e-05 5.6568623342436076e-05
7.724352546809913e-05 5.730696042379699e-05
7.675942284413831e-05 5.7190756942861946e-05
9.588553599531249e-05 7.462782306271512e-06
7.649327742682775e-05 5.660450159948091e-05
9.911290351345707e-05 7.298912231092643e-05
9.844450427557383e-05 7.285356960286024e-05
7.775343182733742e-05 5.756876938877158e-05
2.1137074320675883e-05 2.241548366212086e-06
2.751975729281929e-06 3.083433712245363e-07
3.055300390852309e-06 3.220654376637299e-07
7.67069379149614e-05 5.6846280030126804e-05
7.608262686749599e-05 5.618975892817965e-05
7.854418362394575e-05 5.774670405532518e-05
9.879789507996819e-05 7.32489670923724e-05
2.7352120930074478e-06 3.101020660323556e-07
9.818893315961044e-05 7.315514093870548e-05
9.818893315961044e-05 7.315514093870548e-05
9.818893315961044e-05 7.315514093870548e-05
9.818893315961044e-05 7.315514093870548e-05
2.109704426888708e-06 2.2419206821840274e-07
2.1488479192725857e-06 2.2740146824624687e-07
9.797255048857634e-05 7.348086435070305e-05
7.602962224382904e-05 5.6542265306295625e-05
3.0388861007355344e-06 3.243909806368396e-07
3.868644927126041e-06 4.1179521184531835e-07
2.9957071760633633e-06 3.1900438092206926e-07
0.0005301372368643767 0.0003990819516697784
0.0005301372368643767 0.0003990819516697784
2.736905257682153e-06 2.906110050135521e-07
2.736905257682153e-06 2.906110050135521e-07
3.818751887577992e-06 4.1629017016892734e-07
7.638175075306842e-05 5.671397403991415e-05
7.638175075306842e-05 5.671397403991415e-05
7.604990507333348e-05 5.670181638737338e-05
7.604990507333348e-05 5.670181638737338e-05
2.7522736662110356e-06 3.131255459154399e-07
7.605630289123797e-05 5.639547167135505e-05
2.1024137081003075e-06 2.212754335607003e-07
0.0015829859530883533 0.0011599698147121236
0.0015829859530883533 0.0011599698147121236
7.612548978177747e-05 5.662124468815865e-05
7.327400368222819e-05 5.811100785163652e-06
7.312535437157718e-05 5.804268314097889e-06
2.706314829032312e-06 2.8689622619223156e-07
7.62157829748603e-05 5.656865236718511e-05
7.684994531364984e-05 5.7306957006486776e-05
7.63683524407845e-05 5.719076953846555e-05
9.538511748313758e-05 7.462780357544501e-06
7.61041337869149e-05 5.6604533333047934e-05
9.86086164316548e-05 7.29891784177525e-05
9.793696709766384e-05 7.285355652508241e-05
7.735691517239758e-05 5.7568746171192544e-05
2.1097043006078104e-05 2.2419061640652207e-06
2.745661811588584e-06 3.083308890877018e-07
3.049524058322036e-06 3.220561881307546e-07
7.631661991458937e-05 5.684633642209077e-05
7.568667523812104e-05 5.618975385936441e-05
7.814452270824644e-05 5.774672166631315e-05
9.829517603197511e-05 7.324898304092504e-05
2.7499914057706534e-06 3.1006414619865476e-07
9.759712411024275e-05 7.315516461777274e-05
9.759712411024275e-05 7.315516461777274e-05
9.759712411024275e-05 7.315516461777274e-05
9.759712411024275e-05 7.315516461777274e-05
2.120984895527469e-06 2.2418686097080399e-07
2.160337685921352e-06 2.2746940817607968e-07
9.736570263505034e-05 7.348088795244715e-05
7.563608905225565e-05 5.654226425821805e-05
3.0555288068527914e-06 3.244022351592496e-07
3.888708838553249e-06 4.117761009063383e-07
3.0127864023452076e-06 3.189604007363562e-07
0.0005269351809082493 0.00039908223268951716
0.0005269351809082493 0.00039908223268951716
2.751539333210958e-06 2.90604255071549e-07
2.751539333210958e-06 2.90604255071549e-07
3.8395374345435515e-06 4.162788530077846e-07
7.592198541385946e-05 5.671396916159366e-05
7.592198541385946e-05 5.671396916159366e-05
7.560490562934444e-05 5.6701803589089454e-05
7.560490562934444e-05 5.6701803589089454e-05
2.7669184846266585e-06 3.131546008207907e-07
7.567010530089211e-05 5.6395485664944036e-05
2.113655193683623e-06 2.213191705553574e-07
0.001573396520308034 0.0011599686624990365
0.001573396520308034 0.0011599686624990365
7.566433580520108e-05 5.662123493567583e-05
7.279904780238463e-05 5.81110000778305e-06
7.265136202396309e-05 5.804267537631301e-06
2.7207853392926212e-06 2.8688956253237593e-07
7.575408201901104e-05 5.656859617680778e-05
7.638576772338073e-05 5.730699736006834e-05
7.590806144254856e-05 5.719078805013898e-05
9.476682692223093e-05 7.462794789497916e-06
7.568476493422709e-05 5.66045394568061e-05
9.803161663865966e-05 7.29891619432145e-05
9.734128523663192e-05 7.285354820893558e-05
7.688830145116314e-05 5.756873625551141e-05
2.1208046638943258e-05 2.24167199906804e-06
2.7612264833646345e-06 3.083290890614217e-07
3.065339772028997e-06 3.2201178720145364e-07
7.585724661800514e-05 5.684632253512339e-05
7.521029429602732e-05 5.618975405019813e-05
7.770360067896853e-05 5.774673868900126e-05
9.774055611771624e-05 7.32489836286739e-05
2.745692139326241e-06 3.1010022330163756e-07
9.816120976900411e-05 7.315514761236579e-05
9.816120976900411e-05 7.315514761236579e-05
9.816120976900411e-05 7.315514761236579e-05
9.816120976900411e-05 7.315514761236579e-05
2.1168449748006597e-06 2.2418878061343674e-07
2.1561209530338564e-06 2.274004826699747e-07
9.79333669610765e-05 7.348086360192807e-05
7.603746099543691e-05 5.6542250033210867e-05
3.0508245656060213e-06 3.244194411757532e-07
3.883640269896778e-06 4.1177676793854376e-07
3.0084144629548315e-06 3.19015329978883e-07
0.000529984706889214 0.0003990820342948457
0.000529984706889214 0.0003990820342948457
2.746168642104099e-06 2.9060674342574996e-07
2.746168642104099e-06 2.9060674342574996e-07
3.834738899315672e-06 4.162646028503481e-07
7.636054803501203e-05 5.671396413094415e-05
7.636054803501203e-05 5.671396413094415e-05
7.603604957038378e-05 5.6701813388195635e-05
7.603604957038378e-05 5.6701813388195635e-05
2.762609181220988e-06 3.1312983476570156e-07
7.60664337953457e-05 5.6395529473025826e-05
2.1095295796992377e-06 2.2129447606300575e-07
0.0015825145456566188 0.001159968473987659
0.0015825145456566188 0.001159968473987659
7.610281988912457e-05 5.662126068931871e-05
7.324097317339743e-05 5.81111719840874e-06
7.309239087099113e-05 5.8042847080449085e-06
2.7154746764759797e-06 2.868920190788156e-07
7.619308619322447e-05 5.6568586983607714e-05
7.682783420838343e-05 5.7306968871195664e-05
7.634679003454839e-05 5.7190774755758056e-05
9.534212490066285e-05 7.462800861269785e-06
7.610430750363821e-05 5.660452558035808e-05
9.859065096576085e-05 7.298917455707337e-05
9.790353237487811e-05 7.28535808379176e-05
7.733387856576365e-05 5.7568762440116455e-05
2.1180287293450318e-05 2.2419183061084158e-06
2.7564912099484926e-06 3.082895739600027e-07
3.061344388024953e-06 3.2206724193349825e-07
7.629543527612387e-05 5.684631114760707e-05
7.565201843482376e-05 5.618977865445159e-05
7.814018778611926e-05 5.774670436013872e-05
9.82897232898147e-05 7.324898957625858e-05
2.7486118521678866e-06 3.100727721977739e-07
9.836148140163897e-05 7.315509938162943e-05
9.836148140163897e-05 7.315509938162943e-05
9.836148140163897e-05 7.315509938162943e-05
9.836148140163897e-05 7.315509938162943e-05
2.119835189483121e-06 2.2417487394628456e-07
2.1591666482111947e-06 2.2745978544436726e-07
9.813785557175748e-05 7.348091019147462e-05
7.619402631665131e-05 5.654226370866314e-05
3.0542278800205285e-06 3.2441445374786676e-07
3.887671208913866e-06 4.1179876560550954e-07
3.011265993253485e-06 3.190192702953353e-07
0.0005310688905216007 0.00039908193961314176
0.0005310688905216007 0.00039908193961314176
2.750047827350013e-06 2.9058871678212424e-07
2.750047827350013e-06 2.9058871678212424e-07
3.838355059285932e-06 4.162904339050389e-07
7.651608991058841e-05 5.671398342897653e-05
7.651608991058841e-05 5.671398342897653e-05
7.619158781735832e-05 5.670175600640893e-05
7.619158781735832e-05 5.670175600640893e-05
2.765761506239829e-06 3.131720744475567e-07
7.622297346510864e-05 5.63954882882456e-05
2.112509460794638e-06 2.2126896776499048e-07
0.001585761959632719 0.001159969438276256
0.001585761959632719 0.001159969438276256
7.62589874021543e-05 5.6621272376170845e-05
7.339338838008092e-05 5.811112231661474e-06
7.324449687639903e-05 5.804279747137354e-06
2.7193105040137117e-06 2.868742228634696e-07
7.634943893807928e-05 5.6568634009405913e-05
7.698500002709047e-05 5.730695527519035e-05
7.650255519191178e-05 5.719073705023399e-05
9.554052999118035e-05 7.462825872523116e-06
7.626085965617164e-05 5.660455331411282e-05
9.8792326580235e-05 7.298910069260598e-05
9.810956126950608e-05 7.285354435994509e-05
7.749257228442156e-05 5.756877432253671e-05
2.1200768250378366e-05 2.2419796388933435e-06
2.759415471811347e-06 3.0831716189826904e-07
3.0645218431136966e-06 3.2207121994562774e-07
7.645084452089937e-05 5.684634205547538e-05
7.581064829118185e-05 5.618975691720302e-05
7.830083338160756e-05 5.7746737558294474e-05
9.849179358905037e-05 7.324897186205246e-05
2.745300463315117e-06 3.1005356786859483e-07
9.814925774812765e-05 7.315515895159218e-05
9.814925774812765e-05 7.315515895159218e-05
9.814925774812765e-05 7.315515895159218e-05
9.814925774812765e-05 7.315515895159218e-05
2.1169825719896163e-06 2.2419718654088312e-07
2.156261103203434e-06 2.2740915421638645e-07
9.79221021202534e-05 7.348091883946825e-05
7.601617585960695e-05 5.654223205257556e-05
3.050066939663237e-06 3.2444294305402423e-07
3.882626483890239e-06 4.1180307880293696e-07
3.00722882910312e-06 3.1896466786804697e-07
0.0005299204292389054 0.00039908224832392944
0.0005299204292389054 0.00039908224832392944
2.7463471460049763e-06 2.906176396855627e-07
2.7463471460049763e-06 2.906176396855627e-07
3.833722328408597e-06 4.1629075400145977e-07
7.635123478663135e-05 5.671398491908444e-05
7.635123478663135e-05 5.671398491908444e-05
7.602394611388857e-05 5.670176194914e-05
7.602394611388857e-05 5.670176194914e-05
2.762216532166031e-06 3.1315576996056007e-07
7.604451826302998e-05 5.639546898481314e-05
2.109666701379683e-06 2.213041510421585e-07
0.0015823233980147588 0.0011599691844949903
0.0015823233980147588 0.0011599691844949903
7.609362763582071e-05 5.662124040404842e-05
7.32324612821066e-05 5.811109598912191e-06
7.308389624758124e-05 5.804277117483558e-06
2.7156511852362404e-06 2.8690277605555066e-07
7.618388303689846e-05 5.656862163316645e-05
7.681851636845897e-05 5.7306999605122495e-05
7.633749411785695e-05 5.719078362046771e-05
9.533104557433092e-05 7.462735583201368e-06
7.608568265911924e-05 5.660453794699201e-05
9.85749572565066e-05 7.298910834236194e-05
9.788851393026569e-05 7.285357670941e-05
7.732453761621958e-05 5.756874181539189e-05
2.117474902630747e-05 2.2415594856840826e-06
2.7561001492802457e-06 3.0831692306213834e-07
3.060545254251974e-06 3.220160951553526e-07
7.628612996916467e-05 5.6846352176760205e-05
7.564336570474876e-05 5.6189767247741225e-05
7.81232158164867e-05 5.774671642945366e-05
9.826837486148185e-05 7.324900101307239e-05
2.7420050079670357e-06 3.1009225038738507e-07
9.834195009753527e-05 7.315508732331789e-05
9.834195009753527e-05 7.315508732331789e-05
9.834195009753527e-05 7.315508732331789e-05
9.834195009753527e-05 7.315508732331789e-05
2.1150394423404583e-06 2.2417499504868985e-07
2.1542819206931956e-06 2.2745926902238485e-07
9.812518610987648e-05 7.348089747101155e-05
7.614876048248981e-05 5.654225876927256e-05
3.046248902954337e-06 3.244528076604993e-07
3.877915530184702e-06 4.117748285847619e-07
3.0029632417778514e-06 3.1899025272161827e-07
0.0005309637465101818 0.0003990823544064313
0.0005309637465101818 0.0003990823544064313
2.7438263370777365e-06 2.905888737622172e-07
2.7438263370777365e-06 2.905888737622172e-07
3.828066985339894e-06 4.1626910854121313e-07
7.650076244880883e-05 5.671398691256279e-05
7.650076244880883e-05 5.671398691256279e-05
7.616849361973987e-05 5.670175636006661e-05
7.616849361973987e-05 5.670175636006661e-05
2.7591111081619976e-06 3.131895845076429e-07
7.617546163139165e-05 5.639548741004256e-05
2.1077302868000206e-06 2.2133357078069446e-07
0.0015854549645568574 0.0011599691892881557
0.0015854549645568574 0.0011599691892881557
7.624422406804829e-05 5.66212546507682e-05
7.33856565145481e-05 5.811091707990137e-06
7.323678069632658e-05 5.804259247596969e-06
2.7131585514259185e-06 2.86874377836941e-07
7.63346580930373e-05 5.656862186691642e-05
7.696975810298909e-05 5.730701483824779e-05
7.648736434028091e-05 5.719072762336244e-05
9.553046413545586e-05 7.46281492468832e-06
7.62230369454621e-05 5.660454961601749e-05
9.876238194226918e-05 7.298910114785036e-05
9.808954232081424e-05 7.285352828781825e-05
7.747757013484757e-05 5.7568756300516674e-05
2.1147584089403698e-05 2.2418026056018795e-06
2.7524859341477466e-06 3.083233388311612e-07
3.056831766213322e-06 3.2204192477057995e-07
7.643553012887046e-05 5.684631992163838e-05
7.580410462170379e-05 5.618973573040723e-05
7.826649201813373e-05 5.774673761685852e-05
9.84485968268097e-05 7.32489986625255e-05
2.7433891807346092e-06 3.1007998545324906e-07
9.722791474210247e-05 7.315511979414402e-05
9.722791474210247e-05 7.315511979414402e-05
9.722791474210247e-05 7.315511979414402e-05
9.722791474210247e-05 7.315511979414402e-05
2.1174071703040965e-06 2.2420714055598377e-07
2.1566935795223764e-06 2.2741352034067695e-07
9.699659151854987e-05 7.348088980418133e-05
7.535078092145345e-05 5.654223963021837e-05
3.0482964506314636e-06 3.244289369545978e-07
3.8788997674159626e-06 4.1182207821922204e-07
3.0052895605454038e-06 3.1899032261673716e-07
0.0005249407803776192 0.0003990819075566341
0.0005249407803776192 0.0003990819075566341
2.7468979745212806e-06 2.9063054266806024e-07
2.7468979745212806e-06 2.9063054266806024e-07
3.829966022318087e-06 4.1632689430196077e-07
7.56348353804899e-05 5.671399337010713e-05
7.56348353804899e-05 5.671399337010713e-05
7.531877799919256e-05 5.6701826166694963e-05
7.531877799919256e-05 5.6701826166694963e-05
2.7602710366703644e-06 3.131693572755704e-07
7.538502029726244e-05 5.639548098732804e-05
2.110089832366859e-06 2.2133430711763336e-07
0.0015674382399845674 0.0011599697803855928
0.0015674382399845674 0.0011599697803855928
7.537780325132965e-05 5.662125170975328e-05
7.251989941937337e-05 5.8110554475124515e-06
7.237277994295006e-05 5.804223029752972e-06
2.716195857134452e-06 2.869155141037364e-07
7.54672096060558e-05 5.656865069317122e-05
7.609665471441914e-05 5.730695067197314e-05
7.562090167572696e-05 5.719075300820225e-05
9.440343852200979e-05 7.462777067799864e-06
7.539823741152349e-05 5.660453313560613e-05
9.76606148641678e-05 7.298919100614372e-05
9.697140178303572e-05 7.285357827291714e-05
7.659713387342402e-05 5.756875331028673e-05
2.1154583270964707e-05 2.241896909570711e-06
2.754592710289753e-06 3.083374488414899e-07
3.05760760767005e-06 3.2204199533436184e-07
7.557034143791869e-05 5.6846297863349814e-05
7.492406577715952e-05 5.61897457727774e-05
7.740954790051176e-05 5.7746734452319355e-05
9.737067773572122e-05 7.324899345176824e-05
2.7431547863267234e-06 3.1007273563797335e-07
9.828339451497714e-05 7.315512226595033e-05
9.828339451497714e-05 7.315512226595033e-05
9.828339451497714e-05 7.315512226595033e-05
9.828339451497714e-05 7.315512226595033e-05
2.1159759679621938e-06 2.2416357840677405e-07
2.1552358226274967e-06 2.2744817734873817e-07
9.806417953267534e-05 7.348086485470752e-05
7.610433844919834e-05 5.654228211009845e-05
3.047592538589748e-06 3.244183965819499e-07
3.87958895574409e-06 4.118085223664938e-07
3.004285084941265e-06 3.1902463120381203e-07
0.0005306475424902212 0.0003990823450185376
0.0005306475424902212 0.0003990823450185376
2.7450412854209327e-06 2.905740748364238e-07
2.7450412854209327e-06 2.905740748364238e-07
3.82983543601396e-06 4.1630089986018315e-07
7.645525708926418e-05 5.671401751928296e-05
7.645525708926418e-05 5.671401751928296e-05
7.612330816631146e-05 5.670178940699269e-05
7.612330816631146e-05 5.670178940699269e-05
2.7602707383242374e-06 3.1317155849753527e-07
7.613116461182011e-05 5.639549844585258e-05
2.1086635759755227e-06 2.213290624069919e-07
0.0015845061203987485 0.0011599689401814107
0.0015845061203987485 0.0011599689401814107
7.619859433512382e-05 5.662122466356837e-05
7.33389153862113e-05 5.811050559201435e-06
7.319013439065753e-05 5.804218147189446e-06
2.7143599202743545e-06 2.8685976808063936e-07
7.628897423823727e-05 5.656860971864094e-05
7.692392042181496e-05 5.730701349017474e-05
7.644182159709921e-05 5.719075494059557e-05
9.546962043751524e-05 7.462781959175734e-06
7.617790064243547e-05 5.660448974801672e-05
9.870379311114419e-05 7.298914368736915e-05
9.802603502412947e-05 7.285358352756553e-05
7.743120228369421e-05 5.756872581151021e-05
2.1156691030592813e-05 2.2415100255947106e-06
2.7536466422443163e-06 3.083142039905533e-07
3.0581508718948433e-06 3.2207663214010586e-07
7.639006357181715e-05 5.684634798907024e-05
7.575423340613904e-05 5.6189762273489305e-05
7.822013649787147e-05 5.77466735465386e-05
9.839028789015852e-05 7.324899115090107e-05
2.75378182258629e-06 3.1008198679502024e-07
9.831357956531732e-05 7.315508316017657e-05
9.831357956531732e-05 7.315508316017657e-05
9.831357956531732e-05 7.315508316017657e-05
9.831357956531732e-05 7.315508316017657e-05
2.1246126473091736e-06 2.2415524275715903e-07
2.1640327470722877e-06 2.2743697167836264e-07
9.809254043288668e-05 7.348094011177548e-05
7.618013623027636e-05 5.654226326598472e-05
3.0599565250533958e-06 3.2443001572305316e-07
3.894866452200566e-06 4.118222366529266e-07
3.0172286478473404e-06 3.189910157240992e-07
0.000530808190907291 0.00039908228598653083
0.000530808190907291 0.00039908228598653083
2.75624559101578e-06 2.905632696748884e-07
2.75624559101578e-06 2.905632696748884e-07
3.845263319121061e-06 4.163268980207324e-07
7.647883715308554e-05 5.671397686981898e-05
7.647883715308554e-05 5.671397686981898e-05
7.615814665938388e-05 5.670180982494938e-05
7.615814665938388e-05 5.670180982494938e-05
2.7709538380959132e-06 3.131715028906684e-07
7.621215581414836e-05 5.6395488501717116e-05
2.117270408676886e-06 2.212830743008938e-07
0.0015849832237916067 0.00115996858265168
0.0015849832237916067 0.00115996858265168
7.622153814545077e-05 5.662123954043128e-05
7.335058731269728e-05 5.8110525988220145e-06
7.320178263857076e-05 5.804220184411918e-06
2.7254389951876105e-06 2.8684910103770416e-07
7.631194526244359e-05 5.656859228286392e-05
7.694720839558484e-05 5.730700501335774e-05
7.646529860707012e-05 5.71907243687278e-05
9.548480167213488e-05 7.4627879567364e-06
7.623557203826377e-05 5.660454083315531e-05
9.874896575925102e-05 7.298916997029938e-05
9.807167199767268e-05 7.285352938609719e-05
7.745451723896453e-05 5.756874093732296e-05
2.124007574452273e-05 2.241900315942727e-06
2.7649568583067146e-06 3.0834017960797233e-07
3.0701936139589403e-06 3.22042695072448e-07
7.641362352888116e-05 5.68463284449386e-05
7.577903416847119e-05 5.618980701170377e-05
7.827097260145717e-05 5.774666610288903e-05
9.845423279093413e-05 7.324900169349267e-05
2.7605048058363193e-06 3.10090199495541e-07
9.824339615367719e-05 7.315512128813229e-05
9.824339615367719e-05 7.315512128813229e-05
9.824339615367719e-05 7.315512128813229e-05
9.824339615367719e-05 7.315512128813229e-05
2.129742753557011e-06 2.2418081109028452e-07
2.1692580374000755e-06 2.2746457525565754e-07
9.801225939332047e-05 7.348095099507663e-05
7.612906062232417e-05 5.6542235828256264e-05
3.0667727438648e-06 3.24392425239839e-07
3.903695876726716e-06 4.1181388490539557e-07
3.024299697722804e-06 3.1901105912269397e-07
0.0005304282373861551 0.00039908206887017924
0.0005304282373861551 0.00039908206887017924
2.7629008430895886e-06 2.9059641285896783e-07
2.7629008430895886e-06 2.9059641285896783e-07
3.854558332978557e-06 4.1631118296136874e-07
7.642436871233125e-05 5.6713993227928665e-05
7.642436871233125e-05 5.6713993227928665e-05
7.610383019541678e-05 5.6701759743012566e-05
7.610383019541678e-05 5.6701759743012566e-05
2.7777276333474617e-06 3.1318545365322274e-07
7.616137660630118e-05 5.6395520904137713e-05
2.1223827862981296e-06 2.2133113715399652e-07
0.0015838335437563513 0.0011599683659853368
0.0015838335437563513 0.0011599683659853368
7.616625025385235e-05 5.662129390592078e-05
7.328934309028938e-05 5.811067245794092e-06
7.314066266092889e-05 5.804234814162643e-06
2.7320198614151645e-06 2.8688182056405504e-07
7.62565917933325e-05 5.656858171662081e-05
7.689212943623137e-05 5.730697383610862e-05
7.641071209367032e-05 5.7190754176163075e-05
9.540508320497577e-05 7.46281823627883e-06
7.618181510449046e-05 5.660450691164639e-05
9.867853738256743e-05 7.298910550253354e-05
9.798726819943932e-05 7.285354321182997e-05
7.739833499629261e-05 5.7568796212566075e-05
2.128816427607368e-05 2.2419730940617804e-06
2.7717199369424766e-06 3.083087389602755e-07
3.07715355549424e-06 3.2206293021947e-07
7.635920153345161e-05 5.684631350092466e-05
7.571211148418978e-05 5.6189770519134106e-05
7.821534015941491e-05 5.77466976401626e-05
9.83842547490431e-05 7.324897299272171e-05
2.7238045794009836e-06 3.100833072314123e-07
9.86291782494927e-05 7.315515309303589e-05
9.86291782494927e-05 7.315515309303589e-05
9.86291782494927e-05 7.315515309303589e-05
9.86291782494927e-05 7.315515309303589e-05
2.09926845338159e-06 2.2419087512067752e-07
2.1382183165327237e-06 2.274694781699662e-07
9.841640335386446e-05 7.348089603407664e-05
7.636175377474745e-05 5.654223316997762e-05
3.0246986281476663e-06 3.244562879326535e-07
3.851582604409326e-06 4.117839957942575e-07
2.982588885337448e-06 3.189781543815921e-07
0.0005325149028853498 0.0003990820450149369
0.0005325149028853498 0.0003990820450149369
2.7233667399653437e-06 2.9060945844978754e-07
2.7233667399653437e-06 2.9060945844978754e-07
3.8020275962386646e-06 4.1630457779033867e-07
7.672369303054633e-05 5.6714009429468775e-05
7.672369303054633e-05 5.6714009429468775e-05
7.638944076521165e-05 5.670182620495883e-05
7.638944076521165e-05 5.670182620495883e-05
2.7408427458414675e-06 3.1316023346725395e-07
7.638741219786547e-05 5.639553302904063e-05
2.092013799241466e-06 2.212681302083764e-07
0.0015900969220748232 0.0011599684273339923
0.0015900969220748232 0.0011599684273339923
7.646745491157659e-05 5.662127023702573e-05
7.362878515060274e-05 5.811120352768468e-06
7.347941610282732e-05 5.804287858695861e-06
2.6929276315188886e-06 2.868946993976506e-07
7.655815371286741e-05 5.656858470843209e-05
7.719461739283951e-05 5.730697041056823e-05
7.671076162176421e-05 5.7190779040402134e-05
9.584703372641738e-05 7.462741163946351e-06
7.644190843788264e-05 5.6604493064773915e-05
9.90488687208981e-05 7.298919105539873e-05
9.838335093570456e-05 7.285360947366757e-05
7.77044120175886e-05 5.756877214759507e-05
2.1003663081664756e-05 2.2419614100517307e-06
2.7341416406826553e-06 3.0834230515716815e-07
3.0360743971110416e-06 3.2202971068981944e-07
7.66582706173518e-05 5.6846286483603385e-05
7.604039783983476e-05 5.618978116740337e-05
7.849243380224264e-05 5.774671536381908e-05
9.87328008461353e-05 7.324902023611648e-05
2.7410613926606468e-06 3.1005933874571763e-07
9.814051835904006e-05 7.315509724649731e-05
9.814051835904006e-05 7.315509724649731e-05
9.814051835904006e-05 7.315509724649731e-05
9.814051835904006e-05 7.315509724649731e-05
2.1139522928320216e-06 2.2416910691859512e-07
2.153174600193998e-06 2.2745466480291592e-07
9.791479583541493e-05 7.348088194015382e-05
7.599495351745474e-05 5.6542265081293337e-05
3.045123765814627e-06 3.244539854232645e-07
3.876560145799849e-06 4.1182296306736023e-07
3.0020659411822036e-06 3.189772728093586e-07
0.0005298752954964572 0.000399082128197851
0.0005298752954964572 0.000399082128197851
2.7424159853869476e-06 2.9058124122009347e-07
2.7424159853869476e-06 2.9058124122009347e-07
3.827113151606247e-06 4.1631159944279206e-07
7.634414429836082e-05 5.671400438483596e-05
7.634414429836082e-05 5.671400438483596e-05
7.601249815735904e-05 5.670178055391858e-05
7.601249815735904e-05 5.670178055391858e-05
2.7581677098388906e-06 3.1316100689044797e-07
7.602191334977362e-05 5.639551116088691e-05
2.106646894264004e-06 2.2127367715907278e-07
0.0015821947636608363 0.0011599691597017191
0.0015821947636608363 0.0011599691597017191
7.608744163450085e-05 5.6621254284755055e-05
7.323030823622896e-05 5.811051388387477e-06
7.308174756953899e-05 5.804218975400564e-06
2.71176396325586e-06 2.8686684285893334e-07
7.617768969830152e-05 5.6568620424064355e-05
7.681197367460963e-05 5.730698235538222e-05
7.633069688802176e-05 5.719073538104373e-05
9.532824304699164e-05 7.462774299300523e-06
7.606738240988467e-05 5.6604506789541595e-05
9.856011348841434e-05 7.298913229128616e-05
9.787547003615104e-05 7.285360581219455e-05
7.73182515485604e-05 5.7568755928378665e-05
2.1140150005882967e-05 2.24165503933048e-06
2.7515536016200855e-06 3.083190529381331e-07
3.0557633618061602e-06 3.22028820683882e-07
7.627904552696458e-05 5.684630885236004e-05
7.563770771014021e-05 5.618973856037649e-05
7.810642069576337e-05 5.774668569308063e-05
9.824724888501204e-05 7.324896945941314e-05