0.7738561716531367 0.7728349731791974
0.7738561716531367 0.7728349731791974
0.7738561716531367 0.7728349731791974
0.7738561716531367 0.7728349731791974
0.7738561716531367 0.7728349731791974
0.7738561716531367 0.7728349731791974
0.7738561716531367 0.7728349731791974
0.7738561716531367 0.7728349731791974
0.7738561716531367 0.7728349731791974
0.7738561716531367 0.7728349731791974
0.7738561716531367 0.7728349731791974
0.7738561716531367 0.7728349731791974
0.7738561716531367 0.7728349731791974
0.7738561716531367 0.7728349731791974
0.7738561716531367 0.7728349731791974
0.7738561716531367 0.7728349731791974
0.7738561716531367 0.7728349731791974
0.7738561716531367 0.7728349731791974
0.7738561716531367 0.7728349731791974
0.7738561716531367 0.7728349731791974
0.7738561716531367 0.7728349731791974
0.9876710364017096 0.9844295918074639
0.992031209661226 0.9901781360259315
0.9696795846361264 0.9695763173747167
0.7725481196752818 0.7654800493388026
0.7725481196752818 0.7654800493388026
0.9945268351452913 0.9903158257078111
0.9767304437623705 0.9685092223401509
0.7736324259200826 0.7726571240067698
0.9910272223975216 0.9898798083818594
0.1432890622758957 0.14157941539255903
0.1432890622758957 0.14157941539255903
0.7613321476721838 0.7594389145463412
0.7732996758555406 0.7655374200395858
0.9949112188405381 0.9903445110582025
0.9949112188405381 0.9903445110582025
0.9987263704426149 0.9905453085109435
0.14344396316801009 0.14293336393104042
0.14344396316801009 0.14293336393104042
0.9935630073721351 0.9884857003528298
0.9938900203665988 0.994113766099653
0.9910960672384613 0.9878718338544505
0.04797337999483664 0.04830039298930036
0.04797337999483664 0.04830039298930036
0.04797337999483664 0.04830039298930036
0.9975789564269527 0.9972748917128023
0.7715613436218124 0.7636212386334299
0.9962536932388629 0.9893634720748113
0.7671323255213562 0.7624967728980809
0.9966380769341098 0.9901265023952267
0.9982788789765067 0.9905280973007086
0.7699377527896504 0.7692722526605662
0.9963971199908207 0.9904248300392989
0.9884570150024382 0.9859499153782163
0.9949685895413213 0.9885660193339262
0.9899027566621726 0.9884857003528298
0.7653079372364533 0.7639425145578154
0.9967298700553627 0.9904305671093773
0.7702475545738792 0.769507472533777
0.7715785548320473 0.7634433894610023
0.9816987464501878 0.9808611342187544
0.14189495424686613 0.14124092825793866
0.9956111413900921 0.9955996672499354
0.9814348412265855 0.9804996988038209
0.9957603052121282 0.9956971974412667
0.9974297926049167 0.9880037864662516
0.9713490720289149 0.9708556840021801
0.9997590430567109 0.9997762542669458
0.7722211066808181 0.7654513639884111
0.9924901752674908 0.9876251398410831
0.9971314649608445 0.9904420412495338