0.0005224630785676097 0.0004965819328548185
0.0006749775424108606 0.0006423764688438606
0.0005295877605627678 0.0005044679065259448
0.0005295877605627678 0.0005044679065259448
0.000527308392192786 0.0005023516149465934
0.00053291502075092 0.0005066774698016163
0.00063105661942085 0.0006098921239162497
0.0005203864863730808 0.0004973762936628431
0.0005346143995476026 0.0005123482657859668
0.0006701519259612455 0.0006380932850874811
0.000515763201176939 0.0004924797900304903
0.003541954879248549 0.0034069285417606733
0.0006794619728782398 0.000644453124907124
0.0006593978682551767 0.0006340649732337769
0.0005253638771797512 0.0005019523873760328
0.0005213441279365883 0.0005000878155639851
0.0036364539040662646 0.0034455550126772463
0.0005117247340214146 0.000490139801797258
0.0005247595075130019 0.0004949114977992345
0.0005271826516076598 0.0005027731911622658
0.010888020439886726 0.010277758997393204
0.0005090054029302797 0.0004852135517238956
0.0006686495091183661 0.0006440839697072777
0.0005156556965126482 0.0004912366628816856
0.0006812917775599626 0.0006518466214440734
0.0005221586476778371 0.0004992349290080394
0.000523988415437606 0.0005020922878987715
0.0006717466375108963 0.0006398227528417037
0.0005142757093206862 0.000489520200138472
0.0005249028032706849 0.0005008816772667552
0.0005164168578566298 0.0004905541847350869
0.0005257994386417658 0.0004959502592767728
0.0006454485322118733 0.0006198378611984914
0.0005242057040964963 0.0005015498685494986