0.0004354871593786818 0.0004979663882960275
0.0004354871593786818 0.0004979663882960275
0.0004354871593786818 0.0004979663882960275
0.0004354871593786818 0.0004979663882960275
0.0004354871593786818 0.0004979663882960275
0.0004354871593786818 0.0004979663882960275
0.0004354871593786818 0.0004979663882960275
0.0004354871593786818 0.0004979663882960275
0.0004354871593786818 0.0004979663882960275
0.0004354871593786818 0.0004979663882960275
0.0004354871593786818 0.0004979663882960275
0.0004354871593786818 0.0004979663882960275
0.0004354871593786818 0.0004979663882960275
0.0004354871593786818 0.0004979663882960275
0.0004354871593786818 0.0004979663882960275
0.0004354871593786818 0.0004979663882960275
0.0004354871593786818 0.0004979663882960275
0.0004354871593786818 0.0004979663882960275
0.0004354871593786818 0.0004979663882960275
0.0004354871593786818 0.0004979663882960275
0.0004354871593786818 0.0004979663882960275
0.0005247240010775945 0.0004979663886020561
0.0005250191845764103 0.0004979663677460627
0.0005232481493154528 0.0004979663921055216
0.00043581584959728715 0.0004979663915699634
0.00043581584959728715 0.0004979663915699634
0.0005245518697693479 0.0004979663959079314
0.0005244429610520026 0.0004979663728687034
0.0004354816454123922 0.0004979663771765903
0.0005251851068653166 0.0004979663842862437
0.0007629101855798836 0.0004979664309053542
0.0007629101855798836 0.0004979664309053542
0.0004362905527036178 0.0004979663624270473
0.000435664308226067 0.0004979663924161475
0.0005244320474221955 0.0004979663962348564
0.0005244320474221955 0.0004979663962348564
0.0005236927664377683 0.0004979663652946664
0.0007624477334886419 0.0004979663532699067
0.0007624477334886419 0.0004979663532699067
0.000524442535997499 0.0004979663816703679
0.0005233108675135466 0.0004979663860545083
0.0005248941068458521 0.00049796639463865
0.0009137549932560611 0.0004979666434179835
0.0009137549932560611 0.0004979666434179835
0.0009137549932560611 0.0004979666434179835
0.0005234537409391315 0.0004979663954593824
0.0004356799365589862 0.0004979663727052971
0.0005240415676040692 0.0004979663783896935
0.000436461909731702 0.0004979663905589694
0.0005239952670359103 0.0004979663738044375
0.0005238199020893101 0.0004979663783895007
0.00043552904829646626 0.0004979663702166372
0.0005240930139497608 0.0004979663905037103
0.0005251252361502744 0.0004979663726345699
0.0005241317397406589 0.0004979663759296288
0.0005252171033358947 0.0004979663816703679
0.0004363520532425013 0.0004979663860786266
0.0005240374241925099 0.0004979663639835335
0.0004356827796181361 0.000497966382229176
0.00043570340596720426 0.0004979663614480314
0.00052376960392934 0.0004979663676465177
0.0007660413949589516 0.0004979664505467851
0.0005234335923410769 0.0004979663963026522
0.0005237635874792983 0.0004979663769029131
0.0005235673899540996 0.0004979663775744586
0.0005235405031878448 0.0004979663828207933
0.0005258567849355627 0.0004979663934232717
0.0005233277017390056 0.0004979663644410153
0.0004358158921453773 0.0004979663911468238
0.0005245630578071215 0.000497966371823207
0.0005239814757019861 0.0004979663774073002