2.984540337288128e-06 3.8350374017645135e-06
3.803759081627658e-06 4.859361259717509e-06
2.343422303892266e-05 2.687162565926641e-05
2.2698513585182278e-05 2.613510934192904e-05
2.1471821466560957e-05 2.450877885426649e-05
2.7376883105706424e-05 3.167632172207578e-05
2.9886206387721855e-06 3.83348764590132e-06
6.7508441165485785e-06 5.905835420511346e-06
3.8578273574024615e-06 4.969148351661424e-06
3.8578273574024615e-06 4.969148351661424e-06
2.281191193664817e-05 2.6178696888946194e-05
4.0038436899423444e-05 5.712404257121737e-05
4.0038436899423444e-05 5.712404257121737e-05
4.0038436899423444e-05 5.712404257121737e-05
4.0038436899423444e-05 5.712404257121737e-05
4.0038436899423444e-05 5.712404257121737e-05
4.0038436899423444e-05 5.712404257121737e-05
2.9899177530064332e-05 3.438545157282584e-05
2.9899177530064332e-05 3.438545157282584e-05
4.847928495582934e-08 5.4646133152973235e-08
6.7147519338526755e-06 5.883004401362898e-06
2.2143199490055895e-05 2.5526916489925234e-05
4.8239987283680804e-05 4.2317397094851706e-05
4.8239987283680804e-05 4.2317397094851706e-05
4.8239987283680804e-05 4.2317397094851706e-05
5.5613964693235e-06 7.825081491506323e-06
3.0028879213288336e-06 3.85774499111008e-06
3.0028879213288336e-06 3.85774499111008e-06
1.1732976322653029e-07 9.462329054598242e-08
0.0004561855766120085 0.0005162702070601541
2.1163279891657652e-05 2.430041759701739e-05
2.9699310244116057e-05 3.448142777200955e-05
2.3070090470217355e-05 2.6745736258985395e-05
2.9844692055437484e-05 3.439652084044858e-05
2.1219553632113764e-05 2.4263640520034274e-05
5.503571441521268e-06 7.755415286801334e-06
2.9472057946107485e-05 3.386141230458045e-05
2.3209240910321688e-05 2.6708434656606557e-05
2.2317776334946483e-05 2.5584870218659046e-05
2.3278356686386698e-05 2.675928739559298e-05
5.353368500730033e-06 7.602455282591609e-06
3.004670946453911e-05 3.4485366717467874e-05
2.3076801778376477e-05 2.6693691106851665e-05
2.970680850319044e-05 3.426292077686884e-05
7.1157329369691475e-06 1.0179384771628655e-05
2.2944324060026947e-05 2.6399468443338548e-05
0.00016306774463197184 0.0001886899255062808
2.2486709652685202e-05 2.5771391674083545e-05