2.2533248992033246e-05 2.671226233019261e-05
2.2533248992033246e-05 2.671226233019261e-05
2.2533248992033246e-05 2.671226233019261e-05
2.2533248992033246e-05 2.671226233019261e-05
2.2533248992033246e-05 2.671226233019261e-05
2.2533248992033246e-05 2.671226233019261e-05
2.2533248992033246e-05 2.671226233019261e-05
2.2533248992033246e-05 2.671226233019261e-05
2.2533248992033246e-05 2.671226233019261e-05
2.2533248992033246e-05 2.671226233019261e-05
2.2533248992033246e-05 2.671226233019261e-05
2.2533248992033246e-05 2.671226233019261e-05
2.2533248992033246e-05 2.671226233019261e-05
2.2533248992033246e-05 2.671226233019261e-05
2.2533248992033246e-05 2.671226233019261e-05
2.2533248992033246e-05 2.671226233019261e-05
2.2533248992033246e-05 2.671226233019261e-05
2.2533248992033246e-05 2.671226233019261e-05
2.2533248992033246e-05 2.671226233019261e-05
2.2533248992033246e-05 2.671226233019261e-05
2.2533248992033246e-05 2.671226233019261e-05
2.3195650554137765e-05 2.671224309804054e-05
2.3193269356815752e-05 2.671226338508093e-05
2.3260353572621564e-05 2.6712262947846257e-05
2.2537147553787166e-05 2.6712266444876058e-05
2.2537147553787166e-05 2.6712266444876058e-05
2.3185506047859537e-05 2.6712238592954145e-05
2.3178505822791927e-05 2.6712264003554733e-05
2.2534490389910697e-05 2.6712234151654772e-05
2.3195842388048098e-05 2.6712233998830676e-05
2.477901576023869e-05 2.6712317173521745e-05
2.477901576023869e-05 2.6712317173521745e-05
2.258919464837747e-05 2.6712260114119986e-05
2.2532099059250962e-05 2.6712242332816836e-05
2.3182470069119215e-05 2.671226250930846e-05
2.3182470069119215e-05 2.671226250930846e-05
2.3174292196064618e-05 2.6712263744328987e-05
2.4773596974163277e-05 2.6712354628892727e-05
2.4773596974163277e-05 2.6712354628892727e-05
2.3185173011314865e-05 2.6712248198665533e-05
2.3181485389966875e-05 2.671226101403747e-05
2.319350051467757e-05 2.6712254875310992e-05
2.5978046094853856e-05 2.6712572404061227e-05
2.5978046094853856e-05 2.6712572404061227e-05
2.5978046094853856e-05 2.6712572404061227e-05
2.3179666201796646e-05 2.671224449751059e-05
2.2535469951292196e-05 2.6712247929740927e-05
2.3178784643377718e-05 2.6712235556937513e-05
2.255162165210664e-05 2.671223029043473e-05
2.3176251892349254e-05 2.6712260218085013e-05
2.3176800371361746e-05 2.6712262689097926e-05
2.2540627037136208e-05 2.6712237780945654e-05
2.3179841551916734e-05 2.67122563569414e-05
2.3199416357834473e-05 2.6712247753424436e-05
2.3181497233534248e-05 2.671224203589282e-05
2.319685509608591e-05 2.6712248198665533e-05
2.256921230069327e-05 2.671225911491334e-05
2.317685831469491e-05 2.6712234554106295e-05
2.254130377980964e-05 2.6712242094971245e-05
2.254000090422094e-05 2.6712262520297507e-05
2.316781883922235e-05 2.6712245790108648e-05
2.4819038821373986e-05 2.6712249438914417e-05
2.3181445896177803e-05 2.671226349713516e-05
2.316962177497498e-05 2.6712256965560834e-05
2.3181972888135762e-05 2.6712258427023295e-05
2.3180822763889427e-05 2.6712251882733425e-05
2.3196181540529455e-05 2.6712252571742944e-05
2.3175342697858722e-05 2.6712242854379152e-05
2.2536078379191442e-05 2.6712235502830105e-05
2.3187849981015066e-05 2.6712261921248068e-05
2.3176139090325127e-05 2.6712257412392516e-05