1.0516565329225052e-06 1.6468592511132019e-06
1.0516565329225052e-06 1.6468592511132019e-06
1.0516565329225052e-06 1.6468592511132019e-06
1.0516565329225052e-06 1.6468592511132019e-06
1.0516565329225052e-06 1.6468592511132019e-06
1.0516565329225052e-06 1.6468592511132019e-06
1.0516565329225052e-06 1.6468592511132019e-06
1.0516565329225052e-06 1.6468592511132019e-06
1.0516565329225052e-06 1.6468592511132019e-06
1.0516565329225052e-06 1.6468592511132019e-06
1.0516565329225052e-06 1.6468592511132019e-06
1.0516565329225052e-06 1.6468592511132019e-06
1.0516565329225052e-06 1.6468592511132019e-06
1.0516565329225052e-06 1.6468592511132019e-06
1.0516565329225052e-06 1.6468592511132019e-06
1.0516565329225052e-06 1.6468592511132019e-06
1.0516565329225052e-06 1.6468592511132019e-06
1.0516565329225052e-06 1.6468592511132019e-06
1.0516565329225052e-06 1.6468592511132019e-06
1.0516565329225052e-06 1.6468592511132019e-06
1.0516565329225052e-06 1.6468592511132019e-06
1.1638031688982973e-06 1.6468528289787165e-06
1.1633329949560412e-06 1.6468319276550162e-06
1.1713778748225822e-06 1.6468590946207846e-06
1.052414655347496e-06 1.6468594892292403e-06
1.052414655347496e-06 1.6468594892292403e-06
1.163524714268623e-06 1.6468356093566125e-06
1.1639328307647162e-06 1.6468384449629955e-06
1.0517905083946717e-06 1.6468549371649677e-06
1.1635483939744924e-06 1.6468294888669216e-06
1.4423071357188825e-06 1.646867835106377e-06
1.4423071357188825e-06 1.646867835106377e-06
1.0571540769301532e-06 1.6468278425949327e-06
1.0518600255605007e-06 1.6468650545172988e-06
1.1632405984013863e-06 1.6468543784712666e-06
1.1632405984013863e-06 1.6468543784712666e-06
1.1621914621854958e-06 1.6468528192963511e-06
1.4412085414498834e-06 1.6469264349394042e-06
1.4412085414498834e-06 1.6469264349394042e-06
1.1643552722407814e-06 1.6468545717488541e-06
1.1626475196798824e-06 1.6468346752646857e-06
1.1639989247353202e-06 1.6468450722207108e-06
1.5862360704442774e-06 1.647048150525918e-06
1.5862360704442774e-06 1.647048150525918e-06
1.5862360704442774e-06 1.647048150525918e-06
1.1630333055011874e-06 1.6468292168645379e-06
1.0527794691132774e-06 1.6468597518621439e-06
1.1628955018454674e-06 1.6468572527073183e-06
1.0543955216280372e-06 1.6468279365093126e-06
1.1624800209335042e-06 1.6468513231215268e-06
1.162547575996357e-06 1.6468482059562582e-06
1.0522635687283944e-06 1.6468276602991367e-06
1.1623317125786913e-06 1.6468537547254352e-06
1.1640765026302547e-06 1.6468505091660377e-06
1.1634381683130641e-06 1.6468539468144837e-06
1.1645043632251666e-06 1.6468545717488541e-06
1.0556618375392399e-06 1.646856514943488e-06
1.1623069192528322e-06 1.6468442153233678e-06
1.0522676539082107e-06 1.6468375381545406e-06
1.0530972490390647e-06 1.6468553859670115e-06
1.1630043355430687e-06 1.6468376619929301e-06
1.4455755762759954e-06 1.6468530096033098e-06
1.1625881263337742e-06 1.6468562847967754e-06
1.1632499911514977e-06 1.64684049109955e-06
1.162612296558272e-06 1.646860253530318e-06
1.1632402338159596e-06 1.6468583234888256e-06
1.1657050329515227e-06 1.6468586390551855e-06
1.1618469791847594e-06 1.6468570667682152e-06
1.0524767198387371e-06 1.6468352065568889e-06
1.1646189912490804e-06 1.6468565129412872e-06
1.162333929792385e-06 1.6468583684501102e-06