1.0205635633985795e-06 1.4141159395574085e-06
1.4052710445587467e-06 1.9551156647664477e-06
1.4052710445587467e-06 1.9551156647664477e-06
1.4052710445587467e-06 1.9551156647664477e-06
1.4052710445587467e-06 1.9551156647664477e-06
1.4052710445587467e-06 1.9551156647664477e-06
1.1352104615445552e-06 1.6191021417923363e-06
1.0519200469178702e-06 1.466336249816235e-06
1.0519200469178702e-06 1.466336249816235e-06
1.0767104481960917e-06 1.4910774199106084e-06
1.364279090500264e-06 1.9035564723549698e-06
1.060830593940508e-06 1.4728792505398112e-06
1.1673026420871386e-06 1.667160973081361e-06
1.3631752964757575e-06 1.921188765290741e-06
1.044118125528632e-06 1.4676759335847585e-06
7.645215543578846e-06 1.0901781516018978e-05
1.411311284561602e-06 1.9645956656884125e-06
1.3292006934904253e-06 1.8599892732736231e-06
9.950169921539872e-07 1.3893838249110288e-06
9.437264911709586e-07 1.322479766918098e-06
7.325359446869531e-06 1.0368820401629125e-05
1.052153402800713e-06 1.4629865003119635e-06
1.0941629842264816e-06 1.5199284165133882e-06
1.1465970577863528e-06 1.6272873709705378e-06
2.3230262590472657e-05 3.2581842458045394e-05
1.1065478297843638e-06 1.5745836527995156e-06