9.243995424467252e-07 1.4141124563335684e-06
9.243995424467252e-07 1.4141124563335684e-06
9.243995424467252e-07 1.4141124563335684e-06
9.243995424467252e-07 1.4141124563335684e-06
9.243995424467252e-07 1.4141124563335684e-06
9.243995424467252e-07 1.4141124563335684e-06
9.243995424467252e-07 1.4141124563335684e-06
9.243995424467252e-07 1.4141124563335684e-06
9.243995424467252e-07 1.4141124563335684e-06
9.243995424467252e-07 1.4141124563335684e-06
9.243995424467252e-07 1.4141124563335684e-06
9.243995424467252e-07 1.4141124563335684e-06
9.243995424467252e-07 1.4141124563335684e-06
9.243995424467252e-07 1.4141124563335684e-06
9.243995424467252e-07 1.4141124563335684e-06
9.243995424467252e-07 1.4141124563335684e-06
9.243995424467252e-07 1.4141124563335684e-06
9.243995424467252e-07 1.4141124563335684e-06
9.243995424467252e-07 1.4141124563335684e-06
9.243995424467252e-07 1.4141124563335684e-06
1.2732966816478325e-06 1.9550861762532637e-06
1.2732966816478325e-06 1.9550861762532637e-06
1.2732966816478325e-06 1.9550861762532637e-06
1.2732966816478325e-06 1.9550861762532637e-06
1.2732966816478325e-06 1.9550861762532637e-06
1.2732966816478325e-06 1.9550861762532637e-06
1.2732966816478325e-06 1.9550861762532637e-06
1.2732966816478325e-06 1.9550861762532637e-06
1.2732966816478325e-06 1.9550861762532637e-06
1.2732966816478325e-06 1.9550861762532637e-06
1.2732966816478325e-06 1.9550861762532637e-06
1.2732966816478325e-06 1.9550861762532637e-06
1.2732966816478325e-06 1.9550861762532637e-06
1.2732966816478325e-06 1.9550861762532637e-06
1.2732966816478325e-06 1.9550861762532637e-06
1.2732966816478325e-06 1.9550861762532637e-06
1.2732966816478325e-06 1.9550861762532637e-06
1.2732966816478325e-06 1.9550861762532637e-06
1.2732966816478325e-06 1.9550861762532637e-06
1.2732966816478325e-06 1.9550861762532637e-06
1.2732966816478325e-06 1.9550861762532637e-06
1.2732966816478325e-06 1.9550861762532637e-06
1.2732966816478325e-06 1.9550861762532637e-06
1.2732966816478325e-06 1.9550861762532637e-06
1.2732966816478325e-06 1.9550861762532637e-06
1.2732966816478325e-06 1.9550861762532637e-06
1.2732966816478325e-06 1.9550861762532637e-06
1.2732966816478325e-06 1.9550861762532637e-06
1.2732966816478325e-06 1.9550861762532637e-06
1.2732966816478325e-06 1.9550861762532637e-06
1.2732966816478325e-06 1.9550861762532637e-06
1.2732966816478325e-06 1.9550861762532637e-06
1.2732966816478325e-06 1.9550861762532637e-06
1.2732966816478325e-06 1.9550861762532637e-06
1.2732966816478325e-06 1.9550861762532637e-06
1.2732966816478325e-06 1.9550861762532637e-06
1.2732966816478325e-06 1.9550861762532637e-06
1.2732966816478325e-06 1.9550861762532637e-06
1.2732966816478325e-06 1.9550861762532637e-06
1.2732966816478325e-06 1.9550861762532637e-06
1.2732966816478325e-06 1.9550861762532637e-06
1.2732966816478325e-06 1.9550861762532637e-06
1.2732966816478325e-06 1.9550861762532637e-06
1.2732966816478325e-06 1.9550861762532637e-06
1.2732966816478325e-06 1.9550861762532637e-06
1.2732966816478325e-06 1.9550861762532637e-06
1.2732966816478325e-06 1.9550861762532637e-06
1.2732966816478325e-06 1.9550861762532637e-06
1.2732966816478325e-06 1.9550861762532637e-06
1.2732966816478325e-06 1.9550861762532637e-06
1.2732966816478325e-06 1.9550861762532637e-06
1.2732966816478325e-06 1.9550861762532637e-06
1.2732966816478325e-06 1.9550861762532637e-06
1.2732966816478325e-06 1.9550861762532637e-06
1.2732966816478325e-06 1.9550861762532637e-06
1.2732966816478325e-06 1.9550861762532637e-06
1.2732966816478325e-06 1.9550861762532637e-06
1.2732966816478325e-06 1.9550861762532637e-06
1.2732966816478325e-06 1.9550861762532637e-06
1.2732966816478325e-06 1.9550861762532637e-06
1.2732966816478325e-06 1.9550861762532637e-06
1.2732966816478325e-06 1.9550861762532637e-06
1.2732966816478325e-06 1.9550861762532637e-06
1.2732966816478325e-06 1.9550861762532637e-06
1.2732966816478325e-06 1.9550861762532637e-06
1.2732966816478325e-06 1.9550861762532637e-06
1.2732966816478325e-06 1.9550861762532637e-06
1.2732966816478325e-06 1.9550861762532637e-06
1.2732966816478325e-06 1.9550861762532637e-06
1.2732966816478325e-06 1.9550861762532637e-06
1.2732966816478325e-06 1.9550861762532637e-06
1.2732966816478325e-06 1.9550861762532637e-06
1.2732966816478325e-06 1.9550861762532637e-06
1.2732966816478325e-06 1.9550861762532637e-06
1.2732966816478325e-06 1.9550861762532637e-06
1.2732966816478325e-06 1.9550861762532637e-06
1.2732966816478325e-06 1.9550861762532637e-06
1.2732966816478325e-06 1.9550861762532637e-06
1.2732966816478325e-06 1.9550861762532637e-06
1.2732966816478325e-06 1.9550861762532637e-06
1.2732966816478325e-06 1.9550861762532637e-06
1.2732966816478325e-06 1.9550861762532637e-06
1.2732966816478325e-06 1.9550861762532637e-06
1.2732966816478325e-06 1.9550861762532637e-06
1.2732966816478325e-06 1.9550861762532637e-06
1.2732966816478325e-06 1.9550861762532637e-06
1.2732966816478325e-06 1.9550861762532637e-06
1.2732966816478325e-06 1.9550861762532637e-06
1.2732966816478325e-06 1.9550861762532637e-06
1.2732966816478325e-06 1.9550861762532637e-06
1.2732966816478325e-06 1.9550861762532637e-06
1.2732966816478325e-06 1.9550861762532637e-06
1.2732966816478325e-06 1.9550861762532637e-06
1.2732966816478325e-06 1.9550861762532637e-06
1.2732966816478325e-06 1.9550861762532637e-06
1.2732966816478325e-06 1.9550861762532637e-06
1.2732966816478325e-06 1.9550861762532637e-06
1.2732966816478325e-06 1.9550861762532637e-06
1.2732966816478325e-06 1.9550861762532637e-06
1.2732966816478325e-06 1.9550861762532637e-06
1.0244338664134858e-06 1.6190888857621633e-06
1.0244338664134858e-06 1.6190888857621633e-06
1.0244338664134858e-06 1.6190888857621633e-06
1.0244338664134858e-06 1.6190888857621633e-06
1.0244338664134858e-06 1.6190888857621633e-06
1.0244338664134858e-06 1.6190888857621633e-06
1.0244338664134858e-06 1.6190888857621633e-06
1.0244338664134858e-06 1.6190888857621633e-06
1.0244338664134858e-06 1.6190888857621633e-06
1.0244338664134858e-06 1.6190888857621633e-06
1.0244338664134858e-06 1.6190888857621633e-06
1.0244338664134858e-06 1.6190888857621633e-06
1.0244338664134858e-06 1.6190888857621633e-06
1.0244338664134858e-06 1.6190888857621633e-06
1.0244338664134858e-06 1.6190888857621633e-06
1.0244338664134858e-06 1.6190888857621633e-06
1.0244338664134858e-06 1.6190888857621633e-06
1.0244338664134858e-06 1.6190888857621633e-06
1.0244338664134858e-06 1.6190888857621633e-06
1.0244338664134858e-06 1.6190888857621633e-06
9.491461857090461e-07 1.4663332746610345e-06
9.491461857090461e-07 1.4663332746610345e-06
9.491461857090461e-07 1.4663332746610345e-06
9.491461857090461e-07 1.4663332746610345e-06
9.491461857090461e-07 1.4663332746610345e-06
9.491461857090461e-07 1.4663332746610345e-06
9.491461857090461e-07 1.4663332746610345e-06
9.491461857090461e-07 1.4663332746610345e-06
9.491461857090461e-07 1.4663332746610345e-06
9.491461857090461e-07 1.4663332746610345e-06
9.491461857090461e-07 1.4663332746610345e-06
9.491461857090461e-07 1.4663332746610345e-06
9.491461857090461e-07 1.4663332746610345e-06
9.491461857090461e-07 1.4663332746610345e-06
9.491461857090461e-07 1.4663332746610345e-06
9.491461857090461e-07 1.4663332746610345e-06
9.491461857090461e-07 1.4663332746610345e-06
9.491461857090461e-07 1.4663332746610345e-06
9.491461857090461e-07 1.4663332746610345e-06
9.491461857090461e-07 1.4663332746610345e-06
9.491461857090461e-07 1.4663332746610345e-06
9.491461857090461e-07 1.4663332746610345e-06
9.491461857090461e-07 1.4663332746610345e-06
9.491461857090461e-07 1.4663332746610345e-06
9.491461857090461e-07 1.4663332746610345e-06
9.491461857090461e-07 1.4663332746610345e-06
9.491461857090461e-07 1.4663332746610345e-06
9.491461857090461e-07 1.4663332746610345e-06
9.491461857090461e-07 1.4663332746610345e-06
9.491461857090461e-07 1.4663332746610345e-06
9.491461857090461e-07 1.4663332746610345e-06
9.491461857090461e-07 1.4663332746610345e-06
9.491461857090461e-07 1.4663332746610345e-06
9.491461857090461e-07 1.4663332746610345e-06
9.491461857090461e-07 1.4663332746610345e-06
9.491461857090461e-07 1.4663332746610345e-06
9.491461857090461e-07 1.4663332746610345e-06
9.491461857090461e-07 1.4663332746610345e-06
9.491461857090461e-07 1.4663332746610345e-06
9.491461857090461e-07 1.4663332746610345e-06
9.76814334088821e-07 1.4910772722382148e-06
9.76814334088821e-07 1.4910772722382148e-06
9.76814334088821e-07 1.4910772722382148e-06
9.76814334088821e-07 1.4910772722382148e-06
9.76814334088821e-07 1.4910772722382148e-06
9.76814334088821e-07 1.4910772722382148e-06
9.76814334088821e-07 1.4910772722382148e-06
9.76814334088821e-07 1.4910772722382148e-06
9.76814334088821e-07 1.4910772722382148e-06
9.76814334088821e-07 1.4910772722382148e-06
9.76814334088821e-07 1.4910772722382148e-06
9.76814334088821e-07 1.4910772722382148e-06
9.76814334088821e-07 1.4910772722382148e-06
9.76814334088821e-07 1.4910772722382148e-06
9.76814334088821e-07 1.4910772722382148e-06
9.76814334088821e-07 1.4910772722382148e-06
9.76814334088821e-07 1.4910772722382148e-06
9.76814334088821e-07 1.4910772722382148e-06
9.76814334088821e-07 1.4910772722382148e-06
9.76814334088821e-07 1.4910772722382148e-06
1.2380704323858963e-06 1.9035466192665065e-06
1.2380704323858963e-06 1.9035466192665065e-06
1.2380704323858963e-06 1.9035466192665065e-06
1.2380704323858963e-06 1.9035466192665065e-06
1.2380704323858963e-06 1.9035466192665065e-06
1.2380704323858963e-06 1.9035466192665065e-06
1.2380704323858963e-06 1.9035466192665065e-06
1.2380704323858963e-06 1.9035466192665065e-06
1.2380704323858963e-06 1.9035466192665065e-06
1.2380704323858963e-06 1.9035466192665065e-06
1.2380704323858963e-06 1.9035466192665065e-06
1.2380704323858963e-06 1.9035466192665065e-06
1.2380704323858963e-06 1.9035466192665065e-06
1.2380704323858963e-06 1.9035466192665065e-06
1.2380704323858963e-06 1.9035466192665065e-06
1.2380704323858963e-06 1.9035466192665065e-06
1.2380704323858963e-06 1.9035466192665065e-06
1.2380704323858963e-06 1.9035466192665065e-06
1.2380704323858963e-06 1.9035466192665065e-06
1.2380704323858963e-06 1.9035466192665065e-06
9.626308023896466e-07 1.4728811998997643e-06
9.626308023896466e-07 1.4728811998997643e-06
9.626308023896466e-07 1.4728811998997643e-06
9.626308023896466e-07 1.4728811998997643e-06
9.626308023896466e-07 1.4728811998997643e-06
9.626308023896466e-07 1.4728811998997643e-06
9.626308023896466e-07 1.4728811998997643e-06
9.626308023896466e-07 1.4728811998997643e-06
9.626308023896466e-07 1.4728811998997643e-06
9.626308023896466e-07 1.4728811998997643e-06
9.626308023896466e-07 1.4728811998997643e-06
9.626308023896466e-07 1.4728811998997643e-06
9.626308023896466e-07 1.4728811998997643e-06
9.626308023896466e-07 1.4728811998997643e-06
9.626308023896466e-07 1.4728811998997643e-06
9.626308023896466e-07 1.4728811998997643e-06
9.626308023896466e-07 1.4728811998997643e-06
9.626308023896466e-07 1.4728811998997643e-06
9.626308023896466e-07 1.4728811998997643e-06
9.626308023896466e-07 1.4728811998997643e-06
1.0561575497865057e-06 1.6671624998697772e-06
1.0561575497865057e-06 1.6671624998697772e-06
1.0561575497865057e-06 1.6671624998697772e-06
1.0561575497865057e-06 1.6671624998697772e-06
1.0561575497865057e-06 1.6671624998697772e-06
1.0561575497865057e-06 1.6671624998697772e-06
1.0561575497865057e-06 1.6671624998697772e-06
1.0561575497865057e-06 1.6671624998697772e-06
1.0561575497865057e-06 1.6671624998697772e-06
1.0561575497865057e-06 1.6671624998697772e-06
1.0561575497865057e-06 1.6671624998697772e-06
1.0561575497865057e-06 1.6671624998697772e-06
1.0561575497865057e-06 1.6671624998697772e-06
1.0561575497865057e-06 1.6671624998697772e-06
1.0561575497865057e-06 1.6671624998697772e-06
1.0561575497865057e-06 1.6671624998697772e-06
1.0561575497865057e-06 1.6671624998697772e-06
1.0561575497865057e-06 1.6671624998697772e-06
1.0561575497865057e-06 1.6671624998697772e-06
1.0561575497865057e-06 1.6671624998697772e-06
1.2339711452968232e-06 1.9211966313999864e-06
1.2339711452968232e-06 1.9211966313999864e-06
1.2339711452968232e-06 1.9211966313999864e-06
1.2339711452968232e-06 1.9211966313999864e-06
1.2339711452968232e-06 1.9211966313999864e-06
1.2339711452968232e-06 1.9211966313999864e-06
1.2339711452968232e-06 1.9211966313999864e-06
1.2339711452968232e-06 1.9211966313999864e-06
1.2339711452968232e-06 1.9211966313999864e-06
1.2339711452968232e-06 1.9211966313999864e-06
1.2339711452968232e-06 1.9211966313999864e-06
1.2339711452968232e-06 1.9211966313999864e-06
1.2339711452968232e-06 1.9211966313999864e-06
1.2339711452968232e-06 1.9211966313999864e-06
1.2339711452968232e-06 1.9211966313999864e-06
1.2339711452968232e-06 1.9211966313999864e-06
1.2339711452968232e-06 1.9211966313999864e-06
1.2339711452968232e-06 1.9211966313999864e-06
1.2339711452968232e-06 1.9211966313999864e-06
1.2339711452968232e-06 1.9211966313999864e-06
9.448718085295208e-07 1.4676786993358518e-06
9.448718085295208e-07 1.4676786993358518e-06
9.448718085295208e-07 1.4676786993358518e-06
9.448718085295208e-07 1.4676786993358518e-06
9.448718085295208e-07 1.4676786993358518e-06
9.448718085295208e-07 1.4676786993358518e-06
9.448718085295208e-07 1.4676786993358518e-06
9.448718085295208e-07 1.4676786993358518e-06
9.448718085295208e-07 1.4676786993358518e-06
9.448718085295208e-07 1.4676786993358518e-06
9.448718085295208e-07 1.4676786993358518e-06
9.448718085295208e-07 1.4676786993358518e-06
9.448718085295208e-07 1.4676786993358518e-06
9.448718085295208e-07 1.4676786993358518e-06
9.448718085295208e-07 1.4676786993358518e-06
9.448718085295208e-07 1.4676786993358518e-06
9.448718085295208e-07 1.4676786993358518e-06
9.448718085295208e-07 1.4676786993358518e-06
9.448718085295208e-07 1.4676786993358518e-06
9.448718085295208e-07 1.4676786993358518e-06
6.917313999897425e-06 1.0901684284261947e-05
6.917313999897425e-06 1.0901684284261947e-05
6.917313999897425e-06 1.0901684284261947e-05
6.917313999897425e-06 1.0901684284261947e-05
6.917313999897425e-06 1.0901684284261947e-05
6.917313999897425e-06 1.0901684284261947e-05
6.917313999897425e-06 1.0901684284261947e-05
6.917313999897425e-06 1.0901684284261947e-05
6.917313999897425e-06 1.0901684284261947e-05
6.917313999897425e-06 1.0901684284261947e-05
6.917313999897425e-06 1.0901684284261947e-05
6.917313999897425e-06 1.0901684284261947e-05
6.917313999897425e-06 1.0901684284261947e-05
6.917313999897425e-06 1.0901684284261947e-05
6.917313999897425e-06 1.0901684284261947e-05
6.917313999897425e-06 1.0901684284261947e-05
6.917313999897425e-06 1.0901684284261947e-05
6.917313999897425e-06 1.0901684284261947e-05
6.917313999897425e-06 1.0901684284261947e-05
6.917313999897425e-06 1.0901684284261947e-05
1.2799968216034231e-06 1.964561494800871e-06
1.2799968216034231e-06 1.964561494800871e-06
1.2799968216034231e-06 1.964561494800871e-06
1.2799968216034231e-06 1.964561494800871e-06
1.2799968216034231e-06 1.964561494800871e-06
1.2799968216034231e-06 1.964561494800871e-06
1.2799968216034231e-06 1.964561494800871e-06
1.2799968216034231e-06 1.964561494800871e-06
1.2799968216034231e-06 1.964561494800871e-06
1.2799968216034231e-06 1.964561494800871e-06
1.2799968216034231e-06 1.964561494800871e-06
1.2799968216034231e-06 1.964561494800871e-06
1.2799968216034231e-06 1.964561494800871e-06
1.2799968216034231e-06 1.964561494800871e-06
1.2799968216034231e-06 1.964561494800871e-06
1.2799968216034231e-06 1.964561494800871e-06
1.2799968216034231e-06 1.964561494800871e-06
1.2799968216034231e-06 1.964561494800871e-06
1.2799968216034231e-06 1.964561494800871e-06
1.2799968216034231e-06 1.964561494800871e-06
1.204746468099192e-06 1.86001075988019e-06
1.204746468099192e-06 1.86001075988019e-06
1.204746468099192e-06 1.86001075988019e-06
1.204746468099192e-06 1.86001075988019e-06
1.204746468099192e-06 1.86001075988019e-06
1.204746468099192e-06 1.86001075988019e-06
1.204746468099192e-06 1.86001075988019e-06
1.204746468099192e-06 1.86001075988019e-06
1.204746468099192e-06 1.86001075988019e-06
1.204746468099192e-06 1.86001075988019e-06
1.204746468099192e-06 1.86001075988019e-06
1.204746468099192e-06 1.86001075988019e-06
1.204746468099192e-06 1.86001075988019e-06
1.204746468099192e-06 1.86001075988019e-06
1.204746468099192e-06 1.86001075988019e-06
1.204746468099192e-06 1.86001075988019e-06
1.204746468099192e-06 1.86001075988019e-06
1.204746468099192e-06 1.86001075988019e-06
1.204746468099192e-06 1.86001075988019e-06
1.204746468099192e-06 1.86001075988019e-06
9.010409449230693e-07 1.3894110870342613e-06
9.010409449230693e-07 1.3894110870342613e-06
9.010409449230693e-07 1.3894110870342613e-06
9.010409449230693e-07 1.3894110870342613e-06
9.010409449230693e-07 1.3894110870342613e-06
9.010409449230693e-07 1.3894110870342613e-06
9.010409449230693e-07 1.3894110870342613e-06
9.010409449230693e-07 1.3894110870342613e-06
9.010409449230693e-07 1.3894110870342613e-06
9.010409449230693e-07 1.3894110870342613e-06
9.010409449230693e-07 1.3894110870342613e-06
9.010409449230693e-07 1.3894110870342613e-06
9.010409449230693e-07 1.3894110870342613e-06
9.010409449230693e-07 1.3894110870342613e-06
9.010409449230693e-07 1.3894110870342613e-06
9.010409449230693e-07 1.3894110870342613e-06
9.010409449230693e-07 1.3894110870342613e-06
9.010409449230693e-07 1.3894110870342613e-06
9.010409449230693e-07 1.3894110870342613e-06
9.010409449230693e-07 1.3894110870342613e-06
8.490927518536972e-07 1.32248699299958e-06
8.490927518536972e-07 1.32248699299958e-06
8.490927518536972e-07 1.32248699299958e-06
8.490927518536972e-07 1.32248699299958e-06
8.490927518536972e-07 1.32248699299958e-06
8.490927518536972e-07 1.32248699299958e-06
8.490927518536972e-07 1.32248699299958e-06
8.490927518536972e-07 1.32248699299958e-06
8.490927518536972e-07 1.32248699299958e-06
8.490927518536972e-07 1.32248699299958e-06
8.490927518536972e-07 1.32248699299958e-06
8.490927518536972e-07 1.32248699299958e-06
8.490927518536972e-07 1.32248699299958e-06
8.490927518536972e-07 1.32248699299958e-06
8.490927518536972e-07 1.32248699299958e-06
8.490927518536972e-07 1.32248699299958e-06
8.490927518536972e-07 1.32248699299958e-06
8.490927518536972e-07 1.32248699299958e-06
8.490927518536972e-07 1.32248699299958e-06
8.490927518536972e-07 1.32248699299958e-06
6.59228312887581e-06 1.0368756884519811e-05
6.59228312887581e-06 1.0368756884519811e-05
6.59228312887581e-06 1.0368756884519811e-05
6.59228312887581e-06 1.0368756884519811e-05
6.59228312887581e-06 1.0368756884519811e-05
6.59228312887581e-06 1.0368756884519811e-05
6.59228312887581e-06 1.0368756884519811e-05
6.59228312887581e-06 1.0368756884519811e-05
6.59228312887581e-06 1.0368756884519811e-05
6.59228312887581e-06 1.0368756884519811e-05
6.59228312887581e-06 1.0368756884519811e-05
6.59228312887581e-06 1.0368756884519811e-05
6.59228312887581e-06 1.0368756884519811e-05
6.59228312887581e-06 1.0368756884519811e-05
6.59228312887581e-06 1.0368756884519811e-05
6.59228312887581e-06 1.0368756884519811e-05
6.59228312887581e-06 1.0368756884519811e-05
6.59228312887581e-06 1.0368756884519811e-05
6.59228312887581e-06 1.0368756884519811e-05
6.59228312887581e-06 1.0368756884519811e-05
9.540612540872018e-07 1.462984336745531e-06
9.540612540872018e-07 1.462984336745531e-06
9.540612540872018e-07 1.462984336745531e-06
9.540612540872018e-07 1.462984336745531e-06
9.540612540872018e-07 1.462984336745531e-06
9.540612540872018e-07 1.462984336745531e-06
9.540612540872018e-07 1.462984336745531e-06
9.540612540872018e-07 1.462984336745531e-06
9.540612540872018e-07 1.462984336745531e-06
9.540612540872018e-07 1.462984336745531e-06
9.540612540872018e-07 1.462984336745531e-06
9.540612540872018e-07 1.462984336745531e-06
9.540612540872018e-07 1.462984336745531e-06
9.540612540872018e-07 1.462984336745531e-06
9.540612540872018e-07 1.462984336745531e-06
9.540612540872018e-07 1.462984336745531e-06
9.540612540872018e-07 1.462984336745531e-06
9.540612540872018e-07 1.462984336745531e-06
9.540612540872018e-07 1.462984336745531e-06
9.540612540872018e-07 1.462984336745531e-06
9.914059656974786e-07 1.5199054918189792e-06
9.914059656974786e-07 1.5199054918189792e-06
9.914059656974786e-07 1.5199054918189792e-06
9.914059656974786e-07 1.5199054918189792e-06
9.914059656974786e-07 1.5199054918189792e-06
9.914059656974786e-07 1.5199054918189792e-06
9.914059656974786e-07 1.5199054918189792e-06
9.914059656974786e-07 1.5199054918189792e-06
9.914059656974786e-07 1.5199054918189792e-06
9.914059656974786e-07 1.5199054918189792e-06
9.914059656974786e-07 1.5199054918189792e-06
9.914059656974786e-07 1.5199054918189792e-06
9.914059656974786e-07 1.5199054918189792e-06
9.914059656974786e-07 1.5199054918189792e-06
9.914059656974786e-07 1.5199054918189792e-06
9.914059656974786e-07 1.5199054918189792e-06
9.914059656974786e-07 1.5199054918189792e-06
9.914059656974786e-07 1.5199054918189792e-06
9.914059656974786e-07 1.5199054918189792e-06
9.914059656974786e-07 1.5199054918189792e-06
1.0384885818794744e-06 1.6272859515230871e-06
1.0384885818794744e-06 1.6272859515230871e-06
1.0384885818794744e-06 1.6272859515230871e-06
1.0384885818794744e-06 1.6272859515230871e-06
1.0384885818794744e-06 1.6272859515230871e-06
1.0384885818794744e-06 1.6272859515230871e-06
1.0384885818794744e-06 1.6272859515230871e-06
1.0384885818794744e-06 1.6272859515230871e-06
1.0384885818794744e-06 1.6272859515230871e-06
1.0384885818794744e-06 1.6272859515230871e-06
1.0384885818794744e-06 1.6272859515230871e-06
1.0384885818794744e-06 1.6272859515230871e-06
1.0384885818794744e-06 1.6272859515230871e-06
1.0384885818794744e-06 1.6272859515230871e-06
1.0384885818794744e-06 1.6272859515230871e-06
1.0384885818794744e-06 1.6272859515230871e-06
1.0384885818794744e-06 1.6272859515230871e-06
1.0384885818794744e-06 1.6272859515230871e-06
1.0384885818794744e-06 1.6272859515230871e-06
1.0384885818794744e-06 1.6272859515230871e-06
2.1004940953995657e-05 3.2582231684319096e-05
2.1004940953995657e-05 3.2582231684319096e-05
2.1004940953995657e-05 3.2582231684319096e-05
2.1004940953995657e-05 3.2582231684319096e-05
2.1004940953995657e-05 3.2582231684319096e-05
2.1004940953995657e-05 3.2582231684319096e-05
2.1004940953995657e-05 3.2582231684319096e-05
2.1004940953995657e-05 3.2582231684319096e-05
2.1004940953995657e-05 3.2582231684319096e-05
2.1004940953995657e-05 3.2582231684319096e-05
2.1004940953995657e-05 3.2582231684319096e-05
2.1004940953995657e-05 3.2582231684319096e-05
2.1004940953995657e-05 3.2582231684319096e-05
2.1004940953995657e-05 3.2582231684319096e-05
2.1004940953995657e-05 3.2582231684319096e-05
2.1004940953995657e-05 3.2582231684319096e-05
2.1004940953995657e-05 3.2582231684319096e-05
2.1004940953995657e-05 3.2582231684319096e-05
2.1004940953995657e-05 3.2582231684319096e-05
2.1004940953995657e-05 3.2582231684319096e-05
9.966933409326005e-07 1.5745758063802274e-06
9.966933409326005e-07 1.5745758063802274e-06
9.966933409326005e-07 1.5745758063802274e-06
9.966933409326005e-07 1.5745758063802274e-06
9.966933409326005e-07 1.5745758063802274e-06
9.966933409326005e-07 1.5745758063802274e-06
9.966933409326005e-07 1.5745758063802274e-06
9.966933409326005e-07 1.5745758063802274e-06
9.966933409326005e-07 1.5745758063802274e-06
9.966933409326005e-07 1.5745758063802274e-06
9.966933409326005e-07 1.5745758063802274e-06
9.966933409326005e-07 1.5745758063802274e-06
9.966933409326005e-07 1.5745758063802274e-06
9.966933409326005e-07 1.5745758063802274e-06
9.966933409326005e-07 1.5745758063802274e-06
9.966933409326005e-07 1.5745758063802274e-06
9.966933409326005e-07 1.5745758063802274e-06
9.966933409326005e-07 1.5745758063802274e-06
9.966933409326005e-07 1.5745758063802274e-06
9.966933409326005e-07 1.5745758063802274e-06
9.243995424467252e-07 1.4141124563335684e-06
1.2732966816478325e-06 1.9550861762532637e-06
1.2732966816478325e-06 1.9550861762532637e-06
1.2732966816478325e-06 1.9550861762532637e-06
1.2732966816478325e-06 1.9550861762532637e-06
1.2732966816478325e-06 1.9550861762532637e-06
1.0244338664134858e-06 1.6190888857621633e-06
9.491461857090461e-07 1.4663332746610345e-06
9.491461857090461e-07 1.4663332746610345e-06
9.76814334088821e-07 1.4910772722382148e-06
1.2380704323858963e-06 1.9035466192665065e-06
9.626308023896466e-07 1.4728811998997643e-06
1.0561575497865057e-06 1.6671624998697772e-06
1.2339711452968232e-06 1.9211966313999864e-06
9.448718085295208e-07 1.4676786993358518e-06
6.917313999897425e-06 1.0901684284261947e-05
1.2799968216034231e-06 1.964561494800871e-06
1.204746468099192e-06 1.86001075988019e-06
9.010409449230693e-07 1.3894110870342613e-06
8.490927518536972e-07 1.32248699299958e-06
6.59228312887581e-06 1.0368756884519811e-05
9.540612540872018e-07 1.462984336745531e-06
9.914059656974786e-07 1.5199054918189792e-06
1.0384885818794744e-06 1.6272859515230871e-06
2.1004940953995657e-05 3.2582231684319096e-05
9.966933409326005e-07 1.5745758063802274e-06
1.0254717840202275e-06 1.414114836804751e-06
1.4074392389756592e-06 1.9551066112321625e-06
1.4074392389756592e-06 1.9551066112321625e-06
1.4074392389756592e-06 1.9551066112321625e-06
1.4074392389756592e-06 1.9551066112321625e-06
1.4074392389756592e-06 1.9551066112321625e-06
1.1424642710366612e-06 1.6191025692939592e-06
1.0584332946698055e-06 1.4663314353151187e-06
1.0584332946698055e-06 1.4663314353151187e-06
1.0818684676194253e-06 1.4910744753298707e-06
1.370913363577558e-06 1.903526663981392e-06
1.06599731498903e-06 1.4728798653187874e-06
1.1764490394673233e-06 1.6671553638163048e-06
1.3696380584300905e-06 1.921198519251858e-06
1.0545288390104932e-06 1.4676853172599848e-06
7.719950942397953e-06 1.0901582844697743e-05
1.418029328360856e-06 1.9645871513342755e-06
1.3356657572228245e-06 1.8599714290787618e-06
9.995662626015613e-07 1.3893811549416783e-06
9.532045551067529e-07 1.3224697166229278e-06
7.371498607508812e-06 1.0368844808564783e-05
1.0625704914815041e-06 1.4629904585599613e-06
1.0958511696358216e-06 1.5199213781962811e-06
1.1576819480867179e-06 1.6272695788534654e-06
2.345564011490799e-05 3.258147414569657e-05
1.1137129798974348e-06 1.5745785771239722e-06
1.0262068144194837e-06 1.4141154929313869e-06
1.4069983908399028e-06 1.955111032881379e-06
1.4069983908399028e-06 1.955111032881379e-06
1.4069983908399028e-06 1.955111032881379e-06
1.4069983908399028e-06 1.955111032881379e-06
1.4069983908399028e-06 1.955111032881379e-06
1.1365359165470208e-06 1.6190897693400254e-06
1.0529117042476284e-06 1.466345377060478e-06
1.0529117042476284e-06 1.466345377060478e-06
1.0825195385435793e-06 1.4910573830366862e-06
1.3716735012694933e-06 1.903548818382838e-06
1.0665830768896666e-06 1.4728546041867638e-06
1.1709725941607865e-06 1.6671551789998298e-06
1.3707373825971537e-06 1.921187305384155e-06
1.049860497554191e-06 1.4676603884539157e-06
7.685325586578243e-06 1.0901684430664799e-05
1.4185951886617387e-06 1.9645617482390974e-06
1.3365742203345794e-06 1.859985089973766e-06
1.000508661778384e-06 1.3894040651142717e-06
9.48815708616711e-07 1.3224767529693805e-06
7.331235267151134e-06 1.0368648049983164e-05
1.057833497500913e-06 1.4630047681129181e-06
1.0955079193328443e-06 1.5199248156350032e-06
1.1525937070879327e-06 1.6272776013948129e-06
2.3350473141737078e-05 3.258157597374095e-05
1.1077204479761658e-06 1.574603361867872e-06
1.0386941277150344e-06 1.4140861716555028e-06
1.4157009181432773e-06 1.9551007301986373e-06
1.4157009181432773e-06 1.9551007301986373e-06
1.4157009181432773e-06 1.9551007301986373e-06
1.4157009181432773e-06 1.9551007301986373e-06
1.4157009181432773e-06 1.9551007301986373e-06
1.1523205120482633e-06 1.6191123922331966e-06
1.0668144855000398e-06 1.466338989466157e-06
1.0668144855000398e-06 1.466338989466157e-06
1.0959557053691896e-06 1.4910539561486442e-06
1.3887922173688703e-06 1.903551454645129e-06
1.0799054975487496e-06 1.4728537444034753e-06
1.1876428437647536e-06 1.6671432584942224e-06
1.387372216968451e-06 1.921193514076214e-06
1.0708407911237914e-06 1.4676725505366006e-06
7.840682895124935e-06 1.0901706748689202e-05
1.4348431019688043e-06 1.964600383009204e-06
1.3529418648303142e-06 1.8599963209968968e-06
1.01234650054383e-06 1.3893790963723264e-06
9.67865536672539e-07 1.3224750570331839e-06
7.432784553843126e-06 1.036880082712754e-05
1.078903300728931e-06 1.4629770680079556e-06
1.1022838244377295e-06 1.51991680621615e-06
1.1748463401231267e-06 1.6272847278347694e-06
2.380593152172784e-05 3.258159473823846e-05
1.123148407984036e-06 1.5746001100349265e-06
9.257090774589262e-07 1.414112291631322e-06
9.257090774589262e-07 1.414112291631322e-06
1.2742964348987886e-06 1.9551216387339774e-06
1.2742964348987886e-06 1.9551216387339774e-06
1.2742964348987886e-06 1.9551216387339774e-06
1.2742964348987886e-06 1.9551216387339774e-06
1.2742964348987886e-06 1.9551216387339774e-06
1.2742964348987886e-06 1.9551216387339774e-06
1.2742964348987886e-06 1.9551216387339774e-06
1.2742964348987886e-06 1.9551216387339774e-06
1.2742964348987886e-06 1.9551216387339774e-06
1.2742964348987886e-06 1.9551216387339774e-06
1.0251331325452523e-06 1.6190961636292473e-06
1.0251331325452523e-06 1.6190961636292473e-06
9.498513675311495e-07 1.466352689550864e-06
9.498513675311495e-07 1.466352689550864e-06
9.498513675311495e-07 1.466352689550864e-06
9.498513675311495e-07 1.466352689550864e-06
9.78072813149686e-07 1.4910798285232778e-06
9.78072813149686e-07 1.4910798285232778e-06
1.239670359389847e-06 1.9035246085237327e-06
1.239670359389847e-06 1.9035246085237327e-06
9.638751457877277e-07 1.4728786484801645e-06
9.638751457877277e-07 1.4728786484801645e-06
1.056986171932736e-06 1.6671541014686258e-06
1.056986171932736e-06 1.6671541014686258e-06
1.235674968451045e-06 1.9211804053662785e-06
1.235674968451045e-06 1.9211804053662785e-06
9.461707018606382e-07 1.4676633637606497e-06
9.461707018606382e-07 1.4676633637606497e-06
6.925458174064644e-06 1.0901653526156202e-05
6.925458174064644e-06 1.0901653526156202e-05
1.2816044645869714e-06 1.964583739895226e-06
1.2816044645869714e-06 1.964583739895226e-06
1.2064557374890405e-06 1.8599649859195884e-06
1.2064557374890405e-06 1.8599649859195884e-06
9.023096224779011e-07 1.3893884504483898e-06
9.023096224779011e-07 1.3893884504483898e-06
8.502744540023223e-07 1.3224751672220049e-06
8.502744540023223e-07 1.3224751672220049e-06
6.596316693209136e-06 1.0368809673747341e-05
6.596316693209136e-06 1.0368809673747341e-05
9.552907138086698e-07 1.4629909838162833e-06
9.552907138086698e-07 1.4629909838162833e-06
9.921843870595295e-07 1.5199330607414364e-06
9.921843870595295e-07 1.5199330607414364e-06
1.0396880817075853e-06 1.627252067715755e-06
1.0396880817075853e-06 1.627252067715755e-06
2.1028960696756118e-05 3.258193361710019e-05
2.1028960696756118e-05 3.258193361710019e-05
9.973559200258186e-07 1.5746143649624307e-06
9.973559200258186e-07 1.5746143649624307e-06
1.0249885919052683e-06 1.4141182947912239e-06
1.4074450089583397e-06 1.95509723232337e-06
1.4074450089583397e-06 1.95509723232337e-06
1.4074450089583397e-06 1.95509723232337e-06
1.4074450089583397e-06 1.95509723232337e-06
1.4074450089583397e-06 1.95509723232337e-06
1.1368337128102607e-06 1.6191009879680256e-06
1.0533721389006043e-06 1.466342895134525e-06
1.0533721389006043e-06 1.466342895134525e-06
1.0812024353480244e-06 1.4910557445030459e-06
1.3699878738796236e-06 1.9035446660574645e-06
1.0652710032172944e-06 1.472851189242136e-06
1.1701349837537168e-06 1.6671635996053322e-06
1.3690088636880574e-06 1.921178280843116e-06
1.0485618100817378e-06 1.4676577843892319e-06
7.675740973392363e-06 1.0901577205465796e-05
1.416904633151757e-06 1.9645949488685833e-06
1.3349749626543505e-06 1.8599869750576354e-06
9.992953366861597e-07 1.3893786871055988e-06
9.477271439842188e-07 1.3224606462600264e-06
7.334526055856862e-06 1.0368834120715744e-05
1.0565447032040058e-06 1.463003095467421e-06
1.0958556622221402e-06 1.5199140869294538e-06
1.1511039171231724e-06 1.627286858123683e-06
2.332085269547617e-05 3.25818627058891e-05
1.1080592691692253e-06 1.5745843950276139e-06
1.023613887299045e-06 1.4141149122630514e-06
1.4103583212041455e-06 1.95510014788358e-06
1.4103583212041455e-06 1.95510014788358e-06
1.4103583212041455e-06 1.95510014788358e-06
1.4103583212041455e-06 1.95510014788358e-06
1.4103583212041455e-06 1.95510014788358e-06
1.1599014397996323e-06 1.6191011889579961e-06
1.0749088178702694e-06 1.4663414898113994e-06
1.0749088178702694e-06 1.4663414898113994e-06
1.0802597746430831e-06 1.4910494116631112e-06
1.3690396167167735e-06 1.9035177688157435e-06
1.0645537997212682e-06 1.4728636469280982e-06
1.1866941486902412e-06 1.667155466880738e-06
1.3636796951163212e-06 1.9211990606155743e-06
1.0576020435416826e-06 1.4676760340357933e-06
7.813244066687882e-06 1.0901716352857388e-05
1.4166950827776826e-06 1.964572259763276e-06
1.3333703616183086e-06 1.8600035913078435e-06
9.973499375722243e-07 1.3894000204537912e-06
9.650963077357503e-07 1.3224568814378197e-06
7.487897274916276e-06 1.0368812492816251e-05
1.068130226161908e-06 1.4629731023497927e-06
1.0981240064203623e-06 1.519916353518021e-06
1.1575590930507566e-06 1.6272543825069719e-06
2.374155269001584e-05 3.258160925137975e-05
1.1308157926011185e-06 1.5745970624961668e-06
9.244967133490906e-07 1.4140971674632247e-06
1.2734450273339414e-06 1.9550952378642236e-06
1.2734450273339414e-06 1.9550952378642236e-06
1.2734450273339414e-06 1.9550952378642236e-06
1.2734450273339414e-06 1.9550952378642236e-06
1.2734450273339414e-06 1.9550952378642236e-06
1.0247301475655246e-06 1.6191153879644754e-06
9.494206925704207e-07 1.4663266255394126e-06
9.494206925704207e-07 1.4663266255394126e-06
9.769213428740245e-07 1.4910690056878557e-06
1.2382082177847088e-06 1.9035395807420829e-06
9.62738093784755e-07 1.4728761058224736e-06
1.0564630058884996e-06 1.6671503936257492e-06
1.2341080538654685e-06 1.921197790862322e-06
9.451450791789383e-07 1.4676722561778027e-06
6.919314587566475e-06 1.0901786578875262e-05
1.280143487512602e-06 1.964564959195554e-06
1.2048748298122556e-06 1.859993733694132e-06
9.011304897473239e-07 1.3893867898866548e-06
8.49338321808923e-07 1.3224903661300929e-06
6.594189712896531e-06 1.0368759311520486e-05
9.543371824577331e-07 1.4629763275031638e-06
9.915214696490034e-07 1.5199125364149822e-06
1.0387889278593427e-06 1.627272425367233e-06
2.10110158879747e-05 3.2581793889065874e-05
9.96981599121794e-07 1.5745965215267583e-06
1.0270139574948117e-06 1.4141094195610828e-06
1.407179181416512e-06 1.9550979232321924e-06
1.407179181416512e-06 1.9550979232321924e-06
1.407179181416512e-06 1.9550979232321924e-06
1.407179181416512e-06 1.9550979232321924e-06
1.407179181416512e-06 1.9550979232321924e-06
1.1368466514434552e-06 1.6191048573901603e-06
1.0531414162301791e-06 1.4663171766400192e-06
1.0531414162301791e-06 1.4663171766400192e-06
1.0833764613477258e-06 1.491060934756662e-06
1.3727621814627605e-06 1.9035578190506378e-06
1.0674298448183914e-06 1.472862006492552e-06
1.1716148285461922e-06 1.6671426482521198e-06
1.3718255362083473e-06 1.921163833236934e-06
1.0508235494425213e-06 1.4676660330792855e-06
7.692416066932953e-06 1.0901682000386515e-05
1.419552476806021e-06 1.9645846449097257e-06
1.3376276347098947e-06 1.859981003826329e-06
1.0012885815260242e-06 1.3893863299359833e-06
9.496771693591662e-07 1.3224725037220707e-06
7.3328740567688455e-06 1.0368748749085905e-05
1.0587714561026277e-06 1.4629747559846254e-06
1.0956486853136057e-06 1.5199146240495698e-06
1.1536273323002294e-06 1.627263146096731e-06
2.337135977744689e-05 3.258175759212417e-05
1.1080103400185456e-06 1.5745777921236791e-06
1.2720969768452255e-06 1.4141582497109107e-06
1.2720969768452255e-06 1.4141582497109107e-06
1.737046066228962e-06 1.9549694038083494e-06
1.737046066228962e-06 1.9549694038083494e-06
1.737046066228962e-06 1.9549694038083494e-06
1.737046066228962e-06 1.9549694038083494e-06
1.737046066228962e-06 1.9549694038083494e-06
1.737046066228962e-06 1.9549694038083494e-06
1.737046066228962e-06 1.9549694038083494e-06
1.737046066228962e-06 1.9549694038083494e-06
1.737046066228962e-06 1.9549694038083494e-06
1.737046066228962e-06 1.9549694038083494e-06
1.4140296960227615e-06 1.619072676889451e-06
1.4140296960227615e-06 1.619072676889451e-06
1.3052387795348606e-06 1.4662205601512213e-06
1.3052387795348606e-06 1.4662205601512213e-06
1.3052387795348606e-06 1.4662205601512213e-06
1.3052387795348606e-06 1.4662205601512213e-06
1.333667020138173e-06 1.4911411412694514e-06
1.333667020138173e-06 1.4911411412694514e-06
1.692116712545161e-06 1.9035982923430765e-06
1.692116712545161e-06 1.9035982923430765e-06
1.3153595776327598e-06 1.4728244662264995e-06
1.3153595776327598e-06 1.4728244662264995e-06
1.451975103624928e-06 1.6670502250389625e-06
1.451975103624928e-06 1.6670502250389625e-06
1.7084507439434217e-06 1.9211190711814797e-06
1.7084507439434217e-06 1.9211190711814797e-06
1.3081835688131128e-06 1.467601861746598e-06
1.3081835688131128e-06 1.467601861746598e-06
9.535098601768524e-06 1.0901411887025629e-05
9.535098601768524e-06 1.0901411887025629e-05
1.7460094219990617e-06 1.964658450348703e-06
1.7460094219990617e-06 1.964658450348703e-06
1.6530447462370464e-06 1.8600296353708503e-06
1.6530447462370464e-06 1.8600296353708503e-06
1.2446644138716385e-06 1.3894478018376616e-06
1.2446644138716385e-06 1.3894478018376616e-06
1.1870106376724e-06 1.3225124524263815e-06
1.1870106376724e-06 1.3225124524263815e-06
9.119661566300706e-06 1.0368758731836692e-05
9.119661566300706e-06 1.0368758731836692e-05
1.305307187969632e-06 1.4630865071071042e-06
1.305307187969632e-06 1.4630865071071042e-06
1.3524874898142807e-06 1.5198147116362568e-06
1.3524874898142807e-06 1.5198147116362568e-06
1.425366777604176e-06 1.6273155572554756e-06
1.425366777604176e-06 1.6273155572554756e-06
2.8963466252644394e-05 3.258022240822165e-05
2.8963466252644394e-05 3.258022240822165e-05
1.3801831736003183e-06 1.5746740237115463e-06
1.3801831736003183e-06 1.5746740237115463e-06
9.350234480777554e-07 1.4140928166794955e-06
1.2793822979896994e-06 1.955084134312707e-06
1.2793822979896994e-06 1.955084134312707e-06
1.2793822979896994e-06 1.955084134312707e-06
1.2793822979896994e-06 1.955084134312707e-06
1.2793822979896994e-06 1.955084134312707e-06
1.031524853443386e-06 1.6190762163290903e-06
9.551723195222412e-07 1.4663306106353712e-06
9.551723195222412e-07 1.4663306106353712e-06
9.880234279815639e-07 1.4910508287874683e-06
1.2523371894590791e-06 1.9035496676854486e-06
9.737279884215172e-07 1.4728663430124564e-06
1.065387279109533e-06 1.6671701542011892e-06
1.2481231357427085e-06 1.9212058707573925e-06
9.577976761855197e-07 1.46769197180058e-06
7.011191800313495e-06 1.0901742192625173e-05
1.2940684261690098e-06 1.9645747789122786e-06
1.2186386872680494e-06 1.8599843545570978e-06
9.112571591171236e-07 1.3894125408105832e-06
8.605065049107695e-07 1.3224942581340825e-06
6.634422099393889e-06 1.0368815718684116e-05
9.669709209681578e-07 1.4630098437361623e-06
9.961443086408254e-07 1.5199039043919372e-06
1.0525620565428248e-06 1.627254202669848e-06
2.1288294670961744e-05 3.2581795061673756e-05
1.0034249391986372e-06 1.5745805596956114e-06
9.250222124188227e-07 1.4140923048003853e-06
1.2736629821846692e-06 1.955086383156952e-06
1.2736629821846692e-06 1.955086383156952e-06
1.2736629821846692e-06 1.955086383156952e-06
1.2736629821846692e-06 1.955086383156952e-06
1.2736629821846692e-06 1.955086383156952e-06
1.024610861577398e-06 1.6191058496444422e-06
9.494001780804948e-07 1.4663296406857335e-06
9.494001780804948e-07 1.4663296406857335e-06
9.773417111349245e-07 1.4910567718088127e-06
1.2387410175223118e-06 1.9035504556183233e-06
9.631523590079875e-07 1.4728550984741674e-06
1.0564382533731831e-06 1.667162339711355e-06
1.2346390893067045e-06 1.9212033641334173e-06
9.453799805822509e-07 1.467683677002907e-06
6.920212660033148e-06 1.0901747572273983e-05
1.2806943319541461e-06 1.964606351489633e-06
1.2055584085948702e-06 1.8599940848200555e-06
9.016465874600514e-07 1.389414568606017e-06
8.496611739223322e-07 1.322462868597312e-06
6.593169795958041e-06 1.036863422056133e-05
9.545764776676054e-07 1.462968335569976e-06
9.916911722347233e-07 1.5199056526681813e-06
1.0389352998262209e-06 1.6272606859602796e-06
2.101384635474045e-05 3.258216232069019e-05
9.968559371101868e-07 1.5745825847981863e-06
1.024691834789959e-06 1.4141105696959543e-06
1.024691834789959e-06 1.4141105696959543e-06
1.407114992747679e-06 1.9550836067299706e-06
1.407114992747679e-06 1.9550836067299706e-06
1.407114992747679e-06 1.9550836067299706e-06
1.407114992747679e-06 1.9550836067299706e-06
1.407114992747679e-06 1.9550836067299706e-06
1.407114992747679e-06 1.9550836067299706e-06
1.407114992747679e-06 1.9550836067299706e-06
1.407114992747679e-06 1.9550836067299706e-06
1.407114992747679e-06 1.9550836067299706e-06
1.407114992747679e-06 1.9550836067299706e-06
1.1365619738152998e-06 1.619087851209919e-06
1.1365619738152998e-06 1.619087851209919e-06
1.0531319091714341e-06 1.4663339870188958e-06
1.0531319091714341e-06 1.4663339870188958e-06
1.0531319091714341e-06 1.4663339870188958e-06
1.0531319091714341e-06 1.4663339870188958e-06
1.0808870633312986e-06 1.4910468337675433e-06
1.0808870633312986e-06 1.4910468337675433e-06
1.3695870464482327e-06 1.9035329468769338e-06
1.3695870464482327e-06 1.9035329468769338e-06
1.0649592291870246e-06 1.4728756478186116e-06
1.0649592291870246e-06 1.4728756478186116e-06
1.1697845138195989e-06 1.6671496256688615e-06
1.1697845138195989e-06 1.6671496256688615e-06
1.3686082344404263e-06 1.921165647611453e-06
1.3686082344404263e-06 1.921165647611453e-06
1.0482568440433475e-06 1.4676824229573625e-06
1.0482568440433475e-06 1.4676824229573625e-06
7.67346808744904e-06 1.090173092839041e-05
7.67346808744904e-06 1.090173092839041e-05
1.4164875720232698e-06 1.9645818067362343e-06
1.4164875720232698e-06 1.9645818067362343e-06
1.3345875375974457e-06 1.859976514272828e-06
1.3345875375974457e-06 1.859976514272828e-06
9.990090137827426e-07 1.3894055615207969e-06
9.990090137827426e-07 1.3894055615207969e-06
9.474603633746426e-07 1.322489445352018e-06
9.474603633746426e-07 1.322489445352018e-06
7.332845508031015e-06 1.0368766307252653e-05
7.332845508031015e-06 1.0368766307252653e-05
1.056236397384069e-06 1.4629943415566825e-06
1.056236397384069e-06 1.4629943415566825e-06
1.0955987071505205e-06 1.5199034942433164e-06
1.0955987071505205e-06 1.5199034942433164e-06
1.150759327011477e-06 1.6272733666229856e-06
1.150759327011477e-06 1.6272733666229856e-06
2.331391148242386e-05 3.258160705851414e-05
2.331391148242386e-05 3.258160705851414e-05
1.107796983803152e-06 1.5746054385324868e-06
1.107796983803152e-06 1.5746054385324868e-06
1.0217002611845948e-06 1.4140897346917966e-06
1.406041041990253e-06 1.9551172350424233e-06
1.406041041990253e-06 1.9551172350424233e-06
1.406041041990253e-06 1.9551172350424233e-06
1.406041041990253e-06 1.9551172350424233e-06
1.406041041990253e-06 1.9551172350424233e-06
1.1356571230111084e-06 1.6190971762881214e-06
1.0524642157027423e-06 1.466338760124592e-06
1.0524642157027423e-06 1.466338760124592e-06
1.0777436629476398e-06 1.4910530146259237e-06
1.3655923049128207e-06 1.9035377480804622e-06
1.0618520490150456e-06 1.4728790528461048e-06
1.1678464987361394e-06 1.6671547563873805e-06
1.364445102193791e-06 1.9211632455167027e-06
1.045083843457193e-06 1.4676870137381045e-06
7.65128519346013e-06 1.0901633259131396e-05
1.4125916180267187e-06 1.9645773401865427e-06
1.330682675154281e-06 1.8599901156994885e-06
9.961202687620966e-07 1.389392326264133e-06
9.44764992055867e-07 1.3224897205205255e-06
7.32780870256898e-06 1.0368756668802127e-05
1.0531634707988063e-06 1.4630003087582786e-06
1.0947625146094392e-06 1.5199296372631989e-06
1.1474607236244005e-06 1.627279856233837e-06
2.324752173250339e-05 3.258188178399094e-05
1.1069678812178088e-06 1.5745861142773528e-06
1.27095273222272e-06 1.4141184615440271e-06
1.27095273222272e-06 1.4141184615440271e-06
1.7357632994395266e-06 1.955222353407253e-06
1.7357632994395266e-06 1.955222353407253e-06
1.7357632994395266e-06 1.955222353407253e-06
1.7357632994395266e-06 1.955222353407253e-06
1.7357632994395266e-06 1.955222353407253e-06
1.7357632994395266e-06 1.955222353407253e-06
1.7357632994395266e-06 1.955222353407253e-06
1.7357632994395266e-06 1.955222353407253e-06
1.7357632994395266e-06 1.955222353407253e-06
1.7357632994395266e-06 1.955222353407253e-06
1.412967366242313e-06 1.6191744030700347e-06
1.412967366242313e-06 1.6191744030700347e-06
1.304291887666117e-06 1.4662852070235247e-06
1.304291887666117e-06 1.4662852070235247e-06
1.304291887666117e-06 1.4662852070235247e-06
1.304291887666117e-06 1.4662852070235247e-06
1.3324634625669555e-06 1.491028713928872e-06
1.3324634625669555e-06 1.491028713928872e-06
1.6905864567403487e-06 1.9036157483890325e-06
1.6905864567403487e-06 1.9036157483890325e-06
1.3141698777653567e-06 1.4728246169854128e-06
1.3141698777653567e-06 1.4728246169854128e-06
1.4508770022552214e-06 1.6671890208582331e-06
1.4508770022552214e-06 1.6671890208582331e-06
1.7069024332172688e-06 1.921100931909432e-06
1.7069024332172688e-06 1.921100931909432e-06
1.3070024328395103e-06 1.4676576294082153e-06
1.3070024328395103e-06 1.4676576294082153e-06
9.52640327619366e-06 1.0902241534039426e-05
9.52640327619366e-06 1.0902241534039426e-05
1.744425344627803e-06 1.9645443046366352e-06
1.744425344627803e-06 1.9645443046366352e-06
1.6515563944330538e-06 1.8598568432181813e-06
1.6515563944330538e-06 1.8598568432181813e-06
1.243550966482253e-06 1.3893072609116813e-06
1.243550966482253e-06 1.3893072609116813e-06
1.185958567884028e-06 1.3225383769520493e-06
1.185958567884028e-06 1.3225383769520493e-06
9.113012745713645e-06 1.0368814745039706e-05
9.113012745713645e-06 1.0368814745039706e-05
1.3041285671935567e-06 1.4629717748398883e-06
1.3041285671935567e-06 1.4629717748398883e-06
1.3514887102949631e-06 1.5200113574359135e-06
1.3514887102949631e-06 1.5200113574359135e-06
1.4240590828671623e-06 1.6272854064433558e-06
1.4240590828671623e-06 1.6272854064433558e-06
2.8936972432956454e-05 3.2581494761745223e-05
2.8936972432956454e-05 3.2581494761745223e-05
1.379152778898924e-06 1.5745356571044362e-06
1.379152778898924e-06 1.5745356571044362e-06
1.025552250996646e-06 1.4141059626681108e-06
1.408467868352722e-06 1.955097868796051e-06
1.408467868352722e-06 1.955097868796051e-06
1.408467868352722e-06 1.955097868796051e-06
1.408467868352722e-06 1.955097868796051e-06
1.408467868352722e-06 1.955097868796051e-06
1.1382048493820973e-06 1.6190883238237402e-06
1.0546611323811899e-06 1.466333905979952e-06
1.0546611323811899e-06 1.466333905979952e-06
1.0818071600292052e-06 1.491068975088484e-06
1.3707594150427215e-06 1.9035455785325237e-06
1.0658713691423115e-06 1.4728546285381131e-06
1.1714735976766995e-06 1.6671560566621895e-06
1.3697374160926984e-06 1.9212014745027263e-06
1.0496792721012413e-06 1.4676840465630733e-06
7.68388057020168e-06 1.0901770125452934e-05
1.417800498979726e-06 1.96459317544144e-06
1.3357130805401398e-06 1.8599944978141484e-06
9.998318687550857e-07 1.3893957707004424e-06
9.48746016039125e-07 1.3224888136383484e-06
7.343488609814187e-06 1.0368695975533215e-05
1.0576696532659124e-06 1.4629832592402452e-06
1.0966520743390303e-06 1.5199145817303149e-06
1.152320845415984e-06 1.627266133022916e-06
2.3345547204165427e-05 3.2581520661260896e-05
1.1093998274520441e-06 1.5745948620006733e-06
1.020876583376203e-06 1.4141125013114191e-06
1.4062071063503753e-06 1.9550822206621265e-06
1.4062071063503753e-06 1.9550822206621265e-06
1.4062071063503753e-06 1.9550822206621265e-06
1.4062071063503753e-06 1.9550822206621265e-06
1.4062071063503753e-06 1.9550822206621265e-06
1.1418874470861777e-06 1.6191037145456533e-06
1.0580863275489482e-06 1.4663248622853265e-06
1.0580863275489482e-06 1.4663248622853265e-06
1.0771822439766522e-06 1.4910619488525766e-06
1.3649501102890148e-06 1.903538715552506e-06
1.0613583524056062e-06 1.4728743807944457e-06
1.1741735354558345e-06 1.6671528019695206e-06
1.3635507012994585e-06 1.9211660179765805e-06
1.0502361391582688e-06 1.4676698583533983e-06
7.690134780601569e-06 1.090178831005678e-05
1.4121577651641586e-06 1.9645879483582557e-06
1.3296635663823434e-06 1.8599738923440745e-06
9.95142474485162e-07 1.3893862991280379e-06
9.494286128183934e-07 1.3224888621369983e-06
7.369930662580477e-06 1.0368830904130417e-05
1.0583215811930245e-06 1.4629738882457731e-06
1.094891814559473e-06 1.519902416698933e-06
1.1532448442601078e-06 1.6272702630632034e-06
2.3366858827614073e-05 3.258214304118637e-05
1.1132507878671852e-06 1.5745778871762736e-06
1.026411262961328e-06 1.414118422761666e-06
1.4079826390711877e-06 1.9551056509715465e-06
1.4079826390711877e-06 1.9551056509715465e-06
1.4079826390711877e-06 1.9551056509715465e-06
1.4079826390711877e-06 1.9551056509715465e-06
1.4079826390711877e-06 1.9551056509715465e-06
1.1383816449150136e-06 1.6191129239345036e-06
1.0546751304619612e-06 1.4663365793425105e-06
1.0546751304619612e-06 1.4663365793425105e-06
1.0827532370275376e-06 1.4910677146125749e-06
1.3719790298428552e-06 1.9035532533429848e-06
1.0668214186659058e-06 1.4728614802129216e-06
1.1724854681968657e-06 1.6671599908048893e-06
1.370828778968563e-06 1.9211879155043148e-06
1.0511191695887207e-06 1.4676872851021379e-06
7.694431162549761e-06 1.0901719911765712e-05
1.4189740447301322e-06 1.9645855651116388e-06
1.336847592108566e-06 1.8599751979244834e-06
1.0006849561849766e-06 1.3893844300026062e-06
9.499769738386895e-07 1.3224697101541118e-06
7.343477491377584e-06 1.0368845358747077e-05
1.0590990082045211e-06 1.4629822949941308e-06
1.096274268277507e-06 1.519920631679119e-06
1.1539492937703143e-06 1.627265507801596e-06
2.337804334916279e-05 3.258176244562846e-05
1.1095313067349427e-06 1.5746044559345656e-06
1.375606972855007e-06 1.4139945851639552e-06
1.375606972855007e-06 1.4139945851639552e-06
1.375606972855007e-06 1.4139945851639552e-06
1.9132476185515204e-06 1.9548280916901775e-06
1.9132476185515204e-06 1.9548280916901775e-06
1.9132476185515204e-06 1.9548280916901775e-06
1.9132476185515204e-06 1.9548280916901775e-06
1.9132476185515204e-06 1.9548280916901775e-06
1.9132476185515204e-06 1.9548280916901775e-06
1.9132476185515204e-06 1.9548280916901775e-06
1.9132476185515204e-06 1.9548280916901775e-06
1.9132476185515204e-06 1.9548280916901775e-06
1.9132476185515204e-06 1.9548280916901775e-06
1.9132476185515204e-06 1.9548280916901775e-06
1.9132476185515204e-06 1.9548280916901775e-06
1.9132476185515204e-06 1.9548280916901775e-06
1.9132476185515204e-06 1.9548280916901775e-06
1.9132476185515204e-06 1.9548280916901775e-06
1.5643576834322334e-06 1.619105719953775e-06
1.5643576834322334e-06 1.619105719953775e-06
1.5643576834322334e-06 1.619105719953775e-06
1.4516673022097008e-06 1.4665597532907073e-06
1.4516673022097008e-06 1.4665597532907073e-06
1.4516673022097008e-06 1.4665597532907073e-06
1.4516673022097008e-06 1.4665597532907073e-06
1.4516673022097008e-06 1.4665597532907073e-06
1.4516673022097008e-06 1.4665597532907073e-06
1.4561198083491618e-06 1.4913961783196428e-06
1.4561198083491618e-06 1.4913961783196428e-06
1.4561198083491618e-06 1.4913961783196428e-06
1.8409998532191154e-06 1.9032834446273282e-06
1.8409998532191154e-06 1.9032834446273282e-06
1.8409998532191154e-06 1.9032834446273282e-06
1.432157674776173e-06 1.4725488107835833e-06
1.432157674776173e-06 1.4725488107835833e-06
1.432157674776173e-06 1.4725488107835833e-06
1.5889047659639584e-06 1.6668286072628032e-06
1.5889047659639584e-06 1.6668286072628032e-06
1.5889047659639584e-06 1.6668286072628032e-06
1.8357590278620472e-06 1.9208820910696338e-06
1.8357590278620472e-06 1.9208820910696338e-06
1.8357590278620472e-06 1.9208820910696338e-06
1.4012154444608106e-06 1.4676901516281504e-06
1.4012154444608106e-06 1.4676901516281504e-06
1.4012154444608106e-06 1.4676901516281504e-06
1.0414207158125568e-05 1.090178811561856e-05
1.0414207158125568e-05 1.090178811561856e-05
1.0414207158125568e-05 1.090178811561856e-05
1.9122787661084886e-06 1.9641857671230166e-06
1.9122787661084886e-06 1.9641857671230166e-06
1.9122787661084886e-06 1.9641857671230166e-06
1.792187867282065e-06 1.8604136068148101e-06
1.792187867282065e-06 1.8604136068148101e-06
1.792187867282065e-06 1.8604136068148101e-06
1.3336815193743418e-06 1.3892476325978343e-06
1.3336815193743418e-06 1.3892476325978343e-06
1.3336815193743418e-06 1.3892476325978343e-06
1.2942386733263315e-06 1.322235104597255e-06
1.2942386733263315e-06 1.322235104597255e-06
1.2942386733263315e-06 1.322235104597255e-06
1.0221208279211231e-05 1.036943972882585e-05
1.0221208279211231e-05 1.036943972882585e-05
1.0221208279211231e-05 1.036943972882585e-05
1.4169741736555683e-06 1.462866295188431e-06
1.4169741736555683e-06 1.462866295188431e-06
1.4169741736555683e-06 1.462866295188431e-06
1.4896803943867408e-06 1.519704854041702e-06
1.4896803943867408e-06 1.519704854041702e-06
1.4896803943867408e-06 1.519704854041702e-06
1.55687481840239e-06 1.6272601276488376e-06
1.55687481840239e-06 1.6272601276488376e-06
1.55687481840239e-06 1.6272601276488376e-06
3.1620476934614e-05 3.257638686560149e-05
3.1620476934614e-05 3.257638686560149e-05
3.1620476934614e-05 3.257638686560149e-05
1.5364409762657104e-06 1.5743353061016557e-06
1.5364409762657104e-06 1.5743353061016557e-06
1.5364409762657104e-06 1.5743353061016557e-06
1.0217206346512133e-06 1.414118631107356e-06
1.4069760983349369e-06 1.955077296300431e-06
1.4069760983349369e-06 1.955077296300431e-06
1.4069760983349369e-06 1.955077296300431e-06
1.4069760983349369e-06 1.955077296300431e-06
1.4069760983349369e-06 1.955077296300431e-06
1.13796552566682e-06 1.6191010050595136e-06
1.0544729719295123e-06 1.4663433394435617e-06
1.0544729719295123e-06 1.4663433394435617e-06
1.077962516687638e-06 1.4910671282798635e-06
1.3658817725459569e-06 1.9035410917853104e-06
1.0620781270414245e-06 1.4728714487320972e-06
1.1701355913401465e-06 1.6671502605341175e-06
1.3645644541857777e-06 1.9211845956300088e-06
1.046652115907065e-06 1.4676854785347975e-06
7.663769864354252e-06 1.0901732848688997e-05
1.4130029430150974e-06 1.964575203731503e-06
1.3307199033782577e-06 1.8599845701598486e-06
9.961053136505096e-07 1.3893812638967577e-06
9.460168391594e-07 1.322461751698811e-06
7.343137502726509e-06 1.0368752556426853e-05
1.0547068941482393e-06 1.4629775883859944e-06
1.0954905620878818e-06 1.5198985884460018e-06
1.1493797562582324e-06 1.6272572030129828e-06
2.3286640561943014e-05 3.25820444448113e-05
1.1092333320138457e-06 1.574584056258721e-06
9.258265253116196e-07 1.4141063321580092e-06
1.2748787985633754e-06 1.95508442123214e-06
1.2748787985633754e-06 1.95508442123214e-06
1.2748787985633754e-06 1.95508442123214e-06
1.2748787985633754e-06 1.95508442123214e-06
1.2748787985633754e-06 1.95508442123214e-06
1.0269193158596554e-06 1.61909679564836e-06
9.515391822515922e-07 1.4663526301740836e-06
9.515391822515922e-07 1.4663526301740836e-06
9.782238837668998e-07 1.4910641151725473e-06
1.2398753544305582e-06 1.903540939540828e-06
9.640355364187205e-07 1.4728514469311613e-06
1.0588184149558795e-06 1.6671624370992844e-06
1.2355459420585972e-06 1.921171033417765e-06
9.475099272247993e-07 1.467665419077487e-06
6.935803939755278e-06 1.0901704077211812e-05
1.2818987855159791e-06 1.9645984610623895e-06
1.2066195948657292e-06 1.8599882370335075e-06
9.023916891655584e-07 1.3893757348615668e-06
8.515754655319188e-07 1.3224743147309569e-06
6.608024246188734e-06 1.0368718736925095e-05
9.567271440720407e-07 1.462976629903408e-06
9.926378232614756e-07 1.5199041274462592e-06
1.0412760271518906e-06 1.6272862838400087e-06
2.1061190673860412e-05 3.258182257325477e-05
9.991018593847886e-07 1.5746006956753741e-06
1.0232780016096953e-06 1.4141155332167744e-06
1.4067557982393042e-06 1.955085148575171e-06
1.4067557982393042e-06 1.955085148575171e-06
1.4067557982393042e-06 1.955085148575171e-06
1.4067557982393042e-06 1.955085148575171e-06
1.4067557982393042e-06 1.955085148575171e-06
1.1364353370605288e-06 1.6191049974306139e-06
1.053078218348094e-06 1.4663432770141995e-06
1.053078218348094e-06 1.4663432770141995e-06
1.0793964727685057e-06 1.4910499311680521e-06
1.3676987322668822e-06 1.9035516799148513e-06
1.0634909529653792e-06 1.4728580321504885e-06
1.168952349004499e-06 1.6671539709462667e-06
1.3667212991683906e-06 1.921176167396578e-06
1.0469776416899841e-06 1.4676590066945997e-06
7.664280751006236e-06 1.0901732016004833e-05
1.4147090069148217e-06 1.964602403495299e-06
1.3327464276085541e-06 1.8599956542382044e-06
9.976296198032729e-07 1.3894059974239527e-06
9.463159585890041e-07 1.3224573927305408e-06
7.332637693409299e-06 1.0368806804202578e-05
1.054946102070776e-06 1.4629978464525636e-06
1.095319033462855e-06 1.5199046928907294e-06
1.1493753255309765e-06 1.6272704877283667e-06
2.328593880021422e-05 3.258154236793904e-05
1.1076951550428917e-06 1.5745989347949958e-06
9.284258267552022e-07 1.4141197661934177e-06
1.2764731648901959e-06 1.9551190521296102e-06
1.2764731648901959e-06 1.9551190521296102e-06
1.2764731648901959e-06 1.9551190521296102e-06
1.2764731648901959e-06 1.9551190521296102e-06
1.2764731648901959e-06 1.9551190521296102e-06
1.0302852006760773e-06 1.6191166678290696e-06
9.544811267898085e-07 1.4663353717041554e-06
9.544811267898085e-07 1.4663353717041554e-06
9.810398387792084e-07 1.4910815045454416e-06
1.243479356907143e-06 1.903528579595265e-06
9.66840324918031e-07 1.472887663589438e-06
1.0629108154612132e-06 1.6671697003371863e-06
1.2392963088105717e-06 1.921154996041675e-06
9.522876518335419e-07 1.4676930470452337e-06
6.970158427586875e-06 1.0901621855162212e-05
1.285411268623118e-06 1.9645968754882366e-06
1.2100350505414062e-06 1.8599682471437736e-06
9.048416452795407e-07 1.3893760842693512e-06
8.55847614990942e-07 1.3224635749932681e-06
6.630023676970303e-06 1.0368607584379052e-05
9.614303024148982e-07 1.4629943296669079e-06
9.938792183822665e-07 1.5199310498867587e-06
1.046421993298142e-06 1.627282787910399e-06
2.1164899808190468e-05 3.2581611702468415e-05
1.0025046338963859e-06 1.5745854474324118e-06
1.0229163684202944e-06 1.4140895103907194e-06
1.4062559160985707e-06 1.9550839490981917e-06
1.4062559160985707e-06 1.9550839490981917e-06
1.4062559160985707e-06 1.9550839490981917e-06
1.4062559160985707e-06 1.9550839490981917e-06
1.4062559160985707e-06 1.9550839490981917e-06
1.135997036312867e-06 1.6191066665318866e-06
1.0526720668008866e-06 1.466321129014164e-06
1.0526720668008866e-06 1.466321129014164e-06
1.0790142284308978e-06 1.4910665689228063e-06
1.3672139859253139e-06 1.9035178058586142e-06
1.0631139921779163e-06 1.4728642768511075e-06
1.1685015070851736e-06 1.6671391495254943e-06
1.3662368698886699e-06 1.921201446036662e-06
1.0465738430151517e-06 1.467669760676522e-06
7.661324788732003e-06 1.090178334664285e-05
1.4142067594025581e-06 1.9645766531467723e-06
1.3322751201369672e-06 1.8599952387665232e-06
9.972780476066273e-07 1.3894093879011476e-06
9.459509831446056e-07 1.3224785992047652e-06
7.329809639336582e-06 1.036872361714173e-05
1.0545392301175714e-06 1.462980173418274e-06
1.0949298184875774e-06 1.519903760404136e-06
1.1489320340843843e-06 1.627261510592889e-06
2.3276957871820587e-05 3.258189857768468e-05
1.1072679388179083e-06 1.574585476023569e-06
1.0221582515893096e-06 1.4141143056209616e-06
1.4065008951540782e-06 1.9551082108827007e-06
1.4065008951540782e-06 1.9551082108827007e-06
1.4065008951540782e-06 1.9551082108827007e-06
1.4065008951540782e-06 1.9551082108827007e-06
1.4065008951540782e-06 1.9551082108827007e-06
1.1359992846148826e-06 1.6190915551038274e-06
1.052803054181627e-06 1.4663306806045161e-06
1.052803054181627e-06 1.4663306806045161e-06
1.0782267755346914e-06 1.491078922853036e-06
1.3662044493901816e-06 1.9035274145712212e-06
1.0623280379798637e-06 1.472871091634614e-06
1.1682687324537036e-06 1.6671494153882296e-06
1.3650141143541923e-06 1.9211966272497443e-06
1.0455190466190543e-06 1.4676789475312763e-06
7.654484882021898e-06 1.0901587983478456e-05
1.4132248305562787e-06 1.9645677219816162e-06
1.3312791709369426e-06 1.859979028768788e-06
9.965667926031556e-07 1.3893829153765245e-06
9.45188495227502e-07 1.322479153948752e-06
7.3299442335934946e-06 1.0368704357213798e-05
1.053635564995653e-06 1.462992113773097e-06
1.095120562483538e-06 1.5199226217821994e-06
1.1479418208627381e-06 1.6272744948469676e-06
2.32572554647523e-05 3.2581759960534686e-05
1.1072988402552754e-06 1.5745801544467446e-06
9.245726778166854e-07 1.414115380632548e-06
1.2739212432757527e-06 1.9551166998799887e-06
1.2739212432757527e-06 1.9551166998799887e-06
1.2739212432757527e-06 1.9551166998799887e-06
1.2739212432757527e-06 1.9551166998799887e-06
1.2739212432757527e-06 1.9551166998799887e-06
1.0293445064446192e-06 1.6191117858215436e-06
9.536749982709142e-07 1.4663402734861128e-06
9.536749982709142e-07 1.4663402734861128e-06
9.771125329024262e-07 1.491054719117148e-06
1.2385058037467634e-06 1.9035312139257612e-06
9.62973569371429e-07 1.4728762630128464e-06
1.0612262463911175e-06 1.6671526280954094e-06
1.234117588511519e-06 1.9211788756001593e-06
9.49378562053677e-07 1.4676898846592884e-06
6.950429677549611e-06 1.0901705053506078e-05
1.2805591568082845e-06 1.9645894000784724e-06
1.2050179454801587e-06 1.860017949164267e-06
9.010720250028223e-07 1.3894086008626978e-06
8.533712082575121e-07 1.3224782267887944e-06
6.625833018424722e-06 1.036888296611413e-05
9.58615545798811e-07 1.4630074946795577e-06
9.91892257802681e-07 1.5199292212220373e-06
1.043428664213366e-06 1.627286240887778e-06
2.110560303832572e-05 3.258165269903148e-05
1.001722926923874e-06 1.5745746474139481e-06
1.0232298044402065e-06 1.4140955882451513e-06
1.4060410677368913e-06 1.955097059691214e-06
1.4060410677368913e-06 1.955097059691214e-06
1.4060410677368913e-06 1.955097059691214e-06
1.4060410677368913e-06 1.955097059691214e-06
1.4060410677368913e-06 1.955097059691214e-06
1.1357031817900609e-06 1.619091581694933e-06
1.0523605609293728e-06 1.4663157594035686e-06
1.0523605609293728e-06 1.4663157594035686e-06
1.0793432962796934e-06 1.491063016390412e-06
1.367630133821183e-06 1.9035522329965063e-06
1.0634375126975837e-06 1.4728568757052192e-06
1.1685811639513348e-06 1.667151678205916e-06
1.3666526616315966e-06 1.9211818907570654e-06
1.0467602699697092e-06 1.4676641163343133e-06
7.662716445470245e-06 1.0901785745789113e-05
1.4146355313162584e-06 1.9645975234407542e-06
1.3326827357166474e-06 1.8599993196084548e-06
9.975856214718768e-07 1.3893935555385133e-06
9.461135905635217e-07 1.3224828455576454e-06
7.327667349885827e-06 1.0368855451878398e-05
1.0547277534686369e-06 1.4629765571601007e-06
1.094762534656119e-06 1.519913952723318e-06
1.1491432187689424e-06 1.627275962783093e-06
2.328120975894605e-05 3.258171696207226e-05
1.1069727838129293e-06 1.574577714098826e-06
1.0262546929564476e-06 1.4141041832537372e-06
1.4078691513214597e-06 1.955115545319273e-06
1.4078691513214597e-06 1.955115545319273e-06
1.4078691513214597e-06 1.955115545319273e-06
1.4078691513214597e-06 1.955115545319273e-06
1.4078691513214597e-06 1.955115545319273e-06
1.1410838365606441e-06 1.6190814356548647e-06
1.057155318349724e-06 1.4663292164702167e-06
1.057155318349724e-06 1.4663292164702167e-06
1.082656509387135e-06 1.49104766908967e-06
1.3718921660015553e-06 1.9035569649924503e-06
1.0667567957734728e-06 1.4728672348077696e-06
1.1752749362490505e-06 1.6671697625794075e-06
1.370701058296706e-06 1.9211740242978855e-06
1.05369032293065e-06 1.4676816915106606e-06
7.713347597207449e-06 1.0901749606149627e-05
1.4189136713377197e-06 1.9645908451331535e-06
1.3366705763096871e-06 1.8599814549596869e-06
1.00044488289902e-06 1.3893960876381666e-06
9.524132669502514e-07 1.322486283736161e-06
7.3619229513971675e-06 1.0368738005335505e-05
1.0616920669596493e-06 1.462997258948869e-06
1.096185905185279e-06 1.519928323653841e-06
1.1567614090811409e-06 1.6272610187301125e-06
2.343560099593003e-05 3.258168812061961e-05
1.1122933367663038e-06 1.5745942134906892e-06
1.0241696244234424e-06 1.4140909534218457e-06
1.407375837323412e-06 1.95511134589427e-06
1.407375837323412e-06 1.95511134589427e-06
1.407375837323412e-06 1.95511134589427e-06
1.407375837323412e-06 1.95511134589427e-06
1.407375837323412e-06 1.95511134589427e-06
1.1373337725381853e-06 1.619092061284824e-06
1.0538714921496567e-06 1.466315644097639e-06
1.0538714921496567e-06 1.466315644097639e-06
1.080347131458121e-06 1.491050846946303e-06
1.3689085966859194e-06 1.9035214047474515e-06
1.0644321482563125e-06 1.4728694430830642e-06
1.1702589594043406e-06 1.667158112536145e-06
1.3678879214727884e-06 1.921174654156037e-06
1.0482631605480614e-06 1.4676657053859806e-06
7.673718223700532e-06 1.0901589876748976e-05
1.415971389200864e-06 1.9645650796400196e-06
1.333911688557611e-06 1.8599738526871197e-06
9.98485915508496e-07 1.389383742938673e-06
9.47471977237244e-07 1.322482201485641e-06
7.33818807993012e-06 1.0368785293492814e-05
1.0562420833958325e-06 1.4629991247978496e-06
1.0958018042544624e-06 1.5199250589746663e-06
1.150793106108204e-06 1.627268734652325e-06
2.331463585640423e-05 3.2581630778491396e-05
1.1085621247680773e-06 1.574600471938917e-06
1.0278480821283035e-06 1.4141059626681108e-06
1.408347983704599e-06 1.955097868796051e-06
1.408347983704599e-06 1.955097868796051e-06
1.408347983704599e-06 1.955097868796051e-06
1.408347983704599e-06 1.955097868796051e-06
1.408347983704599e-06 1.955097868796051e-06
1.138138035973189e-06 1.6190883238237402e-06
1.0543377170072582e-06 1.466333905979952e-06
1.0543377170072582e-06 1.466333905979952e-06
1.0842642134733646e-06 1.491068975088484e-06
1.373891160767039e-06 1.9035455785325237e-06
1.06830804946918e-06 1.4728546285381131e-06
1.1729457074844115e-06 1.6671560566621895e-06
1.3729110760854321e-06 1.9212014745027263e-06
1.0520172172723092e-06 1.4676840465630733e-06
7.701154155832191e-06 1.0901770125452934e-05
1.4207282663487491e-06 1.96459317544144e-06
1.3387171217218126e-06 1.8599944978141484e-06
1.002091783131413e-06 1.3893957707004424e-06
9.507559414197557e-07 1.3224888136383484e-06
7.3412037291159245e-06 1.0368695975533215e-05
1.059974152242163e-06 1.4629832592402452e-06
1.0965587305354553e-06 1.5199145817303149e-06
1.1549377786019528e-06 1.627266133022916e-06
2.3397908135941077e-05 3.2581520661260896e-05
1.1092689683569132e-06 1.5745948620006733e-06
9.328324474955639e-07 1.4141148109427365e-06
1.2776821069318332e-06 1.955098437611649e-06
1.2776821069318332e-06 1.955098437611649e-06
1.2776821069318332e-06 1.955098437611649e-06
1.2776821069318332e-06 1.955098437611649e-06
1.2776821069318332e-06 1.955098437611649e-06
1.0280384687259114e-06 1.6191161376617048e-06
9.520743580996888e-07 1.4663451199123948e-06
9.520743580996888e-07 1.4663451199123948e-06
9.856404677877424e-07 1.4910591561828472e-06
1.2492827922797327e-06 1.9035283830982855e-06
9.71350591316118e-07 1.472884624572035e-06
1.0617459517144317e-06 1.6671730758823004e-06
1.2453081596110235e-06 1.9211995045496475e-06
9.53516248778329e-07 1.4676575403110513e-06
6.979570842366716e-06 1.0901684051581371e-05
1.290904572087807e-06 1.9645664950384336e-06
1.2157559999909748e-06 1.8599939376219017e-06
9.09203263323298e-07 1.3894004948852882e-06
8.566820919672564e-07 1.3224835910769349e-06
6.612248802458675e-06 1.036887961884371e-05
9.626400662468713e-07 1.4629715823985079e-06
9.94820516957482e-07 1.5199150239338157e-06
1.0478316719770084e-06 1.6272561284240312e-06
2.1192941838820157e-05 3.25815004186985e-05
1.0000659373991416e-06 1.5745865288904938e-06
1.022888207590651e-06 1.4140873970950024e-06
1.4060410640514327e-06 1.955085734789486e-06
1.4060410640514327e-06 1.955085734789486e-06
1.4060410640514327e-06 1.955085734789486e-06
1.4060410640514327e-06 1.955085734789486e-06
1.4060410640514327e-06 1.955085734789486e-06
1.1356918124750842e-06 1.6190822031052813e-06
1.0523753984149625e-06 1.466340827390038e-06
1.0523753984149625e-06 1.466340827390038e-06
1.0789829664026725e-06 1.4910543794063566e-06
1.3671735617559019e-06 1.9035412066682394e-06
1.0630824928355153e-06 1.4728819011359878e-06
1.1681910427465738e-06 1.667142021228106e-06
1.3661964158873618e-06 1.921170762308988e-06
1.0464108176678804e-06 1.4676556148884104e-06
7.660158310645154e-06 1.0901722597183972e-05
1.4141632668858536e-06 1.96458614350758e-06
1.3322378305526241e-06 1.8599885455604836e-06
9.972525857217665e-07 1.3893855074749143e-06
9.45797738327342e-07 1.3224751850744027e-06
7.32775335731117e-06 1.0368795390272532e-05
1.0543756412880101e-06 1.4630017019514297e-06
1.0947625317865713e-06 1.5199051486201839e-06
1.148759586762216e-06 1.6272665367854056e-06
2.3273437518660447e-05 3.258152823244326e-05
1.1069673531677754e-06 1.5746019161483435e-06
9.246281216351619e-07 1.4141108474605803e-06
1.2739610500777514e-06 1.9550725208067358e-06
1.2739610500777514e-06 1.9550725208067358e-06
1.2739610500777514e-06 1.9550725208067358e-06
1.2739610500777514e-06 1.9550725208067358e-06
1.2739610500777514e-06 1.9550725208067358e-06
1.0290170232923604e-06 1.6190948047293325e-06
9.533775698848709e-07 1.4663240191800526e-06
9.533775698848709e-07 1.4663240191800526e-06
9.771602061817025e-07 1.4910842037449364e-06
1.2385607899681257e-06 1.9035639980713578e-06
9.630159195879374e-07 1.4728579507529274e-06
1.0608869093083811e-06 1.6671729820225018e-06
1.2341735644699358e-06 1.9212005559278267e-06
9.49082949016607e-07 1.4676733479959114e-06
6.948230580819518e-06 1.0901695892465335e-05
1.2806053774009964e-06 1.9646084095686675e-06
1.2050858633016354e-06 1.8600081153243593e-06
9.011391066786043e-07 1.3894157901434938e-06
8.530279732529246e-07 1.322462606476278e-06
6.6231680376936306e-06 1.0368705946589408e-05
9.58315997452707e-07 1.4629929987219082e-06
9.919232519154795e-07 1.519894875924691e-06
1.0430952172314654e-06 1.6272650956705127e-06
2.1098895614308218e-05 3.2581434407054394e-05
1.0013200232752727e-06 1.5746080138201389e-06
9.256352414995207e-07 1.4140908573449037e-06
1.2751259799745148e-06 1.9550935917957085e-06
1.2751259799745148e-06 1.9550935917957085e-06
1.2751259799745148e-06 1.9550935917957085e-06
1.2751259799745148e-06 1.9550935917957085e-06
1.2751259799745148e-06 1.9550935917957085e-06
1.0274578848904445e-06 1.6190798251160732e-06
9.519479630584884e-07 1.4663459053155041e-06
9.519479630584884e-07 1.4663459053155041e-06
9.781580712065465e-07 1.4910557457910223e-06
1.2397924799312326e-06 1.9035338147477549e-06
9.6397113944184e-07 1.4728462844440611e-06
1.0592752131612193e-06 1.6671501847345563e-06
1.2354632415245303e-06 1.9211722009100326e-06
9.476609683777342e-07 1.4676588950654653e-06
6.937733166065611e-06 1.090180761099438e-05
1.2818141601591724e-06 1.9646019758791896e-06
1.2063720251523133e-06 1.859971000117446e-06
9.022000553529448e-07 1.3893946691017168e-06
8.515991822387512e-07 1.3224777256171304e-06
6.611742838907513e-06 1.0368721184329667e-05
9.568775401893108e-07 1.4629685222049017e-06
9.92830282041228e-07 1.5199112567432183e-06
1.0415540883632736e-06 1.6272725945190675e-06
2.106694527817393e-05 3.258137939909675e-05
9.99635472365051e-07 1.5745784362904995e-06
1.021517991677993e-06 1.4140918539039482e-06
1.4081163666637545e-06 1.9550986404293596e-06
1.4081163666637545e-06 1.9550986404293596e-06
1.4081163666637545e-06 1.9550986404293596e-06
1.4081163666637545e-06 1.9550986404293596e-06
1.4081163666637545e-06 1.9550986404293596e-06
1.1554909486937259e-06 1.6190959623168041e-06
1.0706854741393441e-06 1.4663454942828767e-06
1.0706854741393441e-06 1.4663454942828767e-06
1.0781465269175505e-06 1.4910654984668e-06
1.3663206834319653e-06 1.9035256431127086e-06
1.0624362458080972e-06 1.4728507191088323e-06
1.1855627184477852e-06 1.667157346850616e-06
1.362282123442824e-06 1.9211958376615585e-06
1.0565461534020643e-06 1.4676687989951661e-06
7.781189370249988e-06 1.0901662528706438e-05
1.4138850619056007e-06 1.9645764355270103e-06
1.3306110739007537e-06 1.8599878036479803e-06
9.954027386186174e-07 1.3893872228695064e-06
9.606820132886225e-07 1.3224705138283562e-06
7.457714781148508e-06 1.0368769890886616e-05
1.0659977444321224e-06 1.4629832531324585e-06
1.096378390384287e-06 1.519915181606534e-06
1.1562338308850217e-06 1.6272792642495529e-06
2.3645160370733584e-05 3.2581902615277516e-05
1.1265380042332067e-06 1.5745868879624197e-06
1.2804199584472872e-06 1.4140517988216901e-06
1.740324115871114e-06 1.9551315574358986e-06
1.740324115871114e-06 1.9551315574358986e-06
1.740324115871114e-06 1.9551315574358986e-06
1.740324115871114e-06 1.9551315574358986e-06
1.740324115871114e-06 1.9551315574358986e-06
1.4168842229410533e-06 1.619165300644486e-06
1.307306781855744e-06 1.4664395505527567e-06
1.307306781855744e-06 1.4664395505527567e-06
1.3424643683475742e-06 1.4911094982805468e-06
1.7033370814785906e-06 1.9035938760393179e-06
1.324084633499798e-06 1.4728244280851497e-06
1.458166122220012e-06 1.66719556876097e-06
1.7201390009995887e-06 1.9211990606155743e-06
1.3170573558932115e-06 1.4675877527705882e-06
9.598022576180876e-06 1.0901201989936981e-05
1.7573749862176466e-06 1.9644571908088003e-06
1.6638864884219192e-06 1.8599211479945458e-06
1.2531628098206597e-06 1.3894833580811104e-06
1.1951890952180696e-06 1.3223882643630811e-06
9.13649307621435e-06 1.0369152153198627e-05
1.3139294071941167e-06 1.4630565966904298e-06
1.3550398234674843e-06 1.5199407716493772e-06
1.4346900257844435e-06 1.6272052376691665e-06
2.915132660100957e-05 3.258110667988869e-05
1.3828147919818746e-06 1.574709029861771e-06
1.0210292115283821e-06 1.414117787457233e-06
1.4062539394430383e-06 1.9551159246596463e-06
1.4062539394430383e-06 1.9551159246596463e-06
1.4062539394430383e-06 1.9551159246596463e-06
1.4062539394430383e-06 1.9551159246596463e-06
1.4062539394430383e-06 1.9551159246596463e-06
1.139980400504215e-06 1.6191051814556867e-06
1.0563238544095483e-06 1.4663399851487775e-06
1.0563238544095483e-06 1.4663399851487775e-06
1.077297491084297e-06 1.4910528775728285e-06
1.365072459933311e-06 1.9035481427631805e-06
1.0614515515374482e-06 1.4728794223324081e-06
1.1722114255020161e-06 1.6671564374341441e-06
1.3637147237302418e-06 1.921165446842004e-06
1.0484873042238008e-06 1.4676836379582661e-06
7.677302214274603e-06 1.0901629552150934e-05
1.4122350707277963e-06 1.9645724670851674e-06
1.3298445039972415e-06 1.8600049404436302e-06
9.953493966663465e-07 1.3893823531296814e-06
9.478535303518234e-07 1.3224842139177859e-06
7.357651137412663e-06 1.0368852362366372e-05
1.056558598614161e-06 1.462997785168643e-06
1.0949282794369264e-06 1.5199286185572188e-06
1.1513846448401759e-06 1.6272845816980072e-06
2.3327842575349717e-05 3.2582111524000376e-05
1.111392580829085e-06 1.5745815138155361e-06
1.02172560198413e-06 1.4141095931033987e-06
1.4084083314681002e-06 1.95508093047022e-06
1.4084083314681002e-06 1.95508093047022e-06
1.4084083314681002e-06 1.95508093047022e-06
1.4084083314681002e-06 1.95508093047022e-06
1.4084083314681002e-06 1.95508093047022e-06
1.1557677019248425e-06 1.6191131077091996e-06
1.0709395726433617e-06 1.4663435992195509e-06
1.0709395726433617e-06 1.4663435992195509e-06
1.0783672672098129e-06 1.4910611901955052e-06
1.3666012627346788e-06 1.9035256803047142e-06
1.0626544898013651e-06 1.472851297442111e-06
1.1858128419990862e-06 1.667148019784236e-06
1.3625617384734692e-06 1.9211654603610236e-06
1.0567625754062646e-06 1.4676672282586115e-06
7.783047662951366e-06 1.0901650428833925e-05
1.4141771520977854e-06 1.964593396068213e-06
1.3308821353637487e-06 1.8599718443437161e-06
9.95602983536054e-07 1.3893909461414917e-06
9.609403381318803e-07 1.3224835620639221e-06
7.45972014085677e-06 1.0368834390105363e-05
1.0662168806790283e-06 1.4629791899549346e-06
1.0966057181178574e-06 1.5199014136895574e-06
1.156477063342388e-06 1.6272674654444614e-06
2.3650819425044358e-05 3.2582098147760156e-05
1.1268073093364727e-06 1.5745950929172976e-06
1.0210745871259653e-06 1.4141114971050476e-06
1.4062995651694494e-06 1.9550955084526357e-06
1.4062995651694494e-06 1.9550955084526357e-06
1.4062995651694494e-06 1.9550955084526357e-06
1.4062995651694494e-06 1.9550955084526357e-06
1.4062995651694494e-06 1.9550955084526357e-06
1.1398765661119894e-06 1.619114482653146e-06
1.0562322574921718e-06 1.4663298911221612e-06
1.0562322574921718e-06 1.4663298911221612e-06
1.0773406390670545e-06 1.4910772937508366e-06
1.3651246885273198e-06 1.9035344215875752e-06
1.0614919633492572e-06 1.4728686691906922e-06
1.1721035126745501e-06 1.6671637917958537e-06
1.3637667959055865e-06 1.921191178027186e-06
1.0483969487239342e-06 1.467673452563517e-06
7.676613525339142e-06 1.090172912813211e-05
1.4122840163475804e-06 1.9645976696775985e-06
1.3299017602044198e-06 1.8599954714518615e-06
9.953996334654491e-07 1.3893797747969827e-06
9.477115429131019e-07 1.3224881613035804e-06
7.356548969190934e-06 1.0368761796319595e-05
1.056466863793159e-06 1.4629882471503977e-06
1.0949638042427356e-06 1.5199127467733893e-06
1.151278870795753e-06 1.6272590346376527e-06
2.3325726108549587e-05 3.25816576039956e-05
1.1112260954166106e-06 1.5745930136222167e-06
1.0219064299115667e-06 1.414096128561822e-06
1.4072291510819223e-06 1.9551031716370843e-06
1.4072291510819223e-06 1.9551031716370843e-06
1.4072291510819223e-06 1.9551031716370843e-06
1.4072291510819223e-06 1.9551031716370843e-06
1.4072291510819223e-06 1.9551031716370843e-06
1.1381357063536336e-06 1.6190997268172031e-06
1.0546306664558768e-06 1.4663426074535374e-06
1.0546306664558768e-06 1.4663426074535374e-06
1.0781577546419592e-06 1.491074729030656e-06
1.366128751910821e-06 1.9035601441002132e-06
1.062270139293531e-06 1.4728666088259193e-06
1.170310583002115e-06 1.6671437143989695e-06
1.3648111766807552e-06 1.9211900255770853e-06
1.0468086408385523e-06 1.4676595394601873e-06
7.664915967280642e-06 1.0901675734034455e-05
1.4132575985331312e-06 1.964586381848061e-06
1.3309615828359788e-06 1.859987889169849e-06
9.96287446968424e-07 1.3894007015270903e-06
9.461583142672078e-07 1.3224612459577581e-06
7.344235655662951e-06 1.036885897556462e-05
1.0548646236572486e-06 1.462989116707825e-06
1.0956875923688943e-06 1.5199187042172448e-06
1.149551643922593e-06 1.627284236967177e-06
2.329012303693459e-05 3.258154929906644e-05
1.109399215853049e-06 1.5745945878584131e-06
1.0294881202003709e-06 1.4140873395563917e-06
1.410990788047006e-06 1.9551125113589864e-06
1.410990788047006e-06 1.9551125113589864e-06
1.410990788047006e-06 1.9551125113589864e-06
1.410990788047006e-06 1.9551125113589864e-06
1.410990788047006e-06 1.9551125113589864e-06
1.1579906192389284e-06 1.6191139419357416e-06
1.0726320854544585e-06 1.466324033985366e-06
1.0726320854544585e-06 1.466324033985366e-06
1.0864192442969634e-06 1.4910471722404716e-06
1.3768435395997245e-06 1.9035231679424626e-06
1.0706218914471193e-06 1.4728641709275303e-06
1.1908054166412751e-06 1.6671516167684727e-06
1.3729428031071642e-06 1.9211628185795886e-06
1.0647947377412972e-06 1.4676564155711079e-06
7.84021319916299e-06 1.0901708135816649e-05
1.4242321654981362e-06 1.9646006585115167e-06
1.3410202785590687e-06 1.8599809589099285e-06
1.0031478216685003e-06 1.3893967692774937e-06
9.68068077412628e-07 1.322477842641416e-06
7.470325159105069e-06 1.0368656804018025e-05
1.0741841925750986e-06 1.4630041224857837e-06
1.0986164536325128e-06 1.5199259650197525e-06
1.16492938529924e-06 1.6272680682516284e-06
2.382222787433014e-05 3.258147549148367e-05
1.1288266353509554e-06 1.5745988202644944e-06
1.0206778469203224e-06 1.4141031993835342e-06
1.4054395653139707e-06 1.9550846318177904e-06
1.4054395653139707e-06 1.9550846318177904e-06
1.4054395653139707e-06 1.9550846318177904e-06
1.4054395653139707e-06 1.9550846318177904e-06
1.4054395653139707e-06 1.9550846318177904e-06
1.1354840643138456e-06 1.6190966275625292e-06
1.0521735754464194e-06 1.4663319307657458e-06
1.0521735754464194e-06 1.4663319307657458e-06
1.0768341462872638e-06 1.4910715732278975e-06
1.36443744345182e-06 1.9035524058872417e-06
1.0609538577067686e-06 1.472876442012033e-06
1.1675839795538853e-06 1.6671601672870458e-06
1.3633336223076904e-06 1.9211926397410937e-06
1.0443697736769606e-06 1.4676718141481551e-06
7.647058155337108e-06 1.090166346851209e-05
1.4114784617732302e-06 1.964601838408405e-06
1.3293507576873799e-06 1.859975488879966e-06
9.951244450113323e-07 1.3893955823959094e-06
9.439539434277726e-07 1.3224766122035178e-06
7.327124968505039e-06 1.0368837635317188e-05
1.0524069875715343e-06 1.4629808623477816e-06
1.0942941967588638e-06 1.5199042911578595e-06
1.1468734048963363e-06 1.6272849703785576e-06
2.323586143261815e-05 3.258163658529797e-05
1.1068145244289581e-06 1.5746059250332995e-06
9.259305982171759e-07 1.4141222861703022e-06
1.2743403598100496e-06 1.955083629936612e-06
1.2743403598100496e-06 1.955083629936612e-06
1.2743403598100496e-06 1.955083629936612e-06
1.2743403598100496e-06 1.955083629936612e-06
1.2743403598100496e-06 1.955083629936612e-06
1.0251788556566534e-06 1.619113159846784e-06
9.498669180765329e-07 1.4663207893242798e-06
9.498669180765329e-07 1.4663207893242798e-06
9.783111774532416e-07 1.4910470094954221e-06
1.2399746382941816e-06 1.9035397701019878e-06
9.64111890502251e-07 1.4728470048899607e-06
1.0572592229520224e-06 1.6671721806562468e-06
1.235977864731931e-06 1.9211967503793854e-06
9.463993438983952e-07 1.4676749255188597e-06
6.927201070665913e-06 1.0901758354035194e-05
1.2819232502139298e-06 1.964600742826718e-06
1.2067461654549262e-06 1.8599785193072556e-06
9.025203622298388e-07 1.3893970992310818e-06
8.504638129916699e-07 1.3224813172256893e-06
6.596435809168257e-06 1.0368897410203028e-05
9.55523656970311e-07 1.463002309212554e-06
9.92218587587729e-07 1.5199035122844147e-06
1.0399563375634737e-06 1.6272695217779137e-06
2.103431200133599e-05 3.258137412738595e-05
9.97393737785468e-07 1.5745871399017324e-06
1.0258980720510937e-06 1.4141050582225332e-06
1.408876141125543e-06 1.955076540178841e-06
1.408876141125543e-06 1.955076540178841e-06
1.408876141125543e-06 1.955076540178841e-06
1.408876141125543e-06 1.955076540178841e-06
1.408876141125543e-06 1.955076540178841e-06
1.1393344607684667e-06 1.6191111122256584e-06
1.0557008799318582e-06 1.466332621804676e-06
1.0557008799318582e-06 1.466332621804676e-06
1.0821899397948765e-06 1.4910620678702598e-06
1.3712538207373044e-06 1.903549830157459e-06
1.066256575513368e-06 1.4728592039727621e-06
1.1726380425996393e-06 1.6671635027246658e-06
1.37006063430466e-06 1.9211933456330265e-06
1.0508139227514466e-06 1.4676835533724373e-06
7.692186459740328e-06 1.0901618318298963e-05
1.4182440901396333e-06 1.964593577345218e-06
1.336170562460057e-06 1.8600044587971512e-06
1.0001459860480256e-06 1.389394964466038e-06
9.497715629014762e-07 1.3224635985355697e-06
7.350732978286912e-06 1.036887057847469e-05
1.0588129411174275e-06 1.4629768657228563e-06
1.0969699610251738e-06 1.5198980006287636e-06
1.1535664464593188e-06 1.6272671480376041e-06
2.337078256988012e-05 3.258162110420554e-05
1.1104993025108962e-06 1.5745967592338503e-06
1.0225422564708632e-06 1.4141042466787242e-06
1.4061146023193528e-06 1.9551060849856077e-06
1.4061146023193528e-06 1.9551060849856077e-06
1.4061146023193528e-06 1.9551060849856077e-06
1.4061146023193528e-06 1.9551060849856077e-06
1.4061146023193528e-06 1.9551060849856077e-06
1.1357357228937557e-06 1.619097203464851e-06
1.0524506611778879e-06 1.4663238400253362e-06
1.0524506611778879e-06 1.4663238400253362e-06
1.0786164873688872e-06 1.4910713800897465e-06
1.3667083863085848e-06 1.9035191543949216e-06
1.0627207167711e-06 1.4728648379938108e-06
1.1682274793933385e-06 1.6671570197226181e-06
1.3657315142153089e-06 1.9211915153031753e-06
1.0460559905339266e-06 1.467672183639881e-06
7.657533908539655e-06 1.0901596302168394e-05
1.4136804252361817e-06 1.964563384036736e-06
1.3317866424271254e-06 1.860010407342521e-06
9.969172970200316e-07 1.3894029672224394e-06
9.454829195989628e-07 1.3224598643741545e-06
7.328253833555393e-06 1.0368675269148218e-05
1.0540174363038715e-06 1.4629847532700547e-06
1.0948197896735773e-06 1.5199209690864228e-06
1.14836353401286e-06 1.6272813247034525e-06
2.3265440260837147e-05 3.25818387989775e-05
1.1070178533693813e-06 1.5745836745932356e-06