1.730945844458712e-07 2.4938917405331173e-07
3.678186374849352e-05 5.884081727149034e-05
3.678186374849352e-05 5.884081727149034e-05
3.678186374849352e-05 5.884081727149034e-05
3.678186374849352e-05 5.884081727149034e-05
1.3363258331993735e-07 1.8031259758571987e-07
2.266205056258134e-05 3.678006631555135e-05
1.3611200457950027e-07 1.8293908150210064e-07
3.6579184581988796e-05 5.9102867946463505e-05
2.848932806648142e-05 4.5478620005142754e-05
1.9029324537719606e-07 2.6093038610837783e-07
2.4216453255329147e-07 3.3120271951519976e-07
1.8914220767496532e-07 2.565606593461712e-07
0.00019845149275090325 0.00032099346469884743
0.00019845149275090325 0.00032099346469884743
1.733606448488903e-07 2.3373184259999137e-07
1.733606448488903e-07 2.3373184259999137e-07
2.3962982818377454e-07 3.3484192367848587e-07
2.8613694082581213e-05 4.5616723004056505e-05
2.8613694082581213e-05 4.5616723004056505e-05
2.8476014217790614e-05 4.5606910975025114e-05
2.8476014217790614e-05 4.5606910975025114e-05
0.0001565745388428378 0.00025463849910638465
1.7371910343776767e-07 2.5189459623688474e-07
2.8503045088039088e-05 4.536056129882702e-05
1.3317077569725063e-07 1.7798507679459086e-07
0.0005919761661718404 0.0009329972396542863
0.0005919761661718404 0.0009329972396542863
2.8474651648606646e-05 4.5542131612100537e-05
2.898920987364482e-05 4.729312424719799e-05
3.206445070488082e-06 4.674029926138216e-06
3.5568418613617204e-07 3.880627807716369e-07
2.2565586606352623e-05 3.682739317275603e-05
2.2565586606352623e-05 3.682739317275603e-05
3.1999402280417023e-06 4.668534379698481e-06
1.7142299047738618e-07 2.3074413021546492e-07
2.850178608295243e-05 4.549980166737781e-05
2.8767996859689942e-05 4.6093687283761736e-05
2.860780990061031e-05 4.600020691434834e-05
2.27191233572052e-05 3.6888523507683936e-05
2.27191233572052e-05 3.6888523507683936e-05
2.27191233572052e-05 3.6888523507683936e-05
4.173919864540893e-06 6.002512810326673e-06
2.8480647266592014e-05 4.5528682559984914e-05
3.692286480564021e-05 5.870730735497104e-05
3.647311695194385e-05 5.859828685237954e-05
2.8935264895623818e-05 4.630423490885152e-05
1.3270439460646614e-06 1.8029859537711628e-06
1.737584437685989e-07 2.479789017818049e-07
1.9089024245039282e-07 2.5901508855305097e-07
2.859593901742743e-05 4.5723147762376854e-05
2.8161692643677653e-05 4.519507593512153e-05
2.924387361863892e-05 4.6447366816840064e-05
2.2440887900357014e-05 3.638199733667486e-05
3.678481364500806e-05 5.89163153291736e-05