2.514125171328788e-05 4.553029851576439e-05
2.514125171328788e-05 4.553029851576439e-05
2.514125171328788e-05 4.553029851576439e-05
2.514125171328788e-05 4.553029851576439e-05
2.514125171328788e-05 4.553029851576439e-05
2.514125171328788e-05 4.553029851576439e-05
2.514125171328788e-05 4.553029851576439e-05
2.514125171328788e-05 4.553029851576439e-05
2.514125171328788e-05 4.553029851576439e-05
2.514125171328788e-05 4.553029851576439e-05
2.514125171328788e-05 4.553029851576439e-05
2.514125171328788e-05 4.553029851576439e-05
2.514125171328788e-05 4.553029851576439e-05
2.514125171328788e-05 4.553029851576439e-05
2.514125171328788e-05 4.553029851576439e-05
2.514125171328788e-05 4.553029851576439e-05
2.514125171328788e-05 4.553029851576439e-05
2.514125171328788e-05 4.553029851576439e-05
2.514125171328788e-05 4.553029851576439e-05
2.514125171328788e-05 4.553029851576439e-05
2.514125171328788e-05 4.553029851576439e-05
2.805717727545009e-05 4.5530318424753585e-05
2.792712522731551e-05 4.553031727871131e-05
2.748929585156305e-05 4.5530309049140465e-05
2.5019068683544612e-05 4.5530305198972986e-05
2.5019068683544612e-05 4.5530305198972986e-05
2.8056642623629413e-05 4.553030172810036e-05
2.8552478731111916e-05 4.5530313326267946e-05
2.514282193625244e-05 4.553029940688784e-05
2.787082666140077e-05 4.553030665257695e-05
3.192462658647583e-05 4.553040918093574e-05
3.192462658647583e-05 4.553040918093574e-05
2.4664939785977127e-05 4.5530295504698225e-05
2.508932813689028e-05 4.553033264678937e-05
2.806545384605577e-05 4.5530312336797355e-05
2.806545384605577e-05 4.5530312336797355e-05
2.833819244847657e-05 4.553032012420234e-05
3.2040215872296755e-05 4.553042345764666e-05
3.2040215872296755e-05 4.553042345764666e-05
2.8097077348296475e-05 4.5530322865217796e-05
2.8530995256280225e-05 4.5530310421868474e-05
2.7996150115234575e-05 4.5530328510403036e-05
4.0013353747569504e-05 4.553062564227936e-05
4.0013353747569504e-05 4.553062564227936e-05
4.0013353747569504e-05 4.553062564227936e-05
2.8507249575013318e-05 4.5530316211490544e-05
2.511287919576544e-05 4.5530318810335085e-05
2.8173694871878885e-05 4.553031511621484e-05
2.494157053272705e-05 4.553029670047611e-05
2.8168872407254492e-05 4.553029817966314e-05
2.832188117777784e-05 4.5530313760483536e-05
2.517908762872331e-05 4.553031368514847e-05
2.8126498317965174e-05 4.55303088057029e-05
2.7997806364943588e-05 4.553031565494705e-05
2.8154806708205447e-05 4.553031932662837e-05
2.7886326768431256e-05 4.5530322865217796e-05
2.4699244233709075e-05 4.5530300495849327e-05
2.8141577789721508e-05 4.553031092721695e-05
2.517541281493101e-05 4.553029731966718e-05
2.5155744826683225e-05 4.553031971694095e-05
2.8648805340651494e-05 4.55303282519951e-05
3.135729921426414e-05 4.5530230793306164e-05
2.85218733168907e-05 4.553032808763472e-05
2.8653289416189156e-05 4.553032752434785e-05
2.8521302831556774e-05 4.5530297848304274e-05
2.8498379265493327e-05 4.553031079522607e-05
2.795662379314054e-05 4.553031705694458e-05
2.847682303993121e-05 4.553031072908288e-05
2.4995863904587844e-05 4.553029147352188e-05
2.8096109824423827e-05 4.553030368385359e-05
2.8181077099150574e-05 4.553031517017131e-05