0.00031864873954427385 0.0003598900017694272
0.00031864873954427385 0.0003598900017694272
0.00031864873954427385 0.0003598900017694272
0.00031864873954427385 0.0003598900017694272
0.00031864873954427385 0.0003598900017694272
0.00031864873954427385 0.0003598900017694272
0.00031864873954427385 0.0003598900017694272
0.00031864873954427385 0.0003598900017694272
0.00031864873954427385 0.0003598900017694272
0.00031864873954427385 0.0003598900017694272
0.00031864873954427385 0.0003598900017694272
0.00031864873954427385 0.0003598900017694272
0.00031864873954427385 0.0003598900017694272
0.00031864873954427385 0.0003598900017694272
0.00031864873954427385 0.0003598900017694272
0.00031864873954427385 0.0003598900017694272
0.00031864873954427385 0.0003598900017694272
0.00031864873954427385 0.0003598900017694272
0.00031864873954427385 0.0003598900017694272
0.00031864873954427385 0.0003598900017694272
0.00031864873954427385 0.0003598900017694272
0.00036397643350669697 0.00035989000256837794
0.0003644607509234423 0.0003598899996381826
0.0003626166363199691 0.00035988998875334044
0.000318958925008183 0.0003598899873008455
0.000318958925008183 0.0003598899873008455
0.00036411453012173445 0.00035988998185590475
0.00036223682346229195 0.00035988998522425787
0.00031866478488771333 0.00035988998683567807
0.00036464817550592665 0.00035988999939120213
0.0005056638314722985 0.00035988990711770025
0.0005056638314722985 0.00035988990711770025
0.00031945853416393065 0.0003598900023536879
0.00031884063837309617 0.00035988997413407837
0.00036407846086750165 0.00035988999338453556
0.00036407846086750165 0.00035988999338453556
0.00036339767791506084 0.00035988997438185066
0.000505294001706686 0.00035989003975114397
0.000505294001706686 0.00035989003975114397
0.00036403868381699415 0.0003598899841477187
0.0003628456731261868 0.0003598899926952072
0.0003642192487100517 0.00035988999003616916
0.0005406807769820625 0.0003598899018159299
0.0005406807769820625 0.0003598899018159299
0.0005406807769820625 0.0003598899018159299
0.00036304254549560653 0.00035988997373537104
0.0003187722297534731 0.0003598899753292431
0.00036368581380866676 0.00035988999128619295
0.0003193430017955948 0.00035988998404625346
0.00036373897477507506 0.0003598899855314433
0.0003634665431488991 0.00035988998075730925
0.0003184017037458286 0.0003598899897558848
0.0003638273335202255 0.000359889985782537
0.00036427443099853394 0.00035988998200017633
0.0003637698666850772 0.0003598899765321764
0.0003646082346336876 0.0003598899841477187
0.00031961131950388957 0.0003598899789982904
0.00036375666053226264 0.0003598899947344369
0.00031858711879813247 0.0003598899916545154
0.0003187610665566057 0.00035989000332163043
0.00036178011187702394 0.0003598899841101306
0.000507527388870093 0.0003598899318205767
0.00036286561618821994 0.00035988998502803495
0.0003616612167611441 0.00035988998509341646
0.00036298918959666777 0.0003598900041806268
0.00036311320525012736 0.0003598899965533639
0.00036348934233817326 0.00035988999115152924
0.0003630933950338661 0.0003598899885125695
0.0003189897401915675 0.00035988997238525376
0.0003640509161182233 0.00035989000392869393
0.000363688255949932 0.0003598899794063264