1.512420102965753e-05 1.971316589887158e-06
0.0004691574365933427 0.00046510160392355764
0.0004691574365933427 0.00046510160392355764
0.0004691574365933427 0.00046510160392355764
0.0004691574365933427 0.00046510160392355764
1.1881802847832186e-05 1.4252819808050534e-06
1.2102258023141627e-05 1.4459621778775241e-06
0.0004678289894923049 0.0004671728580824863
0.00036461247911769213 0.0003594812807966059
1.703779974428116e-05 2.062600667371161e-06
2.1617183733835238e-05 2.618098924939444e-06
1.6819275697132796e-05 2.02804617619246e-06
0.00253360876537572 0.002537262134159522
0.00253360876537572 0.002537262134159522
1.541418232360289e-05 1.847534715037091e-06
1.541418232360289e-05 1.847534715037091e-06
2.1497051428385416e-05 2.646747409045659e-06
0.00036494184330129606 0.00036057303647434713
0.00036494184330129606 0.00036057303647434713
0.0003635223173056744 0.00036049549068317097
0.0003635223173056744 0.00036049549068317097
1.5221556712512013e-05 1.990949582655922e-06
0.00036481245096012173 0.0003585481899432078
1.1840741700991576e-05 1.4069883579106661e-06
0.007566634213090824 0.0073747872274611895
0.007566634213090824 0.0073747872274611895
0.00036387798283826176 0.0003599835068228815
0.00034766280598641226 3.6945385953388606e-05
0.0003469575103310391 3.6901946975151565e-05
1.5241897790463756e-05 1.8239183250426577e-06
0.00036430958209702764 0.00035964881987532004
0.0003672779075413626 0.0003643431416231535
0.00036489632095028607 0.00036360422932203517
0.0004525757685107702 4.744643425070483e-05
0.00036417002941729036 0.0003598771339565023
0.0004713540762079258 0.0004640463280489995
0.0004680586639794536 0.00046318442562269584
0.0003697641661447884 0.00036600748083583275
0.000117864512856172 1.4252374425829692e-05
1.5190541026700891e-05 1.960193710618392e-06
1.704010657769797e-05 2.0474478092426434e-06
0.0003646306568200233 0.0003614143581294686
0.00036161047349761693 0.0003572401986792135
0.0003737322103657807 0.0003671387863996554
0.0004701042649384162 0.00046569845716549617