0.45851091589110204 0.45561885709315475
0.9868226493867965 0.9835609289379839
0.9736344263720971 0.9730799338957989
0.9996955727581108 0.9996303383491345
0.12880534052361486 0.06130947203618335
0.42667652431068975 0.19237627207097505
0.9977602852918153 0.9901822214490736
0.9988583978429155 0.9901930938505697
0.9984887361920501 0.9983691397755936
0.9689158041228146 0.9651104635991998
0.9519222405845003 0.95285726711316
0.9927807254066278 0.9929655562320605
0.9992171870922849 0.9992715490997651
0.9924980429677307 0.9900517526311211
0.9919000608854484 0.9916608680525354
0.14220013916673915 0.06450595807601983
0.4080194833434809 0.40521440375750195
0.4653061668261286 0.46164216752196224
0.9549556406018962 0.9495194398538749
0.017982952074454207 0.008121683917543707
0.45980473166913105 0.4569452900756719
0.9999130207880317 0.9999238931895277
0.13471992693746196 0.02831173349569453
0.1205966773941028 0.11709576411237714
0.1205966773941028 0.11709576411237714
0.10955031747412368 0.04894755153518309
0.9869966078107333 0.9783965382273636
0.045337914238497 0.02609376359050187
0.4646320779333739 0.4603918413499174
0.0566343393928851 0.012557623727929025
0.4666543446116378 0.46333826215534485
0.4666543446116378 0.46333826215534485
0.021320779333739236 0.016384709054535967
1.0 1.0
1.0 1.0
1.0 1.0
0.9947051404714273 0.9950313125163086
0.9947051404714273 0.9950313125163086
0.14401583021657824 0.06548447421066365
0.1343285204836044 0.13660085239627728
0.12553274767330608 0.057156214664695136
0.4586848743150387 0.45570583630512307
0.022157954248934505 0.01080716708706619
0.1118335217882926 0.050850221796990516
0.9804949117160998 0.9805601461250761
0.02867052274506393 0.014210228755327476
0.45646690440984605 0.45213968861442116
0.12559798208228234 0.028420457510654952
0.9992606766982691 0.9994128903192137
0.45442289292859006 0.45223754022788554
0.4476928764025398 0.09503566147690702
0.43590719318082977 0.19298512655475342
0.45348786639993044 0.20886970514047143
0.14110202661563886 0.02982299730364443
0.14247194920414022 0.06502783334782987
0.1295120466208576 0.06274462903366096
0.4534117595894581 0.4469535531008089
0.13776419935635384 0.06377750717578498
0.9957162738105593 0.9957815082195355
0.1325345742367574 0.13033834913455683
0.9889101504740367 0.9890297468904932
0.9889101504740367 0.9890297468904932
0.9663390449682526 0.965936766112899
0.5102091850047838 0.5131447334087154
0.1320670609724276 0.027800730625380535
0.4661107245368357 0.46275115247455856
0.45217230581890927 0.44891058537009654
0.9478016004175002 0.9464099330260067
0.46382752022266677 0.4606853961903105
0.4651865704096721 0.46205531877881184
0.4666543446116378 0.46333826215534485
0.4592284943898408 0.21146820909802558
0.44153909715577977 0.43853831434287205
0.134991736974863 0.06323388710098286
0.519211533443507 0.5235713664434201
0.1432873793163434 0.06470166130294859
0.14233060798469166 0.139090632338871
0.4567387144472471 0.20901104635992
0.9961076802644168 0.9960968078629208
0.45348786639993044 0.4485952857267113
0.46243585283117333 0.21271853527007045
0.13339349395494476 0.13171914412455424
0.00955684091502131 0.001967904670783683
0.1414173262590241 0.029899104114116726
0.13041445594502915 0.05952639819083239
0.9764068887535879 0.9766460815865008
0.1385252674610768 0.029855614508132556
0.9851809167608941 0.9844742106636514
0.46476254675132644 0.21387100982865095
0.13713360006958336 0.06449508567452379
0.4666543446116378 0.46336000695833696
0.4642841610855006 0.2121205531877881
0.9893885361398626 0.984376359050187