0.0005066432076485082 0.00044385121189232605
0.0005066432076485082 0.00044385121189232605
0.0005079743660052152 0.00044501048059468197
0.0005079743660052152 0.00044501048059468197
0.0005085669935009888 0.0004450104297285125
0.0005085669935009888 0.0004450104297285125
0.0005085669935009888 0.0004450104297285125
0.0005085669935009888 0.0004450104297285125
0.00050812354548529 0.0004450104891947739
0.00050812354548529 0.0004450104891947739
0.0005085511689634541 0.0004450104542298733
0.0005085511689634541 0.0004450104542298733
0.0005021725222294935 0.00044501045895093213
0.0005021725222294935 0.00044501045895093213
0.0005075331862530411 0.00044501036645089477
0.0005075331862530411 0.00044501036645089477
0.0005079964301521594 0.0004450104109538643
0.0005079964301521594 0.0004450104109538643
0.0005077343455934324 0.00044501045249236966
0.0005077343455934324 0.00044501045249236966
0.000507241113495965 0.00044501043951495245
0.000507241113495965 0.00044501043951495245
0.000505793447401968 0.0004450104024077718
0.000505793447401968 0.0004450104024077718
0.0005090097169067643 0.00044501038894224606
0.0005090097169067643 0.00044501038894224606
0.0005073715208939477 0.00044501044486064124
0.0005073715208939477 0.00044501044486064124
0.0005077814836712739 0.0004450104672142235
0.0005077814836712739 0.0004450104672142235
0.0005077882544761978 0.00044501041174817
0.0005077882544761978 0.00044501041174817
0.0005096204630667415 0.0004450104470539643
0.0005096204630667415 0.0004450104470539643
0.0005075969144162637 0.0004450103774186074
0.0005075969144162637 0.0004450103774186074
0.000509645164185752 0.00044501043773146503
0.000509645164185752 0.00044501043773146503
0.0005079473574072076 0.0004450103946529666
0.0005079473574072076 0.0004450103946529666
0.0005080054571491732 0.00044501043299359033
0.0005080054571491732 0.00044501043299359033
0.0005077381350121202 0.00044501046920405346
0.0005077381350121202 0.00044501046920405346
0.0005069160165603434 0.00044501046655730887
0.0005069160165603434 0.00044501046655730887
0.0005078408347085916 0.00044501039536399905
0.0005078408347085916 0.00044501039536399905
0.000508214997922737 0.0004450103626121566
0.000508214997922737 0.0004450103626121566
0.0005090526168680735 0.0004450104892910517
0.0005090526168680735 0.0004450104892910517
0.0005083133657181427 0.0004450104891947739
0.0005083133657181427 0.0004450104891947739
0.0005077422658028397 0.0004450104116615192
0.0005077422658028397 0.0004450104116615192
0.00050726460779508 0.0004450104420927113
0.00050726460779508 0.0004450104420927113
0.0005074928056894046 0.0004450104067880339
0.0005074928056894046 0.0004450104067880339
0.000509417603309063 0.00044501044514990784
0.000509417603309063 0.00044501044514990784
0.0005102163432043428 0.00044501046201698513
0.0005102163432043428 0.00044501046201698513
0.0005051965696388788 0.0004450103746017072
0.0005051965696388788 0.0004450103746017072
0.000507827233447676 0.00044501036285013527
0.000507827233447676 0.00044501036285013527