0.00012757446602211823 0.0004450104382517494
0.00012757446602211823 0.0004450104382517494
0.000507924133285084 0.00044501043103461915
0.000507924133285084 0.00044501043103461915
0.0005008483810247797 0.0004450103767856478
0.0005008483810247797 0.0004450103767856478
0.0005075493150365463 0.00044501037020912916
0.0005075493150365463 0.00044501037020912916
0.00018899998241745085 0.0004450105939075869
0.00018899998241745085 0.0004450105939075869
0.00012012773597164541 0.00044501044120737404
0.00012012773597164541 0.00044501044120737404
0.0005076163245840081 0.000445010496007
0.0005076163245840081 0.000445010496007
0.0005077750078730636 0.000445010496007
0.0005077750078730636 0.000445010496007
0.0005070629899205924 0.0004450104580510581
0.0005070629899205924 0.0004450104580510581
0.0005107583388103679 0.00044501041758049305
0.0005107583388103679 0.00044501041758049305
0.0004942061741008 0.00044501043732888336
0.0004942061741008 0.00044501043732888336
0.0005055561341768977 0.0004450104403973954
0.0005055561341768977 0.0004450104403973954
0.0005079494234456662 0.00044501046671215213
0.0005079494234456662 0.00044501046671215213
0.000506993121170664 0.00044501041547008474
0.000506993121170664 0.00044501041547008474
0.0005024513366545164 0.0004450104881899983
0.0005024513366545164 0.0004450104881899983
0.00020057714554294755 0.0004450096833922201
0.00020057714554294755 0.0004450096833922201
0.0004958880179950165 0.00044501032519340353
0.0004958880179950165 0.00044501032519340353
0.00013052911182601112 0.00044501056784840417
0.00013052911182601112 0.00044501056784840417
0.0005054083228761191 0.00044501043446450113
0.0005054083228761191 0.00044501043446450113
0.00017292636798431273 0.000445018035279898
0.00017292636798431273 0.000445018035279898
0.00013200113100744957 0.00044501028711472975
0.00013200113100744957 0.00044501028711472975
0.0005076822764462138 0.000445010466332938
0.0005076822764462138 0.000445010466332938
0.00019243228940986763 0.00044500961593142816
0.00019243228940986763 0.00044500961593142816
0.00017393669600724028 0.00044501010696764386
0.00017393669600724028 0.00044501010696764386
0.00017393669600724028 0.00044501010696764386
0.00017393669600724028 0.00044501010696764386
0.00016329043251949173 0.0004450113980589647
0.00016329043251949173 0.0004450113980589647
0.0005066751210558393 0.0004450104652797206
0.0005066751210558393 0.0004450104652797206
0.0001889160047398832 0.00044500805698687506
0.0001889160047398832 0.00044500805698687506
0.0001313309499806851 0.000445010283647245
0.0001313309499806851 0.000445010283647245
0.00018002669922817638 0.0004450091220888578
0.00018002669922817638 0.0004450091220888578
0.00013207072952619846 0.0004450104228429741
0.00013207072952619846 0.0004450104228429741
0.00013207072952619846 0.0004450104228429741
0.00013207072952619846 0.0004450104228429741
0.00011628619037276152 0.000445009865356986
0.00011628619037276152 0.000445009865356986
0.0005076483305379371 0.000445010466332938
0.0005076483305379371 0.000445010466332938
0.0005076483305379371 0.000445010466332938
0.0005076483305379371 0.000445010466332938
0.0005076483305379371 0.000445010466332938
0.0005076483305379371 0.000445010466332938
0.0005059757718675834 0.00044501036852242186
0.0005059757718675834 0.00044501036852242186
0.0005059757718675834 0.00044501036852242186
0.0005059757718675834 0.00044501036852242186
0.00020565159774507016 0.0004450114063584505
0.00020565159774507016 0.0004450114063584505
0.0001861023825835554 0.00044501043288704665
0.0001861023825835554 0.00044501043288704665
0.00017761840305101598 0.00044501126850287714
0.00017761840305101598 0.00044501126850287714
0.00012769676905240371 0.0004450105308354586
0.00012769676905240371 0.0004450105308354586
0.00013588851925622168 0.00044500964965329845
0.00013588851925622168 0.00044500964965329845
0.00016612946278981645 0.0004450102333491313
0.00016612946278981645 0.0004450102333491313
0.0005008532778985565 0.00044501036173442775
0.0005008532778985565 0.00044501036173442775
0.0001740252976952661 0.00044500665227080677
0.0001740252976952661 0.00044500665227080677
0.00012720910683953742 0.00044501044765825787
0.00012720910683953742 0.00044501044765825787
0.00018996816820635913 0.0004450101965216965
0.00018996816820635913 0.0004450101965216965
0.0005072536503359019 0.0004450104527840505
0.0005072536503359019 0.0004450104527840505
0.00013159648375101499 0.00044501044225077417
0.00013159648375101499 0.00044501044225077417
0.00012442911669225767 0.0004450110519989347
0.00012442911669225767 0.0004450110519989347
0.00011797719642478193 0.0004450102688532152
0.00011797719642478193 0.0004450102688532152
0.0001278853334006128 0.0004450102371073857
0.0001278853334006128 0.0004450102371073857
0.00019822711138685198 0.00044501222943791203
0.00019822711138685198 0.00044501222943791203
0.00020613216596986368 0.00044501069623301056
0.00020613216596986368 0.00044501069623301056
0.00018605211306124816 0.00044501069004910534
0.00018605211306124816 0.00044501069004910534
0.00012682182298699132 0.00044501043398157157
0.00012682182298699132 0.00044501043398157157
0.00019653050812109537 0.000445009865356986
0.00019653050812109537 0.000445009865356986
0.0005089720536122647 0.0004450104382125294
0.0005089720536122647 0.0004450104382125294
0.0001833819508522893 0.0004450100282603745
0.0001833819508522893 0.0004450100282603745
0.0005117640195831798 0.00044501037568126975
0.0005117640195831798 0.00044501037568126975
0.0005117640195831798 0.00044501037568126975
0.0005117640195831798 0.00044501037568126975
0.0005076779421564654 0.0004450103876701209
0.0005076779421564654 0.0004450103876701209
0.000819061782323237 0.000445010405361398
0.000819061782323237 0.000445010405361398
0.00018708488257411865 0.0004450115641720233
0.00018708488257411865 0.0004450115641720233
0.00013146292251630716 0.00044501046954744283
0.00013146292251630716 0.00044501046954744283
0.00012802855392948757 0.00044501056663185214
0.00012802855392948757 0.00044501056663185214
0.0005048641695674397 0.0004450104860861299
0.0005048641695674397 0.0004450104860861299
0.00013048346754827373 0.00044501051820533674
0.00013048346754827373 0.00044501051820533674
0.0001319819567206672 0.00044501037383332185
0.0001319819567206672 0.00044501037383332185
0.00013207072952619846 0.0004450104228429741
0.00013207072952619846 0.0004450104228429741
0.00012758711487853878 0.000445010176736413
0.00012758711487853878 0.000445010176736413
0.00012349279126843224 0.0004450105715353716
0.00012349279126843224 0.0004450105715353716
0.0001953017327246223 0.00044500971649839155
0.0001953017327246223 0.00044500971649839155
0.0008170106363464218 0.0004450105426702394
0.0008170106363464218 0.0004450105426702394
0.00020608323818043954 0.0004450101916835219
0.00020608323818043954 0.0004450101916835219
0.00020352818131332052 0.0004450108603772222
0.00020352818131332052 0.0004450108603772222
0.00012852826246247535 0.00044501022556032874
0.00012852826246247535 0.00044501022556032874
0.0005064658154479574 0.00044501037000683775
0.0005064658154479574 0.00044501037000683775
0.00013213053330048266 0.0004450103313662937
0.00013213053330048266 0.0004450103313662937
0.0001289399249030339 0.0004450107157376891
0.0001289399249030339 0.0004450107157376891
0.00018766920134205987 0.00044501079805414043
0.00018766920134205987 0.00044501079805414043
0.0001267577016915279 0.0004449997965770834
0.0001267577016915279 0.0004449997965770834
0.00020396545496871292 0.0004450112807062367
0.00020396545496871292 0.0004450112807062367
0.0001889127086109091 0.0004450097070002634
0.0001889127086109091 0.0004450097070002634
0.0004973268458221987 0.0004450104835960487
0.0004973268458221987 0.0004450104835960487
0.00019797094991863285 0.0004450119127326871
0.00019797094991863285 0.0004450119127326871
0.0005060101494201635 0.00044501047844582107
0.0005060101494201635 0.00044501047844582107
0.0001320270780593857 0.0004450101730597015
0.0001320270780593857 0.0004450101730597015
0.0001943820953221641 0.0004450101203655466
0.0001943820953221641 0.0004450101203655466
0.00013207072952619846 0.0004450104025455386
0.00013207072952619846 0.0004450104025455386
0.00013147804649142893 0.000445010241831822
0.00013147804649142893 0.000445010241831822
0.000508233397890384 0.0004450104830258617
0.000508233397890384 0.0004450104830258617