1.1821721823369728e-05 1.0872450112375918e-05
1.0749326545630955e-05 1.0872427642218329e-05
1.0928756212538065e-05 1.0872420862486758e-05
1.081968189704699e-05 1.0872428569260926e-05
1.3158892988768885e-05 1.0872861841977252e-05
1.0858827549354379e-05 1.0872354123766513e-05
1.087398898791998e-05 1.0872419631460585e-05
1.0872338234963567e-05 1.087242623840137e-05
1.069207649698183e-05 1.0872418183278806e-05
1.0918310594853359e-05 1.0872428682435936e-05
1.0903145928346867e-05 1.087241550851801e-05
1.02773674339605e-05 1.0872410210163154e-05
1.0862940936384124e-05 1.0872399787834211e-05
1.0888089957464968e-05 1.0872403339346248e-05
1.0772090958934122e-05 1.0872373341513839e-05
1.356736581712359e-05 1.0872680930478503e-05
1.2075904476119598e-05 1.0872463918781248e-05
9.19911652282182e-06 1.0872402418111612e-05
1.1474140156622013e-05 1.0875088662501184e-05
1.1313522271664924e-05 1.0872422137558653e-05
1.0870540099235342e-05 1.087241807662345e-05
1.2532101994160601e-05 1.0872673132282956e-05
1.3290120416714868e-05 1.0872200584802938e-05
1.3290120416714868e-05 1.0872200584802938e-05
1.2862287918722275e-05 1.0872652578442805e-05
1.0787562393559987e-05 1.0872375446833288e-05
1.2084832371112167e-05 1.0872455702311488e-05
1.242572943434532e-05 1.0873113767465621e-05
1.2120414330770652e-05 1.0872377831437805e-05
1.2120414330770652e-05 1.0872377831437805e-05
1.1035302567765994e-05 1.0872642431092392e-05
1.0872401496042445e-05 1.0872401496042445e-05
1.0872401496042445e-05 1.0872401496042445e-05
1.0872401496042445e-05 1.0872401496042445e-05
1.040177478582119e-05 1.087240570058876e-05
1.040177478582119e-05 1.087240570058876e-05
1.3686069560965536e-05 1.0872143097101416e-05
1.3241928565212058e-05 1.0872304884159906e-05
1.2567790879154711e-05 1.0872822748756431e-05
1.200340622149322e-05 1.0872428077978715e-05
1.2352435477737339e-05 1.0873883327502954e-05
1.3045336579974347e-05 1.0871852064158745e-05
1.0280375103512678e-05 1.0872430994973636e-05
1.3419130922647814e-05 1.087277932974473e-05
1.2060774156388332e-05 1.0872372742550147e-05
1.1059454083613903e-05 1.087277932974473e-05
1.0851169801685077e-05 1.087242247614295e-05
1.0741564240076272e-05 1.0872365021349242e-05
1.1989510927189864e-05 1.0872276152296285e-05
1.1271948252283264e-05 1.0872313425026796e-05
1.147524052968906e-05 1.0872391356049598e-05
1.3517346960594388e-05 1.087177917136734e-05
1.2820845556567424e-05 1.087271181034196e-05
1.3309116398929345e-05 1.0872697183588196e-05
1.1251965057073484e-05 1.0872368131574529e-05
1.2463446298292721e-05 1.0872657357753744e-05
1.0772213247104041e-05 1.0872420551736487e-05
1.3361396187305125e-05 1.0872580506268582e-05
1.0826546831343647e-05 1.087241221553167e-05
1.0826546831343647e-05 1.087241221553167e-05
1.0934902044175904e-05 1.0872426808471883e-05
1.0062581541663059e-05 1.0872438843241089e-05
1.3417668877478997e-05 1.0872835979466224e-05
1.2098016919587325e-05 1.0872423112554997e-05
1.1975162987765479e-05 1.0872351532311302e-05
9.780231963382587e-06 1.0872402591686065e-05
1.2077688374232004e-05 1.0872432910610163e-05
1.1807213640343898e-05 1.0872461928492875e-05
1.2120414330770652e-05 1.0872377831437805e-05
1.199843322216206e-05 1.0872411469745177e-05
1.1983555701730222e-05 1.0872341631734599e-05
1.2591889231963051e-05 1.0872418570004112e-05
1.0041644635445583e-05 1.0872388745260004e-05
1.3688608286857091e-05 1.0872572062374649e-05
1.3692099950857136e-05 1.087231509251716e-05
1.2062883261851816e-05 1.0872499848784154e-05
1.0500219628691137e-05 1.0872423156693064e-05
1.2124735732512953e-05 1.0872345699546636e-05
1.2035801920572053e-05 1.0872429561135472e-05
1.2584239135015551e-05 1.0872256865698918e-05
1.3693257137993733e-05 1.0871906280998206e-05
1.2609027625792015e-05 1.087331245387526e-05
1.1988778539636823e-05 1.0872664681745206e-05
1.0636634992973067e-05 1.0872382639168142e-05
1.2645779458385238e-05 1.0872437249646933e-05
1.086765549901062e-05 1.0872415606839361e-05
1.1739473105011861e-05 1.087246380201088e-05
1.3374064180811744e-05 1.0872579538161217e-05
1.2120414330770652e-05 1.0872406071257844e-05
1.2132849254202017e-05 1.0872497646103083e-05
1.072649274938366e-05 1.0872419158337944e-05