8.413674998403243e-06 8.40257211858743e-06
8.413674998403243e-06 8.40257211858743e-06
8.413674998403243e-06 8.40257211858743e-06
8.413674998403243e-06 8.40257211858743e-06
8.413674998403243e-06 8.40257211858743e-06
8.413674998403243e-06 8.40257211858743e-06
8.413674998403243e-06 8.40257211858743e-06
8.413674998403243e-06 8.40257211858743e-06
8.413674998403243e-06 8.40257211858743e-06
8.413674998403243e-06 8.40257211858743e-06
8.413674998403243e-06 8.40257211858743e-06
8.413674998403243e-06 8.40257211858743e-06
8.413674998403243e-06 8.40257211858743e-06
8.413674998403243e-06 8.40257211858743e-06
8.413674998403243e-06 8.40257211858743e-06
8.413674998403243e-06 8.40257211858743e-06
8.413674998403243e-06 8.40257211858743e-06
8.413674998403243e-06 8.40257211858743e-06
8.413674998403243e-06 8.40257211858743e-06
8.413674998403243e-06 8.40257211858743e-06
1.0872401496042445e-05 1.0872401496042445e-05
1.0872401496042445e-05 1.0872401496042445e-05
1.0872401496042445e-05 1.0872401496042445e-05
1.0872401496042445e-05 1.0872401496042445e-05
1.0872401496042445e-05 1.0872401496042445e-05
1.0872401496042445e-05 1.0872401496042445e-05
1.0872401496042445e-05 1.0872401496042445e-05
1.0872401496042445e-05 1.0872401496042445e-05
1.0872401496042445e-05 1.0872401496042445e-05
1.0872401496042445e-05 1.0872401496042445e-05
1.0872401496042445e-05 1.0872401496042445e-05
1.0872401496042445e-05 1.0872401496042445e-05
1.0872401496042445e-05 1.0872401496042445e-05
1.0872401496042445e-05 1.0872401496042445e-05
1.0872401496042445e-05 1.0872401496042445e-05
1.0872401496042445e-05 1.0872401496042445e-05
1.0872401496042445e-05 1.0872401496042445e-05
1.0872401496042445e-05 1.0872401496042445e-05
1.0872401496042445e-05 1.0872401496042445e-05
1.0872401496042445e-05 1.0872401496042445e-05
1.0872401496042445e-05 1.0872401496042445e-05
1.0872401496042445e-05 1.0872401496042445e-05
1.0872401496042445e-05 1.0872401496042445e-05
1.0872401496042445e-05 1.0872401496042445e-05
1.0872401496042445e-05 1.0872401496042445e-05
1.0872401496042445e-05 1.0872401496042445e-05
1.0872401496042445e-05 1.0872401496042445e-05
1.0872401496042445e-05 1.0872401496042445e-05
1.0872401496042445e-05 1.0872401496042445e-05
1.0872401496042445e-05 1.0872401496042445e-05
1.0872401496042445e-05 1.0872401496042445e-05
1.0872401496042445e-05 1.0872401496042445e-05
1.0872401496042445e-05 1.0872401496042445e-05
1.0872401496042445e-05 1.0872401496042445e-05
1.0872401496042445e-05 1.0872401496042445e-05
1.0872401496042445e-05 1.0872401496042445e-05
1.0872401496042445e-05 1.0872401496042445e-05
1.0872401496042445e-05 1.0872401496042445e-05
1.0872401496042445e-05 1.0872401496042445e-05
1.0872401496042445e-05 1.0872401496042445e-05
1.0872401496042445e-05 1.0872401496042445e-05
1.0872401496042445e-05 1.0872401496042445e-05
1.0872401496042445e-05 1.0872401496042445e-05
1.0872401496042445e-05 1.0872401496042445e-05
1.0872401496042445e-05 1.0872401496042445e-05
1.0872401496042445e-05 1.0872401496042445e-05
1.0872401496042445e-05 1.0872401496042445e-05
1.0872401496042445e-05 1.0872401496042445e-05
1.0872401496042445e-05 1.0872401496042445e-05
1.0872401496042445e-05 1.0872401496042445e-05
1.0872401496042445e-05 1.0872401496042445e-05