2.8967768998274505e-05 1.891154933607898e-05
1.8910448423148996e-05 1.891151738329697e-05
1.898830470514853e-05 1.891149832238776e-05
1.890591333230333e-05 1.8911515020166063e-05
3.2226285346616235e-05 1.8911271256542824e-05
2.8521471695250205e-05 1.8911515168281212e-05
1.8909387979372816e-05 1.891148648018345e-05
1.891026872662992e-05 1.8911530804511282e-05
1.8887284041798275e-05 1.891153870596774e-05
1.8943655143058603e-05 1.8911513721816726e-05
1.9028051750584268e-05 1.8911514413550662e-05
1.8827242952256455e-05 1.8911494655102343e-05
1.8907785907246918e-05 1.891150130395905e-05
1.892781882901083e-05 1.8911521534759043e-05
1.884634846838703e-05 1.891153014148723e-05
3.258185574407714e-05 1.891115447859908e-05
1.638339541735537e-05 1.8911550349905475e-05
2.9085901023468327e-05 1.8911523232235556e-05
1.862442905034792e-05 1.8911513497582006e-05
3.22059828761292e-05 1.89085228016087e-05
2.8982032244934385e-05 1.8911527758856164e-05
1.8909911471259645e-05 1.8911514893290977e-05
3.230973781573537e-05 1.8912062040023687e-05
3.200749257628201e-05 1.8911556352850266e-05
3.200749257628201e-05 1.8911556352850266e-05
3.169281408286495e-05 1.89111772461429e-05
1.8868059389406248e-05 1.891150314838416e-05
2.9319592431387498e-05 1.8910817245632655e-05
2.908782461864703e-05 1.8911534464069944e-05
3.218332208837127e-05 1.8909979037341992e-05
2.9119229599266818e-05 1.891149170407766e-05
2.9119229599266818e-05 1.891149170407766e-05
2.8866736594948852e-05 1.8912915825513656e-05
1.8911510239985204e-05 1.8911510239985204e-05
1.8911510239985204e-05 1.8911510239985204e-05
1.8911510239985204e-05 1.8911510239985204e-05
1.884437108617778e-05 1.8911537913383482e-05
1.884437108617778e-05 1.8911537913383482e-05
3.2676525144056614e-05 1.891147091728154e-05
3.2280364276321024e-05 1.891169168762565e-05
3.200456294335804e-05 1.8911487043380526e-05
2.8997987257726387e-05 1.8911498551790856e-05
3.069811050244432e-05 1.891386181753035e-05
3.1768621186120776e-05 1.8911355440949496e-05
1.8751176695930498e-05 1.8911504577009294e-05
3.3347671657319346e-05 1.8909944833484175e-05
2.8962337840314953e-05 1.891152737808656e-05
3.188364776900681e-05 1.8912139581027524e-05
1.8901220193807026e-05 1.891151049105698e-05
2.8866812891400166e-05 1.891157325754194e-05
2.8842789961909633e-05 1.89117878087694e-05
2.8784228385821188e-05 1.8911645484622833e-05
2.8875302292253845e-05 1.8911635877840877e-05
3.252774622455544e-05 1.891162509955819e-05
3.253107868580747e-05 1.891189996053834e-05
3.227101919049941e-05 1.8911156489293064e-05
2.887822314051295e-05 1.8911579055243444e-05
3.2337859611169497e-05 1.891198842555403e-05
1.889389285131519e-05 1.8911509730562076e-05
3.225042880363099e-05 1.8911561418469808e-05
1.889727404890166e-05 1.8911512644721896e-05
1.889727404890166e-05 1.8911512644721896e-05
1.896815567216915e-05 1.8911479869703668e-05
9.792397535162167e-06 1.8911533057472893e-05
3.2265882890416955e-05 1.8911913840470658e-05
2.910059912503452e-05 1.8911492222805185e-05
2.9000696810055572e-05 1.8911530575660375e-05
1.8669054529452612e-05 1.8911497825318297e-05
2.9083681456742376e-05 1.891153417629594e-05
2.9068974883072066e-05 1.8911487839439752e-05
2.9119229599266818e-05 1.891149170407766e-05
2.899313486992647e-05 1.8911388740402667e-05
2.8785227482623114e-05 1.891149375336936e-05
3.234356429377702e-05 1.891181353875148e-05
9.790921878594256e-06 1.8911506442210508e-05
3.268245013046175e-05 1.891179696290153e-05
3.267031549903971e-05 1.8911298772952016e-05
2.8988393989445297e-05 1.8911381283421254e-05
1.8860669543505466e-05 1.891153510735166e-05
2.9189458802895474e-05 1.891147424166077e-05
2.9037805288097168e-05 1.8911365221595285e-05
3.2170425238213435e-05 1.8911731790955706e-05
3.2790716807092716e-05 1.892282230249542e-05
3.2464927042669585e-05 1.891146918541428e-05
3.208837278481746e-05 1.8911897858147405e-05
1.8755388329191017e-05 1.891148497805093e-05
3.239929388154084e-05 1.891185664561953e-05
1.8919928048861016e-05 1.89115240201249e-05
2.905952755903652e-05 1.891153653031979e-05
3.2457907216220974e-05 1.8911441050454048e-05
2.9119229599266818e-05 1.891154652849786e-05
2.9112577585172085e-05 1.8911453145891208e-05
1.889343266240085e-05 1.8911502942068278e-05