2.6772286773852604e-06 2.715090745071774e-06
3.410184543318213e-06 3.4402758076209403e-06
1.912143415368189e-05 1.9024342372165533e-05
1.8472443791895013e-05 1.85029194962836e-05
1.739249743521451e-05 1.7351504107073244e-05
2.2243374043689777e-05 2.2425942522355518e-05
2.681049124327673e-06 2.7139905574941803e-06
4.215195747089743e-06 4.181162789810039e-06
3.4605952228556437e-06 3.518002289865737e-06
3.4605952228556437e-06 3.518002289865737e-06
1.8528166809263528e-05 1.8533764250943187e-05
4.0038436899423444e-05 4.044217907971539e-05
4.0038436899423444e-05 4.044217907971539e-05
4.0038436899423444e-05 4.044217907971539e-05
4.0038436899423444e-05 4.044217907971539e-05
4.0038436899423444e-05 4.044217907971539e-05
4.0038436899423444e-05 4.044217907971539e-05
2.4317969692306477e-05 2.4343932317649302e-05
2.4317969692306477e-05 2.4343932317649302e-05
3.766905184844441e-08 3.87028388724279e-08
4.198856781847621e-06 4.164997312800772e-06
1.7943775005152546e-05 1.8072328344377612e-05
3.0189905957914606e-05 2.9959545135518424e-05
3.0189905957914606e-05 2.9959545135518424e-05
3.0189905957914606e-05 2.9959545135518424e-05
5.529397424489901e-06 5.53994094268102e-06
2.693687050401973e-06 2.731167033049219e-06
2.693687050401973e-06 2.731167033049219e-06
6.564236082946328e-08 6.69931528784956e-08
0.00036894913280519065 0.00036550459415849926
1.7209961800582707e-05 1.7204013276781516e-05
2.4164772702038528e-05 2.4411871211789045e-05
1.880111775530137e-05 1.893520664141348e-05
2.4294611454219994e-05 2.435175139116004e-05
1.708526493706293e-05 1.7177971018952336e-05
5.46247496329714e-06 5.4906087252043795e-06
2.3951137992108884e-05 2.3972912298732395e-05
1.8931626932910936e-05 1.890880637626729e-05
1.8080282510830976e-05 1.8113351554402574e-05
1.899573318788397e-05 1.894480247680807e-05
5.313106851805633e-06 5.382311376829333e-06
2.4467284211095106e-05 2.441466876547679e-05
1.8802586649169327e-05 1.889836838990442e-05
2.4217084310685497e-05 2.4257154623487047e-05
7.075589772768377e-06 7.206707995370326e-06
1.8675382009290757e-05 1.869005810696598e-05
0.0001329867945735958 0.00013358714229401615
1.827295211445041e-05 1.824540813008665e-05