5.913219137860784e-07 5.946278274391018e-07
8.210300595215874e-07 8.221149413824493e-07
8.210300595215874e-07 8.221149413824493e-07
8.210300595215874e-07 8.221149413824493e-07
8.210300595215874e-07 8.221149413824493e-07
8.210300595215874e-07 8.221149413824493e-07
6.782146405934142e-07 6.808279809254336e-07
6.16381085993801e-07 6.165896985582467e-07
6.16381085993801e-07 6.165896985582467e-07
6.242207083043184e-07 6.269891775270688e-07
7.914159429685952e-07 8.004346938447612e-07
6.153361161901139e-07 6.193383265297472e-07
6.95710059371194e-07 7.010359816867004e-07
8.067546375875112e-07 8.078537086301902e-07
6.164390634084538e-07 6.171536055328282e-07
4.537277418051346e-06 4.584137189655631e-06
8.219189459872937e-07 8.261034209678254e-07
7.702393492522392e-07 7.821232638661798e-07
5.759768452187314e-07 5.84238372150072e-07
5.481074862523538e-07 5.560977985923006e-07
4.345829722491229e-06 4.36004508898451e-06
6.102828507591889e-07 6.151844025172538e-07
6.392650752637287e-07 6.391211955210288e-07
6.800246488613142e-07 6.84264653858866e-07
1.3791385155288475e-05 1.370059478222049e-05
6.623496779304338e-07 6.62113802203908e-07