1.4444705039245533e-06 6.92456938292776e-07
6.935253283155036e-07 6.924640540444583e-07
6.990114194643432e-07 6.924867939217185e-07
6.923318570163454e-07 6.925018351688624e-07
1.8266420473866057e-06 6.92843540225181e-07
1.3592721839806272e-06 6.925727188466322e-07
6.928620211171503e-07 6.924951563127699e-07
6.925998872173741e-07 6.924875526590782e-07
6.902950266813662e-07 6.925019574847995e-07
6.964929382412647e-07 6.925175559510002e-07
7.013911199744274e-07 6.92520131885579e-07
6.838342247715196e-07 6.925014020004657e-07
6.914772507992146e-07 6.925007937066262e-07
6.940845468622434e-07 6.925234106894783e-07
6.811084611391579e-07 6.924689942015138e-07
1.9655792507769416e-06 6.923549934385102e-07
3.3403054042606984e-07 6.925430180392063e-07
1.4724391368593149e-06 6.92474897582287e-07
6.677452371042025e-07 6.925239344297645e-07
1.8661086469959621e-06 6.912132624471092e-07
1.460483234331094e-06 6.924944443530916e-07
6.923060600327892e-07 6.924856738610889e-07
1.8779401370050393e-06 6.917972367855822e-07
1.7642576665271225e-06 6.92496852535219e-07
1.7642576665271225e-06 6.92496852535219e-07
1.6819476986235325e-06 6.91965582523962e-07
6.860721829714066e-07 6.924852503151958e-07
1.0923821683882348e-06 6.932293011292466e-07
1.4749780964175273e-06 6.924587358660421e-07
1.6399495770023208e-06 6.904352734937056e-07
1.4839577831226857e-06 6.924978525162337e-07
1.4839577831226857e-06 6.924978525162337e-07
1.4774198824819268e-06 6.928644686480446e-07
6.924953467144559e-07 6.924953467144559e-07
6.924953467144559e-07 6.924953467144559e-07
6.924953467144559e-07 6.924953467144559e-07
6.854585034924156e-07 6.92505525137968e-07
6.854585034924156e-07 6.92505525137968e-07
2.010963035905028e-06 6.924871238472691e-07
1.8592657704214707e-06 6.927041793057781e-07
1.7714060998769045e-06 6.92988301260698e-07
1.4494981977035417e-06 6.924616482839954e-07
1.5088663208904316e-06 6.926040335989143e-07
1.6972491005541896e-06 6.93060635930237e-07
6.708367964315447e-07 6.9248397649902e-07
1.6752157604472792e-06 6.935402236978875e-07
1.444242893904083e-06 6.925429662175072e-07
1.813196230601929e-06 6.935402236978875e-07
6.910726252010832e-07 6.924652696727728e-07
1.4460721905207784e-06 6.925310461161093e-07
1.4144482462300152e-06 6.924389580846713e-07
1.4255030085085737e-06 6.926502072011542e-07
1.4311727203266848e-06 6.925337312791226e-07
1.9433009758248715e-06 6.922968268031146e-07
1.9723367447184894e-06 6.92553853292183e-07
1.864836748087661e-06 6.929020697596208e-07
1.4301748203755418e-06 6.924844128677227e-07
1.9088854431504384e-06 6.924387343068859e-07
6.912774160223839e-07 6.924849294201006e-07
1.833603365471672e-06 6.924875211307997e-07
6.924398095749398e-07 6.924822128887933e-07
6.924398095749398e-07 6.924822128887933e-07
6.99512021136998e-07 6.92506325988623e-07
1.859931009170062e-06 6.932947415714122e-07
1.4780606707318483e-06 6.924328977088399e-07
1.4496830761251863e-06 6.925223974981728e-07
6.659410624884322e-07 6.924925076431554e-07
1.472022903288537e-06 6.925590826621542e-07
1.4749630921661542e-06 6.925306956029804e-07
1.4839577831226857e-06 6.924978525162337e-07
1.4490047728448747e-06 6.925779199935344e-07
1.4003983080026842e-06 6.925447926440137e-07
1.896800311812716e-06 6.924730390258471e-07
2.0129153989005307e-06 6.921889289577051e-07
2.0106697364059964e-06 6.924127414142261e-07
1.456630470976819e-06 6.92363846321345e-07
6.868102842117829e-07 6.925162141965074e-07
1.48729174674603e-06 6.924529566163066e-07
1.460806172809541e-06 6.926122936350932e-07
1.8213292000180432e-06 6.923315274032762e-07
2.3365996450913996e-06 6.973234349328295e-07
1.954405898131473e-06 6.926208239997288e-07
1.8165395712734641e-06 6.92639876121201e-07
6.719206187078277e-07 6.925129231322778e-07
1.9168595340530537e-06 6.915404937803871e-07
6.921484786520248e-07 6.925186194718746e-07
1.4720140505512696e-06 6.923798671094672e-07
1.9285798090889295e-06 6.924717087104991e-07
1.4839577831226857e-06 6.924653546114744e-07
1.4842786273840246e-06 6.925064087351317e-07
6.919789140608968e-07 6.925240933284109e-07