2.4381008921689873e-05 2.445885516499702e-05
2.4381008921689873e-05 2.445885516499702e-05
2.4428572626834934e-05 2.4458866527237e-05
2.4428572626834934e-05 2.4458866527237e-05
2.4465099748200992e-05 2.4458829216761118e-05
2.4465099748200992e-05 2.4458829216761118e-05
2.442335732444908e-05 2.445870669703637e-05
2.442335732444908e-05 2.445870669703637e-05
2.434428088108923e-05 2.44594097218667e-05
2.434428088108923e-05 2.44594097218667e-05
2.439472426884231e-05 2.4459384732211988e-05
2.439472426884231e-05 2.4459384732211988e-05
2.4427763929892657e-05 2.445868708172661e-05
2.4427763929892657e-05 2.445868708172661e-05
2.442736173581433e-05 2.445868708172661e-05
2.442736173581433e-05 2.445868708172661e-05
2.442344394362526e-05 2.445869543413644e-05
2.442344394362526e-05 2.445869543413644e-05
2.4425353155381926e-05 2.4458764343175092e-05
2.4425353155381926e-05 2.4458764343175092e-05
2.448638516963213e-05 2.4458728868138203e-05
2.448638516963213e-05 2.4458728868138203e-05
2.442481802239579e-05 2.4458780382605713e-05
2.442481802239579e-05 2.4458780382605713e-05
2.442290788457985e-05 2.4458847097429774e-05
2.442290788457985e-05 2.4458847097429774e-05
2.4431503020714184e-05 2.4458642299164663e-05
2.4431503020714184e-05 2.4458642299164663e-05
2.4426660804753726e-05 2.44587989924882e-05
2.4426660804753726e-05 2.44587989924882e-05
2.4299849448439776e-05 2.445995158375783e-05
2.4299849448439776e-05 2.445995158375783e-05
2.4481327965344462e-05 2.4458907179142508e-05
2.4481327965344462e-05 2.4458907179142508e-05
2.4376096608911973e-05 2.4458830470926177e-05
2.4376096608911973e-05 2.4458830470926177e-05
2.4427521176003926e-05 2.4458911553569716e-05
2.4427521176003926e-05 2.4458911553569716e-05
2.4408692673119177e-05 2.44633970610412e-05
2.4408692673119177e-05 2.44633970610412e-05
2.4375147171716386e-05 2.4458846904631174e-05
2.4375147171716386e-05 2.4458846904631174e-05
2.4423169265376438e-05 2.4458791670551433e-05
2.4423169265376438e-05 2.4458791670551433e-05
2.4332201596432985e-05 2.4454751428814927e-05
2.4332201596432985e-05 2.4454751428814927e-05
2.4335719806324784e-05 2.4458584704238896e-05
2.4335719806324784e-05 2.4458584704238896e-05
2.4335719806324784e-05 2.4458584704238896e-05
2.4335719806324784e-05 2.4458584704238896e-05
2.4316127376144648e-05 2.445745003303351e-05
2.4316127376144648e-05 2.445745003303351e-05
2.442891100030363e-05 2.445868940588453e-05
2.442891100030363e-05 2.445868940588453e-05
2.4304920601646394e-05 2.4455819083015825e-05
2.4304920601646394e-05 2.4455819083015825e-05
2.4374903482157047e-05 2.4458710137569407e-05
2.4374903482157047e-05 2.4458710137569407e-05
2.4379570053594825e-05 2.4457052370317335e-05
2.4379570053594825e-05 2.4457052370317335e-05
2.4375005895070445e-05 2.445858318447377e-05
2.4375005895070445e-05 2.445858318447377e-05
2.4375005895070445e-05 2.445858318447377e-05
2.4375005895070445e-05 2.445858318447377e-05
2.4368553185126078e-05 2.4453174719331164e-05
2.4368553185126078e-05 2.4453174719331164e-05
2.4423201912399476e-05 2.4458791670551433e-05
2.4423201912399476e-05 2.4458791670551433e-05
2.4423201912399476e-05 2.4458791670551433e-05
2.4423201912399476e-05 2.4458791670551433e-05
2.4423201912399476e-05 2.4458791670551433e-05
2.4423201912399476e-05 2.4458791670551433e-05
2.442445677461169e-05 2.4458832460205883e-05
2.442445677461169e-05 2.4458832460205883e-05
2.442445677461169e-05 2.4458832460205883e-05
2.442445677461169e-05 2.4458832460205883e-05
2.429864777341806e-05 2.4456889433107044e-05
2.429864777341806e-05 2.4456889433107044e-05
2.4294713907614755e-05 2.445877938681704e-05
2.4294713907614755e-05 2.445877938681704e-05
2.4319552432604953e-05 2.445724816144059e-05
2.4319552432604953e-05 2.445724816144059e-05
2.437940383290665e-05 2.44590174667169e-05
2.437940383290665e-05 2.44590174667169e-05
2.4299621512405037e-05 2.4451679752361712e-05
2.4299621512405037e-05 2.4451679752361712e-05
2.4313921293052185e-05 2.4460398588270472e-05
2.4313921293052185e-05 2.4460398588270472e-05
2.44275600943263e-05 2.4458659308734624e-05
2.44275600943263e-05 2.4458659308734624e-05
2.42624805424075e-05 2.4466389159507573e-05
2.42624805424075e-05 2.4466389159507573e-05
2.4382683380460586e-05 2.445874918586031e-05
2.4382683380460586e-05 2.445874918586031e-05
2.434126805577261e-05 2.445620133957607e-05
2.434126805577261e-05 2.445620133957607e-05
2.4423463869271035e-05 2.4458750992330438e-05
2.4423463869271035e-05 2.4458750992330438e-05
2.4372506450455158e-05 2.445887185871026e-05
2.4372506450455158e-05 2.445887185871026e-05
2.4395612300855752e-05 2.4457795183994937e-05
2.4395612300855752e-05 2.4457795183994937e-05
2.4460179060745143e-05 2.4458671785429326e-05
2.4460179060745143e-05 2.4458671785429326e-05
2.438411355352244e-05 2.445823929335044e-05
2.438411355352244e-05 2.445823929335044e-05
2.4307433525016392e-05 2.4454591118693463e-05
2.4307433525016392e-05 2.4454591118693463e-05
2.43008008042106e-05 2.4458294924924548e-05
2.43008008042106e-05 2.4458294924924548e-05
2.4319695955918938e-05 2.4458393607494663e-05
2.4319695955918938e-05 2.4458393607494663e-05
2.438344934946423e-05 2.4458673908485265e-05
2.438344934946423e-05 2.4458673908485265e-05
2.4319020694603954e-05 2.445985026490763e-05
2.4319020694603954e-05 2.445985026490763e-05
2.4422941166300437e-05 2.4458717429624245e-05
2.4422941166300437e-05 2.4458717429624245e-05
2.4308237978239764e-05 2.445966076304849e-05
2.4308237978239764e-05 2.445966076304849e-05
2.4423355391147615e-05 2.4458840053665727e-05
2.4423355391147615e-05 2.4458840053665727e-05
2.4423355391147615e-05 2.4458840053665727e-05
2.4423355391147615e-05 2.4458840053665727e-05
2.4453096270569402e-05 2.445867267023599e-05
2.4453096270569402e-05 2.445867267023599e-05
2.4452906640249868e-05 2.4458979241797396e-05
2.4452906640249868e-05 2.4458979241797396e-05
2.4318751626528324e-05 2.445706916121618e-05
2.4318751626528324e-05 2.445706916121618e-05
2.437451196421485e-05 2.445855082823937e-05
2.437451196421485e-05 2.445855082823937e-05
2.437515630809729e-05 2.445891348220595e-05
2.437515630809729e-05 2.445891348220595e-05
2.442358305074681e-05 2.445888066522361e-05
2.442358305074681e-05 2.445888066522361e-05
2.43764938577092e-05 2.445875829771752e-05
2.43764938577092e-05 2.445875829771752e-05
2.4375988008662266e-05 2.445863044750849e-05
2.4375988008662266e-05 2.445863044750849e-05
2.4375005895070445e-05 2.445858318447377e-05
2.4375005895070445e-05 2.445858318447377e-05
2.4379899959920678e-05 2.445877145187523e-05
2.4379899959920678e-05 2.445877145187523e-05
2.4402820384223057e-05 2.4458730692213968e-05
2.4402820384223057e-05 2.4458730692213968e-05
2.4313167498609877e-05 2.4460855685439293e-05
2.4313167498609877e-05 2.4460855685439293e-05
2.4458379633647488e-05 2.4459018155983577e-05
2.4458379633647488e-05 2.4459018155983577e-05
2.4296106540459383e-05 2.4457038035316538e-05
2.4296106540459383e-05 2.4457038035316538e-05
2.4304095187945433e-05 2.445954937618997e-05
2.4304095187945433e-05 2.445954937618997e-05
2.4384111473057387e-05 2.445850538092936e-05
2.4384111473057387e-05 2.445850538092936e-05
2.442444210622134e-05 2.445888064653693e-05
2.442444210622134e-05 2.445888064653693e-05
2.4374600818124972e-05 2.4458740541139714e-05
2.4374600818124972e-05 2.4458740541139714e-05
2.437930511604942e-05 2.4458580564548257e-05
2.437930511604942e-05 2.4458580564548257e-05
2.4305331149525436e-05 2.4458608908120772e-05
2.4305331149525436e-05 2.4458608908120772e-05
2.443175366247081e-05 2.4413042989441357e-05
2.443175366247081e-05 2.4413042989441357e-05
2.4302808764663942e-05 2.445534258476174e-05
2.4302808764663942e-05 2.445534258476174e-05
2.4318874339819726e-05 2.4457498446682857e-05
2.4318874339819726e-05 2.4457498446682857e-05
2.44271115285095e-05 2.4458681548260484e-05
2.44271115285095e-05 2.4458681548260484e-05
2.4313869634975186e-05 2.4454841972793085e-05
2.4313869634975186e-05 2.4454841972793085e-05
2.4437534774256345e-05 2.4458772665439966e-05
2.4437534774256345e-05 2.4458772665439966e-05
2.4376762766774756e-05 2.4458996629583333e-05
2.4376762766774756e-05 2.4458996629583333e-05
2.4312883572185066e-05 2.4459608853365878e-05
2.4312883572185066e-05 2.4459608853365878e-05
2.4375005895070445e-05 2.4458599141329836e-05
2.4375005895070445e-05 2.4458599141329836e-05
2.4377489649054424e-05 2.4458963231436882e-05
2.4377489649054424e-05 2.4458963231436882e-05
2.4427624452422966e-05 2.4458877732912186e-05
2.4427624452422966e-05 2.4458877732912186e-05