2.4423201912399476e-05 2.4458791670551433e-05
2.4423201912399476e-05 2.4458791670551433e-05
2.4423201912399476e-05 2.4458791670551433e-05
2.4423201912399476e-05 2.4458791670551433e-05
2.4423201912399476e-05 2.4458791670551433e-05
2.4423201912399476e-05 2.4458791670551433e-05
2.4423201912399476e-05 2.4458791670551433e-05
2.4423201912399476e-05 2.4458791670551433e-05
1.35094864178249e-05 2.4458634098492344e-05
1.35094864178249e-05 2.4458634098492344e-05
1.1946430292491644e-05 2.44587009397562e-05
1.1946430292491644e-05 2.44587009397562e-05
1.400956221851546e-05 2.4458747145134066e-05
1.400956221851546e-05 2.4458747145134066e-05
7.657146665426994e-06 2.4458927766184392e-05
7.657146665426994e-06 2.4458927766184392e-05
1.2091659196626194e-05 2.4458778351136777e-05
1.2091659196626194e-05 2.4458778351136777e-05
2.4463173528144405e-05 2.4458646515632813e-05
2.4463173528144405e-05 2.4458646515632813e-05
1.9444368363158365e-05 2.445871897360435e-05
1.9444368363158365e-05 2.445871897360435e-05
2.343961933178757e-05 2.4458762445355083e-05
2.343961933178757e-05 2.4458762445355083e-05
2.3706027149148672e-05 2.4458815587309645e-05
2.3706027149148672e-05 2.4458815587309645e-05
1.3791725633150007e-05 2.4458711418005227e-05
1.3791725633150007e-05 2.4458711418005227e-05
1.3791725633150007e-05 2.4458711418005227e-05
1.3791725633150007e-05 2.4458711418005227e-05
2.1170344583285783e-05 2.445864753945808e-05
2.1170344583285783e-05 2.445864753945808e-05
1.142851228564902e-05 2.4458686641965795e-05
1.142851228564902e-05 2.4458686641965795e-05
2.4423201912399476e-05 2.4458791670551433e-05
2.4423201912399476e-05 2.4458791670551433e-05
2.4423201912399476e-05 2.4458791670551433e-05
2.4423201912399476e-05 2.4458791670551433e-05
2.4423201912399476e-05 2.4458791670551433e-05
2.4423201912399476e-05 2.4458791670551433e-05
2.4423201912399476e-05 2.4458791670551433e-05
2.4423201912399476e-05 2.4458791670551433e-05
1.4870191205539101e-05 2.445874907958755e-05
1.4870191205539101e-05 2.445874907958755e-05
2.050607611238237e-05 2.4458791684377003e-05
2.050607611238237e-05 2.4458791684377003e-05
1.4352957499259773e-05 2.4458780034217453e-05
1.4352957499259773e-05 2.4458780034217453e-05
7.680934832396583e-06 2.445859372410318e-05
7.680934832396583e-06 2.445859372410318e-05
2.3944019743555803e-05 2.4458653277401682e-05
2.3944019743555803e-05 2.4458653277401682e-05
2.3944019743555803e-05 2.4458653277401682e-05
2.3944019743555803e-05 2.4458653277401682e-05
2.0673328330881187e-05 2.4458782512800862e-05
2.0673328330881187e-05 2.4458782512800862e-05
1.224876752486141e-05 2.445886954434399e-05
1.224876752486141e-05 2.445886954434399e-05
1.2282109494268443e-05 2.4458910354003568e-05
1.2282109494268443e-05 2.4458910354003568e-05
1.213189888695832e-05 2.4458785772389527e-05
1.213189888695832e-05 2.4458785772389527e-05
1.1895938964070142e-05 2.4458642903526587e-05
1.1895938964070142e-05 2.4458642903526587e-05
1.6330185781380705e-05 2.445876292102584e-05
1.6330185781380705e-05 2.445876292102584e-05
1.2429082625028099e-05 2.445863413513496e-05
1.2429082625028099e-05 2.445863413513496e-05
2.1356502938654804e-05 2.445399156159055e-05
2.1356502938654804e-05 2.445399156159055e-05
2.4423201912399476e-05 2.4458791670551433e-05
2.4423201912399476e-05 2.4458791670551433e-05
2.4423201912399476e-05 2.4458791670551433e-05
2.4423201912399476e-05 2.4458791670551433e-05
2.4423201912399476e-05 2.4458791670551433e-05
2.4423201912399476e-05 2.4458791670551433e-05
2.4423201912399476e-05 2.4458791670551433e-05
2.4423201912399476e-05 2.4458791670551433e-05
2.4423201912399476e-05 2.4458791670551433e-05
2.4423201912399476e-05 2.4458791670551433e-05
7.650578819220328e-06 2.445867963481949e-05
7.650578819220328e-06 2.445867963481949e-05
1.8380298162760222e-05 2.4458903116877217e-05
1.8380298162760222e-05 2.4458903116877217e-05
8.635239762957248e-06 2.4458840435790553e-05
8.635239762957248e-06 2.4458840435790553e-05
1.3895835077138858e-05 2.445874046662992e-05
1.3895835077138858e-05 2.445874046662992e-05
1.487553657758067e-05 2.4458736043291046e-05
1.487553657758067e-05 2.4458736043291046e-05
1.9609066596154503e-05 2.4458716979219304e-05
1.9609066596154503e-05 2.4458716979219304e-05
1.3791725633150007e-05 2.4458711418005227e-05
1.3791725633150007e-05 2.4458711418005227e-05
1.8523795079786394e-05 2.4458676997454568e-05
1.8523795079786394e-05 2.4458676997454568e-05
2.3779519021297292e-05 2.4458676841248445e-05
2.3779519021297292e-05 2.4458676841248445e-05
1.4164897544426455e-05 2.4458832176918638e-05
1.4164897544426455e-05 2.4458832176918638e-05
1.616578656429627e-05 2.4458664260866688e-05
1.616578656429627e-05 2.4458664260866688e-05
1.9760126077202305e-05 2.445884909321716e-05
1.9760126077202305e-05 2.445884909321716e-05
1.6304528375230323e-05 2.4458821453302897e-05
1.6304528375230323e-05 2.4458821453302897e-05
2.4423201912399476e-05 2.4458791670551433e-05
2.4423201912399476e-05 2.4458791670551433e-05
1.3334564309999262e-05 2.445889343464848e-05
1.3334564309999262e-05 2.445889343464848e-05
2.5078734430783024e-05 2.445885878141459e-05
2.5078734430783024e-05 2.445885878141459e-05
1.108550401506623e-05 2.4458662077672518e-05
1.108550401506623e-05 2.4458662077672518e-05
1.1260751190245389e-05 2.445867790173545e-05
1.1260751190245389e-05 2.445867790173545e-05
9.98756601962836e-06 2.4458627072988233e-05
9.98756601962836e-06 2.4458627072988233e-05
2.1313082804884667e-05 2.4458840847487102e-05
2.1313082804884667e-05 2.4458840847487102e-05
1.108171630941189e-05 2.445872852423495e-05
1.108171630941189e-05 2.445872852423495e-05
2.292618122662844e-05 2.445872998839119e-05
2.292618122662844e-05 2.445872998839119e-05
1.391493186094754e-05 2.4458832597671423e-05
1.391493186094754e-05 2.4458832597671423e-05
1.4836851331077847e-05 2.4458672753473405e-05
1.4836851331077847e-05 2.4458672753473405e-05
2.4706744227275876e-05 2.4458798301092466e-05
2.4706744227275876e-05 2.4458798301092466e-05
2.583526144908975e-05 2.4458867249387683e-05
2.583526144908975e-05 2.4458867249387683e-05
1.38270246718912e-05 2.4458875539345118e-05
1.38270246718912e-05 2.4458875539345118e-05
1.5787542402365833e-05 2.4458825807778654e-05
1.5787542402365833e-05 2.4458825807778654e-05
1.359606682039289e-05 2.445876538724539e-05
1.359606682039289e-05 2.445876538724539e-05
2.082448642233492e-05 2.4458697800772645e-05
2.082448642233492e-05 2.4458697800772645e-05
1.7519738527167545e-05 2.445883841040157e-05
1.7519738527167545e-05 2.445883841040157e-05
1.0904161464941451e-05 2.445864791200823e-05
1.0904161464941451e-05 2.445864791200823e-05
2.4423201912399476e-05 2.4458791670551433e-05
2.4423201912399476e-05 2.4458791670551433e-05
2.4423201912399476e-05 2.4458791670551433e-05
2.4423201912399476e-05 2.4458791670551433e-05
2.023643783677169e-05 2.4458696214551788e-05
2.023643783677169e-05 2.4458696214551788e-05
2.3312804468440678e-05 2.445868714835248e-05
2.3312804468440678e-05 2.445868714835248e-05
2.094593228063529e-05 2.4458650342552738e-05
2.094593228063529e-05 2.4458650342552738e-05
1.1703018573281364e-05 2.4458893348755812e-05
1.1703018573281364e-05 2.4458893348755812e-05
2.4720607906197254e-05 2.445876622701786e-05
2.4720607906197254e-05 2.445876622701786e-05
1.4948257139373538e-05 2.445881312676864e-05
1.4948257139373538e-05 2.445881312676864e-05
1.3205468645920492e-05 2.4458876550726597e-05
1.3205468645920492e-05 2.4458876550726597e-05
1.8059885150645134e-05 2.4458842054649128e-05
1.8059885150645134e-05 2.4458842054649128e-05
1.1991237163302219e-05 2.4458908987926543e-05
1.1991237163302219e-05 2.4458908987926543e-05
1.2689718377191963e-05 2.4458787463262903e-05
1.2689718377191963e-05 2.4458787463262903e-05
1.5215132165497965e-05 2.4458855836094947e-05
1.5215132165497965e-05 2.4458855836094947e-05
1.5093806502682285e-05 2.445867487652887e-05
1.5093806502682285e-05 2.445867487652887e-05
1.5506766703961705e-05 2.44589000729013e-05
1.5506766703961705e-05 2.44589000729013e-05
1.1762482929191078e-05 2.4458676795884315e-05
1.1762482929191078e-05 2.4458676795884315e-05
1.4207508193299513e-05 2.4458775486061436e-05
1.4207508193299513e-05 2.4458775486061436e-05
1.4235185196494118e-05 2.4458682501917058e-05
1.4235185196494118e-05 2.4458682501917058e-05
2.3451788884156408e-05 2.4458735443649748e-05
2.3451788884156408e-05 2.4458735443649748e-05
1.3991186934318685e-05 2.4458778146235268e-05
1.3991186934318685e-05 2.4458778146235268e-05
2.4441650812720635e-05 2.4458650321772858e-05
2.4441650812720635e-05 2.4458650321772858e-05
1.4613260913759472e-05 2.4458721567744606e-05
1.4613260913759472e-05 2.4458721567744606e-05
8.038422251707656e-06 2.4458647425895716e-05
8.038422251707656e-06 2.4458647425895716e-05
1.2115427204942522e-05 2.4458716090177852e-05
1.2115427204942522e-05 2.4458716090177852e-05
1.7759372791229287e-05 2.4458640869163664e-05
1.7759372791229287e-05 2.4458640869163664e-05
9.37504631307473e-06 2.445886415526479e-05
9.37504631307473e-06 2.445886415526479e-05
1.2631957487981969e-05 2.4458898525162445e-05
1.2631957487981969e-05 2.4458898525162445e-05
3.6761712044597646e-06 2.4458998242942353e-05
3.6761712044597646e-06 2.4458998242942353e-05
1.3458488495619678e-05 2.4458752749622924e-05
1.3458488495619678e-05 2.4458752749622924e-05
2.4423201912399476e-05 2.4458791670551433e-05
2.4423201912399476e-05 2.4458791670551433e-05
1.3831104492481535e-05 2.445867572515454e-05
1.3831104492481535e-05 2.445867572515454e-05
2.4474189081578953e-05 2.445871147954288e-05
2.4474189081578953e-05 2.445871147954288e-05
2.4423201912399476e-05 2.4458791670551433e-05
2.4423201912399476e-05 2.4458791670551433e-05