1.7907597926550065e-05 2.0463211443356626e-05
2.0033792584179175e-05 2.046323553279416e-05
1.933130783408374e-05 2.0463199499881334e-05
2.043957564714307e-05 2.0463248272732228e-05
3.447714224912232e-05 2.046279313443328e-05
1.5000090447590905e-05 2.0463319022401053e-05
2.0225219416752027e-05 2.04632224199135e-05
2.0346862397663703e-05 2.046324970605327e-05
2.0394875886042747e-05 2.04632329152868e-05
2.0225397854989795e-05 2.0463231314054483e-05
1.890545246195645e-05 2.046322035987978e-05
2.0281176046287853e-05 2.046321541274163e-05
2.0446302502281444e-05 2.0463229916790583e-05
1.993683072686245e-05 2.046320995195984e-05
1.8212718253777283e-05 2.0463216726822605e-05
4.080825013574658e-05 2.0463151356348814e-05
1.4533462433512865e-05 2.0463191519462087e-05
1.9259943604253934e-05 2.0463207471032627e-05
1.9662135064421526e-05 2.04632216986032e-05
2.9618404715053015e-05 2.0459912568434432e-05
2.0429943812954e-05 2.0463190354748454e-05
2.0458086980170597e-05 2.04632292557173e-05
3.657492138133952e-05 2.0463097883007923e-05
2.931171099963605e-05 2.046328199241572e-05
2.931171099963605e-05 2.046328199241572e-05
2.607986878393781e-05 2.0463321038986706e-05
1.876738575386153e-05 2.046325153658816e-05
3.039408924941169e-05 2.046221661264259e-05
1.973788382669367e-05 2.0463232742660004e-05
3.180665133260579e-05 2.046470019276307e-05
2.0667005994692875e-05 2.0463284617365883e-05
2.0667005994692875e-05 2.0463284617365883e-05
1.3975514413101314e-05 2.046234351089692e-05
2.046323125783924e-05 2.046323125783924e-05
2.046323125783924e-05 2.046323125783924e-05
2.046323125783924e-05 2.046323125783924e-05
2.029894024243156e-05 2.0463234234895213e-05
2.029894024243156e-05 2.0463234234895213e-05
4.630369076944535e-05 2.0463137388735737e-05
3.387309194678697e-05 2.0463312519056786e-05
3.090743400407944e-05 2.0463344310140705e-05
1.7942962725958702e-05 2.04632751294931e-05
1.9972773408055245e-05 2.0460677492567927e-05
2.698140822849455e-05 2.0463075271837547e-05
1.7754877495464454e-05 2.0463200483562718e-05
2.917703709527073e-05 2.046382609417438e-05
1.759874669506283e-05 2.046326508406555e-05
3.529748257841729e-05 2.046382609417438e-05
1.9913078856485155e-05 2.0463206888948326e-05
2.017610433225137e-05 2.0463251064513906e-05
1.65425797056129e-05 2.046337614707477e-05
1.6078477669649556e-05 2.0463078519884402e-05
1.7776389351494514e-05 2.0463341469788406e-05
3.931250131485574e-05 2.0463541249068497e-05
4.592895861075202e-05 2.046295201147111e-05
3.455631112481655e-05 2.046297877178197e-05
1.7694492665096473e-05 2.046317955952868e-05
3.879981716445296e-05 2.0463129432066346e-05
2.0413074420500404e-05 2.0463227204247716e-05
3.294885472620798e-05 2.046307803457627e-05
2.0519821112256162e-05 2.0463227796444655e-05
2.0519821112256162e-05 2.0463227796444655e-05
1.9662632910834184e-05 2.0463226141011635e-05
2.085258156236698e-05 2.0463193111070368e-05
3.4240111335904726e-05 2.0462291401719352e-05
1.967446625722013e-05 2.0463232055085536e-05
1.7291495281112947e-05 2.0463175361547634e-05
1.7879520491832915e-05 2.0463229394743486e-05
1.9347969956324538e-05 2.0463191475867453e-05
2.054261550992103e-05 2.0463269583290875e-05
2.0667005994692875e-05 2.0463284617365883e-05
1.792837795152666e-05 2.046319982945121e-05
1.632107508525836e-05 2.0463283379113083e-05
3.840454594786896e-05 2.046346608916125e-05
2.070294810167178e-05 2.0463241174538792e-05
4.639195373287836e-05 2.046295571874129e-05
4.471066866774467e-05 2.0463397541109163e-05
1.814874709816721e-05 2.046323128379668e-05
2.033310362656125e-05 2.0463262369110362e-05
1.9850455036242815e-05 2.0463236289017795e-05
1.8558308226424145e-05 2.0463145178376367e-05
3.399128683124816e-05 2.046308478943254e-05
1.4770181555424128e-05 2.047595177120945e-05
4.387422908892705e-05 2.046360741751006e-05
3.446211841205027e-05 2.0462740545983075e-05
1.6923864832485045e-05 2.0463204426581945e-05
3.992894507450189e-05 2.0464166575767048e-05
1.8951268471192955e-05 2.0463259931331274e-05
2.0532770750714692e-05 2.046312073125592e-05
3.84492405287963e-05 2.046369955950482e-05
2.0667005994692875e-05 2.046326661842913e-05
2.0164317449680328e-05 2.0463196805719356e-05
2.0083591002382776e-05 2.0463203005882545e-05