1.0304470480744741e-07 1.120891855562851e-07
2.6429010814491874e-05 2.6445531287391843e-05
2.6429010814491874e-05 2.6445531287391843e-05
2.6429010814491874e-05 2.6445531287391843e-05
2.6429010814491874e-05 2.6445531287391843e-05
8.216381855033354e-08 8.10403897257915e-08
1.647245913584168e-05 1.653050020209099e-05
8.368828745918366e-08 8.221754246661132e-08
2.631680046061577e-05 2.656330087980985e-05
2.0456554717031897e-05 2.0439991360600072e-05
1.1054471385822808e-07 1.1727942330284625e-07
1.4029113226087042e-07 1.4886401905806643e-07
1.0913879272516426e-07 1.1531459037421642e-07
0.00014259535897089717 0.0001442679300060609
0.00014259535897089717 0.0001442679300060609
1.0659056506473974e-07 1.0504934136188593e-07
1.0659056506473974e-07 1.0504934136188593e-07
1.3914157267359017e-07 1.5049293346815648e-07
2.056275581240121e-05 2.050206826581354e-05
2.056275581240121e-05 2.050206826581354e-05
2.0463470586894224e-05 2.0497660324083475e-05
2.0463470586894224e-05 2.0497660324083475e-05
0.00011381429740303826 0.00011444518312342985
1.0358674043335682e-07 1.1320554088788116e-07
2.0467276988543907e-05 2.0386937118113697e-05
8.187987673934011e-08 8.000030602926854e-08
0.0004253680811089785 0.0004193280826431242
0.0004253680811089785 0.0004193280826431242
2.046099636626901e-05 2.0468548303442276e-05
2.105456108042644e-05 2.1255515110058987e-05
2.1094031672722803e-06 2.1007034917056688e-06
1.7611802445819794e-07 1.7440736747923355e-07
1.6404828432909824e-05 1.6551773510083254e-05
1.6404828432909824e-05 1.6551773510083254e-05
2.1051238688725385e-06 2.0982335645170936e-06
1.053992008163037e-07 1.0370653237753034e-07
2.0480132051067662e-05 2.044951880124923e-05
2.0670959851283152e-05 2.071643688139821e-05
2.0555677178623783e-05 2.067442240931141e-05
1.6516447248756333e-05 1.6579248043878675e-05
1.6516447248756333e-05 1.6579248043878675e-05
1.6516447248756333e-05 1.6579248043878675e-05
2.7458728937057805e-06 2.6977899941478866e-06
2.0456711128079127e-05 2.0462499853934206e-05
2.6533557405728577e-05 2.638552839859598e-05
2.6245746004157605e-05 2.6336519987978735e-05
2.0791978676071378e-05 2.081106955990484e-05
7.666465131240863e-07 8.103845300474385e-07
1.0343629635799284e-07 1.1145686974299295e-07
1.1058683106298544e-07 1.1641776612733126e-07
2.055035850568469e-05 2.054990692953692e-05
2.0266753736898368e-05 2.0312565773628676e-05
2.1010433792749104e-05 2.0875396361596216e-05
1.631368709123104e-05 1.635158873959793e-05
2.642826671137237e-05 2.647946647878917e-05