0.14156609617166963 0.14356816090399654
0.13954424167263108 0.1405898010138957
0.9986345060968973 0.9903030143112996
0.9689993304462262 0.9687849413068502
0.8917928539152404 0.8895961898102491
0.9086570334480041 0.9077335110014612
0.14099219293703227 0.14212020963959537
0.21770392530022725 0.21412857411432548
0.14156609617166963 0.1437330756265935
0.14156609617166963 0.1437330756265935
0.9709387275839664 0.9701075573820778
0.3033639305115325 0.30276693921573156
0.3033639305115325 0.30276693921573156
0.3033639305115325 0.30276693921573156
0.3033639305115325 0.30276693921573156
0.3033639305115325 0.30276693921573156
0.3033639305115325 0.30276693921573156
0.9789832677522453 0.9775913874935271
0.9789832677522453 0.9775913874935271
0.0015403035090554675 0.0015666898646709787
0.2208966743297041 0.21810961551781574
0.9476197858087583 0.9465907179397534
0.22899068891476218 0.22643451071450954
0.22899068891476218 0.22643451071450954
0.22899068891476218 0.22643451071450954
0.2905005821489708 0.2895671648190721
0.14156609617166963 0.14356816090399654
0.14156609617166963 0.14356816090399654
0.003440121113372275 0.0034994904135071756
0.9359240336821829 0.9335063838489117
0.9078225649516635 0.9072321702447664
0.9858865980401534 0.9857183850231046
0.9904382443838291 0.990603159106426
0.9854941010003727 0.9818428890420764
0.900394805845897 0.8993657379768921
0.2883467958718547 0.2875815915590048
0.975114368360121 0.9751572461879962
0.9974570149775551 0.990283224544588
0.9450108348972747 0.9443379828290791
0.9993997104097471 0.9903063126057515
0.27810888989303634 0.28132802527812867
0.9901380995887027 0.9862461121354148
0.9909890595573029 0.98974230425447
0.9863384643800691 0.9870212113316205
0.28867992361150047 0.2909293604277228
0.9694413019027861 0.9693753360137473
0.9978132307783645 0.9976977904725467
0.961993753030308 0.9605326085880991