0.0013326088645587405 0.0012551533780431425
0.0013326088645587405 0.0012551533780431425
0.0014034374287139138 0.001324642626774135
0.0014034374287139138 0.001324642626774135
0.0014103733177981666 0.0013490181688263479
0.0014103733177981666 0.0013490181688263479
0.0014103733177981666 0.0013490181688263479
0.0014103733177981666 0.0013490181688263479
0.0013473409635901342 0.0012704976818540626
0.0013473409635901342 0.0012704976818540626
0.001686851279190811 0.0015926590306098662
0.001686851279190811 0.0015926590306098662
0.0012888393012767951 0.0012443178720357385
0.0012888393012767951 0.0012443178720357385
0.0013247738502083827 0.0012484162979110212
0.0013247738502083827 0.0012484162979110212
0.0013332265976630767 0.0012558591491397255
0.0013332265976630767 0.0012558591491397255
0.0013557118034354368 0.0012759772503600606
0.0013557118034354368 0.0012759772503600606
0.0013262532599631878 0.001244501242319768
0.0013262532599631878 0.001244501242319768
0.0013033039936894103 0.0012423271676222545
0.0013033039936894103 0.0012423271676222545
0.0013381596774306895 0.0012607403448258202
0.0013381596774306895 0.0012607403448258202
0.001329226749077995 0.0012488115101373287
0.001329226749077995 0.0012488115101373287
0.0013900685027029404 0.0013099664729921059
0.0013900685027029404 0.0013099664729921059
0.0013282601870354613 0.001252237792078262
0.0013282601870354613 0.001252237792078262
0.001380155018639427 0.0012994216395180978
0.001380155018639427 0.0012994216395180978
0.0013465303388854597 0.001265646395720967
0.0013465303388854597 0.001265646395720967
0.001339837371572324 0.0012675366760202668
0.001339837371572324 0.0012675366760202668
0.0018004765507035581 0.0017077541230552443
0.0018004765507035581 0.0017077541230552443
0.001337339228817793 0.0012558182245467906
0.001337339228817793 0.0012558182245467906
0.001394842975732768 0.0013114390530463756
0.001394842975732768 0.0013114390530463756
0.0013600762650197876 0.0012828288476574078
0.0013600762650197876 0.0012828288476574078
0.0013776818847605389 0.0012992980333017751
0.0013776818847605389 0.0012992980333017751
0.0013695395997236892 0.0013006720472308272
0.0013695395997236892 0.0013006720472308272
0.0014632123903186541 0.0013857353543013638
0.0014632123903186541 0.0013857353543013638
0.0013419733664936035 0.0012656752159371737
0.0013419733664936035 0.0012656752159371737
0.0013570228823571577 0.0012920014788653119
0.0013570228823571577 0.0012920014788653119
0.0564437272343614 0.05399418681911059
0.0564437272343614 0.05399418681911059
0.0013248205546340381 0.001248613062582115
0.0013248205546340381 0.001248613062582115
0.0016687346741340312 0.0015673455906697483
0.0016687346741340312 0.0015673455906697483
0.0013512336694334677 0.001267749896921603
0.0013512336694334677 0.001267749896921603
0.0014152258109447352 0.0013608557143200074
0.0014152258109447352 0.0013608557143200074
0.0013498618146783375 0.001271183003689892
0.0013498618146783375 0.001271183003689892