0.00026145700892857076 0.0012584312381431154
0.00026145700892857076 0.0012584312381431154
0.0002518565913557714 0.0012584313033025052
0.0002518565913557714 0.0012584313033025052
0.0013356233077568159 0.0012584313884978745
0.0013356233077568159 0.0012584313884978745
0.0013456667105399356 0.0012584313567304127
0.0013456667105399356 0.0012584313567304127
0.0013046191057961775 0.001258431364970123
0.0013046191057961775 0.001258431364970123
0.0012913030360232813 0.0012584313605862993
0.0012913030360232813 0.0012584313605862993
0.0002589123151686857 0.0012584315981358743
0.0002589123151686857 0.0012584315981358743
0.0022584837713312688 0.001258431224431029
0.0022584837713312688 0.001258431224431029
0.00026145700892857076 0.0012584311064867749
0.00026145700892857076 0.0012584311064867749
0.00026145700892857076 0.0012584311064867749
0.00026145700892857076 0.0012584311064867749
0.0013376023891809963 0.0012584313523539353
0.0013376023891809963 0.0012584313523539353
0.000977211716083675 0.0012584313799205485
0.000977211716083675 0.0012584313799205485
0.000977211716083675 0.0012584313799205485
0.000977211716083675 0.0012584313799205485
0.000977211716083675 0.0012584313799205485
0.000977211716083675 0.0012584313799205485
0.000977211716083675 0.0012584313799205485
0.000977211716083675 0.0012584313799205485
0.000977211716083675 0.0012584313799205485
0.000977211716083675 0.0012584313799205485
0.000977211716083675 0.0012584313799205485
0.000977211716083675 0.0012584313799205485
0.001330738463392279 0.001258431338163394
0.001330738463392279 0.001258431338163394
0.001330738463392279 0.001258431338163394
0.001330738463392279 0.001258431338163394
0.0012800174173703753 0.0012584269662921348
0.0012800174173703753 0.0012584269662921348
0.002297651220107956 0.0012584313045291087
0.002297651220107956 0.0012584313045291087
0.0013094808277518677 0.001258431352550569
0.0013094808277518677 0.001258431352550569
0.0022808101720012577 0.0012584315229128564
0.0022808101720012577 0.0012584315229128564
0.0022808101720012577 0.0012584315229128564
0.0022808101720012577 0.0012584315229128564
0.0022808101720012577 0.0012584315229128564
0.0022808101720012577 0.0012584315229128564
0.0009902657759331842 0.0012584313044998823
0.0009902657759331842 0.0012584313044998823
0.00026145700892857076 0.0012584312381431154
0.00026145700892857076 0.0012584312381431154
0.00026145700892857076 0.0012584312381431154
0.00026145700892857076 0.0012584312381431154
0.0009148344675541902 0.0012584284529847313
0.0009148344675541902 0.0012584284529847313
0.0013464982938351019 0.0012584313586824864
0.0013464982938351019 0.0012584313586824864
0.0012882134178474505 0.001258431386894183
0.0012882134178474505 0.001258431386894183
0.0013360621917758737 0.0012584313801085008
0.0013360621917758737 0.0012584313801085008
0.0013381996845747651 0.0012584313381717401
0.0013381996845747651 0.0012584313381717401
0.0013397468591632954 0.0012584313413639935
0.0013397468591632954 0.0012584313413639935
0.0013752519464712669 0.0012584314147900111
0.0013752519464712669 0.0012584314147900111
0.0009929358506817149 0.001258431482040809
0.0009929358506817149 0.001258431482040809
0.0013400152417884915 0.0012584314027841033
0.0013400152417884915 0.0012584314027841033
0.001335983184218301 0.0012584313453414156
0.001335983184218301 0.0012584313453414156
0.0013555249355404974 0.0012584313778029378
0.0013555249355404974 0.0012584313778029378
0.00133549888427463 0.0012584314094554712
0.00133549888427463 0.0012584314094554712
0.0009263801102163119 0.0012584315111405066
0.0009263801102163119 0.0012584315111405066
0.0013385638698205455 0.0012584313527064528
0.0013385638698205455 0.0012584313527064528
0.0013377592032534497 0.0012584313796864409
0.0013377592032534497 0.0012584313796864409
0.001339292718729742 0.0012584313857285055
0.001339292718729742 0.0012584313857285055
0.0009419810753953364 0.0012584313698116108
0.0009419810753953364 0.0012584313698116108
0.0013456212026983065 0.0012584314124055194
0.0013456212026983065 0.0012584314124055194
0.0013357103533394507 0.0012584314097634855
0.0013357103533394507 0.0012584314097634855
0.0013132768729251746 0.001258431329775077
0.0013132768729251746 0.001258431329775077