0.0006762943277194734 0.0006355117116001333
0.0006765688429499324 0.0006355117195087917
0.0006757931360493543 0.0006355116944498124
0.0006757931360493543 0.0006355116944498124
0.0006762520592383772 0.0006355117136019716
0.0006760033817634108 0.0006355116931116419
0.0006761578067744293 0.0006355117229927607
0.0006795568588543174 0.0006355116870744781
0.0006784146878666932 0.0006355116830253586
0.0006777798448380345 0.0006355116935537805
0.0006761125008805162 0.0006355117216068113
0.0010667794105412582 0.0005972938373774891
0.0011290985186701737 0.0006257241905978872
0.0011657908079665577 0.0006492272563010148
0.0011657908079665577 0.0006492272563010148
0.0011389974566138486 0.0006299885922657017
0.0011182244588709988 0.0006204489996995516
0.001124269708364291 0.0006286348140483065
0.001156134184892196 0.0006412074024657464
0.0010826371478268332 0.0006116579129835964
0.0011608773820653711 0.0006459353819986398
0.0011282871452235658 0.0006300297062713407
0.000677689475995737 0.0006358230110196492
0.0006695489684049008 0.0006259576006440872
0.0006847359528815633 0.0006432908711066201
0.0006847359528815633 0.0006432908711066201
0.0006616971570408272 0.0006220469141524808
0.0006721996566095962 0.000632615668747205
0.0006731140201143095 0.0006313282630649251
0.0006772463372361729 0.0006340081025064586
0.0006640785760280548 0.000626271515582325
0.0006784367384213856 0.000635511704198959
0.0006505305707364905 0.0006169753082667329
0.0006586757616206617 0.0006307624065775203
0.0006686797255211453 0.0006415886600426911
0.0006273711200862956 0.0006101845042022736
0.0006273711200862956 0.0006101845042022736
0.0006410302225510223 0.0006171302995912994
0.0006600664393469212 0.0006297196026515214
0.0006634137609228155 0.0006344359400040537
0.0006780159076690402 0.0006493138468663322
0.0006655081006211476 0.000637026226676346
0.0006614234951450592 0.0006298665449102787
0.000664137058725635 0.0006363894286630802
0.000660278734969996 0.0006363418164266061
0.0006527899604967639 0.0006273017693012872
0.0006692251027912283 0.0006447994181154127
0.0006692251027912283 0.0006447994181154127
0.0006598003978795876 0.0006358708844512079
0.0006559951273844555 0.0006293685529658973
0.0006550498317754802 0.000631854182639965
0.0006699634785326018 0.0006452116387227481
0.0006657494559427714 0.0006416020195697808
0.0006674814900137787 0.0006435461054384875
0.0006472198050780011 0.000623414762650379
0.0011466708536916569 0.0006291181903161259
0.0011384461843348523 0.0006244766650703811
0.0011199290051504642 0.000619121614695681
0.0011199290051504642 0.000619121614695681
0.001138005743880244 0.0006207139533745039
0.0011606495800766767 0.0006355117815973739
0.0011322533557894714 0.0006200449326440047
0.0011896911716713292 0.000650662110170009
0.0011675839816537494 0.0006358661760115789
0.001180279239610593 0.0006456842805952143
0.0011599648143146939 0.0006350649447521691
0.00012531401467526313 0.0006207529007507484
0.0001268391062405729 0.0006288390740660103
0.00012999905455233053 0.0006489744174821331
0.00012999905455233053 0.0006489744174821331
0.00011936992463426344 0.0005972564640102538
0.00012718260839713358 0.000635942533851997
0.0001272904503620401 0.0006347468568378414
0.00013060507954769273 0.0006514712150524581
0.0001255406340569814 0.0006262715756104196
0.00012924798615738796 0.0006448420617850018
0.00012728454183111206 0.000635511807677865
0.00013060287553015901 0.0006236105558646554
0.00013142697582164555 0.0006327829693222204
0.00012989372957679181 0.000630488673424212
0.00012989372957679181 0.000630488673424212
0.00013226893601941985 0.0006365493789635228
0.00013149887271675 0.0006304535789086577
0.0001318144183210053 0.0006351771120808022
0.00013404592534939618 0.0006446478762701742
0.00013356427058588245 0.0006422384774134527
0.00013367341565037887 0.0006404439989005937
0.00012762966361298648 0.0006058520017308957
0.0006590165120243538 0.0006192842954553637
0.0006590165120243538 0.0006192842954553637
0.0006539129449907831 0.000622343636034096
0.0006539129449907831 0.000622343636034096
0.0006900274107473878 0.0006493413493658527
0.0006900274107473878 0.0006493413493658527
0.0006900274107473878 0.0006493413493658527
0.0006900274107473878 0.0006493413493658527
0.000670484230328044 0.0006328857834634228
0.000670484230328044 0.0006328857834634228
0.0006607822079670613 0.0006204490325598296
0.0006607822079670613 0.0006204490325598296
0.0006710323882223495 0.0006313282492421108
0.0006710323882223495 0.0006313282492421108
0.0006795451211557028 0.0006384372143257727
0.0006795451211557028 0.0006384372143257727
0.000675950130616309 0.0006360675658757354
0.000675950130616309 0.0006360675658757354
0.0006840943433859248 0.0006455951948098505
0.0006840943433859248 0.0006455951948098505
0.0006746596953934207 0.0006350648328997885
0.0006746596953934207 0.0006350648328997885
0.00046738054060535235 0.0006207529708577893
0.0004774780958173701 0.000632783061929568
0.0004862397782364647 0.0006492272381596663
0.0004862397782364647 0.0006492272381596663
0.00047635037536588774 0.0006358708817126676
0.0004724396860195033 0.0006308684321458307
0.00047424961227497675 0.000633160991127697
0.0004879418626958146 0.0006508255855191792
0.0004784585607939929 0.0006387904939220146
0.00047012253549206845 0.0006283763404508426
0.00047605306073020796 0.0006360542515024178