1.0221202668651603e-06 8.398772223935525e-07
1.4250054176877194e-06 1.1612061011339583e-06
1.4250054176877194e-06 1.1612061011339583e-06
1.4250054176877194e-06 1.1612061011339583e-06
1.4250054176877194e-06 1.1612061011339583e-06
1.4250054176877194e-06 1.1612061011339583e-06
1.181731104870254e-06 9.616301253655461e-07
1.07391609763476e-06 8.708920684138966e-07
1.07391609763476e-06 8.708920684138966e-07
1.082941963142524e-06 8.855913382423378e-07
1.3743403834744934e-06 1.1305620058865574e-06
1.0685765470622762e-06 8.747835763491825e-07
1.210486017222107e-06 9.901760663933725e-07
1.3898291954502278e-06 1.1410485387720143e-06
1.0621156944995882e-06 8.716897839262201e-07
7.901327420259785e-06 6.474830809797396e-06
1.4270969288147148e-06 1.1668388745848792e-06
1.333657127528556e-06 1.1047211338722045e-06
9.914777576697632e-07 8.25213698629313e-07
9.513884618811718e-07 7.854646668271304e-07
7.65798462280355e-06 6.15838730494075e-06
1.0610237853136174e-06 8.689182896374811e-07
1.1095284332466141e-06 9.027343918054374e-07
1.1833559482681815e-06 9.664967574465634e-07
2.402485252010842e-05 1.9351378364832177e-05
1.1566214207336341e-06 9.352029968772055e-07