1.2671518450732356e-06 8.398412639909422e-07
1.7593965833637967e-06 1.1612293634056791e-06
1.7593965833637967e-06 1.1612293634056791e-06
1.7593965833637967e-06 1.1612293634056791e-06
1.7593965833637967e-06 1.1612293634056791e-06
1.7593965833637967e-06 1.1612293634056791e-06
1.453355461970128e-06 9.615728281426881e-07
1.3208514891397181e-06 8.709335680434209e-07
1.3208514891397181e-06 8.709335680434209e-07
1.337651123389436e-06 8.856331475571606e-07
1.6959360865422406e-06 1.1305465372439488e-06
1.3186122090049607e-06 8.748051979313399e-07
1.4908466349974357e-06 9.90171385722242e-07
1.728805585768014e-06 1.141026746365641e-06
1.3209757297373302e-06 8.717286452587169e-07
9.722994054255273e-06 6.474682273795659e-06
1.7613013903713176e-06 1.1667873340783982e-06
1.6505564732141364e-06 1.104636458515019e-06
1.2342686870258855e-06 8.252715513119083e-07
1.1745470551838608e-06 7.854524157534171e-07
9.312738159778507e-06 6.1579228244481e-06
1.3077834971558716e-06 8.689579718835292e-07
1.3698899038339439e-06 9.027524761512683e-07
1.4572341535301657e-06 9.664942631958523e-07
2.9553748539009175e-05 1.935260821093291e-05
1.4193582157295866e-06 9.351782145704403e-07
1.275883813151845e-06 8.398666812589016e-07
1.7512443765333424e-06 1.1612736906614102e-06
1.7512443765333424e-06 1.1612736906614102e-06
1.7512443765333424e-06 1.1612736906614102e-06
1.7512443765333424e-06 1.1612736906614102e-06
1.7512443765333424e-06 1.1612736906614102e-06
1.4473659546528291e-06 9.61571804166188e-07
1.3137444700447813e-06 8.708977214596345e-07
1.3137444700447813e-06 8.708977214596345e-07
1.3466839807434763e-06 8.856547221620969e-07
1.707344009859948e-06 1.1305840638154042e-06
1.3274914061606904e-06 8.747180309357773e-07
1.4887070349521639e-06 9.90163404060879e-07
1.741234046580192e-06 1.140985826560835e-06
1.3304003812458166e-06 8.717040708128006e-07
9.788161880749189e-06 6.474951629183294e-06
1.7697220965209736e-06 1.1668707080582621e-06
1.6620211089937732e-06 1.1046543277411197e-06
1.2428838554692363e-06 8.252228157663901e-07
1.1824680976067806e-06 7.855148266857703e-07
9.266166116225644e-06 6.158428395439844e-06
1.3162229151220234e-06 8.688486213734106e-07
1.363542485669897e-06 9.027869366473025e-07
1.465760490852275e-06 9.665322374146653e-07
2.972755662470614e-05 1.9350171149672277e-05
1.4132806857908954e-06 9.351503466072205e-07
1.0229304732509823e-06 8.398848790900834e-07
1.4254602860461562e-06 1.161203362746941e-06
1.4254602860461562e-06 1.161203362746941e-06
1.4254602860461562e-06 1.161203362746941e-06
1.4254602860461562e-06 1.161203362746941e-06
1.4254602860461562e-06 1.161203362746941e-06
1.1819656414600493e-06 9.616324701011369e-07
1.0742193902665234e-06 8.709096489326056e-07
1.0742193902665234e-06 8.709096489326056e-07
1.0836997221497323e-06 8.855917347474019e-07
1.3752385160844637e-06 1.1305742781658244e-06
1.0692755690293193e-06 8.747825614254452e-07
1.2107443997003678e-06 9.901848110240876e-07
1.3907743747228112e-06 1.1410436411675806e-06
1.0628223108977942e-06 8.716933076728662e-07
7.905387192003358e-06 6.47479983220763e-06
1.4279780797418856e-06 1.166816477742032e-06
1.3347211149482018e-06 1.1047058428949263e-06
9.923001962522617e-07 8.252098999029626e-07
9.521012032681701e-07 7.854590911934043e-07
7.65973749507363e-06 6.158398585191618e-06
1.0617117406289232e-06 8.689213028116004e-07
1.1098825998840214e-06 9.027322629532586e-07
1.183941615888319e-06 9.66482846509354e-07
2.4036374365598202e-05 1.9351371484522127e-05
1.156835342507791e-06 9.352019436613345e-07
1.0268759447900673e-06 8.398866052960554e-07
1.4344337083925547e-06 1.161191072841673e-06
1.4344337083925547e-06 1.161191072841673e-06
1.4344337083925547e-06 1.161191072841673e-06
1.4344337083925547e-06 1.161191072841673e-06
1.4344337083925547e-06 1.161191072841673e-06
1.2186083171893822e-06 9.616425649195784e-07
1.107367812067087e-06 8.709025755578613e-07
1.107367812067087e-06 8.709025755578613e-07
1.0887696955123115e-06 8.85600317298428e-07
1.3821371030375766e-06 1.1305778441148118e-06
1.0746646892012222e-06 8.747853083876007e-07
1.2338177083197634e-06 9.901756463999965e-07
1.3925179600432378e-06 1.1410579430488962e-06
1.0776911662713718e-06 8.716978084397288e-07
8.094145589100158e-06 6.47486026671976e-06
1.4359972762125758e-06 1.1668337615495873e-06
1.340187444503409e-06 1.1046980335760181e-06
9.951298036504885e-07 8.252166012139403e-07
9.811022618327594e-07 7.854542074135457e-07
7.898762143505132e-06 6.158395791119952e-06
1.078891210840835e-06 8.689159723926844e-07
1.1168694275222034e-06 9.027227086457617e-07
1.1986343592144705e-06 9.66497117623636e-07
2.465099645222667e-05 1.9351324914100658e-05
1.1928219939382115e-06 9.351937487996721e-07
1.0991418267867018e-06 8.398830318118825e-07
1.4646258798077936e-06 1.1612064066988358e-06
1.4646258798077936e-06 1.1612064066988358e-06
1.4646258798077936e-06 1.1612064066988358e-06
1.4646258798077936e-06 1.1612064066988358e-06
1.4646258798077936e-06 1.1612064066988358e-06
1.2488522680075817e-06 9.616362146732126e-07
1.1300016741076078e-06 8.708989950043037e-07
1.1300016741076078e-06 8.708989950043037e-07
1.164517148056585e-06 8.855868122432613e-07
1.4636450608575624e-06 1.1305708495767694e-06
1.1370870155953895e-06 8.7479447128858e-07
1.2673161177070072e-06 9.901818886764196e-07
1.4906938705998795e-06 1.1410467307481455e-06
1.1538631609902987e-06 8.716986746392642e-07
8.607419865433417e-06 6.4749078206870255e-06
1.487046970287671e-06 1.166816759744746e-06
1.4343445794630052e-06 1.1047010584439702e-06
1.065393950188851e-06 8.251971637204216e-07
1.050467623872068e-06 7.85453360000257e-07
8.071521986190712e-06 6.158352249925675e-06
1.1370368473023073e-06 8.689255919763229e-07
1.1403774593028969e-06 9.027346293549333e-07
1.2488397262649681e-06 9.664891146494346e-07
2.5732472969956498e-05 1.935155284867202e-05
1.221836192403436e-06 9.351941025860478e-07
1.103336371120405e-06 8.398823945640302e-07
1.4568186728995818e-06 1.1612015293512251e-06
1.4568186728995818e-06 1.1612015293512251e-06
1.4568186728995818e-06 1.1612015293512251e-06
1.4568186728995818e-06 1.1612015293512251e-06
1.4568186728995818e-06 1.1612015293512251e-06
1.2145204480028164e-06 9.616281753351162e-07
1.0983655119850289e-06 8.709082460828098e-07
1.0983655119850289e-06 8.709082460828098e-07
1.1595266892975472e-06 8.85586532366686e-07
1.456104510569031e-06 1.1305840063157212e-06
1.1312271427709047e-06 8.747866159228434e-07
1.2479529900309719e-06 9.901774796938517e-07
1.4996899005326518e-06 1.141045308119394e-06
1.1499731710761173e-06 8.716971945702897e-07
8.430666790439883e-06 6.474808732802802e-06
1.4791970751925677e-06 1.1668344739371484e-06
1.4392855515138605e-06 1.1047120441529278e-06
1.070445286711344e-06 8.25211538844979e-07
1.029887249603468e-06 7.854588001015052e-07
7.842887916257452e-06 6.158394966872282e-06
1.1216560492244535e-06 8.689197279351432e-07
1.1342986627303502e-06 9.027308376512686e-07
1.237722730451772e-06 9.664860004685469e-07
2.515852442367126e-05 1.9351595550900294e-05
1.1880330541066477e-06 9.351952776441133e-07
1.268417650598108e-06 8.398764894517354e-07
1.757019487832586e-06 1.161172840187735e-06
1.757019487832586e-06 1.161172840187735e-06
1.757019487832586e-06 1.161172840187735e-06
1.757019487832586e-06 1.161172840187735e-06
1.757019487832586e-06 1.161172840187735e-06
1.4515258317518455e-06 9.616314984495864e-07
1.318922413379379e-06 8.70932113044734e-07
1.318922413379379e-06 8.70932113044734e-07
1.3388053809551542e-06 8.855928827339138e-07
1.6972801712224853e-06 1.1305850023565296e-06
1.3196612172254646e-06 8.748444218365393e-07
1.4899072961803627e-06 9.902238764127224e-07
1.7308116965806996e-06 1.141106299303764e-06
1.322560809296015e-06 8.717326160374648e-07
9.730725453203972e-06 6.474818061421191e-06
1.7623007953847868e-06 1.1667530700349257e-06
1.6522419092573018e-06 1.1047596527258504e-06
1.2356505283458336e-06 8.252097010913563e-07
1.1756997151960902e-06 7.855242586341509e-07
9.299185873258407e-06 6.158249522594071e-06
1.3089193178067965e-06 8.689211942465501e-07
1.3680390652001503e-06 9.027085343801014e-07
1.458426221762148e-06 9.66502227088331e-07
2.957613024334055e-05 1.93513018551109e-05
1.4174671286577888e-06 9.352269092185733e-07
9.611471998479374e-07 8.398686715279772e-07
1.302338327350794e-06 1.1611761705808314e-06
1.302338327350794e-06 1.1611761705808314e-06
1.302338327350794e-06 1.1611761705808314e-06
1.302338327350794e-06 1.1611761705808314e-06
1.302338327350794e-06 1.1611761705808314e-06
1.0602687469036223e-06 9.61592036393358e-07
9.840256322669594e-07 8.708682057024255e-07
9.840256322669594e-07 8.708682057024255e-07
1.019346692888222e-06 8.856357879547568e-07
1.292504924661187e-06 1.130542341501283e-06
1.0045417843238817e-06 8.747626616330851e-07
1.0873622706548997e-06 9.9017276921349e-07
1.273728310194389e-06 1.1410853063619925e-06
9.737084932641164e-07 8.716663068196815e-07
7.280984139137636e-06 6.475168628989177e-06
1.3210219823355191e-06 1.1668806339969774e-06
1.2552808300548985e-06 1.1047155510886737e-06
9.326905068912475e-07 8.252137889831197e-07
8.985802368291371e-07 7.854357097414223e-07
6.922887153700635e-06 6.158490547821222e-06
9.97992824112286e-07 8.688726863263366e-07
1.0140181826446927e-06 9.02711123464316e-07
1.0764247765510789e-06 9.664712212725232e-07
2.1926542242447514e-05 1.9351596235635362e-05
1.03945689365357e-06 9.352057295718404e-07
1.2671518450732356e-06 8.399308618941718e-07
1.2671518450732356e-06 8.399308618941718e-07
1.7593965833637967e-06 1.1612597870977412e-06
1.7593965833637967e-06 1.1612597870977412e-06
1.7593965833637967e-06 1.1612597870977412e-06
1.7593965833637967e-06 1.1612597870977412e-06
1.7593965833637967e-06 1.1612597870977412e-06
1.7593965833637967e-06 1.1612597870977412e-06
1.7593965833637967e-06 1.1612597870977412e-06
1.7593965833637967e-06 1.1612597870977412e-06
1.7593965833637967e-06 1.1612597870977412e-06
1.7593965833637967e-06 1.1612597870977412e-06
1.453355461970128e-06 9.616731462373793e-07
1.453355461970128e-06 9.616731462373793e-07
1.3208514891397181e-06 8.708649821921792e-07
1.3208514891397181e-06 8.708649821921792e-07
1.3208514891397181e-06 8.708649821921792e-07
1.3208514891397181e-06 8.708649821921792e-07
1.337651123389436e-06 8.85567471546151e-07
1.337651123389436e-06 8.85567471546151e-07
1.6959360865422406e-06 1.130625259368126e-06
1.6959360865422406e-06 1.130625259368126e-06
1.3186122090049607e-06 8.747320404958087e-07
1.3186122090049607e-06 8.747320404958087e-07
1.4908466349974357e-06 9.901227442932294e-07
1.4908466349974357e-06 9.901227442932294e-07
1.728805585768014e-06 1.1410806635758535e-06
1.728805585768014e-06 1.1410806635758535e-06
1.3209757297373302e-06 8.71659427652157e-07
1.3209757297373302e-06 8.71659427652157e-07
9.722994054255273e-06 6.474692399666286e-06
9.722994054255273e-06 6.474692399666286e-06
1.7613013903713176e-06 1.1668354193941033e-06
1.7613013903713176e-06 1.1668354193941033e-06
1.6505564732141364e-06 1.1047448059223448e-06
1.6505564732141364e-06 1.1047448059223448e-06
1.2342686870258855e-06 8.252552002404934e-07
1.2342686870258855e-06 8.252552002404934e-07
1.1745470551838608e-06 7.854815632481186e-07
1.1745470551838608e-06 7.854815632481186e-07
9.312738159778507e-06 6.158225923686269e-06
9.312738159778507e-06 6.158225923686269e-06
1.3077834971558716e-06 8.688932462579984e-07
1.3077834971558716e-06 8.688932462579984e-07
1.3698899038339439e-06 9.027761278640206e-07
1.3698899038339439e-06 9.027761278640206e-07
1.4572341535301657e-06 9.664514737722506e-07
1.4572341535301657e-06 9.664514737722506e-07
2.9553748539009175e-05 1.935220895462033e-05
2.9553748539009175e-05 1.935220895462033e-05
1.4193582157295866e-06 9.351613038532154e-07
1.4193582157295866e-06 9.351613038532154e-07
1.0372587465620386e-06 8.398728544148567e-07
1.4345906047583613e-06 1.161197998986416e-06
1.4345906047583613e-06 1.161197998986416e-06
1.4345906047583613e-06 1.161197998986416e-06
1.4345906047583613e-06 1.161197998986416e-06
1.4345906047583613e-06 1.161197998986416e-06
1.1998754190552668e-06 9.616392224153157e-07
1.0895966931709159e-06 8.708971585622185e-07
1.0895966931709159e-06 8.708971585622185e-07
1.0991362817950291e-06 8.855999761398633e-07
1.3950422042223997e-06 1.1305653404817588e-06
1.0846873281005641e-06 8.747744334551695e-07
1.2317522891959861e-06 9.901750390981244e-07
1.4094110004299038e-06 1.1410421943980294e-06
1.0872984295434969e-06 8.716916634590725e-07
8.087226737368937e-06 6.474850012759135e-06
1.447387283927088e-06 1.1668353580979968e-06
1.3535895513405063e-06 1.1047206991366404e-06
1.005933442810171e-06 8.252141851985352e-07
9.74166551597983e-07 7.854663911023192e-07
7.773206411360756e-06 6.158324072597881e-06
1.0860337807664566e-06 8.68915287541874e-07
1.11699158914824e-06 9.027280931068456e-07
1.2100246208129081e-06 9.664825997672626e-07
2.4584288920478312e-05 1.9351191469068876e-05
1.1743610902984104e-06 9.352096217122907e-07
5.913219137860784e-07 8.398578104727197e-07
5.913219137860784e-07 8.398578104727197e-07
5.913219137860784e-07 8.398578104727197e-07
5.913219137860784e-07 8.398578104727197e-07
5.913219137860784e-07 8.398578104727197e-07
5.913219137860784e-07 8.398578104727197e-07
8.210300595215874e-07 1.1612040907810565e-06
8.210300595215874e-07 1.1612040907810565e-06
8.210300595215874e-07 1.1612040907810565e-06
8.210300595215874e-07 1.1612040907810565e-06
8.210300595215874e-07 1.1612040907810565e-06
8.210300595215874e-07 1.1612040907810565e-06
8.210300595215874e-07 1.1612040907810565e-06
8.210300595215874e-07 1.1612040907810565e-06
8.210300595215874e-07 1.1612040907810565e-06
8.210300595215874e-07 1.1612040907810565e-06
8.210300595215874e-07 1.1612040907810565e-06
8.210300595215874e-07 1.1612040907810565e-06
8.210300595215874e-07 1.1612040907810565e-06
8.210300595215874e-07 1.1612040907810565e-06
8.210300595215874e-07 1.1612040907810565e-06
8.210300595215874e-07 1.1612040907810565e-06
8.210300595215874e-07 1.1612040907810565e-06
8.210300595215874e-07 1.1612040907810565e-06
8.210300595215874e-07 1.1612040907810565e-06
8.210300595215874e-07 1.1612040907810565e-06
8.210300595215874e-07 1.1612040907810565e-06
8.210300595215874e-07 1.1612040907810565e-06
8.210300595215874e-07 1.1612040907810565e-06
8.210300595215874e-07 1.1612040907810565e-06
8.210300595215874e-07 1.1612040907810565e-06
8.210300595215874e-07 1.1612040907810565e-06
8.210300595215874e-07 1.1612040907810565e-06
8.210300595215874e-07 1.1612040907810565e-06
8.210300595215874e-07 1.1612040907810565e-06
8.210300595215874e-07 1.1612040907810565e-06
6.782146405934142e-07 9.616412714980117e-07
6.782146405934142e-07 9.616412714980117e-07
6.782146405934142e-07 9.616412714980117e-07
6.782146405934142e-07 9.616412714980117e-07
6.782146405934142e-07 9.616412714980117e-07
6.782146405934142e-07 9.616412714980117e-07
6.16381085993801e-07 8.709113225136311e-07
6.16381085993801e-07 8.709113225136311e-07
6.16381085993801e-07 8.709113225136311e-07
6.16381085993801e-07 8.709113225136311e-07
6.16381085993801e-07 8.709113225136311e-07
6.16381085993801e-07 8.709113225136311e-07
6.16381085993801e-07 8.709113225136311e-07
6.16381085993801e-07 8.709113225136311e-07
6.16381085993801e-07 8.709113225136311e-07
6.16381085993801e-07 8.709113225136311e-07
6.16381085993801e-07 8.709113225136311e-07
6.16381085993801e-07 8.709113225136311e-07
6.242207083043184e-07 8.856135510473501e-07
6.242207083043184e-07 8.856135510473501e-07
6.242207083043184e-07 8.856135510473501e-07
6.242207083043184e-07 8.856135510473501e-07
6.242207083043184e-07 8.856135510473501e-07
6.242207083043184e-07 8.856135510473501e-07
7.914159429685952e-07 1.130558253005378e-06
7.914159429685952e-07 1.130558253005378e-06
7.914159429685952e-07 1.130558253005378e-06
7.914159429685952e-07 1.130558253005378e-06
7.914159429685952e-07 1.130558253005378e-06
7.914159429685952e-07 1.130558253005378e-06
6.153361161901139e-07 8.747661573148703e-07
6.153361161901139e-07 8.747661573148703e-07
6.153361161901139e-07 8.747661573148703e-07
6.153361161901139e-07 8.747661573148703e-07
6.153361161901139e-07 8.747661573148703e-07
6.153361161901139e-07 8.747661573148703e-07
6.95710059371194e-07 9.901613224206405e-07
6.95710059371194e-07 9.901613224206405e-07
6.95710059371194e-07 9.901613224206405e-07
6.95710059371194e-07 9.901613224206405e-07
6.95710059371194e-07 9.901613224206405e-07
6.95710059371194e-07 9.901613224206405e-07
8.067546375875112e-07 1.14108758893451e-06
8.067546375875112e-07 1.14108758893451e-06
8.067546375875112e-07 1.14108758893451e-06
8.067546375875112e-07 1.14108758893451e-06
8.067546375875112e-07 1.14108758893451e-06
8.067546375875112e-07 1.14108758893451e-06
6.164390634084538e-07 8.716788972062587e-07
6.164390634084538e-07 8.716788972062587e-07
6.164390634084538e-07 8.716788972062587e-07
6.164390634084538e-07 8.716788972062587e-07
6.164390634084538e-07 8.716788972062587e-07
6.164390634084538e-07 8.716788972062587e-07
4.537277418051346e-06 6.4750319426595395e-06
4.537277418051346e-06 6.4750319426595395e-06
4.537277418051346e-06 6.4750319426595395e-06
4.537277418051346e-06 6.4750319426595395e-06
4.537277418051346e-06 6.4750319426595395e-06
4.537277418051346e-06 6.4750319426595395e-06
8.219189459872937e-07 1.1667914916027145e-06
8.219189459872937e-07 1.1667914916027145e-06
8.219189459872937e-07 1.1667914916027145e-06
8.219189459872937e-07 1.1667914916027145e-06
8.219189459872937e-07 1.1667914916027145e-06
8.219189459872937e-07 1.1667914916027145e-06
7.702393492522392e-07 1.104675185526395e-06
7.702393492522392e-07 1.104675185526395e-06
7.702393492522392e-07 1.104675185526395e-06
7.702393492522392e-07 1.104675185526395e-06
7.702393492522392e-07 1.104675185526395e-06
7.702393492522392e-07 1.104675185526395e-06
5.759768452187314e-07 8.252009925920926e-07
5.759768452187314e-07 8.252009925920926e-07
5.759768452187314e-07 8.252009925920926e-07
5.759768452187314e-07 8.252009925920926e-07
5.759768452187314e-07 8.252009925920926e-07
5.759768452187314e-07 8.252009925920926e-07
5.481074862523538e-07 7.854729802763567e-07
5.481074862523538e-07 7.854729802763567e-07
5.481074862523538e-07 7.854729802763567e-07
5.481074862523538e-07 7.854729802763567e-07
5.481074862523538e-07 7.854729802763567e-07
5.481074862523538e-07 7.854729802763567e-07
4.345829722491229e-06 6.158338122872514e-06
4.345829722491229e-06 6.158338122872514e-06
4.345829722491229e-06 6.158338122872514e-06
4.345829722491229e-06 6.158338122872514e-06
4.345829722491229e-06 6.158338122872514e-06
4.345829722491229e-06 6.158338122872514e-06
6.102828507591889e-07 8.689249829495365e-07
6.102828507591889e-07 8.689249829495365e-07
6.102828507591889e-07 8.689249829495365e-07
6.102828507591889e-07 8.689249829495365e-07
6.102828507591889e-07 8.689249829495365e-07
6.102828507591889e-07 8.689249829495365e-07
6.392650752637287e-07 9.027328289349854e-07
6.392650752637287e-07 9.027328289349854e-07
6.392650752637287e-07 9.027328289349854e-07
6.392650752637287e-07 9.027328289349854e-07
6.392650752637287e-07 9.027328289349854e-07
6.392650752637287e-07 9.027328289349854e-07
6.800246488613142e-07 9.665150127300615e-07
6.800246488613142e-07 9.665150127300615e-07
6.800246488613142e-07 9.665150127300615e-07
6.800246488613142e-07 9.665150127300615e-07
6.800246488613142e-07 9.665150127300615e-07
6.800246488613142e-07 9.665150127300615e-07
1.3791385155288475e-05 1.9351154558396075e-05
1.3791385155288475e-05 1.9351154558396075e-05
1.3791385155288475e-05 1.9351154558396075e-05
1.3791385155288475e-05 1.9351154558396075e-05
1.3791385155288475e-05 1.9351154558396075e-05
1.3791385155288475e-05 1.9351154558396075e-05
6.623496779304338e-07 9.35216978439031e-07
6.623496779304338e-07 9.35216978439031e-07
6.623496779304338e-07 9.35216978439031e-07
6.623496779304338e-07 9.35216978439031e-07
6.623496779304338e-07 9.35216978439031e-07
6.623496779304338e-07 9.35216978439031e-07
1.0368534279293073e-06 8.398889574584854e-07
1.0368534279293073e-06 8.398889574584854e-07
1.430420281298169e-06 1.1611998611337808e-06
1.430420281298169e-06 1.1611998611337808e-06
1.430420281298169e-06 1.1611998611337808e-06
1.430420281298169e-06 1.1611998611337808e-06
1.430420281298169e-06 1.1611998611337808e-06
1.430420281298169e-06 1.1611998611337808e-06
1.430420281298169e-06 1.1611998611337808e-06
1.430420281298169e-06 1.1611998611337808e-06
1.430420281298169e-06 1.1611998611337808e-06
1.430420281298169e-06 1.1611998611337808e-06
1.186688846200455e-06 9.616312670944764e-07
1.186688846200455e-06 9.616312670944764e-07
1.0773309294623113e-06 8.708960814666212e-07
1.0773309294623113e-06 8.708960814666212e-07
1.0773309294623113e-06 8.708960814666212e-07
1.0773309294623113e-06 8.708960814666212e-07
1.0984763408781145e-06 8.855880564100394e-07
1.0984763408781145e-06 8.855880564100394e-07
1.3939118649668485e-06 1.1305836989782498e-06
1.3939118649668485e-06 1.1305836989782498e-06
1.0838009075620916e-06 8.747818387038377e-07
1.0838009075620916e-06 8.747818387038377e-07
1.2183852465197772e-06 9.901694407845615e-07
1.2183852465197772e-06 9.901694407845615e-07
1.410071908740414e-06 1.1410500938223179e-06
1.410071908740414e-06 1.1410500938223179e-06
1.0774861677571811e-06 8.717060672894788e-07
1.0774861677571811e-06 8.717060672894788e-07
8.012678442214015e-06 6.474910821002677e-06
8.012678442214015e-06 6.474910821002677e-06
1.4453951133422324e-06 1.1668234628216687e-06
1.4453951133422324e-06 1.1668234628216687e-06
1.3529647623015891e-06 1.104708696860172e-06
1.3529647623015891e-06 1.104708696860172e-06
1.0058270541641534e-06 8.252098984057444e-07
1.0058270541641534e-06 8.252098984057444e-07
9.650197395737983e-07 7.854524521167911e-07
9.650197395737983e-07 7.854524521167911e-07
7.686963958206726e-06 6.158306571413955e-06
7.686963958206726e-06 6.158306571413955e-06
1.0759617949128557e-06 8.689212137878686e-07
1.0759617949128557e-06 8.689212137878686e-07
1.1137445190687262e-06 9.027295407606836e-07
1.1137445190687262e-06 9.027295407606836e-07
1.1993599688406833e-06 9.664903181208413e-07
1.1993599688406833e-06 9.664903181208413e-07
2.4350041426617984e-05 1.9351327636027776e-05
2.4350041426617984e-05 1.9351327636027776e-05
1.1613397148103944e-06 9.351928205092478e-07
1.1613397148103944e-06 9.351928205092478e-07
6.142473317249472e-07 8.454629589089904e-07
8.572485980770739e-07 1.156488977605138e-06
8.572485980770739e-07 1.156488977605138e-06
8.572485980770739e-07 1.156488977605138e-06
8.572485980770739e-07 1.156488977605138e-06
8.572485980770739e-07 1.156488977605138e-06
6.219148978619212e-07 9.569879907208972e-07
5.820305714158198e-07 8.660471989624511e-07
5.820305714158198e-07 8.660471989624511e-07
6.334539176210916e-07 8.844492030302973e-07
7.950926499997543e-07 1.1360440343290417e-06
6.176277100006168e-07 8.781229390408885e-07
6.540363608747752e-07 9.851897300829556e-07
8.57496526821475e-07 1.1411233499629916e-06
5.950163881768905e-07 8.663082062264987e-07
4.115299724137742e-06 6.483507577599481e-06
8.713504615446578e-07 1.1609848650514132e-06
7.943199136161207e-07 1.1044044834088863e-06
6.173890896926323e-07 8.293143095135157e-07
5.289263615311808e-07 7.803728902115938e-07
4.025212905928804e-06 6.168588365028329e-06
5.687687051489556e-07 8.675300015701071e-07
6.67465317760461e-07 8.990672481039857e-07
6.817422520705783e-07 9.658796886810822e-07
1.280392025308741e-05 1.9254693331499552e-05
6.157380603987562e-07 9.325505560484078e-07
9.284951036807818e-07 8.398949828836326e-07
1.2889389504384057e-06 1.161198621871155e-06
1.2889389504384057e-06 1.161198621871155e-06
1.2889389504384057e-06 1.161198621871155e-06
1.2889389504384057e-06 1.161198621871155e-06
1.2889389504384057e-06 1.161198621871155e-06
1.0723512929914919e-06 9.616664482682681e-07
9.98471313219041e-07 8.709191073524528e-07
9.98471313219041e-07 8.709191073524528e-07
9.858851930014172e-07 8.855770194585608e-07
1.250538169539249e-06 1.1305344349332797e-06
9.719344434906992e-07 8.7474026267734e-07
1.0859416162265547e-06 9.90194401701202e-07
1.2268613854129077e-06 1.1410302133230742e-06
9.490030374012151e-07 8.717074470353185e-07
7.164389049358556e-06 6.474634521771802e-06
1.2932647069306362e-06 1.1668305015194048e-06
1.2129885256037734e-06 1.1047241884847064e-06
9.001815566236937e-07 8.252192890433139e-07
8.908246023937269e-07 7.854635228560867e-07
7.024077601034732e-06 6.158373287049624e-06
9.75291377565264e-07 8.688995461604615e-07
1.0035852471010461e-06 9.027285773442911e-07
1.057495730045081e-06 9.664829807667354e-07
2.1731047534736224e-05 1.9352232531310525e-05
1.0535430555107587e-06 9.351867524969643e-07
1.0624041142421628e-06 8.398886364879996e-07
1.446256515603452e-06 1.1612058065449265e-06
1.446256515603452e-06 1.1612058065449265e-06
1.446256515603452e-06 1.1612058065449265e-06
1.446256515603452e-06 1.1612058065449265e-06
1.446256515603452e-06 1.1612058065449265e-06
1.2063940281916515e-06 9.616293042343124e-07
1.0938851464915198e-06 8.709116068834515e-07
1.0938851464915198e-06 8.709116068834515e-07
1.1256894985121075e-06 8.855821220699894e-07
1.4284407633587088e-06 1.13057959446541e-06
1.1106563933775176e-06 8.747872854957633e-07
1.238858938063807e-06 9.901715753949547e-07
1.4439646017749404e-06 1.141060058804852e-06
1.1095411284367988e-06 8.716991393076794e-07
8.250003356859474e-06 6.4748890763734825e-06
1.4680542884641986e-06 1.1668166763998766e-06
1.386304643695467e-06 1.1047216833637521e-06
1.0304063728683658e-06 8.252075115490981e-07
9.938200571959305e-07 7.854652611675127e-07
7.807323303726716e-06 6.1583163951264835e-06
1.1077142360596482e-06 8.689243711575275e-07
1.1260748246375135e-06 9.027341627886848e-07
1.2278732423856412e-06 9.664941702183196e-07
2.4971978928874444e-05 1.9351441061301846e-05
1.1804403240648754e-06 9.352117503394295e-07
9.20301171909339e-07 8.398525066571348e-07
9.20301171909339e-07 8.398525066571348e-07
9.20301171909339e-07 8.398525066571348e-07
1.2753075687790662e-06 1.1612187410906413e-06
1.2753075687790662e-06 1.1612187410906413e-06
1.2753075687790662e-06 1.1612187410906413e-06
1.2753075687790662e-06 1.1612187410906413e-06
1.2753075687790662e-06 1.1612187410906413e-06
1.2753075687790662e-06 1.1612187410906413e-06
1.2753075687790662e-06 1.1612187410906413e-06
1.2753075687790662e-06 1.1612187410906413e-06
1.2753075687790662e-06 1.1612187410906413e-06
1.2753075687790662e-06 1.1612187410906413e-06
1.2753075687790662e-06 1.1612187410906413e-06
1.2753075687790662e-06 1.1612187410906413e-06
1.2753075687790662e-06 1.1612187410906413e-06
1.2753075687790662e-06 1.1612187410906413e-06
1.2753075687790662e-06 1.1612187410906413e-06
1.0377940938159563e-06 9.616245479749602e-07
1.0377940938159563e-06 9.616245479749602e-07
1.0377940938159563e-06 9.616245479749602e-07
9.645116415435605e-07 8.708858634021983e-07
9.645116415435605e-07 8.708858634021983e-07
9.645116415435605e-07 8.708858634021983e-07
9.645116415435605e-07 8.708858634021983e-07
9.645116415435605e-07 8.708858634021983e-07
9.645116415435605e-07 8.708858634021983e-07
9.764327133374199e-07 8.855983374692664e-07
9.764327133374199e-07 8.855983374692664e-07
9.764327133374199e-07 8.855983374692664e-07
1.2383181797931704e-06 1.130563933005915e-06
1.2383181797931704e-06 1.130563933005915e-06
1.2383181797931704e-06 1.130563933005915e-06
9.62423692288489e-07 8.748152400254835e-07
9.62423692288489e-07 8.748152400254835e-07
9.62423692288489e-07 8.748152400254835e-07
1.0627013848576812e-06 9.902018652236152e-07
1.0627013848576812e-06 9.902018652236152e-07
1.0627013848576812e-06 9.902018652236152e-07
1.2198128241954864e-06 1.1410445669407593e-06
1.2198128241954864e-06 1.1410445669407593e-06
1.2198128241954864e-06 1.1410445669407593e-06
9.32385818005901e-07 8.717392813787197e-07
9.32385818005901e-07 8.717392813787197e-07
9.32385818005901e-07 8.717392813787197e-07
6.978050131548587e-06 6.475055181045919e-06
6.978050131548587e-06 6.475055181045919e-06
6.978050131548587e-06 6.475055181045919e-06
1.2800056464128328e-06 1.1668467822979873e-06
1.2800056464128328e-06 1.1668467822979873e-06
1.2800056464128328e-06 1.1668467822979873e-06
1.2019578410017362e-06 1.1047170307693703e-06
1.2019578410017362e-06 1.1047170307693703e-06
1.2019578410017362e-06 1.1047170307693703e-06
8.930313045181876e-07 8.251731881655515e-07
8.930313045181876e-07 8.251731881655515e-07
8.930313045181876e-07 8.251731881655515e-07
8.604954485185004e-07 7.854387011982127e-07
8.604954485185004e-07 7.854387011982127e-07
8.604954485185004e-07 7.854387011982127e-07
6.784442323343052e-06 6.158223267238742e-06
6.784442323343052e-06 6.158223267238742e-06
6.784442323343052e-06 6.158223267238742e-06
9.564542083935726e-07 8.689107759989228e-07
9.564542083935726e-07 8.689107759989228e-07
9.564542083935726e-07 8.689107759989228e-07
9.929716695330288e-07 9.027442182467536e-07
9.929716695330288e-07 9.027442182467536e-07
9.929716695330288e-07 9.027442182467536e-07
1.0407110859650085e-06 9.664793221492709e-07
1.0407110859650085e-06 9.664793221492709e-07
1.0407110859650085e-06 9.664793221492709e-07
2.1138627411390386e-05 1.935184091147271e-05
2.1138627411390386e-05 1.935184091147271e-05
2.1138627411390386e-05 1.935184091147271e-05
1.0176293798157494e-06 9.351607500604612e-07
1.0176293798157494e-06 9.351607500604612e-07
1.0176293798157494e-06 9.351607500604612e-07
5.934697929457694e-07 8.399139079030374e-07
8.263254189941326e-07 1.1612050561331762e-06
8.263254189941326e-07 1.1612050561331762e-06
8.263254189941326e-07 1.1612050561331762e-06
8.263254189941326e-07 1.1612050561331762e-06
8.263254189941326e-07 1.1612050561331762e-06
7.016508613994373e-07 9.616655648977735e-07
6.418358966145199e-07 8.708818499303723e-07
6.418358966145199e-07 8.708818499303723e-07
6.270737803496253e-07 8.856122830405646e-07
7.953474017435097e-07 1.1305317613661083e-06
6.18415066820623e-07 8.747859558470403e-07
7.09643600588823e-07 9.901582595336097e-07
8.072832340314109e-07 1.1410896979036187e-06
6.24871161156209e-07 8.716724405394663e-07
4.652724938298731e-06 6.474793284954775e-06
8.267427270568758e-07 1.1668018459667742e-06
7.732633473062188e-07 1.1046677573386652e-06
5.773223070277484e-07 8.252060258252221e-07
5.723776528855363e-07 7.854558849826682e-07
4.538262802078356e-06 6.158348273240885e-06
6.207850867553367e-07 8.689352678351762e-07
6.433881135526528e-07 9.027335794103384e-07
6.888418749975142e-07 9.665172351442719e-07
1.4173958327981383e-05 1.935114822073471e-05
6.916784819625049e-07 9.351907814978839e-07
1.2671518450732356e-06 8.398412639909422e-07
1.2671518450732356e-06 8.398412639909422e-07
1.7593965833637967e-06 1.1612293634056791e-06
1.7593965833637967e-06 1.1612293634056791e-06
1.7593965833637967e-06 1.1612293634056791e-06
1.7593965833637967e-06 1.1612293634056791e-06
1.7593965833637967e-06 1.1612293634056791e-06
1.7593965833637967e-06 1.1612293634056791e-06
1.7593965833637967e-06 1.1612293634056791e-06
1.7593965833637967e-06 1.1612293634056791e-06
1.7593965833637967e-06 1.1612293634056791e-06
1.7593965833637967e-06 1.1612293634056791e-06
1.453355461970128e-06 9.615728281426881e-07
1.453355461970128e-06 9.615728281426881e-07
1.3208514891397181e-06 8.709335680434209e-07
1.3208514891397181e-06 8.709335680434209e-07
1.3208514891397181e-06 8.709335680434209e-07
1.3208514891397181e-06 8.709335680434209e-07
1.337651123389436e-06 8.856331475571606e-07
1.337651123389436e-06 8.856331475571606e-07
1.6959360865422406e-06 1.1305465372439488e-06
1.6959360865422406e-06 1.1305465372439488e-06
1.3186122090049607e-06 8.748051979313399e-07
1.3186122090049607e-06 8.748051979313399e-07
1.4908466349974357e-06 9.90171385722242e-07
1.4908466349974357e-06 9.90171385722242e-07
1.728805585768014e-06 1.141026746365641e-06
1.728805585768014e-06 1.141026746365641e-06
1.3209757297373302e-06 8.717286452587169e-07
1.3209757297373302e-06 8.717286452587169e-07
9.722994054255273e-06 6.474682273795659e-06
9.722994054255273e-06 6.474682273795659e-06
1.7613013903713176e-06 1.1667873340783982e-06
1.7613013903713176e-06 1.1667873340783982e-06
1.6505564732141364e-06 1.104636458515019e-06
1.6505564732141364e-06 1.104636458515019e-06
1.2342686870258855e-06 8.252715513119083e-07
1.2342686870258855e-06 8.252715513119083e-07
1.1745470551838608e-06 7.854524157534171e-07
1.1745470551838608e-06 7.854524157534171e-07
9.312738159778507e-06 6.1579228244481e-06
9.312738159778507e-06 6.1579228244481e-06
1.3077834971558716e-06 8.689579718835292e-07
1.3077834971558716e-06 8.689579718835292e-07
1.3698899038339439e-06 9.027524761512683e-07
1.3698899038339439e-06 9.027524761512683e-07
1.4572341535301657e-06 9.664942631958523e-07
1.4572341535301657e-06 9.664942631958523e-07
2.9553748539009175e-05 1.935260821093291e-05
2.9553748539009175e-05 1.935260821093291e-05
1.4193582157295866e-06 9.351782145704403e-07
1.4193582157295866e-06 9.351782145704403e-07
2.095708245289064e-06 8.381205109690914e-07
2.743676481420573e-06 1.1614381624189969e-06
2.743676481420573e-06 1.1614381624189969e-06
2.743676481420573e-06 1.1614381624189969e-06
2.743676481420573e-06 1.1614381624189969e-06
2.743676481420573e-06 1.1614381624189969e-06
2.055038177262893e-06 9.612318655438094e-07
2.040461146880666e-06 8.682775311842285e-07
2.040461146880666e-06 8.682775311842285e-07
2.172582956081037e-06 8.867269259516429e-07
2.7269619649397136e-06 1.1302145068725412e-06
2.11830316085178e-06 8.73616914953235e-07
2.1174782926234146e-06 9.881986966764634e-07
2.6662597077449454e-06 1.1407108229621143e-06
2.0314275946782215e-06 8.740017213791653e-07
1.4241860105164045e-05 6.4926737051832695e-06
2.7888103565030204e-06 1.1676851895666418e-06
2.7171985938568406e-06 1.1018765614729836e-06
2.1008987124996076e-06 8.244520825228269e-07
1.960691775898724e-06 7.860730691928756e-07
1.3076091463463502e-05 6.166358361358739e-06
2.0760686041354545e-06 8.697641524549301e-07
2.1362635046719973e-06 9.029147988002046e-07
2.092336078746517e-06 9.688296785437905e-07
4.276754885533171e-05 1.936735038637864e-05
2.0180859206035706e-06 9.325848002883205e-07
1.0452724945329823e-06 8.398836917493322e-07
1.4453880220499448e-06 1.1611936750497192e-06
1.4453880220499448e-06 1.1611936750497192e-06
1.4453880220499448e-06 1.1611936750497192e-06
1.4453880220499448e-06 1.1611936750497192e-06
1.4453880220499448e-06 1.1611936750497192e-06
1.2296373979309867e-06 9.616412986401446e-07
1.122656764957777e-06 8.708971264063336e-07
1.122656764957777e-06 8.708971264063336e-07
1.1085021642699419e-06 8.855972091933802e-07
1.4071662135529871e-06 1.1305642708990147e-06
1.0941433773353166e-06 8.747878897962675e-07
1.246370920684818e-06 9.901738994913934e-07
1.4162747361387105e-06 1.1410503899871365e-06
1.0959670148761346e-06 8.716920138689082e-07
8.238667508177458e-06 6.4748713614195585e-06
1.460215447813029e-06 1.1668360998754174e-06
1.3644108400472513e-06 1.1047158166052569e-06
1.012658399062732e-06 8.252094574073995e-07
1.0083244190212803e-06 7.854650354897133e-07
8.033572199134243e-06 6.15840858263117e-06
1.098379222933676e-06 8.689226314969015e-07
1.125398603845826e-06 9.027247316309109e-07
1.2190845164547206e-06 9.664981607614999e-07
2.508174810706428e-05 1.935156812854065e-05
1.2134320618885503e-06 9.352098538399767e-07
1.1072478550717882e-06 8.398876536965532e-07
1.458507933514431e-06 1.16119549729649e-06
1.458507933514431e-06 1.16119549729649e-06
1.458507933514431e-06 1.16119549729649e-06
1.458507933514431e-06 1.16119549729649e-06
1.458507933514431e-06 1.16119549729649e-06
1.2125556378081655e-06 9.616298920292388e-07
1.0963074748895686e-06 8.709050343057684e-07
1.0963074748895686e-06 8.709050343057684e-07
1.1609149582491929e-06 8.855811375231143e-07
1.4578476689814672e-06 1.1305820789801116e-06
1.1325813431389184e-06 8.747856147113766e-07
1.2459843977520436e-06 9.90186265921267e-07
1.5055409294779853e-06 1.1410549829915405e-06
1.1506095718175896e-06 8.716942727585174e-07
8.417468940506968e-06 6.474851068105684e-06
1.4809674224467083e-06 1.166820129316367e-06
1.4441934839641774e-06 1.104695866815046e-06
1.0743413563855278e-06 8.252042170429427e-07
1.0303747694973167e-06 7.854506612038792e-07
7.828591160544531e-06 6.158295942421322e-06
1.1196661080519286e-06 8.689145877916698e-07
1.1356139438233724e-06 9.027261482655882e-07
1.2358319580235435e-06 9.664922473033934e-07
2.5119083739525047e-05 1.9351493641558353e-05
1.1860327101415212e-06 9.352101243716464e-07
1.0321459463488855e-06 8.398751007879515e-07
1.4294323031848145e-06 1.1611892072044656e-06
1.4294323031848145e-06 1.1611892072044656e-06
1.4294323031848145e-06 1.1611892072044656e-06
1.4294323031848145e-06 1.1611892072044656e-06
1.4294323031848145e-06 1.1611892072044656e-06
1.1855696849499488e-06 9.616394978905915e-07
1.076829821166533e-06 8.709083876753922e-07
1.076829821166533e-06 8.709083876753922e-07
1.0934963603571907e-06 8.855924636768686e-07
1.3877290604824188e-06 1.1305662606438114e-06
1.0789910304939469e-06 8.747804922259679e-07
1.2170460787557321e-06 9.901719485463862e-07
1.4035724588998974e-06 1.141058700522571e-06
1.0725172818826323e-06 8.716944700998868e-07
7.97666478435059e-06 6.474813567883387e-06
1.4399381435911648e-06 1.166834022049955e-06
1.3467921768759565e-06 1.1047032851471327e-06
1.001349880755052e-06 8.252099898992347e-07
9.60607106969411e-07 7.854688754326406e-07
7.679033552305972e-06 6.158300297342046e-06
1.0712674577537962e-06 8.68923276491855e-07
1.11297526598759e-06 9.027212582788819e-07
1.1945832814755213e-06 9.66489129203154e-07
2.4251954064080826e-05 1.935155338800087e-05
1.160230439041955e-06 9.352013075510999e-07
1.0242693715313622e-06 8.398787273111573e-07
1.4287637346737854e-06 1.161197563346533e-06
1.4287637346737854e-06 1.161197563346533e-06
1.4287637346737854e-06 1.161197563346533e-06
1.4287637346737854e-06 1.161197563346533e-06
1.4287637346737854e-06 1.161197563346533e-06
1.193042895708678e-06 9.616321658354431e-07
1.0841874604361707e-06 8.708965601212035e-07
1.0841874604361707e-06 8.708965601212035e-07
1.085436898259996e-06 8.85599227666973e-07
1.377617377459899e-06 1.1305810839312241e-06
1.0711316665280078e-06 8.747875531256371e-07
1.222074326497866e-06 9.9018064012079e-07
1.3918373845999471e-06 1.1410440296508473e-06
1.0722923160892436e-06 8.716993543396559e-07
7.977074018338081e-06 6.474861835852421e-06
1.4307109560321649e-06 1.1668402343234e-06
1.3365510727526832e-06 1.1047204604065977e-06
9.932915588339856e-07 8.252106156162318e-07
9.605540987520925e-07 7.854525158790447e-07
7.731648928471294e-06 6.1584036420889745e-06
1.0711708333460705e-06 8.689092458428383e-07
1.1124547095298018e-06 9.027277544356102e-07
1.1946452059595616e-06 9.664800584100343e-07
2.42547987862928e-05 1.935144043843556e-05
1.167749216422235e-06 9.352058986293265e-07
1.0272575268488426e-06 8.39875360091357e-07
1.4293068677891072e-06 1.1611841349009238e-06
1.4293068677891072e-06 1.1611841349009238e-06
1.4293068677891072e-06 1.1611841349009238e-06
1.4293068677891072e-06 1.1611841349009238e-06
1.4293068677891072e-06 1.1611841349009238e-06
1.193001658934225e-06 9.616372504672416e-07
1.0839749887381513e-06 8.709009411237714e-07
1.0839749887381513e-06 8.709009411237714e-07
1.0884864693621163e-06 8.855896531301432e-07
1.3814468489106173e-06 1.1305724661595525e-06
1.074111410292039e-06 8.74788808498891e-07
1.2230744997410316e-06 9.901800936434136e-07
1.395990709994996e-06 1.1410479429744663e-06
1.0749594299268408e-06 8.716890880795795e-07
7.994715949571445e-06 6.474915376057692e-06
1.4344083055182492e-06 1.1668210472158943e-06
1.3404754738612273e-06 1.1047084395822695e-06
9.963255936305193e-07 8.251978863938839e-07
9.628545716240096e-07 7.854562213974859e-07
7.730280677200329e-06 6.158337751247054e-06
1.0736653143890521e-06 8.689215928827022e-07
1.1128776002970983e-06 9.027173150143325e-07
1.1973257618022062e-06 9.66480240030113e-07
2.4308041342704303e-05 1.9351326690974953e-05
1.1676409396628442e-06 9.352015993775121e-07
1.02681255936597e-06 8.398909345013756e-07
1.4424863419624393e-06 1.1611974032666021e-06
1.4424863419624393e-06 1.1611974032666021e-06
1.4424863419624393e-06 1.1611974032666021e-06
1.4424863419624393e-06 1.1611974032666021e-06
1.4424863419624393e-06 1.1611974032666021e-06
1.2271971922287942e-06 9.61641471266435e-07
1.121833061686653e-06 8.708942907798448e-07
1.121833061686653e-06 8.708942907798448e-07
1.090973752951288e-06 8.855800739029882e-07
1.386060841370445e-06 1.1305759679796425e-06
1.0777904448288547e-06 8.747886282177524e-07
1.2400181131404435e-06 9.90179203322171e-07
1.3871063341913726e-06 1.1410417729653428e-06
1.0729443514370323e-06 8.716881334396245e-07
8.117599920408185e-06 6.474864517687874e-06
1.4425035925602073e-06 1.1668306322326507e-06
1.3410405905138653e-06 1.1047114340852771e-06
9.922681665158487e-07 8.25198681434942e-07
9.989779592308263e-07 7.854599716037131e-07
8.3915963463141e-06 6.158284941749296e-06
1.082452969182988e-06 8.689159437685746e-07
1.1231393166029066e-06 9.027276299877117e-07
1.203023883955606e-06 9.664904310096474e-07
2.4760750312432638e-05 1.935130403874522e-05
1.2135761668881753e-06 9.352042945047034e-07
5.938995940280545e-07 8.398568943992119e-07
8.273246996544788e-07 1.1612193351283972e-06
8.273246996544788e-07 1.1612193351283972e-06
8.273246996544788e-07 1.1612193351283972e-06
8.273246996544788e-07 1.1612193351283972e-06
8.273246996544788e-07 1.1612193351283972e-06
7.023736394162494e-07 9.616213117279858e-07
6.425948089838666e-07 8.709141110249774e-07
6.425948089838666e-07 8.709141110249774e-07
6.276294138046986e-07 8.856191704247896e-07
7.961065356891264e-07 1.1306011948507518e-06
6.190091647941325e-07 8.747795615884254e-07
7.103754708820777e-07 9.902008597857202e-07
8.075450012527398e-07 1.141048409848008e-06
6.250357396167627e-07 8.717083577426658e-07
4.656335151578396e-06 6.4748818377983376e-06
8.276600298269022e-07 1.1668002383340287e-06
7.73862561908867e-07 1.1047310980648147e-06
5.77611020598864e-07 8.251896898720298e-07
5.766529878355409e-07 7.854319648430592e-07
4.572161039495937e-06 6.158515982781114e-06
6.213929827802059e-07 8.689438492304147e-07
6.441661669492823e-07 9.02744680058237e-07
6.894845910258076e-07 9.66463163340687e-07
1.4186810425907912e-05 1.935125206054223e-05
6.942135849600747e-07 9.351817857376428e-07
1.034563482472026e-06 8.398897505522832e-07
1.4338388004230771e-06 1.1611858246929418e-06
1.4338388004230771e-06 1.1611858246929418e-06
1.4338388004230771e-06 1.1611858246929418e-06
1.4338388004230771e-06 1.1611858246929418e-06
1.4338388004230771e-06 1.1611858246929418e-06
1.1985686065014074e-06 9.616268392116986e-07
1.08862790946859e-06 8.708946939677922e-07
1.08862790946859e-06 8.708946939677922e-07
1.0963107044709756e-06 8.855971349454488e-07
1.391429510871821e-06 1.1305666536233318e-06
1.0818766255173616e-06 8.747904530901831e-07
1.2303717564181176e-06 9.901766827507056e-07
1.4058839689983184e-06 1.1410604324618938e-06
1.084071818242416e-06 8.717060460590117e-07
8.062888152711977e-06 6.474900326836911e-06
1.444069510637207e-06 1.1668231902341272e-06
1.3500516945657199e-06 1.1047033194125824e-06
1.0033812531016652e-06 8.252123994505138e-07
9.710247707261749e-07 7.854540786923886e-07
7.764135513404137e-06 6.1583377827149585e-06
1.082769874383495e-06 8.689111723176297e-07
1.11640622415532e-06 9.027186286772286e-07
1.2069968239960985e-06 9.664867558828621e-07
2.451339683652407e-05 1.9351421683180817e-05
1.1730282202111625e-06 9.352117460003541e-07
1.023815532201631e-06 8.398825550876862e-07
1.4258927865270977e-06 1.1612018433381949e-06
1.4258927865270977e-06 1.1612018433381949e-06
1.4258927865270977e-06 1.1612018433381949e-06
1.4258927865270977e-06 1.1612018433381949e-06
1.4258927865270977e-06 1.1612018433381949e-06
1.18236214861049e-06 9.616322768674966e-07
1.074512216790806e-06 8.709077553876002e-07
1.074512216790806e-06 8.709077553876002e-07
1.084587742654586e-06 8.855897245644818e-07
1.3763708531407776e-06 1.1305719091047044e-06
1.0701563376457792e-06 8.747807479596004e-07
1.211357919707312e-06 9.901848693096968e-07
1.3920238269335686e-06 1.1410417131969133e-06
1.0637706844865955e-06 8.716914239725425e-07
7.911939147100502e-06 6.4747942596063975e-06
1.429140522367208e-06 1.1668397953397833e-06
1.335879695585974e-06 1.104702958751112e-06
9.931855824705707e-07 8.252070963385976e-07
9.529022374809512e-07 7.854554971622847e-07
7.662034896852534e-06 6.158387968109118e-06
1.0625832101119702e-06 8.689193364909415e-07
1.1102193505903983e-06 9.027310817481915e-07
1.1849181439297761e-06 9.664828178411234e-07
2.4056049369946233e-05 1.935136258925645e-05
1.157212103512833e-06 9.352014722557814e-07
1.0306562346502771e-06 8.398884162061739e-07
1.4420209956805376e-06 1.161201611125393e-06
1.4420209956805376e-06 1.161201611125393e-06
1.4420209956805376e-06 1.161201611125393e-06
1.4420209956805376e-06 1.161201611125393e-06
1.4420209956805376e-06 1.161201611125393e-06
1.2261664705759254e-06 9.616435472386438e-07
1.1203392794499403e-06 8.709048063076058e-07
1.1203392794499403e-06 8.709048063076058e-07
1.0934242597450546e-06 8.855866955444222e-07
1.3883480691279413e-06 1.130580391372633e-06
1.0795152840833556e-06 8.747900202239553e-07
1.240065061514409e-06 9.9017505323697e-07
1.3959528752895922e-06 1.1410590342647946e-06
1.0801349966858264e-06 8.716935892202322e-07
8.130800874495416e-06 6.474908145504335e-06
1.4431500799789876e-06 1.1668296995275762e-06
1.3453875009314144e-06 1.104713347702285e-06
9.98010373900825e-07 8.252134327561047e-07
1.0022777706151638e-06 7.854576910051203e-07
8.094102264086616e-06 6.158287168953508e-06
1.083827335445223e-06 8.689092612316927e-07
1.1227769917130033e-06 9.027309012234061e-07
1.2040893751758124e-06 9.664873944050658e-07
2.4772121215202314e-05 1.9351554820577036e-05
1.212181726959341e-06 9.351923377725901e-07
1.0222608557551512e-06 8.398820817862577e-07
1.4250294705853166e-06 1.1611994952661828e-06
1.4250294705853166e-06 1.1611994952661828e-06
1.4250294705853166e-06 1.1611994952661828e-06
1.4250294705853166e-06 1.1611994952661828e-06
1.4250294705853166e-06 1.1611994952661828e-06
1.1817891229429634e-06 9.616292673072127e-07
1.0739122213477826e-06 8.709067482983001e-07
1.0739122213477826e-06 8.709067482983001e-07
1.0830457058819364e-06 8.855887852132343e-07
1.3744061210824915e-06 1.130570512697684e-06
1.0686282062903805e-06 8.747796478920947e-07
1.2105540060931348e-06 9.901815131343064e-07
1.3900521455288075e-06 1.141064570779258e-06
1.0622760209501408e-06 8.716904044285226e-07
7.901977079660142e-06 6.474913228874812e-06
1.4271831618364536e-06 1.1668377519456776e-06
1.3338460745669904e-06 1.1047021635836806e-06
9.915975200481156e-07 8.252071514753297e-07
9.514859620630175e-07 7.85456475159022e-07
7.658888527310816e-06 6.158378074152126e-06
1.0610703354556514e-06 8.68918408799641e-07
1.1095471611570168e-06 9.027292563311897e-07
1.1834745067953549e-06 9.66479627560863e-07
2.402704811453287e-05 1.9351307033230246e-05
1.1566708302156998e-06 9.351988288963947e-07
6.261727004672279e-07 8.398944143017708e-07
8.464385388452696e-07 1.1611832180403593e-06
8.464385388452696e-07 1.1611832180403593e-06
8.464385388452696e-07 1.1611832180403593e-06
8.464385388452696e-07 1.1611832180403593e-06
8.464385388452696e-07 1.1611832180403593e-06
7.127986006235365e-07 9.616111002640617e-07
6.460173307551485e-07 8.709137534276406e-07
6.460173307551485e-07 8.709137534276406e-07
6.611890406912408e-07 8.856037001318983e-07
8.382718226117027e-07 1.1306026682092046e-06
6.517850077000757e-07 8.747999005171848e-07
7.308836806799708e-07 9.901966008474417e-07
8.533674518863497e-07 1.1410802820307884e-06
6.607462965922375e-07 8.717198206717337e-07
4.893275445019018e-06 6.474861127198497e-06
8.603625752744596e-07 1.1667864937383275e-06
8.157244137705786e-07 1.104686566069434e-06
6.096113007407342e-07 8.25194947772933e-07
5.913408967242433e-07 7.854399217443533e-07
4.557856264117458e-06 6.158473383388149e-06
6.539923462653911e-07 8.6893459353146e-07
6.590484598777527e-07 9.027166022368479e-07
7.210449179303341e-07 9.664989245653442e-07
1.4788487651814208e-05 1.9351102903200878e-05
6.958293566697536e-07 9.351965416936379e-07
1.0264145203513943e-06 8.398861692748717e-07
1.4279126589811743e-06 1.1611885214618292e-06
1.4279126589811743e-06 1.1611885214618292e-06
1.4279126589811743e-06 1.1611885214618292e-06
1.4279126589811743e-06 1.1611885214618292e-06
1.4279126589811743e-06 1.1611885214618292e-06
1.1875609754676641e-06 9.616316748533338e-07
1.0790449876204508e-06 8.709074182446268e-07
1.0790449876204508e-06 8.709074182446268e-07
1.0874805787169033e-06 8.855935183310778e-07
1.3801129422751126e-06 1.1305628596233536e-06
1.0730705232714534e-06 8.747773862261707e-07
1.217474934627934e-06 9.90176998208847e-07
1.3953224662964912e-06 1.1410440974479336e-06
1.0699368818543185e-06 8.716932202001872e-07
7.95735207977895e-06 6.4748724267793645e-06
1.4329269009500256e-06 1.1668412637647107e-06
1.3393287326059306e-06 1.1047136779779852e-06
9.95647997573583e-07 8.252140214495426e-07
9.583385396954872e-07 7.854553424591512e-07
7.694956310902642e-06 6.158360908701512e-06
1.0686680216611507e-06 8.689241654891669e-07
1.111792050519474e-06 9.027207251750157e-07
1.191787131413913e-06 9.6649636745273e-07
2.4194827203388455e-05 1.935152664778052e-05
1.1622985095630883e-06 9.352011042554513e-07
1.0280154395037791e-06 8.398827252345316e-07
1.4276488239181713e-06 1.1611932737673274e-06
1.4276488239181713e-06 1.1611932737673274e-06
1.4276488239181713e-06 1.1611932737673274e-06
1.4276488239181713e-06 1.1611932737673274e-06
1.4276488239181713e-06 1.1611932737673274e-06
1.183911936804534e-06 9.616334658403054e-07
1.0756354235278574e-06 8.70901021877185e-07
1.0756354235278574e-06 8.70901021877185e-07
1.0891066783240544e-06 8.855807584370011e-07
1.382140974281645e-06 1.13056539550778e-06
1.074645039822946e-06 8.747761982556353e-07
1.2143181441178967e-06 9.901733031541523e-07
1.3979499783657497e-06 1.1410467215739679e-06
1.0682474299899219e-06 8.717042874028421e-07
7.944522449727671e-06 6.4748219067676785e-06
1.4345556293716527e-06 1.1668229614388598e-06
1.3413886631316345e-06 1.1047073280513536e-06
9.97383993712171e-07 8.252140774245763e-07
9.568464531477894e-07 7.854601441047519e-07
7.669978738861267e-06 6.158275949118472e-06
1.0670200629837935e-06 8.689106897893908e-07
1.1115866249818192e-06 9.027244196695671e-07
1.1898967698064705e-06 9.66488484925838e-07
2.4156140035257296e-05 1.9351251257000586e-05
1.1586589957714175e-06 9.351949701718499e-07
1.0250735789741133e-06 8.398784404472714e-07
1.4302153201931895e-06 1.161194492448281e-06
1.4302153201931895e-06 1.161194492448281e-06
1.4302153201931895e-06 1.161194492448281e-06
1.4302153201931895e-06 1.161194492448281e-06
1.4302153201931895e-06 1.161194492448281e-06
1.197535677316333e-06 9.616360230421703e-07
1.088229826292424e-06 8.709011558891416e-07
1.088229826292424e-06 8.709011558891416e-07
1.086387375071956e-06 8.855901220765585e-07
1.3788736052416813e-06 1.1305766546393992e-06
1.0721116560126716e-06 8.747873494419857e-07
1.22660399058963e-06 9.901714148267723e-07
1.3925638285831634e-06 1.1410412866860067e-06
1.0762266937963771e-06 8.717059123599362e-07
8.006884053892292e-06 6.47479796146928e-06
1.4320968208083571e-06 1.166833741782161e-06
1.3376409500108223e-06 1.1046976185271027e-06
9.939493423449603e-07 8.252048113159458e-07
9.641241040896908e-07 7.854578706158464e-07
7.761111168624352e-06 6.158353409622677e-06
1.0750825745861584e-06 8.689206208095457e-07
1.113584933588656e-06 9.027253670855412e-07
1.1964943508768815e-06 9.664942489288164e-07
2.4345217990416267e-05 1.9351413002517722e-05
1.1721607244757987e-06 9.351972016051537e-07
6.126821674280538e-07 8.398837485117795e-07
8.328921828223417e-07 1.1611542714518703e-06
8.328921828223417e-07 1.1611542714518703e-06
8.328921828223417e-07 1.1611542714518703e-06
8.328921828223417e-07 1.1611542714518703e-06
8.328921828223417e-07 1.1611542714518703e-06
6.915417396558223e-07 9.616556256926185e-07
6.271846078137049e-07 8.708767756251106e-07
6.271846078137049e-07 8.708767756251106e-07
6.467790019043802e-07 8.855576903955951e-07
8.199632323938785e-07 1.1305913795816925e-06
6.375403536713121e-07 8.747620354176677e-07
7.114348039445094e-07 9.901559203416758e-07
8.360138284777086e-07 1.141050158293128e-06
6.417098172379989e-07 8.717305985864883e-07
4.720495296891716e-06 6.474797335122263e-06
8.465933797350284e-07 1.166819865901353e-06
7.981446723610864e-07 1.1046781510342854e-06
5.967755004025292e-07 8.25217104085678e-07
5.703431851135273e-07 7.854553090807608e-07
4.423855591330229e-06 6.158181627964609e-06
6.348601535344845e-07 8.689462807373531e-07
6.485010844167467e-07 9.026940988406558e-07
7.064137754151278e-07 9.664689242014682e-07
1.4334401554817052e-05 1.9350764636778996e-05
6.751457662969932e-07 9.351817146770072e-07
1.0265639408707438e-06 8.398826043695156e-07
1.433981529876088e-06 1.1611910804950463e-06
1.433981529876088e-06 1.1611910804950463e-06
1.433981529876088e-06 1.1611910804950463e-06
1.433981529876088e-06 1.1611910804950463e-06
1.433981529876088e-06 1.1611910804950463e-06
1.2180527496765613e-06 9.616319236645207e-07
1.1068629594639578e-06 8.709044327685733e-07
1.1068629594639578e-06 8.709044327685733e-07
1.0884343566725036e-06 8.855844000076534e-07
1.381709108368926e-06 1.1305777910682804e-06
1.0743317575871826e-06 8.747847268274729e-07
1.2334150791327327e-06 9.901772347981416e-07
1.3920849494123832e-06 1.141045111580493e-06
1.0773574093310931e-06 8.716993417331106e-07
8.091545212082637e-06 6.4749151685601586e-06
1.435547704244607e-06 1.1668171039670587e-06
1.3397783783783211e-06 1.1047136909398922e-06
9.948330715892366e-07 8.252067725553427e-07
9.80654974106473e-07 7.854684960131008e-07
7.895161072039814e-06 6.1583324202609355e-06
1.078556504654279e-06 8.689199508759308e-07
1.1165173552320243e-06 9.027227145955782e-07
1.1982454529323664e-06 9.664815159782097e-07
2.46430129579551e-05 1.9351259254319833e-05
1.1922781824944007e-06 9.352113830010886e-07
1.022748365066543e-06 8.39880704018481e-07
1.4260454062422478e-06 1.1611860900625662e-06
1.4260454062422478e-06 1.1611860900625662e-06
1.4260454062422478e-06 1.1611860900625662e-06
1.4260454062422478e-06 1.1611860900625662e-06
1.4260454062422478e-06 1.1611860900625662e-06
1.184301740711982e-06 9.61633495759446e-07
1.0762505346311807e-06 8.709096193953902e-07
1.0762505346311807e-06 8.709096193953902e-07
1.0836529528701624e-06 8.855809191247565e-07
1.3752658096205473e-06 1.13056922965501e-06
1.069297586093007e-06 8.747912323589116e-07
1.2131194561551925e-06 9.901697211225142e-07
1.3901541538982544e-06 1.1410550325203308e-06
1.0644242508185688e-06 8.716894151793119e-07
7.918511318538047e-06 6.474901881880277e-06
1.4281072354150853e-06 1.16683419126903e-06
1.3344954216676378e-06 1.1047184742831765e-06
9.920304561499764e-07 8.252027849261724e-07
9.534734883591612e-07 7.854581557910733e-07
7.674767568305126e-06 6.158399802308294e-06
1.0633299974847243e-06 8.68908688253282e-07
1.1103381823585666e-06 9.027188349784928e-07
1.185930211408349e-06 9.664806798873738e-07
2.407710916290591e-05 1.9351267489820236e-05
1.159156227895864e-06 9.351929421017947e-07
1.0526472421718604e-06 8.398724976860636e-07
1.436847566557503e-06 1.161200506069024e-06
1.436847566557503e-06 1.161200506069024e-06
1.436847566557503e-06 1.161200506069024e-06
1.436847566557503e-06 1.161200506069024e-06
1.436847566557503e-06 1.161200506069024e-06
1.1925107286946794e-06 9.616396240443727e-07
1.0816647309981e-06 8.709041640902119e-07
1.0816647309981e-06 8.709041640902119e-07
1.1152594486482822e-06 8.855895465844756e-07
1.415244853221023e-06 1.130563064807575e-06
1.100390214271802e-06 8.747815097685196e-07
1.224617508434282e-06 9.90180284967286e-07
1.4313389391276198e-06 1.1410450891117966e-06
1.0936770665444548e-06 8.717039746321238e-07
8.13387138338855e-06 6.47483050047122e-06
1.4583911629295454e-06 1.1668196253378193e-06
1.3736032235017686e-06 1.1047189754478823e-06
1.021139124930107e-06 8.252048897538737e-07
9.796204883036104e-07 7.854603060185567e-07
7.71850435712814e-06 6.158379602307535e-06
1.0922913966673243e-06 8.689076146548872e-07
1.1187488900383393e-06 9.027300421404334e-07
1.2136546881544781e-06 9.664849153086143e-07
2.4683315845846422e-05 1.9351578952513536e-05
1.1668642424279743e-06 9.352083064833964e-07