1.4839577831226857e-06 9.78101384192841e-07
1.4787451357658487e-06 9.780947392160958e-07
1.2040394750724679e-06 9.781109561083446e-07
1.2098916594344053e-06 9.781163147304784e-07
1.2402239295705242e-06 9.781228652611778e-07
1.2358650160528399e-06 9.781117357989294e-07
1.4822140020321135e-06 9.780806422816184e-07
1.0784005524067065e-06 9.780793830462597e-07
1.4839577831226857e-06 9.781639974723663e-07
1.4839577831226857e-06 9.781639974723663e-07
1.2122107742171394e-06 9.781091617035857e-07
6.924953467144559e-07 9.781049809419604e-07
6.924953467144559e-07 9.781049809419604e-07
6.924953467144559e-07 9.781049809419604e-07
6.924953467144559e-07 9.781049809419604e-07
6.924953467144559e-07 9.781049809419604e-07
6.924953467144559e-07 9.781049809419604e-07
1.2094400516822812e-06 9.781122536538034e-07
1.2094400516822812e-06 9.781122536538034e-07
7.125269048009387e-07 9.783214238804032e-07
1.0640130715766206e-06 9.780989605443729e-07
1.223869411358209e-06 9.78120932604018e-07
1.0546649777389686e-06 9.780730087477716e-07
1.0546649777389686e-06 9.780730087477716e-07
1.0546649777389686e-06 9.780730087477716e-07
6.95931430999078e-07 9.781242802063849e-07
1.4839577831226857e-06 9.78101384192841e-07
1.4839577831226857e-06 9.78101384192841e-07
2.128711524742435e-06 9.787084676477777e-07
1.2195924064839179e-06 9.781075391702595e-07
1.2378347757251033e-06 9.78109951328595e-07
1.2080729350470759e-06 9.781105834231838e-07
1.2065332267206705e-06 9.781202290749592e-07
1.2071331999613653e-06 9.78116851588071e-07
1.215723877570205e-06 9.781229403049787e-07
6.966671922874947e-07 9.781003396462148e-07
1.2113860670627468e-06 9.781087902025827e-07
1.2044743543398633e-06 9.781113944084378e-07
1.2158547797676304e-06 9.781098236972912e-07
1.2038370741376946e-06 9.781076984315038e-07
7.151691029676228e-07 9.781168073017018e-07
1.2061536386187823e-06 9.78105243254453e-07
1.206244499133191e-06 9.781106356248267e-07
1.2076154097859619e-06 9.781231717596794e-07
7.037946326816105e-07 9.78097406498888e-07
1.2094962180528899e-06 9.781062068782439e-07
1.204290893459898e-06 9.781064468743556e-07
1.2158503472508089e-06 9.781077923231548e-07