2.305403536091871e-05 2.302876138731303e-05
2.305403536091871e-05 2.302876138731303e-05
2.305403536091871e-05 2.302876138731303e-05
2.305403536091871e-05 2.302876138731303e-05
2.305403536091871e-05 2.302876138731303e-05
2.305403536091871e-05 2.302876138731303e-05
2.305403536091871e-05 2.302876138731303e-05
2.305403536091871e-05 2.302876138731303e-05
1.2164426318605627e-05 2.3028743669109438e-05
1.2164426318605627e-05 2.3028743669109438e-05
1.097163544063071e-05 2.302871401970446e-05
1.097163544063071e-05 2.302871401970446e-05
1.3067166257373187e-05 2.3028697981648367e-05
1.3067166257373187e-05 2.3028697981648367e-05
6.8784038743802165e-06 2.3028702350860157e-05
6.8784038743802165e-06 2.3028702350860157e-05
1.0849807124742071e-05 2.3028685304476236e-05
1.0849807124742071e-05 2.3028685304476236e-05
2.3091093588150433e-05 2.3028698914754265e-05
2.3091093588150433e-05 2.3028698914754265e-05
1.7193108103084352e-05 2.3028686294484177e-05
1.7193108103084352e-05 2.3028686294484177e-05
2.1506659563301938e-05 2.3028684493695598e-05
2.1506659563301938e-05 2.3028684493695598e-05
2.1619508967726998e-05 2.302870244549301e-05
2.1619508967726998e-05 2.302870244549301e-05
1.2348561751603182e-05 2.302868802753256e-05
1.2348561751603182e-05 2.302868802753256e-05
1.2348561751603182e-05 2.302868802753256e-05
1.2348561751603182e-05 2.302868802753256e-05
1.88831628696071e-05 2.3028755500413054e-05
1.88831628696071e-05 2.3028755500413054e-05
1.0231353547897627e-05 2.3028706190499883e-05
1.0231353547897627e-05 2.3028706190499883e-05
2.305403536091871e-05 2.302876138731303e-05
2.305403536091871e-05 2.302876138731303e-05
2.305403536091871e-05 2.302876138731303e-05
2.305403536091871e-05 2.302876138731303e-05
2.305403536091871e-05 2.302876138731303e-05
2.305403536091871e-05 2.302876138731303e-05
2.305403536091871e-05 2.302876138731303e-05
2.305403536091871e-05 2.302876138731303e-05
1.3217413031277658e-05 2.3028764830394957e-05
1.3217413031277658e-05 2.3028764830394957e-05
1.8431491164735772e-05 2.302869642995539e-05
1.8431491164735772e-05 2.302869642995539e-05
1.273289479312162e-05 2.3028686526391377e-05
1.273289479312162e-05 2.3028686526391377e-05
6.937323171448219e-06 2.3028755730826528e-05
6.937323171448219e-06 2.3028755730826528e-05
2.1918185932803458e-05 2.3028711346549763e-05
2.1918185932803458e-05 2.3028711346549763e-05
2.1918185932803458e-05 2.3028711346549763e-05
2.1918185932803458e-05 2.3028711346549763e-05
1.7417469414326928e-05 2.302875730822453e-05
1.7417469414326928e-05 2.302875730822453e-05
1.0936960779625577e-05 2.3028732035080604e-05
1.0936960779625577e-05 2.3028732035080604e-05
1.141272780940145e-05 2.302870570727562e-05
1.141272780940145e-05 2.302870570727562e-05
1.0996056446684784e-05 2.3028695759027445e-05
1.0996056446684784e-05 2.3028695759027445e-05
1.0859147736680346e-05 2.3028743562264244e-05
1.0859147736680346e-05 2.3028743562264244e-05
1.4080448418056951e-05 2.3028758578845234e-05
1.4080448418056951e-05 2.3028758578845234e-05
1.1230883285987549e-05 2.3028697468593165e-05
1.1230883285987549e-05 2.3028697468593165e-05
1.9675540063947218e-05 2.3030386069330762e-05
1.9675540063947218e-05 2.3030386069330762e-05
2.305403536091871e-05 2.302876138731303e-05
2.305403536091871e-05 2.302876138731303e-05
2.305403536091871e-05 2.302876138731303e-05
2.305403536091871e-05 2.302876138731303e-05
2.305403536091871e-05 2.302876138731303e-05
2.305403536091871e-05 2.302876138731303e-05
2.305403536091871e-05 2.302876138731303e-05
2.305403536091871e-05 2.302876138731303e-05
2.305403536091871e-05 2.302876138731303e-05
2.305403536091871e-05 2.302876138731303e-05
6.873913861602123e-06 2.3028753994757127e-05
6.873913861602123e-06 2.3028753994757127e-05
1.5464188175849102e-05 2.3028723666327336e-05
1.5464188175849102e-05 2.3028723666327336e-05
8.423571027679194e-06 2.3028712886494814e-05
8.423571027679194e-06 2.3028712886494814e-05
1.2755741081552306e-05 2.302868540414978e-05
1.2755741081552306e-05 2.302868540414978e-05
1.3267444155496255e-05 2.3028686632201174e-05
1.3267444155496255e-05 2.3028686632201174e-05
1.76915169397663e-05 2.3028737152885344e-05
1.76915169397663e-05 2.3028737152885344e-05
1.2348561751603182e-05 2.302868802753256e-05
1.2348561751603182e-05 2.302868802753256e-05
1.6344388726912606e-05 2.3028752412956874e-05
1.6344388726912606e-05 2.3028752412956874e-05
2.204158394831647e-05 2.3028766184609834e-05
2.204158394831647e-05 2.3028766184609834e-05
1.269072972941153e-05 2.3028690451949474e-05
1.269072972941153e-05 2.3028690451949474e-05
1.419447900971038e-05 2.3028694730566282e-05
1.419447900971038e-05 2.3028694730566282e-05
1.7801735554101478e-05 2.3028761441777656e-05
1.7801735554101478e-05 2.3028761441777656e-05
1.4367890245161033e-05 2.302871424465568e-05
1.4367890245161033e-05 2.302871424465568e-05
2.305403536091871e-05 2.302876138731303e-05
2.305403536091871e-05 2.302876138731303e-05
1.2015160789478666e-05 2.302873164409364e-05
1.2015160789478666e-05 2.302873164409364e-05
2.367936793767027e-05 2.302874297354694e-05
2.367936793767027e-05 2.302874297354694e-05
1.0649302488026268e-05 2.3028703529099683e-05
1.0649302488026268e-05 2.3028703529099683e-05
1.0512443895602154e-05 2.3028754076059476e-05
1.0512443895602154e-05 2.3028754076059476e-05
9.066066353768396e-06 2.3028744470097694e-05
9.066066353768396e-06 2.3028744470097694e-05
1.9030217286903228e-05 2.3028737818141622e-05
1.9030217286903228e-05 2.3028737818141622e-05
1.0701028030368325e-05 2.3028704697267967e-05
1.0701028030368325e-05 2.3028704697267967e-05
2.1043085396277806e-05 2.3028701991855528e-05
2.1043085396277806e-05 2.3028701991855528e-05
1.2461422033774337e-05 2.3028701073042434e-05
1.2461422033774337e-05 2.3028701073042434e-05
1.3515625910830908e-05 2.302869285704924e-05
1.3515625910830908e-05 2.302869285704924e-05
2.33286586595882e-05 2.3028700497716087e-05
2.33286586595882e-05 2.3028700497716087e-05
2.363148683655928e-05 2.3028745193392257e-05
2.363148683655928e-05 2.3028745193392257e-05
1.2693064631713025e-05 2.3028747366571482e-05
1.2693064631713025e-05 2.3028747366571482e-05
1.3843271644232767e-05 2.302868592591365e-05
1.3843271644232767e-05 2.302868592591365e-05
1.2162997474044591e-05 2.3028726677465936e-05
1.2162997474044591e-05 2.3028726677465936e-05
1.870102814327844e-05 2.3028757677988184e-05
1.870102814327844e-05 2.3028757677988184e-05
1.485315436933291e-05 2.3028705017154073e-05
1.485315436933291e-05 2.3028705017154073e-05
9.805847212842951e-06 2.3028763468201637e-05
9.805847212842951e-06 2.3028763468201637e-05
2.305403536091871e-05 2.302876138731303e-05
2.305403536091871e-05 2.302876138731303e-05
2.305403536091871e-05 2.302876138731303e-05
2.305403536091871e-05 2.302876138731303e-05
1.817886489663124e-05 2.3028755848511917e-05
1.817886489663124e-05 2.3028755848511917e-05
2.1361903410830523e-05 2.3028729822292756e-05
2.1361903410830523e-05 2.3028729822292756e-05
1.872485564317346e-05 2.302875362449808e-05
1.872485564317346e-05 2.302875362449808e-05
1.1238744789007958e-05 2.30287465637473e-05
1.1238744789007958e-05 2.30287465637473e-05
2.301511151709307e-05 2.3028738718964892e-05
2.301511151709307e-05 2.3028738718964892e-05
1.3226423742505106e-05 2.302874943799948e-05
1.3226423742505106e-05 2.302874943799948e-05
1.1863980689789355e-05 2.3028750836773724e-05
1.1863980689789355e-05 2.3028750836773724e-05
1.598941514620946e-05 2.3028758230155146e-05
1.598941514620946e-05 2.3028758230155146e-05
1.0790672180351988e-05 2.3028730280408662e-05
1.0790672180351988e-05 2.3028730280408662e-05
1.1467667202561895e-05 2.3028720137193208e-05
1.1467667202561895e-05 2.3028720137193208e-05
1.3389481510203564e-05 2.3028765982413864e-05
1.3389481510203564e-05 2.3028765982413864e-05
1.341774850244292e-05 2.3028722649946577e-05
1.341774850244292e-05 2.3028722649946577e-05
1.4141392188106119e-05 2.3028696968264197e-05
1.4141392188106119e-05 2.3028696968264197e-05
1.1010674510258902e-05 2.302870212094903e-05
1.1010674510258902e-05 2.302870212094903e-05
1.271137484642076e-05 2.302874406248637e-05
1.271137484642076e-05 2.302874406248637e-05
1.323200751475186e-05 2.3028747047044437e-05
1.323200751475186e-05 2.3028747047044437e-05
2.1465983116361582e-05 2.3028696672292857e-05
2.1465983116361582e-05 2.3028696672292857e-05
1.2759479702492558e-05 2.3028755496127806e-05
1.2759479702492558e-05 2.3028755496127806e-05
2.3071605304738458e-05 2.3028751991796646e-05
2.3071605304738458e-05 2.3028751991796646e-05
1.2918285437216205e-05 2.3028748597196558e-05
1.2918285437216205e-05 2.3028748597196558e-05
7.468210537440703e-06 2.302871934191641e-05
7.468210537440703e-06 2.302871934191641e-05
1.1186336249632607e-05 2.30286972832496e-05
1.1186336249632607e-05 2.30286972832496e-05
1.5084202297178971e-05 2.3028710624169223e-05
1.5084202297178971e-05 2.3028710624169223e-05
8.94284343950428e-06 2.302871917125689e-05
8.94284343950428e-06 2.302871917125689e-05
1.1419350032243057e-05 2.302875485951153e-05
1.1419350032243057e-05 2.302875485951153e-05
3.3291593156026374e-06 2.3028745786507475e-05
3.3291593156026374e-06 2.3028745786507475e-05
1.2048386292652561e-05 2.3028713352885135e-05
1.2048386292652561e-05 2.3028713352885135e-05
2.305403536091871e-05 2.302876138731303e-05
2.305403536091871e-05 2.302876138731303e-05
1.2953021984303012e-05 2.3028734558734623e-05
1.2953021984303012e-05 2.3028734558734623e-05
2.3101181849589824e-05 2.3028744042813354e-05
2.3101181849589824e-05 2.3028744042813354e-05
2.305403536091871e-05 2.302876138731303e-05
2.305403536091871e-05 2.302876138731303e-05