2.436287270260348e-05 2.302864003649266e-05
2.436287270260348e-05 2.302864003649266e-05
2.438176485245243e-05 2.3028880232161974e-05
2.438176485245243e-05 2.3028880232161974e-05
2.305402526584765e-05 2.3028764914172557e-05
2.305402526584765e-05 2.3028764914172557e-05
2.30361251506932e-05 2.302875503752436e-05
2.30361251506932e-05 2.302875503752436e-05
2.308449998067059e-05 2.3028681456376222e-05
2.308449998067059e-05 2.3028681456376222e-05
2.310964999906193e-05 2.30287648452484e-05
2.310964999906193e-05 2.30287648452484e-05
2.4366320555213548e-05 2.3028613083990117e-05
2.4366320555213548e-05 2.3028613083990117e-05
2.4574215267559667e-05 2.302874152345446e-05
2.4574215267559667e-05 2.302874152345446e-05
2.436287270260348e-05 2.302895172254045e-05
2.436287270260348e-05 2.302895172254045e-05
2.436287270260348e-05 2.302895172254045e-05
2.436287270260348e-05 2.302895172254045e-05
2.3044194433422452e-05 2.302873530145643e-05
2.3044194433422452e-05 2.302873530145643e-05
2.4417539905420756e-05 2.3028772817302083e-05
2.4417539905420756e-05 2.3028772817302083e-05
2.4417539905420756e-05 2.3028772817302083e-05
2.4417539905420756e-05 2.3028772817302083e-05
2.4417539905420756e-05 2.3028772817302083e-05
2.4417539905420756e-05 2.3028772817302083e-05
2.4417539905420756e-05 2.3028772817302083e-05
2.4417539905420756e-05 2.3028772817302083e-05
2.4417539905420756e-05 2.3028772817302083e-05
2.4417539905420756e-05 2.3028772817302083e-05
2.4417539905420756e-05 2.3028772817302083e-05
2.4417539905420756e-05 2.3028772817302083e-05
2.304983746693912e-05 2.3028759562768345e-05
2.304983746693912e-05 2.3028759562768345e-05
2.304983746693912e-05 2.3028759562768345e-05
2.304983746693912e-05 2.3028759562768345e-05
2.384268078818911e-05 2.301524829858523e-05
2.384268078818911e-05 2.301524829858523e-05
2.4529691523123905e-05 2.302884232134954e-05
2.4529691523123905e-05 2.302884232134954e-05
2.304331817290882e-05 2.3028755833126288e-05
2.304331817290882e-05 2.3028755833126288e-05
2.4538836195329885e-05 2.3028886296269727e-05
2.4538836195329885e-05 2.3028886296269727e-05
2.4538836195329885e-05 2.3028886296269727e-05
2.4538836195329885e-05 2.3028886296269727e-05
2.4538836195329885e-05 2.3028886296269727e-05
2.4538836195329885e-05 2.3028886296269727e-05
2.440883566514598e-05 2.302872037560185e-05
2.440883566514598e-05 2.302872037560185e-05
2.436287270260348e-05 2.302864003649266e-05
2.436287270260348e-05 2.302864003649266e-05
2.436287270260348e-05 2.302864003649266e-05
2.436287270260348e-05 2.302864003649266e-05
2.4584526845934785e-05 2.3027189797183597e-05
2.4584526845934785e-05 2.3027189797183597e-05
2.302348185581941e-05 2.302871758939689e-05
2.302348185581941e-05 2.302871758939689e-05
2.3114674738466427e-05 2.302876669565002e-05
2.3114674738466427e-05 2.302876669565002e-05
2.3053785587349483e-05 2.3028705873769273e-05
2.3053785587349483e-05 2.3028705873769273e-05
2.3047516871920337e-05 2.302871719061638e-05
2.3047516871920337e-05 2.302871719061638e-05
2.304595298811254e-05 2.302869509775999e-05
2.304595298811254e-05 2.302869509775999e-05
2.297869366251435e-05 2.3028726598419565e-05
2.297869366251435e-05 2.3028726598419565e-05
2.4406775987844948e-05 2.3028690883388846e-05
2.4406775987844948e-05 2.3028690883388846e-05
2.3046086809479736e-05 2.3028709906456618e-05
2.3046086809479736e-05 2.3028709906456618e-05
2.3052703923104013e-05 2.302872954905364e-05
2.3052703923104013e-05 2.302872954905364e-05
2.301804617234719e-05 2.3028738711433878e-05
2.301804617234719e-05 2.3028738711433878e-05
2.3055033588795054e-05 2.302868821809278e-05
2.3055033588795054e-05 2.302868821809278e-05
2.4520290188677462e-05 2.3028825520115195e-05
2.4520290188677462e-05 2.3028825520115195e-05
2.3048968664327868e-05 2.3028765559125245e-05
2.3048968664327868e-05 2.3028765559125245e-05
2.3054267673363306e-05 2.3028700499688814e-05
2.3054267673363306e-05 2.3028700499688814e-05
2.304479965915884e-05 2.302871001194016e-05
2.304479965915884e-05 2.302871001194016e-05
2.448996152411286e-05 2.3028835075133253e-05
2.448996152411286e-05 2.3028835075133253e-05
2.3036169289073337e-05 2.302871800247079e-05
2.3036169289073337e-05 2.302871800247079e-05
2.3053327170456113e-05 2.302876517003272e-05
2.3053327170456113e-05 2.302876517003272e-05
2.3050413563040734e-05 2.3028708326811475e-05
2.3050413563040734e-05 2.3028708326811475e-05