1.9297212828589498e-07 1.583249458097748e-07
3.2539502453912645e-05 3.7353247716023834e-05
3.2539502453912645e-05 3.7353247716023834e-05
3.2539502453912645e-05 3.7353247716023834e-05
3.2539502453912645e-05 3.7353247716023834e-05
1.5187144288040892e-07 1.1446604694474747e-07
1.8867951055598974e-05 2.3348667569632183e-05
1.546892682553525e-07 1.1612201032553739e-07
3.2407979875623556e-05 3.751957949138668e-05
2.5193725098026843e-05 2.887066683490294e-05
2.09464722931491e-07 1.6566106683009876e-07
2.655551648129795e-07 2.1027306734839704e-07
2.0686300352728113e-07 1.628683543651622e-07
0.00017556986704980748 0.00020377266222225353
0.00017556986704980748 0.00020377266222225353
1.9702179377049433e-07 1.483776531743104e-07
1.9702179377049433e-07 1.483776531743104e-07
2.627575178048812e-07 2.1257471530890652e-07
2.5316118805577683e-05 2.895833437766809e-05
2.5316118805577683e-05 2.895833437766809e-05
2.5190213974226275e-05 2.8952120259483754e-05
2.5190213974226275e-05 2.8952120259483754e-05
0.00013037253157026027 0.00016164912778093897
1.9380334295473732e-07 1.5990118026352978e-07
2.5206859322007878e-05 2.8795715752270564e-05
1.5134660538757462e-07 1.1299451755311013e-07
0.0005238032384513523 0.0005922838119982928
0.0005238032384513523 0.0005922838119982928
2.5194794273218424e-05 2.8910993863208294e-05
2.412301640736407e-05 3.002255036381188e-05
4.069305823461003e-06 2.9671663526734984e-06
2.788065825843429e-07 2.463539845485752e-07
1.8789108690375015e-05 2.337870491980167e-05
1.8789108690375015e-05 2.337870491980167e-05
4.061050514960203e-06 2.9636776714405542e-06
1.9481967840391999e-07 1.4648099353630574e-07
2.5219474541420038e-05 2.8884111154183527e-05
2.545102238301029e-05 2.9261135824881134e-05
2.530823089409389e-05 2.9201788886310034e-05
1.8916950201879263e-05 2.3417511578074332e-05
1.8916950201879263e-05 2.3417511578074332e-05
1.8916950201879263e-05 2.3417511578074332e-05
5.297120675835938e-06 3.8105296689809084e-06
2.5187020687564703e-05 2.8902456950349902e-05
3.266239642535441e-05 3.726849695175306e-05
3.2307540926509274e-05 3.71992797928784e-05
2.56023517085588e-05 2.9394791238420402e-05
1.4526471299466487e-06 1.1446698808792389e-06
1.9374676525910551e-07 1.574281883242283e-07
2.0932829948559155e-07 1.644264609230773e-07
2.529973856461232e-05 2.9025903384337806e-05
2.494508648163539e-05 2.8690683923775826e-05
2.5864468033679895e-05 2.948565118221274e-05
1.8688417280808324e-05 2.3095953631331137e-05
3.2533981272569326e-05 3.740116397287331e-05