2.0667005994692875e-05 2.8903482421044204e-05
1.9272232455795482e-05 2.890352729705514e-05
2.498040365498343e-05 2.8903485433750286e-05
2.559083820239267e-05 2.890348652197239e-05
2.248962025402082e-05 2.8903483872401705e-05
2.2023995056065965e-05 2.8903482170575088e-05
2.0012170595527933e-05 2.89034413379282e-05
2.7854755108344066e-05 2.8903447601291044e-05
2.0667005994692875e-05 2.8903495444557956e-05
2.0667005994692875e-05 2.8903495444557956e-05
2.4156924615247634e-05 2.89034817058502e-05
2.046323125783924e-05 2.8903470927241133e-05
2.046323125783924e-05 2.8903470927241133e-05
2.046323125783924e-05 2.8903470927241133e-05
2.046323125783924e-05 2.8903470927241133e-05
2.046323125783924e-05 2.8903470927241133e-05
2.046323125783924e-05 2.8903470927241133e-05
2.3777832639174158e-05 2.8903476469810886e-05
2.3777832639174158e-05 2.8903476469810886e-05
2.396793088390744e-05 2.8902755152417345e-05
2.991152244747225e-05 2.890345761053752e-05
2.3017291451858057e-05 2.8903483553553296e-05
2.9570697141652606e-05 2.8903461341045096e-05
2.9570697141652606e-05 2.8903461341045096e-05
2.9570697141652606e-05 2.8903461341045096e-05
2.0941712760648874e-05 2.8903480993327406e-05
2.0667005994692875e-05 2.8903482421044204e-05
2.0667005994692875e-05 2.8903482421044204e-05
5.6650129181711465e-05 2.8901639555676088e-05
2.4285177768340716e-05 2.8903480149891534e-05
2.187471617146446e-05 2.8903477566541587e-05
2.4165105452834673e-05 2.8903482566139694e-05
2.5320862792980322e-05 2.8903476646721656e-05
2.4659499342221515e-05 2.8903476308292772e-05
2.6526625094567515e-05 2.8903491858247844e-05
2.1028704951375008e-05 2.8903473676178458e-05
2.4313803977914773e-05 2.89034776167002e-05
2.4893886475257346e-05 2.890348979294924e-05
2.5925753906266e-05 2.8903482928804715e-05
2.5099835430647606e-05 2.8903484707234067e-05
1.8507577556676158e-05 2.8903479452624996e-05
2.464107689790861e-05 2.8903480965135524e-05
2.4429716285205488e-05 2.8903494299930313e-05
2.536003871333335e-05 2.8903482211395913e-05
1.8842778848333223e-05 2.8903500325149743e-05
2.5583719187855227e-05 2.89034903093682e-05
2.5226218991618766e-05 2.8903480779670484e-05
2.3198917165710696e-05 2.8903489114302148e-05