0.8539001981624933 0.8586741127724734
0.917492343721852 0.917492343721852
0.917492343721852 0.917492343721852
0.917492343721852 0.917492343721852
0.917492343721852 0.917492343721852
0.917492343721852 0.917492343721852
0.967303188614664 0.967843631778058
0.8829940551252027 0.8816429472167177
0.8829940551252027 0.8816429472167177
0.8740767429292019 0.8778598450729598
0.882903981264637 0.884795532336516
0.8837146460097279 0.8856962709421726
0.9812646370023419 0.980453972257251
0.9012790488200324 0.9013691226805981
0.8821833903801117 0.8821833903801117
0.9388398486759143 0.9372185191857323
0.9036209691947397 0.9059628895694469
0.860115294541524 0.8646189875698073
0.8275085570167537 0.8355251306070978
0.7904882003242659 0.7954422626553774
0.9001981624932445 0.8999279409115475
0.8756079985588182 0.8781300666546569
0.917492343721852 0.917492343721852
0.9732480634119979 0.9761304269500991
0.9554134390199964 0.9555935867411277
0.9541524049720771 0.9535218879481174