2.1665306835815826e-07 2.4915000654786075e-07
4.3963193570464466e-05 5.8783774292509195e-05
4.3963193570464466e-05 5.8783774292509195e-05
4.3963193570464466e-05 5.8783774292509195e-05
4.3963193570464466e-05 5.8783774292509195e-05
1.734027316800198e-07 1.803424302083797e-07
2.2775137373108553e-05 3.674401743642931e-05
1.7662004895932722e-07 1.8248446272352825e-07
4.371724007473417e-05 5.904511474374346e-05
3.408184759747102e-05 4.543444005947355e-05
2.335868785687521e-07 2.6097931788119035e-07
2.9960284084195937e-07 3.310264363210979e-07
2.3204906875411168e-07 2.5656094535675435e-07
0.00023718550399100437 0.0003206813035437822
0.00023718550399100437 0.0003206813035437822
2.2495418883459041e-07 2.33770513408117e-07
2.2495418883459041e-07 2.33770513408117e-07
2.9503622293531774e-07 3.3489120081789296e-07
3.421162389374265e-05 4.557228255199722e-05
3.421162389374265e-05 4.557228255199722e-05
3.404881967283127e-05 4.5562436854099046e-05
3.404881967283127e-05 4.5562436854099046e-05
0.0001573608635318192 0.0002543902603683199
2.1805669771379857e-07 2.51443389468482e-07
3.41079471224525e-05 4.531655553663806e-05
1.728034863365932e-07 1.778864262582423e-07
0.0007075281285542291 0.0009320901991889265
0.0007075281285542291 0.0009320901991889265
3.402489151308906e-05 4.5497572148290234e-05
2.9163015113000585e-05 4.724672939323199e-05
9.268500627036118e-06 4.669169672110595e-06
4.1258479879825014e-07 3.875288539205652e-07
2.2681398542575778e-05 3.679151954617445e-05
2.2681398542575778e-05 3.679151954617445e-05
9.249697829867395e-06 4.663679840172508e-06
2.2243987269459543e-07 2.307823067081773e-07
3.406524877197593e-05 4.545556770877205e-05
3.438297056571843e-05 4.604886188933442e-05
3.4193228839283395e-05 4.595561221023273e-05
2.2835723280406397e-05 3.68525903339387e-05
2.2835723280406397e-05 3.68525903339387e-05
2.2835723280406397e-05 3.68525903339387e-05
1.2063859760129096e-05 5.996511371167891e-06
3.4061162309006673e-05 4.54844704672835e-05
4.414873359580424e-05 5.8650058226917214e-05
4.362628878027416e-05 5.8541259277919326e-05
3.457528685954162e-05 4.625892978573479e-05
1.633479314351536e-06 1.8023551259386697e-06
2.1760811962757161e-07 2.4783330913452636e-07
2.361669494873796e-07 2.5901537729980076e-07
3.418245158847392e-05 4.567845781233889e-05
3.368110690125589e-05 4.515092573906973e-05
3.499228082683187e-05 4.640217123257855e-05
2.2554298656831587e-05 3.634672105991416e-05
4.401552769700101e-05 5.885863515364192e-05
2.1628067053518816e-07 2.489480634806072e-07
2.1628067053518816e-07 2.489480634806072e-07
2.1628067053518816e-07 2.489480634806072e-07
2.1628067053518816e-07 2.489480634806072e-07
2.1628067053518816e-07 2.489480634806072e-07
4.9290408874811664e-05 5.8783108653650336e-05
4.9290408874811664e-05 5.8783108653650336e-05
4.9290408874811664e-05 5.8783108653650336e-05
4.9290408874811664e-05 5.8783108653650336e-05
4.9290408874811664e-05 5.8783108653650336e-05
4.9290408874811664e-05 5.8783108653650336e-05
4.9290408874811664e-05 5.8783108653650336e-05
4.9290408874811664e-05 5.8783108653650336e-05
4.9290408874811664e-05 5.8783108653650336e-05
4.9290408874811664e-05 5.8783108653650336e-05
4.9290408874811664e-05 5.8783108653650336e-05
4.9290408874811664e-05 5.8783108653650336e-05
4.9290408874811664e-05 5.8783108653650336e-05
4.9290408874811664e-05 5.8783108653650336e-05
4.9290408874811664e-05 5.8783108653650336e-05
4.9290408874811664e-05 5.8783108653650336e-05
4.9290408874811664e-05 5.8783108653650336e-05
4.9290408874811664e-05 5.8783108653650336e-05
4.9290408874811664e-05 5.8783108653650336e-05
4.9290408874811664e-05 5.8783108653650336e-05
1.727892793291964e-07 1.8022389719375292e-07
1.727892793291964e-07 1.8022389719375292e-07
1.727892793291964e-07 1.8022389719375292e-07
1.727892793291964e-07 1.8022389719375292e-07
1.727892793291964e-07 1.8022389719375292e-07
2.526567572545277e-05 3.674392107214858e-05
2.526567572545277e-05 3.674392107214858e-05
2.526567572545277e-05 3.674392107214858e-05
2.526567572545277e-05 3.674392107214858e-05
2.526567572545277e-05 3.674392107214858e-05
1.759952146029886e-07 1.829848093121576e-07
1.759952146029886e-07 1.829848093121576e-07
1.759952146029886e-07 1.829848093121576e-07
1.759952146029886e-07 1.829848093121576e-07
1.759952146029886e-07 1.829848093121576e-07
4.9058184416712705e-05 5.904550266671514e-05
4.9058184416712705e-05 5.904550266671514e-05
4.9058184416712705e-05 5.904550266671514e-05
4.9058184416712705e-05 5.904550266671514e-05
4.9058184416712705e-05 5.904550266671514e-05
3.816388197280693e-05 4.543425797718641e-05
3.816388197280693e-05 4.543425797718641e-05
3.816388197280693e-05 4.543425797718641e-05
3.816388197280693e-05 4.543425797718641e-05
3.816388197280693e-05 4.543425797718641e-05
2.323896621928166e-07 2.605317978780169e-07
2.323896621928166e-07 2.605317978780169e-07
2.323896621928166e-07 2.605317978780169e-07
2.323896621928166e-07 2.605317978780169e-07
2.323896621928166e-07 2.605317978780169e-07
2.977660134688901e-07 3.309447703126224e-07
2.977660134688901e-07 3.309447703126224e-07
2.977660134688901e-07 3.309447703126224e-07
2.977660134688901e-07 3.309447703126224e-07
2.977660134688901e-07 3.309447703126224e-07
2.3074214860084674e-07 2.560451366290021e-07
2.3074214860084674e-07 2.560451366290021e-07
2.3074214860084674e-07 2.560451366290021e-07
2.3074214860084674e-07 2.560451366290021e-07
2.3074214860084674e-07 2.560451366290021e-07
0.00026594547062057643 0.0003206825212487079
0.00026594547062057643 0.0003206825212487079
0.00026594547062057643 0.0003206825212487079
0.00026594547062057643 0.0003206825212487079
0.00026594547062057643 0.0003206825212487079
0.00026594547062057643 0.0003206825212487079
0.00026594547062057643 0.0003206825212487079
0.00026594547062057643 0.0003206825212487079
0.00026594547062057643 0.0003206825212487079
0.00026594547062057643 0.0003206825212487079
2.241583612566097e-07 2.3361686391114008e-07
2.241583612566097e-07 2.3361686391114008e-07
2.241583612566097e-07 2.3361686391114008e-07
2.241583612566097e-07 2.3361686391114008e-07
2.241583612566097e-07 2.3361686391114008e-07
2.241583612566097e-07 2.3361686391114008e-07
2.241583612566097e-07 2.3361686391114008e-07
2.241583612566097e-07 2.3361686391114008e-07
2.241583612566097e-07 2.3361686391114008e-07
2.241583612566097e-07 2.3361686391114008e-07
2.9352405667085713e-07 3.347583784139934e-07
2.9352405667085713e-07 3.347583784139934e-07
2.9352405667085713e-07 3.347583784139934e-07
2.9352405667085713e-07 3.347583784139934e-07
2.9352405667085713e-07 3.347583784139934e-07
3.835520203704573e-05 4.5572278912843284e-05
3.835520203704573e-05 4.5572278912843284e-05
3.835520203704573e-05 4.5572278912843284e-05
3.835520203704573e-05 4.5572278912843284e-05
3.835520203704573e-05 4.5572278912843284e-05
3.835520203704573e-05 4.5572278912843284e-05
3.835520203704573e-05 4.5572278912843284e-05
3.835520203704573e-05 4.5572278912843284e-05
3.835520203704573e-05 4.5572278912843284e-05
3.835520203704573e-05 4.5572278912843284e-05
3.816864412606403e-05 4.556247216463027e-05
3.816864412606403e-05 4.556247216463027e-05
3.816864412606403e-05 4.556247216463027e-05
3.816864412606403e-05 4.556247216463027e-05
3.816864412606403e-05 4.556247216463027e-05
3.816864412606403e-05 4.556247216463027e-05
3.816864412606403e-05 4.556247216463027e-05
3.816864412606403e-05 4.556247216463027e-05
3.816864412606403e-05 4.556247216463027e-05
3.816864412606403e-05 4.556247216463027e-05
0.00017459518837711986 0.000254391698843984
0.00017459518837711986 0.000254391698843984
0.00017459518837711986 0.000254391698843984
0.00017459518837711986 0.000254391698843984
0.00017459518837711986 0.000254391698843984
2.176818872385625e-07 2.5184791584921033e-07
2.176818872385625e-07 2.5184791584921033e-07
2.176818872385625e-07 2.5184791584921033e-07
2.176818872385625e-07 2.5184791584921033e-07
2.176818872385625e-07 2.5184791584921033e-07
3.818833470254014e-05 4.531620310450733e-05
3.818833470254014e-05 4.531620310450733e-05
3.818833470254014e-05 4.531620310450733e-05
3.818833470254014e-05 4.531620310450733e-05
3.818833470254014e-05 4.531620310450733e-05
1.721921539550522e-07 1.7788546933683656e-07
1.721921539550522e-07 1.7788546933683656e-07
1.721921539550522e-07 1.7788546933683656e-07
1.721921539550522e-07 1.7788546933683656e-07
1.721921539550522e-07 1.7788546933683656e-07
0.0007934104677161693 0.000932087101984103
0.0007934104677161693 0.000932087101984103
0.0007934104677161693 0.000932087101984103
0.0007934104677161693 0.000932087101984103
0.0007934104677161693 0.000932087101984103
0.0007934104677161693 0.000932087101984103
0.0007934104677161693 0.000932087101984103
0.0007934104677161693 0.000932087101984103
0.0007934104677161693 0.000932087101984103
0.0007934104677161693 0.000932087101984103
3.815495667226013e-05 4.549786895911166e-05
3.815495667226013e-05 4.549786895911166e-05
3.815495667226013e-05 4.549786895911166e-05
3.815495667226013e-05 4.549786895911166e-05
3.815495667226013e-05 4.549786895911166e-05
3.22968814901225e-05 4.7247091567450884e-05
3.22968814901225e-05 4.7247091567450884e-05
3.22968814901225e-05 4.7247091567450884e-05
3.22968814901225e-05 4.7247091567450884e-05
3.22968814901225e-05 4.7247091567450884e-05
1.0972856473942806e-05 4.6692849267263215e-06
1.0972856473942806e-05 4.6692849267263215e-06
1.0972856473942806e-05 4.6692849267263215e-06
1.0972856473942806e-05 4.6692849267263215e-06
1.0972856473942806e-05 4.6692849267263215e-06
4.1188792545700785e-07 3.877999747113051e-07
4.1188792545700785e-07 3.877999747113051e-07
4.1188792545700785e-07 3.877999747113051e-07
4.1188792545700785e-07 3.877999747113051e-07
4.1188792545700785e-07 3.877999747113051e-07
2.5160755225346392e-05 3.679134500733854e-05
2.5160755225346392e-05 3.679134500733854e-05
2.5160755225346392e-05 3.679134500733854e-05
2.5160755225346392e-05 3.679134500733854e-05
2.5160755225346392e-05 3.679134500733854e-05
2.5160755225346392e-05 3.679134500733854e-05
2.5160755225346392e-05 3.679134500733854e-05
2.5160755225346392e-05 3.679134500733854e-05
2.5160755225346392e-05 3.679134500733854e-05
2.5160755225346392e-05 3.679134500733854e-05
1.095059608869352e-05 4.663794959276245e-06
1.095059608869352e-05 4.663794959276245e-06
1.095059608869352e-05 4.663794959276245e-06
1.095059608869352e-05 4.663794959276245e-06
1.095059608869352e-05 4.663794959276245e-06
2.2165294009267335e-07 2.3063062125897365e-07
2.2165294009267335e-07 2.3063062125897365e-07
2.2165294009267335e-07 2.3063062125897365e-07
2.2165294009267335e-07 2.3063062125897365e-07
2.2165294009267335e-07 2.3063062125897365e-07
3.820021264210349e-05 4.545541666630461e-05
3.820021264210349e-05 4.545541666630461e-05
3.820021264210349e-05 4.545541666630461e-05
3.820021264210349e-05 4.545541666630461e-05
3.820021264210349e-05 4.545541666630461e-05
3.855208321997711e-05 4.60490367480659e-05
3.855208321997711e-05 4.60490367480659e-05
3.855208321997711e-05 4.60490367480659e-05
3.855208321997711e-05 4.60490367480659e-05
3.855208321997711e-05 4.60490367480659e-05
3.8336574151213884e-05 4.5955091831239745e-05
3.8336574151213884e-05 4.5955091831239745e-05
3.8336574151213884e-05 4.5955091831239745e-05
3.8336574151213884e-05 4.5955091831239745e-05
3.8336574151213884e-05 4.5955091831239745e-05
2.5331949560937437e-05 3.68524155053832e-05
2.5331949560937437e-05 3.68524155053832e-05
2.5331949560937437e-05 3.68524155053832e-05
2.5331949560937437e-05 3.68524155053832e-05
2.5331949560937437e-05 3.68524155053832e-05
2.5331949560937437e-05 3.68524155053832e-05
2.5331949560937437e-05 3.68524155053832e-05
2.5331949560937437e-05 3.68524155053832e-05
2.5331949560937437e-05 3.68524155053832e-05
2.5331949560937437e-05 3.68524155053832e-05
2.5331949560937437e-05 3.68524155053832e-05
2.5331949560937437e-05 3.68524155053832e-05
2.5331949560937437e-05 3.68524155053832e-05
2.5331949560937437e-05 3.68524155053832e-05
2.5331949560937437e-05 3.68524155053832e-05
1.4282645970183638e-05 5.996943693846325e-06
1.4282645970183638e-05 5.996943693846325e-06
1.4282645970183638e-05 5.996943693846325e-06
1.4282645970183638e-05 5.996943693846325e-06
1.4282645970183638e-05 5.996943693846325e-06
3.8161466190959984e-05 4.5484155677992904e-05
3.8161466190959984e-05 4.5484155677992904e-05
3.8161466190959984e-05 4.5484155677992904e-05
3.8161466190959984e-05 4.5484155677992904e-05
3.8161466190959984e-05 4.5484155677992904e-05
4.9490623094322905e-05 5.865010368025236e-05
4.9490623094322905e-05 5.865010368025236e-05
4.9490623094322905e-05 5.865010368025236e-05
4.9490623094322905e-05 5.865010368025236e-05
4.9490623094322905e-05 5.865010368025236e-05
4.8956317104430276e-05 5.8541257652747276e-05
4.8956317104430276e-05 5.8541257652747276e-05
4.8956317104430276e-05 5.8541257652747276e-05
4.8956317104430276e-05 5.8541257652747276e-05
4.8956317104430276e-05 5.8541257652747276e-05
3.8772161008927376e-05 4.625923156339675e-05
3.8772161008927376e-05 4.625923156339675e-05
3.8772161008927376e-05 4.625923156339675e-05
3.8772161008927376e-05 4.625923156339675e-05
3.8772161008927376e-05 4.625923156339675e-05
1.6234646579166658e-06 1.8024546832785251e-06
1.6234646579166658e-06 1.8024546832785251e-06
1.6234646579166658e-06 1.8024546832785251e-06
1.6234646579166658e-06 1.8024546832785251e-06
1.6234646579166658e-06 1.8024546832785251e-06
2.1723408019843247e-07 2.477854783847257e-07
2.1723408019843247e-07 2.477854783847257e-07
2.1723408019843247e-07 2.477854783847257e-07
2.1723408019843247e-07 2.477854783847257e-07
2.1723408019843247e-07 2.477854783847257e-07
2.3471903959368966e-07 2.5849463400409965e-07
2.3471903959368966e-07 2.5849463400409965e-07
2.3471903959368966e-07 2.5849463400409965e-07
2.3471903959368966e-07 2.5849463400409965e-07
2.3471903959368966e-07 2.5849463400409965e-07
3.832249649620546e-05 4.5678568536205804e-05
3.832249649620546e-05 4.5678568536205804e-05
3.832249649620546e-05 4.5678568536205804e-05
3.832249649620546e-05 4.5678568536205804e-05
3.832249649620546e-05 4.5678568536205804e-05
3.780660689790262e-05 4.515122168729147e-05
3.780660689790262e-05 4.515122168729147e-05
3.780660689790262e-05 4.515122168729147e-05
3.780660689790262e-05 4.515122168729147e-05
3.780660689790262e-05 4.515122168729147e-05
3.920557093036998e-05 4.6401810357488115e-05
3.920557093036998e-05 4.6401810357488115e-05
3.920557093036998e-05 4.6401810357488115e-05
3.920557093036998e-05 4.6401810357488115e-05
3.920557093036998e-05 4.6401810357488115e-05
2.5027000502080256e-05 3.634666444646937e-05
2.5027000502080256e-05 3.634666444646937e-05
2.5027000502080256e-05 3.634666444646937e-05
2.5027000502080256e-05 3.634666444646937e-05
2.5027000502080256e-05 3.634666444646937e-05
4.931527332277285e-05 5.885861084000973e-05
4.931527332277285e-05 5.885861084000973e-05
4.931527332277285e-05 5.885861084000973e-05
4.931527332277285e-05 5.885861084000973e-05
4.931527332277285e-05 5.885861084000973e-05
1.9659575275337093e-07 2.493449722262671e-07
4.719128062090921e-05 5.878345056222582e-05
4.719128062090921e-05 5.878345056222582e-05
4.719128062090921e-05 5.878345056222582e-05
4.719128062090921e-05 5.878345056222582e-05
1.595644024656813e-07 1.8006825611994307e-07
2.3970554766975955e-05 3.674444161054495e-05
1.6252496314567408e-07 1.8282678391899002e-07
4.7134955084710456e-05 5.904553772705712e-05
3.65354540290309e-05 4.543421298622544e-05
2.1112462570646298e-07 2.607600857701115e-07
2.665501631607411e-07 3.3100338507280183e-07
2.0646170151959138e-07 2.5620929358542626e-07
0.00025471514764239785 0.00032067944383784125
0.00025471514764239785 0.00032067944383784125
2.070018181131076e-07 2.3341511275535342e-07
2.070018181131076e-07 2.3341511275535342e-07
2.6251980979666037e-07 3.3477926240407644e-07
3.67124963475037e-05 4.557199378427075e-05
3.67124963475037e-05 4.557199378427075e-05
3.653267073544631e-05 4.556221667517568e-05
3.653267073544631e-05 4.556221667517568e-05
0.00016571994040666697 0.00025438835793360894
1.978694368597167e-07 2.517092992450379e-07
3.654918816479053e-05 4.531649226664156e-05
1.5901297963498076e-07 1.778193547173971e-07
0.0007602156617366253 0.0009320914364686537
0.0007602156617366253 0.0009320914364686537
3.655862484223105e-05 4.549783037919918e-05
3.062684404778122e-05 4.724681198077263e-05
1.0413176504406716e-05 4.669220395268017e-06
4.742454150452937e-07 3.879318966508954e-07
2.386350530377059e-05 3.679165508080316e-05
2.386350530377059e-05 3.679165508080316e-05
1.0392051529227521e-05 4.663730503691573e-06
2.046881558737581e-07 2.304314490176388e-07
3.660198738717079e-05 4.5455628047623874e-05
3.6924109090424615e-05 4.60485948412057e-05
3.670393632581002e-05 4.5955359126392113e-05
2.402587312217522e-05 3.6852726093543356e-05
2.402587312217522e-05 3.6852726093543356e-05
2.402587312217522e-05 3.6852726093543356e-05
1.355414806377529e-05 5.9966726643993486e-06
3.652330655592656e-05 4.54844755002045e-05
4.736937031416154e-05 5.864977480250958e-05
4.706955594891659e-05 5.854145134235088e-05
3.715000650697871e-05 4.625919233788695e-05
1.4532711924109334e-06 1.8031902518249693e-06
1.9746238725179394e-07 2.477655768247287e-07
2.1011262357235745e-07 2.5866036139470253e-07
3.6681191544377334e-05 4.567877827178425e-05
3.638787833572497e-05 4.515089694127411e-05
3.752273853893608e-05 4.640210644686886e-05
2.3764429770119095e-05 3.634629104225529e-05
4.719849916617737e-05 5.885871842177023e-05
2.1536690694873514e-07 2.4910653691072513e-07
2.1536690694873514e-07 2.4910653691072513e-07
5.017858083576564e-05 5.8783569989457633e-05
5.017858083576564e-05 5.8783569989457633e-05
5.017858083576564e-05 5.8783569989457633e-05
5.017858083576564e-05 5.8783569989457633e-05
5.017858083576564e-05 5.8783569989457633e-05
5.017858083576564e-05 5.8783569989457633e-05
5.017858083576564e-05 5.8783569989457633e-05
5.017858083576564e-05 5.8783569989457633e-05
1.7479976722217196e-07 1.8040732315407817e-07
1.7479976722217196e-07 1.8040732315407817e-07
2.565814065839314e-05 3.674392932430658e-05
2.565814065839314e-05 3.674392932430658e-05
1.7804300512306374e-07 1.825665203363362e-07
1.7804300512306374e-07 1.825665203363362e-07
5.011657871324647e-05 5.904515747487145e-05
5.011657871324647e-05 5.904515747487145e-05
3.884756950298508e-05 4.543449748891792e-05
3.884756950298508e-05 4.543449748891792e-05
2.3128301086011487e-07 2.608373046448416e-07
2.3128301086011487e-07 2.608373046448416e-07
2.920006326821584e-07 3.307469669001119e-07
2.920006326821584e-07 3.307469669001119e-07
2.2617486612454268e-07 2.5639032030545467e-07
2.2617486612454268e-07 2.5639032030545467e-07
0.0002708343149278454 0.0003206812531676899
0.0002708343149278454 0.0003206812531676899
0.0002708343149278454 0.0003206812531676899
0.0002708343149278454 0.0003206812531676899
2.2676655357713585e-07 2.338546314784733e-07
2.2676655357713585e-07 2.338546314784733e-07
2.2676655357713585e-07 2.338546314784733e-07
2.2676655357713585e-07 2.338546314784733e-07
2.875854572484276e-07 3.3458865176542647e-07
2.875854572484276e-07 3.3458865176542647e-07
3.903667640187718e-05 4.557226566512542e-05
3.903667640187718e-05 4.557226566512542e-05
3.903667640187718e-05 4.557226566512542e-05
3.903667640187718e-05 4.557226566512542e-05
3.88459508823305e-05 4.556243579888351e-05
3.88459508823305e-05 4.556243579888351e-05
3.88459508823305e-05 4.556243579888351e-05
3.88459508823305e-05 4.556243579888351e-05
0.00017738562997453056 0.00025438960781114825
0.00017738562997453056 0.00025438960781114825
2.167622036556664e-07 2.51415274691372e-07
2.167622036556664e-07 2.51415274691372e-07
3.886245011487325e-05 4.531634098352852e-05
3.886245011487325e-05 4.531634098352852e-05
1.7419569400184215e-07 1.7799870629116278e-07
1.7419569400184215e-07 1.7799870629116278e-07
0.0008083058300663712 0.0009320895537964535
0.0008083058300663712 0.0009320895537964535
0.0008083058300663712 0.0009320895537964535
0.0008083058300663712 0.0009320895537964535
3.887127178053631e-05 4.54977161688699e-05
3.887127178053631e-05 4.54977161688699e-05
3.278351395975477e-05 4.724702585752032e-05
3.278351395975477e-05 4.724702585752032e-05
1.124647904726968e-05 4.669568522887179e-06
1.124647904726968e-05 4.669568522887179e-06
4.241658110844284e-07 3.874259624757846e-07
4.241658110844284e-07 3.874259624757846e-07
2.5543648750044715e-05 3.6791427765689116e-05
2.5543648750044715e-05 3.6791427765689116e-05
2.5543648750044715e-05 3.6791427765689116e-05
2.5543648750044715e-05 3.6791427765689116e-05
1.1223663570107034e-05 4.6640782219955335e-06
1.1223663570107034e-05 4.6640782219955335e-06
2.2423198061086282e-07 2.3086534952666478e-07
2.2423198061086282e-07 2.3086534952666478e-07
3.891737737878358e-05 4.545553623469231e-05
3.891737737878358e-05 4.545553623469231e-05
3.926078163151066e-05 4.604885465548047e-05
3.926078163151066e-05 4.604885465548047e-05
3.9027367167896304e-05 4.5955452491468085e-05
3.9027367167896304e-05 4.5955452491468085e-05
2.571744830165474e-05 3.685249840110559e-05
2.571744830165474e-05 3.685249840110559e-05
2.571744830165474e-05 3.685249840110559e-05
2.571744830165474e-05 3.685249840110559e-05
2.571744830165474e-05 3.685249840110559e-05
2.571744830165474e-05 3.685249840110559e-05
1.4638781684285793e-05 5.9968069059449295e-06
1.4638781684285793e-05 5.9968069059449295e-06
3.883686216531694e-05 4.5484270946363693e-05
3.883686216531694e-05 4.5484270946363693e-05
5.036883960321724e-05 5.865005686859538e-05
5.036883960321724e-05 5.865005686859538e-05
5.004530207235866e-05 5.854087415502755e-05
5.004530207235866e-05 5.854087415502755e-05
3.9500063413581486e-05 4.625907621635884e-05
3.9500063413581486e-05 4.625907621635884e-05
1.5920309431093558e-06 1.8010483030697184e-06
1.5920309431093558e-06 1.8010483030697184e-06
2.1631628855421964e-07 2.478526388826896e-07
2.1631628855421964e-07 2.478526388826896e-07
2.3017438177532866e-07 2.588431199362425e-07
2.3017438177532866e-07 2.588431199362425e-07
3.900338976677884e-05 4.5678711050461775e-05
3.900338976677884e-05 4.5678711050461775e-05
3.868639303923371e-05 4.515105418421229e-05
3.868639303923371e-05 4.515105418421229e-05
3.990044961634122e-05 4.6401951539576535e-05
3.990044961634122e-05 4.6401951539576535e-05
2.5436981322022203e-05 3.6346621740005794e-05
2.5436981322022203e-05 3.6346621740005794e-05
5.01893361539379e-05 5.8858999345737494e-05
5.01893361539379e-05 5.8858999345737494e-05
2.157904553363064e-07 2.4900273374980053e-07
4.483310573093605e-05 5.87832534236795e-05
4.483310573093605e-05 5.87832534236795e-05
4.483310573093605e-05 5.87832534236795e-05
4.483310573093605e-05 5.87832534236795e-05
1.72392963938246e-07 1.7998884219866702e-07
2.319340679538714e-05 3.674413935436033e-05
1.7559154596942774e-07 1.8274615342842967e-07
4.459372499313049e-05 5.9045069166429563e-05
3.475393288161737e-05 4.543413858057921e-05
2.3243197199202484e-07 2.6074577463477943e-07
2.980364004724956e-07 3.3064858163780676e-07
2.3086853535230584e-07 2.563058698255694e-07
0.0002418892623315745 0.0003206786687727755
0.0002418892623315745 0.0003206786687727755
2.2364422398535597e-07 2.333121717384945e-07
2.2364422398535597e-07 2.333121717384945e-07
2.935774968445006e-07 3.344926510280572e-07
3.488787490640749e-05 4.5572506144965346e-05
3.488787490640749e-05 4.5572506144965346e-05
3.471967695579388e-05 4.5562673679948064e-05
3.471967695579388e-05 4.5562673679948064e-05
0.00016025694394001657 0.00025439039126938143
2.1718849608445914e-07 2.5190322294082915e-07
3.478036464431447e-05 4.531622228845266e-05
1.7179720815124877e-07 1.775740127501931e-07
0.000721598492611632 0.0009320844960268525
0.000721598492611632 0.0009320844960268525
3.470153261226495e-05 4.5497817964080313e-05
2.9697443120718674e-05 4.724712320176035e-05
9.534044731397393e-06 4.669462266427063e-06
4.207864304175382e-07 3.875515292798014e-07
2.3097468238439307e-05 3.679123971278103e-05
2.3097468238439307e-05 3.679123971278103e-05
9.514703230922215e-06 4.663972090467718e-06
2.211445493409487e-07 2.3032982385978963e-07
3.474269244182285e-05 4.545528958067884e-05
3.5064838478599854e-05 4.6048483544214655e-05
3.48698199410059e-05 4.595520500864967e-05
2.325462392369201e-05 3.68523100360457e-05
2.325462392369201e-05 3.68523100360457e-05
2.325462392369201e-05 3.68523100360457e-05
1.2409573192197263e-05 5.9964510718634715e-06
3.4731687026258424e-05 4.5484149259564134e-05
4.501858752175264e-05 5.8650363080010985e-05
4.450034655055767e-05 5.854101784212838e-05
3.5262873478178224e-05 4.6259179715013133e-05
1.6249388481346818e-06 1.8004743199556396e-06
2.167417040301653e-07 2.477382286104581e-07
2.3493217667090524e-07 2.5875786154712864e-07
3.4858125960841256e-05 4.5678691118206425e-05
3.435760409571044e-05 4.5150802177841954e-05
3.5679376795073565e-05 4.640183000100924e-05
2.2970368971492186e-05 3.6346637741060353e-05
4.48798009282975e-05 5.8858868292355745e-05
2.1655947041165808e-07 2.493870430050697e-07
4.515481696804057e-05 5.8783453867828726e-05
4.515481696804057e-05 5.8783453867828726e-05
4.515481696804057e-05 5.8783453867828726e-05
4.515481696804057e-05 5.8783453867828726e-05
1.7303979418902884e-07 1.8035780214945243e-07
2.3381598222708727e-05 3.674395228387357e-05
1.762503775198583e-07 1.8251839466462807e-07
4.4916860351418175e-05 5.9045357651418363e-05
3.500380913454314e-05 4.543420447881139e-05
2.3310432609042557e-07 2.6051095866846017e-07
2.9883942207584885e-07 3.3108027561788927e-07
2.3151329678725064e-07 2.560668002712701e-07
0.00024362502468805474 0.0003206813273438937
0.00024362502468805474 0.0003206813273438937
2.24483352486786e-07 2.3379043942637294e-07
2.24483352486786e-07 2.3379043942637294e-07
2.9442672611149834e-07 3.341594112552447e-07
3.513794609704821e-05 4.5572066836142425e-05
3.513794609704821e-05 4.5572066836142425e-05
3.496796997125989e-05 4.556223911857071e-05
3.496796997125989e-05 4.556223911857071e-05
0.0001615598823509471 0.0002543903220910738
2.1796249337466183e-07 2.517011609971297e-07
3.503035936997011e-05 4.53164391207413e-05
1.7244180308536724e-07 1.779557000544804e-07
0.0007267796169465145 0.0009320816436433847
0.0007267796169465145 0.0009320816436433847
3.4950691884236836e-05 4.5497827217993894e-05
2.9938366971879466e-05 4.724694537320092e-05
9.606160327982643e-06 4.669459601309272e-06
4.1810535664451776e-07 3.875774648340645e-07
2.3284677083107588e-05 3.6791288313698044e-05
2.3284677083107588e-05 3.6791288313698044e-05
9.586672528231038e-06 4.663969428483471e-06
2.2197429889128824e-07 2.3080197801911203e-07
3.4992147244060836e-05 4.54551504774998e-05
3.5316458687287675e-05 4.6048865306958204e-05
3.512003711262361e-05 4.595536171062572e-05
2.3443106541484062e-05 3.685235871763609e-05
2.3443106541484062e-05 3.685235871763609e-05
2.3443106541484062e-05 3.685235871763609e-05
1.2503466444395328e-05 5.996846272000998e-06
3.498046540367084e-05 4.548437155713675e-05
4.534053178586628e-05 5.864980369267692e-05
4.482386466551816e-05 5.854113786119644e-05
3.5516063214252135e-05 4.625918912378196e-05
1.6293170415268696e-06 1.802901237769026e-06
2.175141090820794e-07 2.4755614945097086e-07
2.3556517187850553e-07 2.5851650489511905e-07
3.510798391538612e-05 4.567843424622854e-05
3.4609704293266455e-05 4.515096697534728e-05
3.593425398608136e-05 4.6402052027791e-05
2.3156957808507613e-05 3.6346803235418466e-05
4.520040175210934e-05 5.8859107700810496e-05
2.163608122490136e-07 2.4913342046565644e-07
4.518593647506126e-05 5.878331299226415e-05
4.518593647506126e-05 5.878331299226415e-05
4.518593647506126e-05 5.878331299226415e-05
4.518593647506126e-05 5.878331299226415e-05
1.7288105826530024e-07 1.8017438121774344e-07
2.3395516773885252e-05 3.674429552118586e-05
1.760886964070585e-07 1.8293453478381212e-07
4.494832097016581e-05 5.904552346901553e-05
3.502814461794789e-05 4.5434541970566433e-05
2.3289049070822052e-07 2.6084844463915987e-07
2.9856528541305377e-07 3.307435723985077e-07
2.3130092091617886e-07 2.5639580016064086e-07
0.00024379331178622538 0.0003206807597239406
0.00024379331178622538 0.0003206807597239406
2.2427742544852475e-07 2.3355267837742922e-07
2.2427742544852475e-07 2.3355267837742922e-07
2.941566373809914e-07 3.3458172175740296e-07
3.516213672374361e-05 4.557226277600866e-05
3.516213672374361e-05 4.557226277600866e-05
3.49921009828707e-05 4.556243561835031e-05
3.49921009828707e-05 4.556243561835031e-05
0.00016165627141357042 0.00025438877581859326
2.1776254816618441e-07 2.514451850376086e-07
3.505470666433741e-05 4.531613165717117e-05
1.7228361572141165e-07 1.7777472202127134e-07
0.0007272830814764512 0.0009320880222461272
0.0007272830814764512 0.0009320880222461272
3.497490339657174e-05 4.5497775223263534e-05
2.9956376805010112e-05 4.724703163400832e-05
9.617304802926276e-06 4.669428623278892e-06
4.1772181284574076e-07 3.879484892953354e-07
2.3298521061292444e-05 3.679158537762811e-05
2.3298521061292444e-05 3.679158537762811e-05
9.597794394630922e-06 4.66393848687588e-06
2.217706735024368e-07 2.305672561864881e-07
3.5016387473908954e-05 4.545546154504359e-05
3.534085398230204e-05 4.6048783798455715e-05
3.5144240914452044e-05 4.595525157780602e-05
2.345704471440298e-05 3.6852656274666974e-05
2.345704471440298e-05 3.6852656274666974e-05
2.345704471440298e-05 3.6852656274666974e-05
1.25179753729056e-05 5.996857467972487e-06
3.500469754111771e-05 4.548406354987811e-05
4.5371820788340956e-05 5.8650056636204775e-05
4.4855501902910505e-05 5.8541212861007026e-05
3.554066637820229e-05 4.625913625897034e-05
1.627822407608437e-06 1.8010677167299035e-06
2.1731457519340968e-07 2.478904182579078e-07
2.3534907906972902e-07 2.588486522153531e-07
3.513215391469625e-05 4.5678857782915985e-05
3.4634237021907934e-05 4.515111089679159e-05
3.595908281392725e-05 4.6402338163897885e-05
2.3170809051767713e-05 3.6346604747704605e-05
4.523163303895066e-05 5.885870295724512e-05
1.969583448952007e-07 2.493003350520079e-07
4.6777079883886354e-05 5.87837149147979e-05
4.6777079883886354e-05 5.87837149147979e-05
4.6777079883886354e-05 5.87837149147979e-05
4.6777079883886354e-05 5.87837149147979e-05
1.5942691928245575e-07 1.798938592500326e-07
2.3816362965074846e-05 3.674398560957973e-05
1.6238492909709178e-07 1.826497154032044e-07
4.672062794443554e-05 5.904556688338477e-05
3.622796645723669e-05 4.543422338784288e-05
2.1189495161011065e-07 2.6067145396594366e-07
2.6752271903676527e-07 3.3083895992061994e-07
2.072439239846419e-07 2.561087003274946e-07
0.00025248398550730604 0.00032067973486563903
0.00025248398550730604 0.00032067973486563903
2.0682346211109277e-07 2.3318904922849161e-07
2.0682346211109277e-07 2.3318904922849161e-07
2.635517599925241e-07 3.346043375483187e-07
3.639023341332695e-05 4.557234396191483e-05
3.639023341332695e-05 4.557234396191483e-05
3.6212202042297326e-05 4.5562573714638936e-05
3.6212202042297326e-05 4.5562573714638936e-05
0.00016465437402514451 0.00025439095237271705
1.982343781257858e-07 2.516710893683878e-07
3.624376069186172e-05 4.531631438772199e-05
1.5887597156628512e-07 1.7766642023587235e-07
0.0007535597646903538 0.0009320846830094211
0.0007535597646903538 0.0009320846830094211
3.6238544034441196e-05 4.5497701266272883e-05
3.0445674729274603e-05 4.724721441821293e-05
1.0258674385545526e-05 4.669364422815802e-06
4.6887081854499555e-07 3.8778104150169916e-07
2.370997285273366e-05 3.679168108981904e-05
2.370997285273366e-05 3.679168108981904e-05
1.0237862845313362e-05 4.66387436189725e-06
2.0451179335929223e-07 2.3020827518176383e-07
3.628152692838279e-05 4.5455298699322944e-05
3.6600674560373754e-05 4.604863663191416e-05
3.638178364680316e-05 4.595556579029615e-05
2.3871296032942357e-05 3.685275214573198e-05
2.3871296032942357e-05 3.685275214573198e-05
2.3871296032942357e-05 3.685275214573198e-05
1.3353041950740964e-05 5.996816492133975e-06
3.62123523663611e-05 4.5484303893399635e-05
4.695384087450465e-05 5.865023440008063e-05
4.665648138710256e-05 5.85410150794961e-05
3.6824747990186356e-05 4.625906106438135e-05
1.4585737119099878e-06 1.8023880073803871e-06
1.9782657777433422e-07 2.477552304106967e-07
2.1087925700547572e-07 2.58558805795035e-07
3.635920340430921e-05 4.5678836895720895e-05
3.606286506219506e-05 4.5151117624060044e-05
3.720030682741506e-05 4.6401924306633644e-05
2.3611726334342797e-05 3.6346423266548296e-05
4.679292394805777e-05 5.8859113168383356e-05
1.9838359455282912e-07 2.4938797682275286e-07
4.043182636830825e-05 5.878342902212845e-05
4.043182636830825e-05 5.878342902212845e-05
4.043182636830825e-05 5.878342902212845e-05
4.043182636830825e-05 5.878342902212845e-05
1.5906253547994349e-07 1.7995340740719917e-07
2.079011215954274e-05 3.6744020716151734e-05
1.6201378451121257e-07 1.8271017579915454e-07
4.019822045833387e-05 5.904491047772027e-05
3.134645682008335e-05 4.543416988435641e-05
2.1308925785269752e-07 2.604564824715581e-07
2.734773469093674e-07 3.3092859887073537e-07
2.123294018448287e-07 2.565709697510489e-07
0.00021812665123539584 0.0003206807831972842
0.00021812665123539584 0.0003206807831972842
2.063507494731519e-07 2.3326623906816078e-07
2.063507494731519e-07 2.3326623906816078e-07
2.6914632435762224e-07 3.347552169763905e-07
3.146516523305175e-05 4.557236762827849e-05
3.146516523305175e-05 4.557236762827849e-05
3.131281849675487e-05 4.556255069113748e-05
3.131281849675487e-05 4.556255069113748e-05
0.00014364056844859608 0.0002543896401843587
1.9966886154259299e-07 2.517129696869622e-07
3.1371733413426895e-05 4.5316531822538364e-05
1.585128470017027e-07 1.775853266634815e-07
0.0006506858860048716 0.000932083021158262
0.0006506858860048716 0.000932083021158262
3.129135901021225e-05 4.549769197113996e-05
2.6626747783373223e-05 4.7246853274997386e-05
8.289776554448324e-06 4.669363091926425e-06
4.5143612706847717e-07 3.879698230064149e-07
2.0706093029173775e-05 3.6791679653566195e-05
2.0706093029173775e-05 3.6791679653566195e-05
8.272959272624696e-06 4.663873032572682e-06
2.040443642371699e-07 2.3028447833071352e-07
3.1328473999278754e-05 4.5455217655248084e-05
3.1620154279368556e-05 4.604878716915662e-05
3.1446639316269544e-05 4.5955342286909214e-05
2.0846977744559615e-05 3.685275070709508e-05
2.0846977744559615e-05 3.685275070709508e-05
2.0846977744559615e-05 3.685275070709508e-05
1.0789870822890344e-05 5.9968986045637205e-06
3.1325493419520854e-05 4.5484475446333406e-05
4.0601151382938655e-05 5.865020476317369e-05
4.0110516187127635e-05 5.854084177867605e-05
3.1797536035839855e-05 4.6259051613703415e-05
1.491039230017967e-06 1.8022235566343658e-06
1.9925811022548623e-07 2.4761101923072364e-07
2.155730920040123e-07 2.5902549759409105e-07
3.143833483738387e-05 4.567860663534777e-05
3.096493047762915e-05 4.515113196413735e-05
3.2177656391440754e-05 4.640214695037746e-05
2.0588118829522313e-05 3.634654048204153e-05
4.047511315798595e-05 5.885912988877686e-05
1.9799159551451095e-07 2.4895392927120457e-07
4.053643013411907e-05 5.878318187449165e-05
4.053643013411907e-05 5.878318187449165e-05
4.053643013411907e-05 5.878318187449165e-05
4.053643013411907e-05 5.878318187449165e-05
1.6013324376436523e-07 1.8029680202492517e-07
2.08498261106788e-05 3.6744491051475875e-05
1.631043587356411e-07 1.824546764398671e-07
4.047843958168394e-05 5.9044951389282276e-05
3.1425379677327235e-05 4.543446400994394e-05
2.1290393272102346e-07 2.606775105027271e-07
2.6879658312931246e-07 3.305443447027053e-07
2.0865037822337778e-07 2.562332504747591e-07
0.00021878875887484616 0.00032067925631573094
0.00021878875887484616 0.00032067925631573094
2.0773977207543149e-07 2.337113674608226e-07
2.0773977207543149e-07 2.337113674608226e-07
2.6436725031835046e-07 3.343836760751475e-07
3.153570266515935e-05 4.5572146981370234e-05
3.153570266515935e-05 4.5572146981370234e-05
3.1382390574534946e-05 4.5562317501691356e-05
3.1382390574534946e-05 4.5562317501691356e-05
0.00014413218341101497 0.0002543894964370717
1.9927432286169444e-07 2.518538499670183e-07
3.1439621098814756e-05 4.5316273679383725e-05
1.5957985513130343e-07 1.7788966072880348e-07
0.0006529753290909209 0.0009320885402614927
0.0006529753290909209 0.0009320885402614927
3.1401457887535186e-05 4.5498037340602246e-05
2.6689125435896758e-05 4.724723119082027e-05
8.300466964974054e-06 4.6696682096354845e-06
4.5738992493391384e-07 3.879568489778433e-07
2.075638846871659e-05 3.679136998226129e-05
2.075638846871659e-05 3.679136998226129e-05
8.283627995756871e-06 4.664177791535956e-06
2.0541786171424147e-07 2.3072391680283795e-07
3.143870346596429e-05 4.5455486807279516e-05
3.171613496577434e-05 4.6048567913599804e-05
3.1527996929566844e-05 4.595514907337212e-05
2.0897615395386583e-05 3.6852440521762195e-05
2.0897615395386583e-05 3.6852440521762195e-05
2.0897615395386583e-05 3.6852440521762195e-05
1.0803754827653827e-05 5.996967029899047e-06
3.139412155755206e-05 4.548420375447537e-05
4.069136065178066e-05 5.864990459102449e-05
4.0423777477574206e-05 5.854107295142261e-05
3.190941590075844e-05 4.625940276258788e-05
1.4655190086856233e-06 1.7999449449097819e-06
1.9886438317481176e-07 2.4770079940614315e-07
2.1188340167898054e-07 2.586845474715072e-07
3.150881212211265e-05 4.5678377709507035e-05
3.123936543564437e-05 4.5151259404781145e-05
3.224880603463279e-05 4.640188262307539e-05
2.0668742180398627e-05 3.634661946534379e-05
4.056460972741647e-05 5.885890865217065e-05
1.965013928770056e-07 2.492220735604589e-07
4.2982310860062805e-05 5.8783696234760995e-05
4.2982310860062805e-05 5.8783696234760995e-05
4.2982310860062805e-05 5.8783696234760995e-05
4.2982310860062805e-05 5.8783696234760995e-05
1.5882905752841295e-07 1.8035130198839468e-07
2.2039573637440283e-05 3.6744009141866706e-05
1.6177597460573578e-07 1.825454883311038e-07
4.2926128392234556e-05 5.9045257851962074e-05
3.331622290302145e-05 4.5434504713023944e-05
2.1189003734109387e-07 2.6074127674687433e-07
2.675165146482253e-07 3.3111529142580736e-07
2.0716704178443653e-07 2.562261413601126e-07
0.00023200244027416083 0.0003206820425650373
0.00023200244027416083 0.0003206820425650373
2.060478601086739e-07 2.3378201353355364e-07
2.060478601086739e-07 2.3378201353355364e-07
2.633609092847155e-07 3.3419475271959714e-07
3.343778835908587e-05 4.557237669698769e-05
3.343778835908587e-05 4.557237669698769e-05
3.327478337883721e-05 4.556258189674819e-05
3.327478337883721e-05 4.556258189674819e-05
0.00015236394792943374 0.00025439168596772514
1.977744656544029e-07 2.5156731878140413e-07
3.333147770791701e-05 4.531638954578337e-05
1.582801759035239e-07 1.780484307415507e-07
0.0006924276048294663 0.0009320922863943761
0.0006924276048294663 0.0009320922863943761
3.3298710233800874e-05 4.5497842471101434e-05
2.820529647185513e-05 4.724692420332e-05
9.036037427783056e-06 4.66965062673257e-06
4.807307871393709e-07 3.875920405906343e-07
2.1940459152015352e-05 3.679158900215495e-05
2.1940459152015352e-05 3.679158900215495e-05
9.01770622343831e-06 4.664160229306349e-06
2.0374486027138877e-07 2.3079365983153325e-07
3.333820616192125e-05 4.54556694962479e-05
3.363162141402983e-05 4.6048968010543654e-05
3.343032823408729e-05 4.595555118673348e-05
2.2089742521828828e-05 3.6852659905210214e-05
2.2089742521828828e-05 3.6852659905210214e-05
2.2089742521828828e-05 3.6852659905210214e-05
1.1761389597025801e-05 5.997029005862455e-06
3.328400254135111e-05 4.5484354781786286e-05
4.314509463077148e-05 5.8650244932466896e-05
4.2870923102443207e-05 5.854121844312209e-05
3.38373586861701e-05 4.625920463213543e-05
1.4585398846595193e-06 1.7996515819884077e-06
1.973676114176931e-07 2.4755451445313804e-07
2.1087436629245445e-07 2.5867737034636106e-07
3.340927590458934e-05 4.567847111463696e-05
3.313868911238322e-05 4.5151292966535656e-05
3.419166074999184e-05 4.6402001265201926e-05
2.184884383601439e-05 3.634658539782315e-05
4.300845658490861e-05 5.885874456677083e-05
2.1845701454493664e-07 2.4926422988883576e-07
4.783746035682842e-05 5.878353862114726e-05
4.783746035682842e-05 5.878353862114726e-05
4.783746035682842e-05 5.878353862114726e-05
4.783746035682842e-05 5.878353862114726e-05
1.742837150074894e-07 1.8019977837420468e-07
2.4646431564728372e-05 3.674434918414601e-05
1.7751737806667463e-07 1.8296032100808365e-07
4.760089082242389e-05 5.904506886060087e-05
3.7080435774870464e-05 4.543418243186201e-05
2.3478604464164005e-07 2.609026493838344e-07
3.0085856251925495e-07 3.3072705550563527e-07
2.3313013341589742e-07 2.5642246392210553e-07
0.0002580986518988053 0.00032068238756101234
0.0002580986518988053 0.00032068238756101234
2.2609708253578902e-07 2.3358559967220263e-07
2.2609708253578902e-07 2.3358559967220263e-07
2.9655085180053847e-07 3.3454800187346285e-07
3.7225329923957095e-05 4.5572248718206495e-05
3.7225329923957095e-05 4.5572248718206495e-05
3.7047054338715276e-05 4.556243473991579e-05
3.7047054338715276e-05 4.556243473991579e-05
0.0001703105037283883 0.0002543887181887798
2.1987233111942387e-07 2.5159072215679926e-07
3.710937284227761e-05 4.5316260673636456e-05
1.7368142516094855e-07 1.7783966721375807e-07
0.0007699589965542458 0.0009320923794622145
0.0007699589965542458 0.0009320923794622145
3.7027179938157286e-05 4.549749061152043e-05
3.155413099164266e-05 4.724705974111937e-05
1.0440411887589363e-05 4.6693244337581634e-06
4.1597434520717936e-07 3.8749872093629244e-07
2.454455564378092e-05 3.679177619572391e-05
2.454455564378092e-05 3.679177619572391e-05
1.0419231660605547e-05 4.663834419857223e-06
2.235699922567833e-07 2.305997566598663e-07
3.707109824091044e-05 4.5455674034919626e-05
3.7414589854634616e-05 4.604901755091857e-05
3.720651518296651e-05 4.5955427968546164e-05
2.4711557343776858e-05 3.685284740950455e-05
2.4711557343776858e-05 3.685284740950455e-05
2.4711557343776858e-05 3.685284740950455e-05
1.3589503834885349e-05 5.996356840267197e-06
3.7060443619586176e-05 4.5484206224172396e-05
4.803633571516462e-05 5.865005550544357e-05
4.750579986559183e-05 5.854136665031886e-05
3.762614106996232e-05 4.625884688452642e-05
1.640325695976893e-06 1.8011621792999442e-06
2.1942001798003448e-07 2.475013245961516e-07
2.3715679309867066e-07 2.5887557106002136e-07
3.7193587826837e-05 4.5678426023305845e-05
3.668010664762078e-05 4.515080952323759e-05
3.8068257825173546e-05 4.6401869305758906e-05
2.441187700114241e-05 3.634652206693106e-05
4.78846881965941e-05 5.8858751155576e-05
2.1568836088738626e-07 2.49229942979028e-07
4.4165692289757904e-05 5.8783283656311984e-05
4.4165692289757904e-05 5.8783283656311984e-05
4.4165692289757904e-05 5.8783283656311984e-05
4.4165692289757904e-05 5.8783283656311984e-05
1.7214974304394045e-07 1.8031670071261507e-07
2.2864325496850278e-05 3.6744285331216464e-05
1.7534381235044738e-07 1.8246260679451617e-07
4.3922396763393906e-05 5.904514439268982e-05
3.4240329448912674e-05 4.543406470439076e-05
2.3251412278325672e-07 2.6041911195275934e-07
2.982145447881715e-07 3.310709834892564e-07
2.3097855119896847e-07 2.566082575091807e-07
0.00023828090172346164 0.00032067999897435087
0.00023828090172346164 0.00032067999897435087
2.2332869516723396e-07 2.3373716131550251e-07
2.2332869516723396e-07 2.3373716131550251e-07
2.9368125891925715e-07 3.341500327073157e-07
3.436901161987212e-05 4.557215739505602e-05
3.436901161987212e-05 4.557215739505602e-05
3.420583823629999e-05 4.556231589991062e-05
3.420583823629999e-05 4.556231589991062e-05
0.0001579787386451944 0.0002543890058789422
2.1708574019664667e-07 2.515284431187127e-07
3.4266499719187105e-05 4.531639988860468e-05
1.7155482777996685e-07 1.7787335247779387e-07
0.0007108064751129818 0.0009320911934780196
0.0007108064751129818 0.0009320911934780196
3.418254656806447e-05 4.549758195547333e-05
2.9278555454755562e-05 4.724668793145138e-05
9.332995106941518e-06 4.669687145562326e-06
4.1743531447232924e-07 3.8799966633282835e-07
2.277009103643593e-05 3.6791474018782194e-05
2.277009103643593e-05 3.6791474018782194e-05
9.314061471283058e-06 4.664196705198656e-06
2.2083254719287515e-07 2.3074938094369616e-07
3.422309082316457e-05 4.5455616197614904e-05
3.4541762006844024e-05 4.604867455712358e-05
3.435072615661009e-05 4.595522864372842e-05
2.292501923995835e-05 3.685254473097486e-05
2.292501923995835e-05 3.685254473097486e-05
2.292501923995835e-05 3.685254473097486e-05
1.214782806431418e-05 5.996745839465756e-06
3.421889901854256e-05 4.5484318418294106e-05
4.4352328633599566e-05 5.8649902529138874e-05
4.3832757426871375e-05 5.8541139216049205e-05
3.473549218300414e-05 4.625893975703156e-05
1.6259101174784842e-06 1.802657414085993e-06
2.166391595279236e-07 2.479302235648298e-07
2.3507260190680574e-07 2.590631420716157e-07
3.4339705109842846e-05 4.567831985345794e-05
3.384010174731944e-05 4.515081018482405e-05
3.515384198009017e-05 4.640201185579868e-05
2.2643121058673665e-05 3.634669484743886e-05
4.42187496433266e-05 5.8859181386330374e-05
2.1981589937579998e-07 2.492495948209719e-07
4.332045063898044e-05 5.87830594708436e-05
4.332045063898044e-05 5.87830594708436e-05
4.332045063898044e-05 5.87830594708436e-05
4.332045063898044e-05 5.87830594708436e-05
1.7577168505458102e-07 1.803128390815923e-07
2.24559140230817e-05 3.674391273243148e-05
1.7903295593572625e-07 1.8243722134915168e-07
4.306561569664795e-05 5.904487285262956e-05
3.3580822635678686e-05 4.543418305279404e-05
2.3592180383448157e-07 2.6054684429953544e-07
3.027004326959811e-07 3.3059223859332066e-07
2.350388675867184e-07 2.5617149688520827e-07
0.00023370645245799306 0.00032068060334224254
0.00023370645245799306 0.00032068060334224254
2.2802741599542177e-07 2.337321556412098e-07
2.2802741599542177e-07 2.337321556412098e-07
2.979853934343546e-07 3.3447474536801195e-07
3.371221303897187e-05 4.5572133973290696e-05
3.371221303897187e-05 4.5572133973290696e-05
3.35502923280796e-05 4.556227147262484e-05
3.35502923280796e-05 4.556227147262484e-05
0.00015514846610700174 0.0002543895459198098
2.2124001975193185e-07 2.5152726982825886e-07
3.3606737075420816e-05 4.5316598283578296e-05
1.7516425307957865e-07 1.7780630291739397e-07
0.0006971077727080582 0.0009320869687298914
0.0006971077727080582 0.0009320869687298914
3.352377860621672e-05 4.5497927287015214e-05
2.8752794760521915e-05 4.7246884192960807e-05
9.078937161396356e-06 4.669755526783193e-06
3.964378536592482e-07 3.8772097974736055e-07
2.236401872551594e-05 3.67914285315079e-05
2.236401872551594e-05 3.67914285315079e-05
9.060518927334273e-06 4.664265006019487e-06
2.25478750352124e-07 2.3074443925518694e-07
3.3563541490150005e-05 4.545541016785002e-05
3.387863904274019e-05 4.604876134251851e-05
3.369332302361876e-05 4.595505338141203e-05
2.251618400404476e-05 3.685249916819557e-05
2.251618400404476e-05 3.685249916819557e-05
2.251618400404476e-05 3.685249916819557e-05
1.181704159035368e-05 5.99668283615886e-06
3.356173446514928e-05 4.5484496538353674e-05
4.3502327901123806e-05 5.8649845340299165e-05
4.2972430233901376e-05 5.854132573323663e-05
3.406606782213589e-05 4.6259290867361066e-05
1.65036784652843e-06 1.7997437480186398e-06
2.2078489305462035e-07 2.478663478412153e-07
2.3860867806667283e-07 2.5862220310621467e-07
3.368346658212106e-05 4.56787219657854e-05
3.3174427261187745e-05 4.515113527958959e-05
3.4479828852343916e-05 4.640221500357609e-05
2.223611420144697e-05 3.634662047596051e-05
4.337093284512267e-05 5.885882136761977e-05
2.1768964631695136e-07 2.494660751977609e-07
4.4349894711491484e-05 5.8783715300929256e-05
4.4349894711491484e-05 5.8783715300929256e-05
4.4349894711491484e-05 5.8783715300929256e-05
4.4349894711491484e-05 5.8783715300929256e-05
1.7672275911464243e-07 1.8015995182578322e-07
2.2905273315692796e-05 3.674396210226017e-05
1.8000167624032886e-07 1.829198843430135e-07
4.428705742652312e-05 5.9045543492900405e-05
3.4373906925666915e-05 4.5434187649631706e-05
2.315767286280501e-07 2.6093125966793917e-07
2.9237145876985126e-07 3.3127577501046886e-07
2.2757630987237854e-07 2.566105821225428e-07
0.00023936835332748975 0.000320678866045831
0.00023936835332748975 0.000320678866045831
2.292612379290781e-07 2.335339741470226e-07
2.292612379290781e-07 2.335339741470226e-07
2.8827042680862893e-07 3.343567288447726e-07
3.45018958361055e-05 4.5571940487389655e-05
3.45018958361055e-05 4.5571940487389655e-05
3.4335406526160095e-05 4.556270241469606e-05
3.4335406526160095e-05 4.556270241469606e-05
0.0001583401605298704 0.00025439112858276637
2.190999913460109e-07 2.5171474293604273e-07
3.438869615018142e-05 4.5316156911843597e-05
1.7611204041689802e-07 1.7755930284906706e-07
0.0007143566514054006 0.0009320872630804766
0.0007143566514054006 0.0009320872630804766
3.4353273862608536e-05 4.5497577204993994e-05
2.9310542762114525e-05 4.724728608916496e-05
9.393229821371176e-06 4.669335466906864e-06
4.158561023355058e-07 3.8766237912898953e-07
2.280267544885129e-05 3.679180731262451e-05
2.280267544885129e-05 3.679180731262451e-05
9.37417398891266e-06 4.663845440033568e-06
2.2669878184063354e-07 2.30548791045716e-07
3.4394020619033956e-05 4.545542452254763e-05
3.4699401558434664e-05 4.604851187202668e-05
3.449399317266504e-05 4.595556609216352e-05
2.2957825357437174e-05 3.685287857805656e-05
2.2957825357437174e-05 3.685287857805656e-05
2.2957825357437174e-05 3.685287857805656e-05
1.2226101416701146e-05 5.996970242532775e-06
3.434384227972804e-05 4.5484022058240095e-05
4.4520330813013214e-05 5.865040006869638e-05
4.422832927092206e-05 5.854102281894776e-05
3.4908981205925604e-05 4.625893492705757e-05
1.5940527421742976e-06 1.8030417120499242e-06
2.1864926703512855e-07 2.479585704660652e-07
2.3046669164019723e-07 2.59065488923769e-07
3.447247601549695e-05 4.567862925982538e-05
3.418735005495904e-05 4.515124550743398e-05
3.52856456399861e-05 4.6401763058220395e-05
2.2704682830142775e-05 3.63463743154014e-05
4.438454071226049e-05 5.8858492439635555e-05
1.9804774634953945e-07 2.492131332185944e-07
4.883237162415029e-05 5.8783205012936616e-05
4.883237162415029e-05 5.8783205012936616e-05
4.883237162415029e-05 5.8783205012936616e-05
4.883237162415029e-05 5.8783205012936616e-05
1.6041595960620124e-07 1.8024159222538706e-07
2.4710053772900814e-05 3.674429221848034e-05
1.6339232009209075e-07 1.8300277542009202e-07
4.877610025717344e-05 5.9044948708538757e-05
3.7805563159760166e-05 4.5434450156325104e-05
2.1040648048292467e-07 2.6087358823870307e-07
2.656434867090164e-07 3.3071538096400095e-07
2.0621261208221682e-07 2.564017586211441e-07
0.00026356701272525204 0.0003206792426499353
0.00026356701272525204 0.0003206792426499353
2.081065374213677e-07 2.3363980125663945e-07
2.081065374213677e-07 2.3363980125663945e-07
2.6204609181415076e-07 3.3454121539410123e-07
3.7988863737691575e-05 4.557229149292606e-05
3.7988863737691575e-05 4.557229149292606e-05
3.780638470914215e-05 4.556247364433999e-05
3.780638470914215e-05 4.556247364433999e-05
0.00017083001070489911 0.0002543912705186775
1.9933083748091023e-07 2.515351606205187e-07
3.781881227558978e-05 4.531632298442036e-05
1.5986159396343437e-07 1.7786971913937136e-07
0.0007866595106549699 0.0009320896230291786
0.0007866595106549699 0.0009320896230291786
3.7830304446650096e-05 4.549800394767072e-05
3.157069091068358e-05 4.724731887256866e-05
1.0857526885698138e-05 4.669295638946766e-06
4.983732863956492e-07 3.8783805031019673e-07
2.4599865751282638e-05 3.679144447450441e-05
2.4599865751282638e-05 3.679144447450441e-05
1.0835500466970795e-05 4.663805658901669e-06
2.057805277187355e-07 2.3065326540440897e-07
3.7875175343291616e-05 4.545553961098875e-05
3.820729634881217e-05 4.604856595123303e-05
3.7980326771148605e-05 4.595516716240122e-05
2.4767243782474532e-05 3.685251513765609e-05
2.4767243782474532e-05 3.685251513765609e-05
2.4767243782474532e-05 3.685251513765609e-05
1.4132485278403637e-05 5.996730726425702e-06
3.7794570718889734e-05 4.5484264904605054e-05
4.9020906533104864e-05 5.865010558500257e-05
4.871463289900478e-05 5.8541324922380845e-05
3.844225712589112e-05 4.6259368810858114e-05
1.4483278573459525e-06 1.8010441494505785e-06
1.9892078153426573e-07 2.480075537425534e-07
2.0939792069713065e-07 2.5885466767843623e-07
3.795647057409284e-05 4.567851667462948e-05
3.765524526930795e-05 4.515078935646586e-05
3.882999100332559e-05 4.6401933109276856e-05
2.4497807548717268e-05 3.634673774884651e-05
4.884284488168124e-05 5.885886706079122e-05
2.1423273721087288e-07 2.4892610966515085e-07
4.5687409377667526e-05 5.878343929455834e-05
4.5687409377667526e-05 5.878343929455834e-05
4.5687409377667526e-05 5.878343929455834e-05
4.5687409377667526e-05 5.878343929455834e-05
1.726890245039368e-07 1.7993345533574815e-07
2.365376359494411e-05 3.6744124292198894e-05
1.7589309964796913e-07 1.8268991807503084e-07
4.5625730438055545e-05 5.904535005998475e-05
3.541712878439769e-05 4.5434418990495415e-05
2.3081703085685755e-07 2.606655369361535e-07
2.9141232117902485e-07 3.305468331769479e-07
2.2570066435335953e-07 2.5622699839162984e-07
0.00024660233849184036 0.00032067974479393885
0.00024660233849184036 0.00032067974479393885
2.240283013511254e-07 2.3324037601429556e-07
2.240283013511254e-07 2.3324037601429556e-07
2.869585891815284e-07 3.3438971965529233e-07
3.55422521853348e-05 4.557214934755303e-05
3.55422521853348e-05 4.557214934755303e-05
3.5370433729287676e-05 4.5562317137737026e-05
3.5370433729287676e-05 4.5562317137737026e-05
0.0001635232225995652 0.0002543903350842109
2.1562068597692152e-07 2.518257063064233e-07
3.5433883578579854e-05 4.531648449868676e-05
1.720922455905237e-07 1.781150715684318e-07
0.000735997127806485 0.000932090080329734
0.000735997127806485 0.000932090080329734
3.539396020725331e-05 4.549797925986323e-05
3.027655693424954e-05 4.724722631234986e-05
9.750181777296853e-06 4.669214970341393e-06
4.2312785627891525e-07 3.8743227042373003e-07
2.3547387080047844e-05 3.679121074557544e-05
2.3547387080047844e-05 3.679121074557544e-05
9.730401804495004e-06 4.6637250851433715e-06
2.215243338685862e-07 2.3025894587521896e-07
3.543594133200037e-05 4.5455561912324374e-05
3.57480571246203e-05 4.604863805758788e-05
3.553427121759716e-05 4.595535031762535e-05
2.3707604023059673e-05 3.685228102075701e-05
2.3707604023059673e-05 3.685228102075701e-05
2.3707604023059673e-05 3.685228102075701e-05
1.2690936271737467e-05 5.996916771324933e-06
3.5383255806465376e-05 4.54844126277965e-05
4.5862378516703565e-05 5.864990412252579e-05
4.55614461530076e-05 5.854150306515839e-05
3.59665019590207e-05 4.625934370992417e-05
1.5888233811648059e-06 1.799920271031661e-06
2.1517711916296647e-07 2.4766199364422246e-07
2.297106353947772e-07 2.586782355768095e-07
3.5511945251238095e-05 4.567881919495875e-05
3.5203402726731346e-05 4.5151203150820055e-05
3.634790044647153e-05 4.640209849282283e-05
2.3449085537405157e-05 3.634663659355569e-05
4.572071271223713e-05 5.885920717579718e-05
2.1628067053518816e-07 2.489480634806072e-07
4.9290408874811664e-05 5.8783108653650336e-05
4.9290408874811664e-05 5.8783108653650336e-05
4.9290408874811664e-05 5.8783108653650336e-05
4.9290408874811664e-05 5.8783108653650336e-05
1.727892793291964e-07 1.8022389719375292e-07
2.526567572545277e-05 3.674392107214858e-05
1.759952146029886e-07 1.829848093121576e-07
4.9058184416712705e-05 5.904550266671514e-05
3.816388197280693e-05 4.543425797718641e-05
2.323896621928166e-07 2.605317978780169e-07
2.977660134688901e-07 3.309447703126224e-07
2.3074214860084674e-07 2.560451366290021e-07
0.00026594547062057643 0.0003206825212487079
0.00026594547062057643 0.0003206825212487079
2.241583612566097e-07 2.3361686391114008e-07
2.241583612566097e-07 2.3361686391114008e-07
2.9352405667085713e-07 3.347583784139934e-07
3.835520203704573e-05 4.5572278912843284e-05
3.835520203704573e-05 4.5572278912843284e-05
3.816864412606403e-05 4.556247216463027e-05
3.816864412606403e-05 4.556247216463027e-05
0.00017459518837711986 0.000254391698843984
2.176818872385625e-07 2.5184791584921033e-07
3.818833470254014e-05 4.531620310450733e-05
1.721921539550522e-07 1.7788546933683656e-07
0.0007934104677161693 0.000932087101984103
0.0007934104677161693 0.000932087101984103
3.815495667226013e-05 4.549786895911166e-05
3.22968814901225e-05 4.7247091567450884e-05
1.0972856473942806e-05 4.6692849267263215e-06
4.1188792545700785e-07 3.877999747113051e-07
2.5160755225346392e-05 3.679134500733854e-05
2.5160755225346392e-05 3.679134500733854e-05
1.095059608869352e-05 4.663794959276245e-06
2.2165294009267335e-07 2.3063062125897365e-07
3.820021264210349e-05 4.545541666630461e-05
3.855208321997711e-05 4.60490367480659e-05
3.8336574151213884e-05 4.5955091831239745e-05
2.5331949560937437e-05 3.68524155053832e-05
2.5331949560937437e-05 3.68524155053832e-05
2.5331949560937437e-05 3.68524155053832e-05
1.4282645970183638e-05 5.996943693846325e-06
3.8161466190959984e-05 4.5484155677992904e-05
4.9490623094322905e-05 5.865010368025236e-05
4.8956317104430276e-05 5.8541257652747276e-05
3.8772161008927376e-05 4.625923156339675e-05
1.6234646579166658e-06 1.8024546832785251e-06
2.1723408019843247e-07 2.477854783847257e-07
2.3471903959368966e-07 2.5849463400409965e-07
3.832249649620546e-05 4.5678568536205804e-05
3.780660689790262e-05 4.515122168729147e-05
3.920557093036998e-05 4.6401810357488115e-05
2.5027000502080256e-05 3.634666444646937e-05
4.931527332277285e-05 5.885861084000973e-05
1.975187477215821e-07 2.493457605319262e-07
4.470947174673677e-05 5.878378162184961e-05
4.470947174673677e-05 5.878378162184961e-05
4.470947174673677e-05 5.878378162184961e-05
4.470947174673677e-05 5.878378162184961e-05
1.5858973790642774e-07 1.8015288792605434e-07
2.2885878503608342e-05 3.6744201728103344e-05
1.6153221464334974e-07 1.829127122289653e-07
4.4650463506979815e-05 5.904498394205836e-05
3.465616944162722e-05 4.543446422827084e-05
2.1255308686621457e-07 2.6073281887479444e-07
2.6835363139153837e-07 3.3093400787669254e-07
2.0787943365744997e-07 2.56173457159268e-07
0.00024132746335139762 0.00032067920859238554
0.00024132746335139762 0.00032067920859238554
2.0573739238469807e-07 2.335248175028298e-07
2.0573739238469807e-07 2.335248175028298e-07
2.643493731950216e-07 3.3470331896769397e-07
3.478153688026879e-05 4.557213328175391e-05
3.478153688026879e-05 4.557213328175391e-05
3.461358248364419e-05 4.556236072040316e-05
3.461358248364419e-05 4.556236072040316e-05
0.00015821886658191485 0.0002543917635677527
1.987984116316865e-07 2.517146822902321e-07
3.4673032391021924e-05 4.531626835081012e-05
1.5804168332254127e-07 1.7791745684324174e-07
0.0007202322575818131 0.0009320919893389835
0.0007202322575818131 0.0009320919893389835
3.4635830632661736e-05 4.549750248661518e-05
2.9290524862732106e-05 4.724711722651198e-05
9.563985343017917e-06 4.669712955099038e-06
4.6927216423736704e-07 3.8741574810537433e-07
2.278328718103874e-05 3.679156531301809e-05
2.278328718103874e-05 3.679156531301809e-05
9.544583102702493e-06 4.664222484389496e-06
2.0343786264954078e-07 2.3053975144770294e-07
3.467691253245462e-05 4.5455655009644e-05
3.498339877223397e-05 4.604856106067225e-05
3.477366120523838e-05 4.5955617940118735e-05
2.293830517142119e-05 3.685263617675141e-05
2.293830517142119e-05 3.685263617675141e-05
2.293830517142119e-05 3.685263617675141e-05
1.2448706367420339e-05 5.996351810688239e-06
3.4623252125395306e-05 4.5484255328230625e-05
4.488102220724449e-05 5.864996022413235e-05
4.4582015476637896e-05 5.854096526192352e-05
3.5196108686550685e-05 4.625885895833932e-05
1.4631039698332658e-06 1.8028749093085517e-06
1.9838945097159368e-07 2.4778913257120905e-07
2.1153423756429373e-07 2.586241821335545e-07
3.475187860930397e-05 4.567858910204078e-05
3.4423818665569606e-05 4.515124162420892e-05
3.5565108532220296e-05 4.640187716684902e-05
2.268826502043406e-05 3.634643883336489e-05
4.4736067002709845e-05 5.885907777759459e-05
1.9904231062679838e-07 2.492967580451856e-07
4.497093237156607e-05 5.87834069961306e-05
4.497093237156607e-05 5.87834069961306e-05
4.497093237156607e-05 5.87834069961306e-05
4.497093237156607e-05 5.87834069961306e-05
1.6045486450333657e-07 1.801792973966417e-07
2.298650018764421e-05 3.6744162721847924e-05
1.6343194683135965e-07 1.8293952627535262e-07
4.491265270731619e-05 5.904514534944141e-05
3.485713431803803e-05 4.5433999795880915e-05
2.1430575139881724e-07 2.6075270683197283e-07
2.7056641455488576e-07 3.310472868770444e-07
2.0957681024124284e-07 2.5621590310924985e-07
0.00024273703434093751 0.00032068046334039475
0.00024273703434093751 0.00032068046334039475
2.0815700848080245e-07 2.3355905101898517e-07
2.0815700848080245e-07 2.3355905101898517e-07
2.664862058451504e-07 3.348325134178673e-07
3.498501427653119e-05 4.557247163188586e-05
3.498501427653119e-05 4.557247163188586e-05
3.481562760167944e-05 4.556268751599117e-05
3.481562760167944e-05 4.556268751599117e-05
0.0001589137105941932 0.00025439193358852254
2.0033184523772016e-07 2.5165359911405064e-07
3.487402630758579e-05 4.5316451968384245e-05
1.5990036441298507e-07 1.7790922316989284e-07
0.0007244316846174361 0.0009320828130573012
0.0007244316846174361 0.0009320828130573012
3.483778027047497e-05 4.5497618222325066e-05
2.9417380885154142e-05 4.72469976406818e-05
9.651306635772408e-06 4.669498496227719e-06
4.759168433108412e-07 3.879404111868928e-07
2.2883503420067556e-05 3.679141069101255e-05
2.2883503420067556e-05 3.679141069101255e-05
9.63172724872935e-06 4.6640082776707535e-06
2.0583043466242743e-07 2.305735473687962e-07
3.4879101704721985e-05 4.545520750671597e-05
3.5187733510353037e-05 4.6048741238678086e-05
3.49770172913453e-05 4.595532506756208e-05
2.3039203283959057e-05 3.685248129808651e-05
2.3039203283959057e-05 3.685248129808651e-05
2.3039203283959057e-05 3.685248129808651e-05
1.2562352565553503e-05 5.9963877366697204e-06
3.482458822352786e-05 4.54844281413529e-05
4.514300004307499e-05 5.865038089040019e-05
4.4853425056537154e-05 5.854107663991543e-05
3.540132511335067e-05 4.62589766307738e-05
1.4751683932356461e-06 1.7995047617403817e-06
1.9991973005534223e-07 2.476827752797612e-07
2.1327850089669804e-07 2.58667034149609e-07
3.495518250007193e-05 4.567833190498367e-05
3.466946392891533e-05 4.515116177329466e-05
3.5772399287506103e-05 4.640206518321556e-05
2.2787722289014278e-05 3.634651469940257e-05
4.499681056571928e-05 5.885872867867404e-05
1.9768059837473024e-07 2.492964515419481e-07
4.760305112784298e-05 5.878349748611157e-05
4.760305112784298e-05 5.878349748611157e-05
4.760305112784298e-05 5.878349748611157e-05
4.760305112784298e-05 5.878349748611157e-05
1.6011857477965266e-07 1.8002024887578097e-07
2.4158988708357717e-05 3.6744086677320255e-05
1.6308941758233276e-07 1.8277804123527612e-07
4.7549050419783855e-05 5.904528622581801e-05
3.685331196252935e-05 4.5434208657131076e-05
2.1237100977863313e-07 2.6075966915207114e-07
2.681237544776527e-07 3.3106513780374533e-07
2.0766781570744633e-07 2.5622508900161877e-07
0.0002569369266070997 0.0003206805257612628
0.0002569369266070997 0.0003206805257612628
2.0772074210096066e-07 2.333528829290052e-07
2.0772074210096066e-07 2.333528829290052e-07
2.640369483080159e-07 3.348520651397959e-07
3.703232178367023e-05 4.557243696883455e-05
3.703232178367023e-05 4.557243696883455e-05
3.685072886943023e-05 4.556265167382285e-05
3.685072886943023e-05 4.556265167382285e-05
0.00016702234380038276 0.0002543910697613696
1.9896131086600505e-07 2.5165210042538593e-07
3.6866571488736836e-05 4.531623660821254e-05
1.5956523683968374e-07 1.7774716079275773e-07
0.0007668550799805452 0.0009320882630170388
0.0007668550799805452 0.0009320882630170388
3.687791318758774e-05 4.549756582072304e-05
3.0866459536318814e-05 4.724674249600873e-05
1.0525167671558422e-05 4.669236096968544e-06
4.786638095520392e-07 3.873617708227574e-07
2.4051119942201537e-05 3.6791433134088926e-05
2.4051119942201537e-05 3.6791433134088926e-05
1.05038155024365e-05 4.663746186930638e-06
2.0539904443806358e-07 2.303700146533928e-07
3.6921654443578134e-05 4.5455473286802576e-05
3.724618341394556e-05 4.604875020212529e-05
3.702419884609957e-05 4.595539581025467e-05
2.421476429475968e-05 3.6852503778416483e-05
2.421476429475968e-05 3.6852503778416483e-05
2.421476429475968e-05 3.6852503778416483e-05
1.3699915384711362e-05 5.996646585559873e-06
3.684086414014823e-05 4.548421079402176e-05
4.7781774149600194e-05 5.8650334752717404e-05
4.748455969163064e-05 5.8541200227223366e-05
3.7474459742262916e-05 4.6258923352281905e-05
1.4618506466584123e-06 1.7995774592125769e-06
1.9855201509569756e-07 2.4767656681181426e-07
2.1135303324274129e-07 2.5867630792030885e-07
3.7000744264893616e-05 4.567851542163298e-05
3.670858663459468e-05 4.515107413479998e-05
3.7849215304384486e-05 4.6401844663817173e-05
2.395111994465555e-05 3.634634184398486e-05
4.760916251170593e-05 5.8859167740926306e-05