3.403752842663758e-05 4.54861251084551e-05
3.816002080755226e-05 4.5485965291018907e-05
3.816002080755226e-05 4.5485965291018907e-05
3.816002080755226e-05 4.5485965291018907e-05
3.816002080755226e-05 4.5485965291018907e-05
3.816002080755226e-05 4.5485965291018907e-05
3.6525674487773705e-05 4.548596901269362e-05
3.88380272984753e-05 4.548568137384236e-05
3.88380272984753e-05 4.548568137384236e-05
3.47103381458901e-05 4.548567668285363e-05
3.4959136778967366e-05 4.548597727465535e-05
3.49832043048574e-05 4.5485811380568096e-05
3.6205051479144796e-05 4.5485979313579987e-05
3.130504589303444e-05 4.548607374969474e-05
3.1375224375586494e-05 4.5485933086678374e-05
3.3267630771670076e-05 4.5485785306128444e-05
3.703589836638531e-05 4.548587356580164e-05
3.4194115241071594e-05 4.5485958777983034e-05
3.354065896441539e-05 4.5485886356113054e-05
3.4326323238609005e-05 4.5485981044391736e-05
3.779554672363385e-05 4.548599060286756e-05
3.536138544204923e-05 4.5485803121650525e-05
3.816002080755226e-05 4.5485965291018907e-05
3.460454125069535e-05 4.5485748927607426e-05
3.4806983195017275e-05 4.5486113252613225e-05
3.6843872402286363e-05 4.548576343025154e-05