1.9843585931106346e-07 2.4907834423940775e-07
4.65237262716926e-05 5.878347626297579e-05
4.65237262716926e-05 5.878347626297579e-05
4.65237262716926e-05 5.878347626297579e-05
4.65237262716926e-05 5.878347626297579e-05
1.5853284086175412e-07 1.800521832381809e-07
2.3682701408529813e-05 3.674442359103031e-05
1.6147426192992632e-07 1.8281046481120162e-07
4.63088500643958e-05 5.904517182066015e-05
3.602206192969877e-05 4.543429117324685e-05
2.1321573582201674e-07 2.6091198592911587e-07
2.7319803757828454e-07 3.310604625848587e-07
2.117041547152067e-07 2.5632322484360787e-07
0.0002510246262281003 0.0003206823614328009
0.0002510246262281003 0.0003206823614328009
2.0566358023417639e-07 2.3339427813636135e-07
2.0566358023417639e-07 2.3339427813636135e-07
2.693060746936904e-07 3.3481444307477886e-07
3.620292100755017e-05 4.557229530548472e-05
3.620292100755017e-05 4.557229530548472e-05
3.602633622815253e-05 4.5562535468372654e-05
3.602633622815253e-05 4.5562535468372654e-05
0.00016365897738821513 0.00025438978289242216
1.997214649083046e-07 2.514569346834224e-07
3.6045662268735726e-05 4.531633344221098e-05
1.579849829027348e-07 1.7785547788401082e-07
0.0007489207402162574 0.0009320863205227027
0.0007489207402162574 0.0009320863205227027
3.6015454240428014e-05 4.5497585302350276e-05
3.027377048657916e-05 4.7246769217169807e-05
1.020444946737328e-05 4.6695021394891e-06
4.621072306625689e-07 3.876563931437751e-07
2.358515588709555e-05 3.679174620310056e-05
2.358515588709555e-05 3.679174620310056e-05
1.0183747932003705e-05 4.664011916648527e-06
2.033648754984661e-07 2.304108807202934e-07
3.6058172525368035e-05 4.545537855650405e-05
3.6389122394253e-05 4.6049013798986705e-05
3.618473294744678e-05 4.595537921856403e-05
2.3745629809906698e-05 3.6852817367096e-05
2.3745629809906698e-05 3.6852817367096e-05
2.3745629809906698e-05 3.6852817367096e-05
1.3282479449966442e-05 5.996626393368905e-06
3.601865666145776e-05 4.5484333420253545e-05
4.671284161543801e-05 5.8650185167732685e-05
4.621300061633854e-05 5.8541375937406585e-05
3.659804943861347e-05 4.6258943159915236e-05
1.4895163939415563e-06 1.8000869002927255e-06
1.9931060537752055e-07 2.4758399595374876e-07
2.1535292175295648e-07 2.587753825947652e-07
3.617205072011417e-05 4.567866534427898e-05
3.5686153078466356e-05 4.515095180026555e-05
3.700342784370034e-05 4.640194381759715e-05
2.345984121410618e-05 3.634669915518507e-05
4.654527697690041e-05 5.8859030245517245e-05