1.0 1.0
1.0 1.0
1.0 1.0
1.0 1.0
0.9493118412895226 0.949435833849969
0.9448977061376317 0.9317048977061376
0.9892126472411655 0.9895598264104154
0.779863608183509 0.7815747055176689
0.948443893366398 0.9478487290762554
0.9979913205207688 0.9973961562306262
0.9988096714197148 0.9986608803471791
0.9761438313701178 0.9758958462492251
0.9866584004959702 0.9890886546807192
0.9814755114693119 0.9820706757594544
0.9814755114693119 0.9820706757594544
0.981401115933044 0.983112213267204
0.9594792312461252 0.9601487910725357
1.0 1.0
1.0 1.0
1.0 1.0
1.0 1.0
0.9584872907625542 0.9587848729076256
0.9666212027278364 0.96820830750155
0.9871295722256664 0.9813267203967762
0.7403099814011159 0.7371853688778673
0.9962306261624303 0.9996776193428394
0.9962306261624303 0.9996776193428394
0.9320520768753875 0.9342343459392436
0.9692746435213887 0.9696714197148171
0.9440545567265964 0.946013639181649
0.9705889646621203 0.9662492250464972
0.9040545567265964 0.905468071915685
0.9931060136391816 0.993230006199628
0.9737383756974581 0.9647365158090515
0.02291382517048977 0.022368257904525728
1.0 1.0
1.0 1.0
1.0 1.0
1.0 1.0
1.0 1.0
0.7818722876627402 0.7838065716057037
0.9768629882207067 0.9766646001239926
0.8964166150030998 0.8830254184748915
0.987451952882827 0.9878983261004339
0.9416491010539367 0.9393676379417235
0.950601363918165 0.9514693118412896
0.9814755114693119 0.9820706757594544
0.9887414755114693 0.988270303781773
0.9082207067575946 0.9097334159950403
0.9295226286422814 0.9295226286422814
0.9665964042157471 0.9708121512709238
0.9304401735895846 0.9326472411655301
0.8934655920644762 0.8923000619962802
1.0 1.0
0.9610167389956603 0.9600247985120893
0.9659268443893366 0.9664476131432114
0.9691506509609423 0.9549659020458773
0.9698946063236206 0.9587848729076256
0.9348543087414755 0.9167017978921265
0.9780037197768134 0.9796404215747055
0.9686546807191568 0.9694234345939243
0.9852448853068816 0.9852448853068816
0.9781525108493491 0.9773589584624922
0.9895350278983261 0.988270303781773
0.9851952882827031 0.9848977061376317
0.9015747055176689 0.9027650340979542
0.9871791692498451 0.9876751394916305
0.9919404835709857 0.9921388716677
0.9811035337879728 0.9787476751394917
0.9281091134531928 0.9306633601983881
0.9932052076875387 0.9956354618722877
0.9507997520148791 0.9517420954742716
1.0 1.0
1.0 1.0
0.9613143211407316 0.9629014259144452
0.9914693118412895 0.9907997520148791
0.9659268443893366 0.9669187848729076
0.9751022938623682 0.9756726596404216
0.9777061376317421 0.9779789212647241
0.9890142591444513 0.989163050216987
0.9785988840669559 0.9721760694358339
0.9965530068195908 0.9958834469931804
0.9130812151270924 0.9121140731556107
0.9757718536887787 0.9676379417234966
0.9174953502789832 0.9173465592064476
0.9917668939863609 0.9886918784872908
0.9936267823930565 0.9938003719776813
0.9732672039677619 0.9740607563546188
0.9309857408555486 0.9327216367017979
0.9900309981401116 0.9903285802851829
0.9865592064476132 0.9857904525728456
0.9640917544947303 0.9639925604463733
0.9990576565406075 0.9983384996900186
0.9878487290762554 0.9833601983880967
0.8870675759454433 0.843347799132052
0.9762926224426535 0.9674643521388717
0.9333168009919405 0.9337879727216367
0.9352510849349039 0.9367885926844389
0.9190824550526968 0.9118660880347179
0.5008555486670799 0.5005083694978302
0.9803347799132052 0.9757470551766894
1.0 1.0
0.9883694978301302 0.9885678859268444
0.9974209547427154 0.996751394916305
1.0 1.0