1.1360465786068498e-05 1.1360465786068498e-05
1.1360465786068498e-05 1.1360465786068498e-05
1.1360465786068498e-05 1.1360465786068498e-05
1.1360465786068498e-05 1.1360465786068498e-05
8.821488961875145e-06 1.1360405731781652e-05
8.241608400296816e-06 1.1360531784785665e-05
9.368582223644497e-06 1.1360416659430153e-05
4.911025391380447e-06 1.1360552831404954e-05
8.255494738269263e-06 1.1360515488910187e-05
1.1378626863895933e-05 1.1360454307481937e-05
1.065781449634939e-05 1.1360455819940725e-05
1.0926128483364147e-05 1.1360427995895192e-05
1.1016610728455004e-05 1.136050632531035e-05
9.029891441161905e-06 1.136041862711658e-05
9.029891441161905e-06 1.136041862711658e-05
1.0408342576944376e-05 1.1360394392280562e-05
8.064460219407633e-06 1.1360489328839985e-05
1.1360465786068498e-05 1.1360465786068498e-05
1.1360465786068498e-05 1.1360465786068498e-05
1.1360465786068498e-05 1.1360465786068498e-05
1.1360465786068498e-05 1.1360465786068498e-05
9.096694516294275e-06 1.1360476041576977e-05
1.0082960639954175e-05 1.1360406779560498e-05
9.318162884314965e-06 1.1360477391500315e-05
4.9729729814911036e-06 1.1360467930157009e-05
1.1109262899506921e-05 1.136042912783231e-05
1.1109262899506921e-05 1.136042912783231e-05
1.0516308182658955e-05 1.1360534808536647e-05
8.418312956080724e-06 1.1360431668291723e-05
8.757437267086893e-06 1.1360445468061588e-05
8.513185211889589e-06 1.1360470664258393e-05
8.477034065952902e-06 1.1360539475587344e-05
9.838415479264032e-06 1.1360407168452161e-05
8.550814680972683e-06 1.1360439901362065e-05
1.5957002274090136e-05 1.135965317058033e-05
1.1360465786068498e-05 1.1360465786068498e-05
1.1360465786068498e-05 1.1360465786068498e-05
1.1360465786068498e-05 1.1360465786068498e-05
1.1360465786068498e-05 1.1360465786068498e-05
1.1360465786068498e-05 1.1360465786068498e-05
4.903503583060833e-06 1.1360513242678181e-05
1.0088953481286514e-05 1.1360517501201472e-05
6.447617348992604e-06 1.136039123853373e-05
9.233428088064471e-06 1.136051342037713e-05
9.326893765782551e-06 1.1360398350159195e-05
9.751058534740225e-06 1.1360499277255969e-05
9.029891441161905e-06 1.136041862711658e-05
1.0484171454086844e-05 1.1360412229244072e-05
1.1244807735405125e-05 1.1360446550327013e-05
9.3048502326591e-06 1.1360418120814178e-05
9.903650707815547e-06 1.1360418730731308e-05
9.838341230775234e-06 1.1360494029143438e-05
1.011554896874143e-05 1.1360457455109152e-05
1.1360465786068498e-05 1.1360465786068498e-05
8.675702985556213e-06 1.1360474650201314e-05
1.16338018845594e-05 1.1360493997829647e-05
8.152948952412597e-06 1.1360468431317505e-05
8.210063979010177e-06 1.1360476041576977e-05
7.3263380189922586e-06 1.1360534808536647e-05
1.0452063622056033e-05 1.136042696627882e-05
8.122901632856051e-06 1.136040258088552e-05
1.07288842121427e-05 1.1360496206165664e-05
9.101148108968528e-06 1.1360452657100018e-05
9.550281431266036e-06 1.1360412229244072e-05
1.1483815541621179e-05 1.1360456146358373e-05
1.1907623804578892e-05 1.1360514524096406e-05
9.208741127256793e-06 1.1360487743952851e-05
9.771664610883223e-06 1.1360425485253772e-05
8.983141248419237e-06 1.1360468604953846e-05
1.0266666715515408e-05 1.136040464173317e-05
1.0012047467567547e-05 1.1360396158456789e-05
7.788984268965367e-06 1.136053184844524e-05
1.1360465786068498e-05 1.1360465786068498e-05
1.1360465786068498e-05 1.1360465786068498e-05
9.981303167587495e-06 1.1360518716713152e-05
1.0861129892382884e-05 1.1360415385584763e-05
1.0281685037266774e-05 1.1360402238370765e-05
8.440077638413489e-06 1.1360401984065014e-05
1.1492766062623732e-05 1.1360524726159228e-05
9.521792854509859e-06 1.1360514871777808e-05
8.832255876477378e-06 1.1360431934015384e-05
1.0365728966456119e-05 1.136042448187076e-05
8.230249283173974e-06 1.1360431337201967e-05
8.647888087953197e-06 1.1360486769371003e-05
9.536301225635132e-06 1.1360459567105308e-05
9.638530206829108e-06 1.1360460722428386e-05
9.791163174979117e-06 1.136047244253146e-05
8.38714125444422e-06 1.1360505885868533e-05
9.313302404043098e-06 1.1360503093760647e-05
9.443755086951492e-06 1.1360504938594117e-05
1.0916339411004363e-05 1.1360414778736395e-05
9.292468627498111e-06 1.136049973884362e-05
1.1369330079484552e-05 1.1360419109314839e-05
9.369419631344316e-06 1.1360423076843114e-05
6.277561710189011e-06 1.1360437932651724e-05
8.55933724808035e-06 1.1360466376842596e-05
9.883778478255058e-06 1.1360480502434787e-05
7.1972741320233504e-06 1.1360540823220471e-05
8.7415164964735e-06 1.1360400413697189e-05
3.29476040195719e-06 1.1360439119545047e-05
8.927781976058294e-06 1.1360410655997249e-05
1.1360465786068498e-05 1.1360465786068498e-05
9.304313923170083e-06 1.1360446464020525e-05
1.1383279321737646e-05 1.1360523502834494e-05
1.1360465786068498e-05 1.1360465786068498e-05