1.1329450751299204e-05 1.1328881668092428e-05
1.463381916183237e-05 1.4654996699574459e-05
1.14675616732914e-05 1.150878957356328e-05
1.14675616732914e-05 1.150878957356328e-05
1.142906280465986e-05 1.1460509521109276e-05
1.1526862523853822e-05 1.1559198047033167e-05
1.3779979534261755e-05 1.3913908058634066e-05
1.1302105243841873e-05 1.1347003359224575e-05
1.1590331840161602e-05 1.1688569844941139e-05
1.4545549905828622e-05 1.4557281569862666e-05
1.121281331730675e-05 1.1235296463117622e-05
7.67824526300363e-05 7.772471491081635e-05
1.4649181333663024e-05 1.4702373783963341e-05
1.4322939125025004e-05 1.446538056896349e-05
1.14021275758595e-05 1.1451401293996997e-05
1.1310707305643898e-05 1.1408863879178677e-05
7.825471358812021e-05 7.860592826178844e-05
1.1119759184242747e-05 1.1181912748423293e-05
1.1289879060731304e-05 1.1290772758217867e-05
1.1435540155990841e-05 1.147012734021052e-05
0.00023604257028481663 0.00023447392301253467
1.105773787455881e-05 1.1069526244348943e-05
1.45403397413858e-05 1.4693951687466944e-05
1.1127142013752228e-05 1.1206935542070095e-05
1.4745948433087658e-05 1.4871046762226809e-05
1.1278306026613794e-05 1.1389406099315495e-05
1.135197656365669e-05 1.145459322760928e-05
1.4582457889103805e-05 1.4596737703285085e-05
1.1094984271866723e-05 1.1167776839017686e-05
1.1400294547910172e-05 1.1426974748333832e-05
1.1109198060520363e-05 1.1191366217084498e-05
1.1288500585586296e-05 1.1314470466064947e-05
1.4111674570618817e-05 1.4140807767035747e-05
1.1373757957864976e-05 1.1442218522004326e-05