2.439517436647212e-05 2.4379382307484086e-05
2.439517436647212e-05 2.4379382307484086e-05
2.439517436647212e-05 2.4379382307484086e-05
2.439517436647212e-05 2.4379382307484086e-05
8.797959795910442e-06 2.4379475954417e-05
7.476424815330368e-06 2.437937931976317e-05
9.337948081586832e-06 2.437938485312744e-05
3.733072532831281e-06 2.437940779859102e-05
7.42507011991624e-06 2.4379470810776743e-05
2.4441423937143974e-05 2.4379409703987297e-05
1.5037285574824705e-05 2.4379449293570127e-05
2.3750184628739978e-05 2.437944990536608e-05
2.389261067097039e-05 2.4379347386306988e-05
8.944802246761768e-06 2.4379433166727044e-05
8.944802246761768e-06 2.4379433166727044e-05
1.883194159249504e-05 2.437936410913792e-05
6.849460549673576e-06 2.437936205342502e-05
2.439517436647212e-05 2.4379382307484086e-05
2.439517436647212e-05 2.4379382307484086e-05
2.439517436647212e-05 2.4379382307484086e-05
2.439517436647212e-05 2.4379382307484086e-05
1.0072342277664957e-05 2.4379468811428587e-05
1.8067966050265592e-05 2.437935183676094e-05
9.313262608410263e-06 2.4379358316453567e-05
3.7582200265115747e-06 2.4379508210467238e-05
2.4017206446123272e-05 2.437941686582131e-05
2.4017206446123272e-05 2.437941686582131e-05
1.6698331281544035e-05 2.437946404153662e-05
7.515024585259306e-06 2.437939333927455e-05
7.951031477887224e-06 2.4379389647028433e-05
7.54647739701284e-06 2.4379455787045047e-05
7.348221149787529e-06 2.4379366071008567e-05
1.1170432299203995e-05 2.437939654095813e-05
7.749997661178901e-06 2.437948780649669e-05
1.3610019060235634e-05 2.4379367638765064e-05
2.439517436647212e-05 2.4379382307484086e-05
2.439517436647212e-05 2.4379382307484086e-05
2.439517436647212e-05 2.4379382307484086e-05
2.439517436647212e-05 2.4379382307484086e-05
2.439517436647212e-05 2.4379382307484086e-05
3.7273032282699313e-06 2.437950749606689e-05
1.3488930658839581e-05 2.4379488761329686e-05
4.840514006816626e-06 2.437948660131515e-05
9.004054784750196e-06 2.4379487543664357e-05
1.0044254155854727e-05 2.437936730294732e-05
1.655628057477887e-05 2.4379407755891926e-05
8.944802246761768e-06 2.4379433166727044e-05
1.3798408245582854e-05 2.4379380725983405e-05
2.4282136574625038e-05 2.4379380988905034e-05
9.244851527360752e-06 2.437937188094693e-05
1.1308407155745155e-05 2.4379470320007727e-05
1.64959113589645e-05 2.4379458793786285e-05
1.138305785945046e-05 2.437943869862893e-05
2.439517436647212e-05 2.4379382307484086e-05
8.650831936265674e-06 2.4379398690694738e-05
2.5165869774337464e-05 2.4379456421766546e-05
6.8029810283536415e-06 2.4379382008231056e-05
7.054758209871636e-06 2.4379468811428587e-05
5.732808898349398e-06 2.4379366262281136e-05
1.896180360484008e-05 2.4379352826196554e-05
6.919704631204179e-06 2.4379465911414726e-05
2.313600221361665e-05 2.437944320139254e-05
9.141873685023873e-06 2.437934536804651e-05
9.923091062448163e-06 2.4379380725983405e-05
2.4734038684881007e-05 2.437936988081949e-05
2.6260713969692103e-05 2.4379395942876547e-05
8.963307286235801e-06 2.437937881751288e-05
1.069820142853045e-05 2.4379393075230224e-05
8.738797718303875e-06 2.4379349911930856e-05
1.8309080589789627e-05 2.4379452208928633e-05
1.249074364581762e-05 2.4379368430863012e-05
6.436752916165582e-06 2.437944602703932e-05
2.439517436647212e-05 2.4379382307484086e-05
2.439517436647212e-05 2.4379382307484086e-05
1.769811751102339e-05 2.4379408098624035e-05
2.354191876435762e-05 2.4379460607345388e-05
1.851796194181539e-05 2.4379347574449248e-05
7.433197838550203e-06 2.4379485651252935e-05
2.483924631709051e-05 2.4379456503887932e-05
9.98700735311218e-06 2.437938358438308e-05
8.361217737160372e-06 2.4379364880644564e-05
1.3358182206676022e-05 2.4379440652010423e-05
7.356600398625092e-06 2.4379389254504553e-05
7.981275187728589e-06 2.4379460224629966e-05
1.0225407107791305e-05 2.4379446043203313e-05
1.02566642544735e-05 2.4379346101922022e-05
1.0664008817321732e-05 2.4379434139142345e-05
7.1699123568954715e-06 2.4379371039262796e-05
9.288698805870169e-06 2.437934464044582e-05
9.504972727243066e-06 2.437942322347651e-05
2.3677545662413742e-05 2.4379372758819896e-05
9.415099109147325e-06 2.437941165246101e-05
2.441704544312959e-05 2.4379483919893078e-05
9.589051409163428e-06 2.4379437251122992e-05
4.330669152513315e-06 2.4379342577249915e-05
7.69474742424385e-06 2.4379422906792913e-05
1.2921822017970713e-05 2.437938638801697e-05
5.2551525408424466e-06 2.4379358546723607e-05
7.890445013807861e-06 2.4379466406315928e-05
1.3927243944129754e-06 2.4379492117450335e-05
8.600961126712034e-06 2.437937652943897e-05
2.439517436647212e-05 2.4379382307484086e-05
9.170013281282685e-06 2.4379381679356928e-05
2.4454544703163827e-05 2.4379479041293597e-05
2.439517436647212e-05 2.4379382307484086e-05