1.8881042634415632e-05 1.8841206809941308e-05
1.8881042634415632e-05 1.8841206809941308e-05
1.8881042634415632e-05 1.8841206809941308e-05
1.8881042634415632e-05 1.8841206809941308e-05
1.8881042634415632e-05 1.8841206809941308e-05
1.8881042634415632e-05 1.8841206809941308e-05
1.8881042634415632e-05 1.8841206809941308e-05
1.8881042634415632e-05 1.8841206809941308e-05
1.8881042634415632e-05 1.8841206809941308e-05
1.8881042634415632e-05 1.8841206809941308e-05
1.8881042634415632e-05 1.8841206809941308e-05
1.8881042634415632e-05 1.8841206809941308e-05
1.8881042634415632e-05 1.8841206809941308e-05
1.8881042634415632e-05 1.8841206809941308e-05
1.8881042634415632e-05 1.8841206809941308e-05
1.8881042634415632e-05 1.8841206809941308e-05
1.8881042634415632e-05 1.8841206809941308e-05
1.8881042634415632e-05 1.8841206809941308e-05
1.8881042634415632e-05 1.8841206809941308e-05
1.8881042634415632e-05 1.8841206809941308e-05
2.43986458027224e-05 2.4379340303964988e-05
2.4408145399981593e-05 2.4379401034155806e-05
2.4413016238711535e-05 2.4379391616460484e-05
2.4426431704359245e-05 2.4379436868111766e-05
2.4401651919866088e-05 2.4379401678628264e-05
2.4401651919866088e-05 2.4379401678628264e-05
2.4407117006025886e-05 2.4379449889349873e-05
2.4392556969463022e-05 2.437941582475765e-05
2.4398530155585064e-05 2.437942795144078e-05
2.4415066203292437e-05 2.4379409028249583e-05
2.4416248029602527e-05 2.4379475719178705e-05
2.4416248029602527e-05 2.4379475719178705e-05
2.4425330959525116e-05 2.437943982777535e-05
2.4400933747966517e-05 2.4379433087488674e-05
2.4405266242560317e-05 2.4379462027495647e-05
2.4405266242560317e-05 2.4379462027495647e-05
2.439807886211891e-05 2.4379403346064097e-05
2.44156690037865e-05 2.4379463618953353e-05
2.44156690037865e-05 2.4379463618953353e-05
2.4404875821665143e-05 2.437939365955423e-05
2.4393696849211905e-05 2.4379476641254997e-05
2.440978152750289e-05 2.4379421253053302e-05
2.4338841032848243e-05 2.4380245226621477e-05
2.4338841032848243e-05 2.4380245226621477e-05
2.4338841032848243e-05 2.4380245226621477e-05
2.4394480730551162e-05 2.4379378288904807e-05
2.440040678838501e-05 2.437949934208804e-05
2.439922708362189e-05 2.4379477904328505e-05
2.4409235816041366e-05 2.4379441173878833e-05
2.439938107999177e-05 2.4379369759948552e-05
2.4398469427083362e-05 2.437939606371773e-05
2.4397165123029938e-05 2.437943336191428e-05
2.4400284055528167e-05 2.437935236432444e-05
2.4409607260493324e-05 2.4379470105827724e-05
2.439971229790885e-05 2.4379427712075333e-05
2.4414918077473237e-05 2.437939365955423e-05
2.4423737541331454e-05 2.4379489325504505e-05
2.4400131525535814e-05 2.4379354792307578e-05
2.4397326549061738e-05 2.4379376578636484e-05
2.44004156687174e-05 2.4379401730305222e-05
2.439040870825371e-05 2.437947178708001e-05
2.4432545287326427e-05 2.437947878048313e-05
2.4393967962705918e-05 2.437938754042746e-05
2.4390298970337855e-05 2.4379462419199718e-05
2.439402856298069e-05 2.437942859437192e-05
2.4397130419170943e-05 2.4379477224630718e-05
2.4413596225741774e-05 2.437940294715424e-05
2.439507715602379e-05 2.437943081063788e-05
2.44022208045684e-05 2.4379385972432487e-05
2.4404737015231097e-05 2.4379460623862906e-05
2.439957857296837e-05 2.437935964818947e-05