4.94945892013296e-06 4.913179865700987e-06
4.94945892013296e-06 4.913179865700987e-06
4.94945892013296e-06 4.913179865700987e-06
4.94945892013296e-06 4.913179865700987e-06
2.8187041621920383e-06 4.9132072749219375e-06
2.020313526776818e-06 4.91325668307298e-06
3.346312597444527e-06 4.913257639740386e-06
9.699822439067548e-07 4.913197908547526e-06
1.8948561739587051e-06 4.9131786634230074e-06
4.958708021170114e-06 4.913168617039888e-06
4.5895705984372955e-06 4.913214791308634e-06
4.661159926186121e-06 4.913240052327333e-06
4.746597452379966e-06 4.913152881155047e-06
2.9475360799529034e-06 4.9132046792060445e-06
2.9475360799529034e-06 4.9132046792060445e-06
4.342777216322497e-06 4.913209217756457e-06
1.70876936709974e-06 4.913212708730729e-06
4.94945892013296e-06 4.913179865700987e-06
4.94945892013296e-06 4.913179865700987e-06
4.94945892013296e-06 4.913179865700987e-06
4.94945892013296e-06 4.913179865700987e-06
3.1535999297248622e-06 4.913227824094243e-06
4.195027357603333e-06 4.913164335179336e-06
2.8986573233932314e-06 4.913160009195433e-06
9.97016030759974e-07 4.9131876763091336e-06
4.839943295846422e-06 4.91319880714256e-06
4.839943295846422e-06 4.91319880714256e-06
4.332606015771707e-06 4.913202875708014e-06
1.928845057030265e-06 4.913233740279287e-06
2.8735835523190595e-06 4.9132347556469695e-06
2.7317008094075964e-06 4.913260739224925e-06
2.5651262419483597e-06 4.9132687357594606e-06
3.177328570601039e-06 4.91315049650623e-06
2.17978272547043e-06 4.91314877333392e-06
3.563937472890171e-06 4.910219623565518e-06
4.94945892013296e-06 4.913179865700987e-06
4.94945892013296e-06 4.913179865700987e-06
4.94945892013296e-06 4.913179865700987e-06
4.94945892013296e-06 4.913179865700987e-06
4.94945892013296e-06 4.913179865700987e-06
9.682181447775973e-07 4.913184195897185e-06
3.852919093260501e-06 4.913160156441033e-06
1.7664487653978506e-06 4.913276568133401e-06
3.1553237076524032e-06 4.913168230330052e-06
3.207876116683327e-06 4.913161387022415e-06
4.0162334164160345e-06 4.9131737029071896e-06
2.9475360799529034e-06 4.9132046792060445e-06
4.393417789899174e-06 4.9131904221287854e-06
4.879266568349476e-06 4.913221497895513e-06
3.0636073603359686e-06 4.913159285910501e-06
3.7331137666427744e-06 4.913175933520354e-06
4.037814753676939e-06 4.913173790375732e-06
3.7897878893058913e-06 4.913229238595789e-06
4.94945892013296e-06 4.913179865700987e-06
2.764979688091623e-06 4.913254497877279e-06
5.106229505658031e-06 4.9132826371166005e-06
2.519959698172686e-06 4.913210784819619e-06
2.4583252139401745e-06 4.913227824094243e-06
1.4168423372347464e-06 4.913276106129142e-06
4.3692098940633675e-06 4.91319405172488e-06
2.5128781129470065e-06 4.913169755492067e-06
4.552544886959756e-06 4.9132597385988424e-06
3.094271089290852e-06 4.913163231583099e-06
3.460817829612416e-06 4.9131904221287854e-06
5.017625778820838e-06 4.913258247899896e-06
5.299483563646126e-06 4.913166046627402e-06
3.1314072212003e-06 4.913270144147588e-06
3.5587045695763173e-06 4.913248152698711e-06
2.8059627939063764e-06 4.913169368777542e-06
4.2892363026030105e-06 4.913251946945449e-06
3.493867226288576e-06 4.91314056396342e-06
1.578176837222456e-06 4.913260359413382e-06
4.94945892013296e-06 4.913179865700987e-06
4.94945892013296e-06 4.913179865700987e-06
4.133383985996339e-06 4.913203824823608e-06
4.641916909614135e-06 4.9131398558214295e-06
4.255927701799608e-06 4.913242647148345e-06
2.6671153081438722e-06 4.913197418122485e-06
5.0361248501056564e-06 4.91324910172873e-06
3.3248307687679228e-06 4.913214848453269e-06
2.5302307952694936e-06 4.913161077956672e-06
4.269181894734792e-06 4.913202871915938e-06
1.8284768432639777e-06 4.913188069838188e-06
2.2832804062811418e-06 4.913266806943078e-06
2.842019038739503e-06 4.9132347556469695e-06
3.517009154350785e-06 4.913253925452131e-06
3.632704526226129e-06 4.913193888649626e-06
2.5617793238311306e-06 4.913148585611284e-06
3.080951197294449e-06 4.913239505808674e-06
3.4054827221354665e-06 4.913178832558819e-06
4.680738521524738e-06 4.9131383748224394e-06
3.3161879465958007e-06 4.913250841896733e-06
4.954127409694483e-06 4.913233769435356e-06
2.8156073812220452e-06 4.913272301897458e-06
1.6740806093598245e-06 4.913150698680597e-06
2.686450935854693e-06 4.913266049430934e-06
3.472485290252012e-06 4.9132661236322754e-06
2.0008400790164043e-06 4.913171169616671e-06
2.181083519599646e-06 4.913276055481001e-06
1.2114969492497125e-06 4.913306064688389e-06
2.6864035267533906e-06 4.913260234041884e-06
4.94945892013296e-06 4.913179865700987e-06
3.3124612766482557e-06 4.913150597116683e-06
4.96111569562505e-06 4.913206603861807e-06
4.94945892013296e-06 4.913179865700987e-06