1.4753482135668975e-07 2.688918152016814e-08
6.392712880917049e-06 6.349614940228649e-06
6.392712880917049e-06 6.349614940228649e-06
6.392712880917049e-06 6.349614940228649e-06
6.392712880917049e-06 6.349614940228649e-06
1.1667786654146507e-07 1.951034222104934e-08
1.1884270969300947e-07 1.9809227891102336e-08
6.35933891880106e-06 6.377912572834199e-06
4.9545238717973244e-06 4.9076392909256396e-06
1.5876967369740417e-07 2.8204165014813357e-08
2.0155411463162233e-07 3.5721582926085036e-08
1.5662278607509877e-07 2.7738988606939834e-08
3.448220396974772e-05 3.4638330161167716e-05
3.448220396974772e-05 3.4638330161167716e-05
1.5136540565704472e-07 2.5290458338133445e-08
1.5136540565704472e-07 2.5290458338133445e-08
1.996170755758067e-07 3.605380325786162e-08
4.974774458670816e-06 4.922581219375774e-06
4.974774458670816e-06 4.922581219375774e-06
4.951212264764042e-06 4.921439714225289e-06
4.951212264764042e-06 4.921439714225289e-06
1.482042695437731e-07 2.7202398082815284e-08
4.957841527430312e-06 4.8949007611393226e-06
1.1627465104694252e-07 1.9154323442418753e-08
0.00010289810738597971 0.00010068154670667497
0.00010289810738597971 0.00010068154670667497
4.948350177772193e-06 4.914479335922581e-06
4.811270073478866e-06 5.043077853830142e-07
4.801509558919296e-06 5.037148394887241e-07
1.4967359238407544e-07 2.4967179255802734e-08
4.954219464647376e-06 4.909972089966731e-06
4.998621687174865e-06 4.973959080377158e-06
4.972056774962854e-06 4.963962341469317e-06
6.262973472324436e-06 6.477160766189083e-07
4.95256553924979e-06 4.913103847897384e-06
6.419892182863731e-06 6.335102898992728e-06
6.340224835970768e-06 6.323367141196249e-06
5.0283959557114355e-06 4.996718369782956e-06
1.1009083521620329e-06 1.9440728028067777e-07
1.4804228722190003e-07 2.672222660566768e-08
1.588784014043749e-07 2.800435814558884e-08
4.970532460699535e-06 4.933983008007506e-06
4.8920352308267855e-06 4.877076230455381e-06
5.084902600559608e-06 5.012164331449021e-06
6.396115542141631e-06 6.3577064091808585e-06