0.0050356028092079595 0.005477589738587593
0.9994635193133047 0.9987685329691768
0.9994635193133047 0.9987685329691768
0.9994635193133047 0.9987685329691768
0.9994635193133047 0.9987685329691768
0.0039656896215372614 0.003898629535700351
0.7985636948888022 0.7998805111197815
0.0039656896215372614 0.0038955813499804916
0.9935378462738977 0.9936689182598517
0.9942023507608272 0.9891911334373781
0.005276409481076863 0.005550746195864222
0.005303843152555599 0.0056208544674209915
0.005285554038236441 0.005578179867342958
0.9984911480686696 0.9981497512680453
0.9984911480686696 0.9981497512680453
0.0039656896215372614 0.003898629535700351
0.0039656896215372614 0.003898629535700351
0.005258120366757706 0.0056299990245805695
0.9997500487709715 0.9922240782286383
0.9997500487709715 0.9922240782286383
0.9987380511119781 0.9922118854857589
0.9987380511119781 0.9922118854857589
0.7978199375731565 0.7993867050331642
0.0050295064377682405 0.005468445181428014
0.9940865197034725 0.990407359539602
0.0039656896215372614 0.003862051307062037
0.9972200546234881 0.9897611441669918
0.9972200546234881 0.9897611441669918
0.9974700058525166 0.9975340177526336
0.793857296137339 0.79318669527897
0.10269642508778774 0.10156554818571986
0.006602370269215763 0.006498731954740538
0.798978248146703 0.800868123293016
0.798978248146703 0.800868123293016
0.10269642508778774 0.10156554818571986
0.0039656896215372614 0.003898629535700351
0.9972200546234881 0.9897611441669918
0.9984911480686696 0.9981497512680453
0.9994635193133047 0.9987685329691768
0.798978248146703 0.800868123293016
0.798978248146703 0.800868123293016
0.798978248146703 0.800868123293016
0.1026933769020679 0.10071510436987904
0.9964122854077253 0.9903951667967226
0.9987380511119781 0.9922118854857589
0.9896117830667187 0.9825643776824035
0.9974700058525166 0.9975340177526336
0.005316035895435037 0.005593420795942255
0.0050325546234880995 0.005422722395630121
0.005303843152555599 0.005578179867342958
1.0 0.999914650799844
0.9878529799063598 0.980729369879048
0.9973236929379633 0.9904104077253219
0.797027409285993 0.798892898946547
0.9973236929379633 0.990495756925478