0.5285089506204581
0.3040388161689234
2.580322646594487e-06
7.639038866646032e-07
1.625496926917377e-06
1.0468135724110758e-05
5.200363974095963e-07
5.0483873423005026e-06
0.24894400481167064
0.016220940451063974
0.06281203754744505
0.0009131562034237562
0.019347111043087596
1.8210003635679078e-06
1.3988898762283018e-06
7.296363037477652e-06
4.4669193966438763e-07
8.163677964673966e-07
1.1423911286759048e-06
4.19780224979623e-07
1.847232751524986e-06
3.9414328841330626e-07
4.008747519427411e-07
0.3040388161689234
2.580322646594487e-06
7.639038866646032e-07
1.625496926917377e-06
1.0468132919093392e-05
5.200363974095963e-07
2.580322646594487e-06
7.639038866646032e-07
1.625496926917377e-06
1.046813447733639e-05
5.200363974095963e-07
5.0483873423005026e-06
0.24894400481167064
7.639038866646032e-07
1.625496926917377e-06
1.9806866108400507e-06
5.200363974095963e-07
0.016220940451063974
1.625496926917377e-06
2.811539912197371e-06
5.200363974095963e-07
0.06281203754744505
2.2712717501676206e-06
5.200363974095963e-07
0.0009131562034237562
5.200363974095963e-07
0.019347111043087596
0.24894400481167064
1.8210003635679078e-06
1.3988898762283018e-06
7.296363037477652e-06
4.4669193966438763e-07
1.8210003635679078e-06
1.3988898762283018e-06
7.296363037477652e-06
4.4669193966438763e-07
1.8210003635679078e-06
8.163677964673966e-07
1.1423911286759048e-06
4.19780224979623e-07
1.3988898762283018e-06
8.163677964673966e-07
1.847232751524986e-06
3.9414328841330626e-07
7.296363037477652e-06
1.1423911286759048e-06
1.847232751524986e-06
4.008747519427411e-07
4.4669193966438763e-07
4.19780224979623e-07
3.9414328841330626e-07
4.008747519427411e-07
1.3988898762283018e-06
7.296363037477652e-06
4.4669193966438763e-07
7.296363037477652e-06
4.4669193966438763e-07
4.4669193966438763e-07
1.1423911286759048e-06
4.19780224979623e-07
4.19780224979623e-07
3.9414328841330626e-07
2.580322646594487e-06
7.639038866646032e-07
1.625496926917377e-06
1.0468132919093392e-05
5.200363974095963e-07
5.0483873423005026e-06
0.24894400481167064
7.639038866646032e-07
1.625496926917377e-06
1.980687248302971e-06
5.200363974095963e-07
0.016220940451063974
1.625496926917377e-06
2.811539222761764e-06
5.200363974095963e-07
0.06281203754744505
2.271271401121517e-06
5.200363974095963e-07
0.0009131562034237562
5.200363974095963e-07
0.019347111043087596
5.0483873423005026e-06
0.24894400481167064
7.639038866646032e-07
1.625496926917377e-06
1.9806866816738594e-06
5.200363974095963e-07
0.016220940451063974
1.625496926917377e-06
2.8115401420135998e-06
5.200363974095963e-07
0.06281203754744505
2.2712718665185815e-06
5.200363974095963e-07
0.0009131562034237562
5.200363974095963e-07
0.019347111043087596
0.24894400481167064
7.639038866646032e-07
1.625496926917377e-06
1.980693213749632e-06
5.200363974095963e-07
7.639038866646032e-07
1.625496926917377e-06
1.9806866108400507e-06
5.200363974095963e-07
0.016220940451063974
1.625496926917377e-06
2.8115413850148982e-06
5.200363974095963e-07
0.06281203754744505
2.271271785706181e-06
5.200363974095963e-07
0.0009131562034237562
5.200363974095963e-07
0.019347111043087596
1.625496926917377e-06
2.8115049187200813e-06
5.200363974095963e-07
0.06281203754744505
2.811540300656507e-06
5.200363974095963e-07
0.0009131562034237562
5.200363974095963e-07
0.019347111043087596
2.2712932047498656e-06
5.200363974095963e-07
0.0009131562034237562
5.200363974095963e-07
0.019347111043087596
5.200363974095963e-07
0.019347111043087596
1.8210003635679078e-06
1.3988898762283018e-06
7.296363037477652e-06
4.4669193966438763e-07
0.016220940451063974
1.3988898762283018e-06
7.296363037477652e-06
4.4669193966438763e-07
0.06281203754744505
7.296363037477652e-06
4.4669193966438763e-07
0.0009131562034237562
4.4669193966438763e-07
0.019347111043087596
0.016220940451063974
1.3988898762283018e-06
7.296363037477652e-06
4.4669193966438763e-07
0.06281203754744505
7.296363037477652e-06
4.4669193966438763e-07
0.0009131562034237562
4.4669193966438763e-07
0.019347111043087596
1.3988898762283018e-06
7.296363037477652e-06
4.4669193966438763e-07
0.06281203754744505
1.1423911286759048e-06
4.19780224979623e-07
0.0009131562034237562
4.19780224979623e-07
0.019347111043087596
1.8210003635679078e-06
7.296363037477652e-06
4.4669193966438763e-07
1.1423911286759048e-06
4.19780224979623e-07
0.0009131562034237562
3.9414328841330626e-07
0.019347111043087596
1.8210003635679078e-06
1.3988898762283018e-06
4.4669193966438763e-07
8.163677964673966e-07
4.19780224979623e-07
3.9414328841330626e-07
0.019347111043087596
1.8210003635679078e-06
1.3988898762283018e-06
7.296363037477652e-06
8.163677964673966e-07
1.1423911286759048e-06
1.847232751524986e-06
7.296363037477652e-06
4.4669193966438763e-07
4.4669193966438763e-07
4.4669193966438763e-07
4.19780224979623e-07
5.0483873423005026e-06
0.24894400481167064
7.639038866646032e-07
1.625496926917377e-06
1.9807015889507426e-06
5.200363974095963e-07
0.016220940451063974
1.625496926917377e-06
2.811539976756517e-06
5.200363974095963e-07
0.06281203754744505
2.2712706856209514e-06
5.200363974095963e-07
0.0009131562034237562
5.200363974095963e-07
0.019347111043087596
0.24894400481167064
7.639038866646032e-07
1.625496926917377e-06
1.9806836773116284e-06
5.200363974095963e-07
7.639038866646032e-07
1.625496926917377e-06
1.980687248302971e-06
5.200363974095963e-07
0.016220940451063974
1.625496926917377e-06
2.811534595804859e-06
5.200363974095963e-07
0.06281203754744505
2.271268447865111e-06
5.200363974095963e-07
0.0009131562034237562
5.200363974095963e-07
0.019347111043087596
1.625496926917377e-06
2.811416073565437e-06
5.200363974095963e-07
0.06281203754744505
2.8115406537807887e-06
5.200363974095963e-07
0.0009131562034237562
5.200363974095963e-07
0.019347111043087596
2.271370557247658e-06
5.200363974095963e-07
0.0009131562034237562
5.200363974095963e-07
0.019347111043087596
5.200363974095963e-07
0.019347111043087596
0.24894400481167064
7.639038866646032e-07
1.625496926917377e-06
1.980683154042449e-06
5.200363974095963e-07
7.639038866646032e-07
1.625496926917377e-06
1.9806866816738594e-06
5.200363974095963e-07
0.016220940451063974
1.625496926917377e-06
2.811540179165064e-06
5.200363974095963e-07
0.06281203754744505
2.271271414816853e-06
5.200363974095963e-07
0.0009131562034237562
5.200363974095963e-07
0.019347111043087596
1.625496926917377e-06
2.8115345337716296e-06
5.200363974095963e-07
0.06281203754744505
2.811540182946216e-06
5.200363974095963e-07
0.0009131562034237562
5.200363974095963e-07
0.019347111043087596
2.2712674300148663e-06
5.200363974095963e-07
0.0009131562034237562
5.200363974095963e-07
0.019347111043087596
5.200363974095963e-07
0.019347111043087596
7.639038866646032e-07
1.625496926917377e-06
1.980693213749632e-06
5.200363974095963e-07
0.016220940451063974
1.625496926917377e-06
2.811537210919319e-06
5.200363974095963e-07
0.06281203754744505
2.2712729447274826e-06
5.200363974095963e-07
0.0009131562034237562
5.200363974095963e-07
0.019347111043087596
0.016220940451063974
1.625496926917377e-06
2.8115413850148982e-06
5.200363974095963e-07
0.06281203754744505
2.271271785706181e-06
5.200363974095963e-07
0.0009131562034237562
5.200363974095963e-07
0.019347111043087596
1.625496926917377e-06
2.8115021269130037e-06
5.200363974095963e-07
0.06281203754744505
2.8115407198989795e-06
5.200363974095963e-07
0.0009131562034237562
5.200363974095963e-07
0.019347111043087596
2.271272446625446e-06
5.200363974095963e-07
0.0009131562034237562
5.200363974095963e-07
0.019347111043087596
5.200363974095963e-07
0.019347111043087596
0.06281203754744505
2.8115502722569126e-06
5.200363974095963e-07
0.0009131562034237562
5.200363974095963e-07
0.019347111043087596
2.811542091738911e-06
5.200363974095963e-07
0.0009131562034237562
5.200363974095963e-07
0.019347111043087596
5.200363974095963e-07
0.019347111043087596
0.0009131562034237562
5.200363974095963e-07
0.019347111043087596
5.200363974095963e-07
0.019347111043087596
0.019347111043087596
0.016220940451063974
1.3988898762283018e-06
7.296363037477652e-06
4.4669193966438763e-07
0.06281203754744505
7.296363037477652e-06
4.4669193966438763e-07
0.0009131562034237562
4.4669193966438763e-07
0.019347111043087596
1.3988898762283018e-06
7.296363037477652e-06
4.4669193966438763e-07
0.06281203754744505
7.296363037477652e-06
4.4669193966438763e-07
0.0009131562034237562
4.4669193966438763e-07
0.019347111043087596
7.296363037477652e-06
4.4669193966438763e-07
0.0009131562034237562
4.4669193966438763e-07
0.019347111043087596
4.4669193966438763e-07
0.019347111043087596
1.3988898762283018e-06
7.296363037477652e-06
4.4669193966438763e-07
0.06281203754744505
7.296363037477652e-06
4.4669193966438763e-07
0.0009131562034237562
4.4669193966438763e-07
0.019347111043087596
7.296363037477652e-06
4.4669193966438763e-07
0.0009131562034237562
4.4669193966438763e-07
0.019347111043087596
4.4669193966438763e-07
0.019347111043087596
0.06281203754744505
7.296363037477652e-06
4.4669193966438763e-07
0.0009131562034237562
4.4669193966438763e-07
0.019347111043087596
1.1423911286759048e-06
4.19780224979623e-07
0.0009131562034237562
4.19780224979623e-07
0.019347111043087596
4.19780224979623e-07
0.019347111043087596
7.296363037477652e-06
4.4669193966438763e-07
0.0009131562034237562
4.4669193966438763e-07
0.019347111043087596
0.0009131562034237562
4.19780224979623e-07
0.019347111043087596
3.9414328841330626e-07
0.019347111043087596
1.3988898762283018e-06
4.4669193966438763e-07
4.4669193966438763e-07
0.019347111043087596
4.19780224979623e-07
0.019347111043087596
0.019347111043087596
1.3988898762283018e-06
7.296363037477652e-06
7.296363037477652e-06
1.1423911286759048e-06
4.4669193966438763e-07
0.24894400481167064
7.639038866646032e-07
1.625496926917377e-06
1.980684723661986e-06
5.200363974095963e-07
7.639038866646032e-07
1.625496926917377e-06
1.9807015889507426e-06
5.200363974095963e-07
0.016220940451063974
1.625496926917377e-06
2.81154559612288e-06
5.200363974095963e-07
0.06281203754744505
2.2712677061724167e-06
5.200363974095963e-07
0.0009131562034237562
5.200363974095963e-07
0.019347111043087596
1.625496926917377e-06
2.8114679316814528e-06
5.200363974095963e-07
0.06281203754744505
2.8115402676309127e-06
5.200363974095963e-07
0.0009131562034237562
5.200363974095963e-07
0.019347111043087596
2.271311939518866e-06
5.200363974095963e-07
0.0009131562034237562
5.200363974095963e-07
0.019347111043087596
5.200363974095963e-07
0.019347111043087596
7.639038866646032e-07
1.625496926917377e-06
1.9806836773116284e-06
5.200363974095963e-07
0.016220940451063974
1.625496926917377e-06
2.8115276051021676e-06
5.200363974095963e-07
0.06281203754744505
2.271266129930572e-06
5.200363974095963e-07
0.0009131562034237562
5.200363974095963e-07
0.019347111043087596
0.016220940451063974
1.625496926917377e-06
2.811534595804859e-06
5.200363974095963e-07
0.06281203754744505
2.271268447865111e-06
5.200363974095963e-07
0.0009131562034237562
5.200363974095963e-07
0.019347111043087596
1.625496926917377e-06
2.8113871166261455e-06
5.200363974095963e-07
0.06281203754744505
2.8115414912489637e-06
5.200363974095963e-07
0.0009131562034237562
5.200363974095963e-07
0.019347111043087596
2.2716663396940785e-06
5.200363974095963e-07
0.0009131562034237562
5.200363974095963e-07
0.019347111043087596
5.200363974095963e-07
0.019347111043087596
0.06281203754744505
2.8115001884298234e-06
5.200363974095963e-07
0.0009131562034237562
5.200363974095963e-07
0.019347111043087596
2.8115001884298234e-06
5.200363974095963e-07
0.0009131562034237562
5.200363974095963e-07
0.019347111043087596
5.200363974095963e-07
0.019347111043087596
0.0009131562034237562
5.200363974095963e-07
0.019347111043087596
5.200363974095963e-07
0.019347111043087596
0.019347111043087596
7.639038866646032e-07
1.625496926917377e-06
1.980683154042449e-06
5.200363974095963e-07
0.016220940451063974
1.625496926917377e-06
2.8115404131163515e-06
5.200363974095963e-07
0.06281203754744505
2.2712702379496515e-06
5.200363974095963e-07
0.0009131562034237562
5.200363974095963e-07
0.019347111043087596
0.016220940451063974
1.625496926917377e-06
2.811540179165064e-06
5.200363974095963e-07
0.06281203754744505
2.271271414816853e-06
5.200363974095963e-07
0.0009131562034237562
5.200363974095963e-07
0.019347111043087596
1.625496926917377e-06
2.811540369249767e-06
5.200363974095963e-07
0.06281203754744505
2.811540213405394e-06
5.200363974095963e-07
0.0009131562034237562
5.200363974095963e-07
0.019347111043087596
2.2711409678356406e-06
5.200363974095963e-07
0.0009131562034237562
5.200363974095963e-07
0.019347111043087596
5.200363974095963e-07
0.019347111043087596
0.06281203754744505
2.8115281215144225e-06
5.200363974095963e-07
0.0009131562034237562
5.200363974095963e-07
0.019347111043087596
2.8115281215144225e-06
5.200363974095963e-07
0.0009131562034237562
5.200363974095963e-07
0.019347111043087596
5.200363974095963e-07
0.019347111043087596
0.0009131562034237562
5.200363974095963e-07
0.019347111043087596
5.200363974095963e-07
0.019347111043087596
0.019347111043087596
0.016220940451063974
1.625496926917377e-06
2.811537210919319e-06
5.200363974095963e-07
0.06281203754744505
2.2712729447274826e-06
5.200363974095963e-07
0.0009131562034237562
5.200363974095963e-07
0.019347111043087596
1.625496926917377e-06
2.8117447703150426e-06
5.200363974095963e-07
0.06281203754744505
2.811539376643175e-06
5.200363974095963e-07
0.0009131562034237562
5.200363974095963e-07
0.019347111043087596
2.271213117865516e-06
5.200363974095963e-07
0.0009131562034237562
5.200363974095963e-07
0.019347111043087596
5.200363974095963e-07
0.019347111043087596
1.625496926917377e-06
2.8115021269130037e-06
5.200363974095963e-07
0.06281203754744505
2.8115407198989795e-06
5.200363974095963e-07
0.0009131562034237562
5.200363974095963e-07
0.019347111043087596
2.271272446625446e-06
5.200363974095963e-07
0.0009131562034237562
5.200363974095963e-07
0.019347111043087596
5.200363974095963e-07
0.019347111043087596
0.06281203754744505
2.811580625560948e-06
5.200363974095963e-07
0.0009131562034237562
5.200363974095963e-07
0.019347111043087596
2.811543010608701e-06
5.200363974095963e-07
0.0009131562034237562
5.200363974095963e-07
0.019347111043087596
5.200363974095963e-07
0.019347111043087596
0.0009131562034237562
5.200363974095963e-07
0.019347111043087596
5.200363974095963e-07
0.019347111043087596
0.019347111043087596
2.8109227840500983e-06
5.200363974095963e-07
0.0009131562034237562
5.200363974095963e-07
0.019347111043087596
5.200363974095963e-07
0.019347111043087596
0.0009131562034237562
5.200363974095963e-07
0.019347111043087596
5.200363974095963e-07
0.019347111043087596
0.019347111043087596
5.200363974095963e-07
0.019347111043087596
0.019347111043087596
1.3988898762283018e-06
7.296363037477652e-06
4.4669193966438763e-07
0.06281203754744505
7.296363037477652e-06
4.4669193966438763e-07
0.0009131562034237562
4.4669193966438763e-07
0.019347111043087596
7.296363037477652e-06
4.4669193966438763e-07
0.0009131562034237562
4.4669193966438763e-07
0.019347111043087596
4.4669193966438763e-07
0.019347111043087596
0.06281203754744505
7.296363037477652e-06
4.4669193966438763e-07
0.0009131562034237562
4.4669193966438763e-07
0.019347111043087596
7.296363037477652e-06
4.4669193966438763e-07
0.0009131562034237562
4.4669193966438763e-07
0.019347111043087596
4.4669193966438763e-07
0.019347111043087596
0.0009131562034237562
4.4669193966438763e-07
0.019347111043087596
4.4669193966438763e-07
0.019347111043087596
0.019347111043087596
0.06281203754744505
7.296363037477652e-06
4.4669193966438763e-07
0.0009131562034237562
4.4669193966438763e-07
0.019347111043087596
7.296363037477652e-06
4.4669193966438763e-07
0.0009131562034237562
4.4669193966438763e-07
0.019347111043087596
4.4669193966438763e-07
0.019347111043087596
0.0009131562034237562
4.4669193966438763e-07
0.019347111043087596
4.4669193966438763e-07
0.019347111043087596
0.019347111043087596
7.296363037477652e-06
4.4669193966438763e-07
0.0009131562034237562
4.4669193966438763e-07
0.019347111043087596
4.4669193966438763e-07
0.019347111043087596
0.0009131562034237562
4.19780224979623e-07
0.019347111043087596
4.19780224979623e-07
0.019347111043087596
0.019347111043087596
0.0009131562034237562
4.4669193966438763e-07
0.019347111043087596
4.4669193966438763e-07
0.019347111043087596
4.19780224979623e-07
0.019347111043087596
0.019347111043087596
4.4669193966438763e-07
0.019347111043087596
0.019347111043087596
0.019347111043087596
7.296363037477652e-06
7.639038866646032e-07
1.625496926917377e-06
1.980684723661986e-06
5.200363974095963e-07
0.016220940451063974
1.625496926917377e-06
2.8115351063197505e-06
5.200363974095963e-07
0.06281203754744505
2.2712742173657723e-06
5.200363974095963e-07
0.0009131562034237562
5.200363974095963e-07
0.019347111043087596
0.016220940451063974
1.625496926917377e-06
2.81154559612288e-06
5.200363974095963e-07
0.06281203754744505
2.2712677061724167e-06
5.200363974095963e-07
0.0009131562034237562
5.200363974095963e-07
0.019347111043087596
1.625496926917377e-06
2.8123273961417887e-06
5.200363974095963e-07
0.06281203754744505
2.8115432676647333e-06
5.200363974095963e-07
0.0009131562034237562
5.200363974095963e-07
0.019347111043087596
2.271530084223817e-06
5.200363974095963e-07
0.0009131562034237562
5.200363974095963e-07
0.019347111043087596
5.200363974095963e-07
0.019347111043087596
0.06281203754744505
2.811540369249767e-06
5.200363974095963e-07
0.0009131562034237562
5.200363974095963e-07
0.019347111043087596
2.8115840171488998e-06
5.200363974095963e-07
0.0009131562034237562
5.200363974095963e-07
0.019347111043087596
5.200363974095963e-07
0.019347111043087596
0.0009131562034237562
5.200363974095963e-07
0.019347111043087596
5.200363974095963e-07
0.019347111043087596
0.019347111043087596
0.016220940451063974
1.625496926917377e-06
2.8115276051021676e-06
5.200363974095963e-07
0.06281203754744505
2.271266129930572e-06
5.200363974095963e-07
0.0009131562034237562
5.200363974095963e-07
0.019347111043087596
1.625496926917377e-06
2.8130469298287716e-06
5.200363974095963e-07
0.06281203754744505
2.8115414912489637e-06
5.200363974095963e-07
0.0009131562034237562
5.200363974095963e-07
0.019347111043087596
2.271213117865516e-06
5.200363974095963e-07
0.0009131562034237562
5.200363974095963e-07
0.019347111043087596
5.200363974095963e-07
0.019347111043087596
1.625496926917377e-06
2.8113871166261455e-06
5.200363974095963e-07
0.06281203754744505
2.8115414912489637e-06
5.200363974095963e-07
0.0009131562034237562
5.200363974095963e-07
0.019347111043087596
2.2716663396940785e-06
5.200363974095963e-07
0.0009131562034237562
5.200363974095963e-07
0.019347111043087596
5.200363974095963e-07
0.019347111043087596
0.06281203754744505
2.8113712197009564e-06
5.200363974095963e-07
0.0009131562034237562
5.200363974095963e-07
0.019347111043087596
2.8113712197009564e-06
5.200363974095963e-07
0.0009131562034237562
5.200363974095963e-07
0.019347111043087596
5.200363974095963e-07
0.019347111043087596
0.0009131562034237562
5.200363974095963e-07
0.019347111043087596
5.200363974095963e-07
0.019347111043087596
0.019347111043087596
2.8085939333590873e-06
5.200363974095963e-07
0.0009131562034237562
5.200363974095963e-07
0.019347111043087596
5.200363974095963e-07
0.019347111043087596
0.0009131562034237562
5.200363974095963e-07
0.019347111043087596
5.200363974095963e-07
0.019347111043087596
0.019347111043087596
5.200363974095963e-07
0.019347111043087596
0.019347111043087596
0.016220940451063974
1.625496926917377e-06
2.8115404131163515e-06
5.200363974095963e-07
0.06281203754744505
2.2712702379496515e-06
5.200363974095963e-07
0.0009131562034237562
5.200363974095963e-07
0.019347111043087596
1.625496926917377e-06
2.81131269011276e-06
5.200363974095963e-07
0.06281203754744505
2.811541592054274e-06
5.200363974095963e-07
0.0009131562034237562
5.200363974095963e-07
0.019347111043087596
2.271213117865516e-06
5.200363974095963e-07
0.0009131562034237562
5.200363974095963e-07
0.019347111043087596
5.200363974095963e-07
0.019347111043087596
1.625496926917377e-06
2.811540369249767e-06
5.200363974095963e-07
0.06281203754744505
2.811540213405394e-06
5.200363974095963e-07
0.0009131562034237562
5.200363974095963e-07
0.019347111043087596
2.2711409678356406e-06
5.200363974095963e-07
0.0009131562034237562
5.200363974095963e-07
0.019347111043087596
5.200363974095963e-07
0.019347111043087596
0.06281203754744505
2.8114717632584935e-06
5.200363974095963e-07
0.0009131562034237562
5.200363974095963e-07
0.019347111043087596
2.8116002279522666e-06
5.200363974095963e-07
0.0009131562034237562
5.200363974095963e-07
0.019347111043087596
5.200363974095963e-07
0.019347111043087596
0.0009131562034237562
5.200363974095963e-07
0.019347111043087596
5.200363974095963e-07
0.019347111043087596
0.019347111043087596
2.811714593285042e-06
5.200363974095963e-07
0.0009131562034237562
5.200363974095963e-07
0.019347111043087596
5.200363974095963e-07
0.019347111043087596
0.0009131562034237562
5.200363974095963e-07
0.019347111043087596
5.200363974095963e-07
0.019347111043087596
0.019347111043087596
5.200363974095963e-07
0.019347111043087596
0.019347111043087596
1.625496926917377e-06
2.8117447703150426e-06
5.200363974095963e-07
0.06281203754744505
2.811539376643175e-06
5.200363974095963e-07
0.0009131562034237562
5.200363974095963e-07
0.019347111043087596
2.271213117865516e-06
5.200363974095963e-07
0.0009131562034237562
5.200363974095963e-07
0.019347111043087596
5.200363974095963e-07
0.019347111043087596
0.06281203754744505
2.8114769618461117e-06
5.200363974095963e-07
0.0009131562034237562
5.200363974095963e-07
0.019347111043087596
2.8114769618461117e-06
5.200363974095963e-07
0.0009131562034237562
5.200363974095963e-07
0.019347111043087596
5.200363974095963e-07
0.019347111043087596
0.0009131562034237562
5.200363974095963e-07
0.019347111043087596
5.200363974095963e-07
0.019347111043087596
0.019347111043087596
0.06281203754744505
2.811580625560948e-06
5.200363974095963e-07
0.0009131562034237562
5.200363974095963e-07
0.019347111043087596
2.811543010608701e-06
5.200363974095963e-07
0.0009131562034237562
5.200363974095963e-07
0.019347111043087596
5.200363974095963e-07
0.019347111043087596
0.0009131562034237562
5.200363974095963e-07
0.019347111043087596
5.200363974095963e-07
0.019347111043087596
0.019347111043087596
2.81466188321511e-06
5.200363974095963e-07
0.0009131562034237562
5.200363974095963e-07
0.019347111043087596
5.200363974095963e-07
0.019347111043087596
0.0009131562034237562
5.200363974095963e-07
0.019347111043087596
5.200363974095963e-07
0.019347111043087596
0.019347111043087596
5.200363974095963e-07
0.019347111043087596
0.019347111043087596
0.0009131562034237562
5.200363974095963e-07
0.019347111043087596
5.200363974095963e-07
0.019347111043087596
0.019347111043087596
5.200363974095963e-07
0.019347111043087596
0.019347111043087596
0.019347111043087596
0.06281203754744505
7.296363037477652e-06
4.4669193966438763e-07
0.0009131562034237562
4.4669193966438763e-07
0.019347111043087596
7.296363037477652e-06
4.4669193966438763e-07
0.0009131562034237562
4.4669193966438763e-07
0.019347111043087596
4.4669193966438763e-07
0.019347111043087596
0.0009131562034237562
4.4669193966438763e-07
0.019347111043087596
4.4669193966438763e-07
0.019347111043087596
0.019347111043087596
7.296363037477652e-06
4.4669193966438763e-07
0.0009131562034237562
4.4669193966438763e-07
0.019347111043087596
4.4669193966438763e-07
0.019347111043087596
0.0009131562034237562
4.4669193966438763e-07
0.019347111043087596
4.4669193966438763e-07
0.019347111043087596
0.019347111043087596
4.4669193966438763e-07
0.019347111043087596
0.019347111043087596
7.296363037477652e-06
4.4669193966438763e-07
0.0009131562034237562
4.4669193966438763e-07
0.019347111043087596
4.4669193966438763e-07
0.019347111043087596
0.0009131562034237562
4.4669193966438763e-07
0.019347111043087596
4.4669193966438763e-07
0.019347111043087596
0.019347111043087596
4.4669193966438763e-07
0.019347111043087596
0.019347111043087596
0.0009131562034237562
4.4669193966438763e-07
0.019347111043087596
4.4669193966438763e-07
0.019347111043087596
0.019347111043087596
4.19780224979623e-07
0.019347111043087596
0.019347111043087596
4.4669193966438763e-07
0.019347111043087596
0.019347111043087596
0.019347111043087596
0.019347111043087596
0.016220940451063974
1.625496926917377e-06
2.8115351063197505e-06
5.200363974095963e-07
0.06281203754744505
2.2712742173657723e-06
5.200363974095963e-07
0.0009131562034237562
5.200363974095963e-07
0.019347111043087596
1.625496926917377e-06
2.8133222059741703e-06
5.200363974095963e-07
0.06281203754744505
2.811545949813057e-06
5.200363974095963e-07
0.0009131562034237562
5.200363974095963e-07
0.019347111043087596
2.2713680813101954e-06
5.200363974095963e-07
0.0009131562034237562
5.200363974095963e-07
0.019347111043087596
5.200363974095963e-07
0.019347111043087596
1.625496926917377e-06
2.8123273961417887e-06
5.200363974095963e-07
0.06281203754744505
2.8115432676647333e-06
5.200363974095963e-07
0.0009131562034237562
5.200363974095963e-07
0.019347111043087596
2.271530084223817e-06
5.200363974095963e-07
0.0009131562034237562
5.200363974095963e-07
0.019347111043087596
5.200363974095963e-07
0.019347111043087596
0.06281203754744505
2.811886837501734e-06
5.200363974095963e-07
0.0009131562034237562
5.200363974095963e-07
0.019347111043087596
2.8113712197009564e-06
5.200363974095963e-07
0.0009131562034237562
5.200363974095963e-07
0.019347111043087596
5.200363974095963e-07
0.019347111043087596
0.0009131562034237562
5.200363974095963e-07
0.019347111043087596
5.200363974095963e-07
0.019347111043087596
0.019347111043087596
2.8055932988149002e-06
5.200363974095963e-07
0.0009131562034237562
5.200363974095963e-07
0.019347111043087596
5.200363974095963e-07
0.019347111043087596
0.0009131562034237562
5.200363974095963e-07
0.019347111043087596
5.200363974095963e-07
0.019347111043087596
0.019347111043087596
5.200363974095963e-07
0.019347111043087596
0.019347111043087596
1.625496926917377e-06
2.8130469298287716e-06
5.200363974095963e-07
0.06281203754744505
2.8115414912489637e-06
5.200363974095963e-07
0.0009131562034237562
5.200363974095963e-07
0.019347111043087596
2.271213117865516e-06
5.200363974095963e-07
0.0009131562034237562
5.200363974095963e-07
0.019347111043087596
5.200363974095963e-07
0.019347111043087596
0.06281203754744505
2.8111594983206347e-06
5.200363974095963e-07
0.0009131562034237562
5.200363974095963e-07
0.019347111043087596
2.8111594983206347e-06
5.200363974095963e-07
0.0009131562034237562
5.200363974095963e-07
0.019347111043087596
5.200363974095963e-07
0.019347111043087596
0.0009131562034237562
5.200363974095963e-07
0.019347111043087596
5.200363974095963e-07
0.019347111043087596
0.019347111043087596
0.06281203754744505
2.8113712197009564e-06
5.200363974095963e-07
0.0009131562034237562
5.200363974095963e-07
0.019347111043087596
2.8113712197009564e-06
5.200363974095963e-07
0.0009131562034237562
5.200363974095963e-07
0.019347111043087596
5.200363974095963e-07
0.019347111043087596
0.0009131562034237562
5.200363974095963e-07
0.019347111043087596
5.200363974095963e-07
0.019347111043087596
0.019347111043087596
2.8183459956276953e-06
5.200363974095963e-07
0.0009131562034237562
5.200363974095963e-07
0.019347111043087596
5.200363974095963e-07
0.019347111043087596
0.0009131562034237562
5.200363974095963e-07
0.019347111043087596
5.200363974095963e-07
0.019347111043087596
0.019347111043087596
5.200363974095963e-07
0.019347111043087596
0.019347111043087596
0.0009131562034237562
5.200363974095963e-07
0.019347111043087596
5.200363974095963e-07
0.019347111043087596
0.019347111043087596
5.200363974095963e-07
0.019347111043087596
0.019347111043087596
0.019347111043087596
1.625496926917377e-06
2.81131269011276e-06
5.200363974095963e-07
0.06281203754744505
2.811541592054274e-06
5.200363974095963e-07
0.0009131562034237562
5.200363974095963e-07
0.019347111043087596
2.271213117865516e-06
5.200363974095963e-07
0.0009131562034237562
5.200363974095963e-07
0.019347111043087596
5.200363974095963e-07
0.019347111043087596
0.06281203754744505
2.811675061825473e-06
5.200363974095963e-07
0.0009131562034237562
5.200363974095963e-07
0.019347111043087596
2.811582625079218e-06
5.200363974095963e-07
0.0009131562034237562
5.200363974095963e-07
0.019347111043087596
5.200363974095963e-07
0.019347111043087596
0.0009131562034237562
5.200363974095963e-07
0.019347111043087596
5.200363974095963e-07
0.019347111043087596
0.019347111043087596
0.06281203754744505
2.8114717632584935e-06
5.200363974095963e-07
0.0009131562034237562
5.200363974095963e-07
0.019347111043087596
2.8116002279522666e-06
5.200363974095963e-07
0.0009131562034237562
5.200363974095963e-07
0.019347111043087596
5.200363974095963e-07
0.019347111043087596
0.0009131562034237562
5.200363974095963e-07
0.019347111043087596
5.200363974095963e-07
0.019347111043087596
0.019347111043087596
2.8133222059741703e-06
5.200363974095963e-07
0.0009131562034237562
5.200363974095963e-07
0.019347111043087596
5.200363974095963e-07
0.019347111043087596
0.0009131562034237562
5.200363974095963e-07
0.019347111043087596
5.200363974095963e-07
0.019347111043087596
0.019347111043087596
5.200363974095963e-07
0.019347111043087596
0.019347111043087596
0.0009131562034237562
5.200363974095963e-07
0.019347111043087596
5.200363974095963e-07
0.019347111043087596
0.019347111043087596
5.200363974095963e-07
0.019347111043087596
0.019347111043087596
0.019347111043087596
0.06281203754744505
2.8114769618461117e-06
5.200363974095963e-07
0.0009131562034237562
5.200363974095963e-07
0.019347111043087596
2.8114769618461117e-06
5.200363974095963e-07
0.0009131562034237562
5.200363974095963e-07
0.019347111043087596
5.200363974095963e-07
0.019347111043087596
0.0009131562034237562
5.200363974095963e-07
0.019347111043087596
5.200363974095963e-07
0.019347111043087596
0.019347111043087596
2.8183459956276953e-06
5.200363974095963e-07
0.0009131562034237562
5.200363974095963e-07
0.019347111043087596
5.200363974095963e-07
0.019347111043087596
0.0009131562034237562
5.200363974095963e-07
0.019347111043087596
5.200363974095963e-07
0.019347111043087596
0.019347111043087596
5.200363974095963e-07
0.019347111043087596
0.019347111043087596
2.81466188321511e-06
5.200363974095963e-07
0.0009131562034237562
5.200363974095963e-07
0.019347111043087596
5.200363974095963e-07
0.019347111043087596
0.0009131562034237562
5.200363974095963e-07
0.019347111043087596
5.200363974095963e-07
0.019347111043087596
0.019347111043087596
5.200363974095963e-07
0.019347111043087596
0.019347111043087596
0.0009131562034237562
5.200363974095963e-07
0.019347111043087596
5.200363974095963e-07
0.019347111043087596
0.019347111043087596
5.200363974095963e-07
0.019347111043087596
0.019347111043087596
0.019347111043087596
5.200363974095963e-07
0.019347111043087596
0.019347111043087596
0.019347111043087596
7.296363037477652e-06
4.4669193966438763e-07
0.0009131562034237562
4.4669193966438763e-07
0.019347111043087596
4.4669193966438763e-07
0.019347111043087596
0.0009131562034237562
4.4669193966438763e-07
0.019347111043087596
4.4669193966438763e-07
0.019347111043087596
0.019347111043087596
4.4669193966438763e-07
0.019347111043087596
0.019347111043087596
0.0009131562034237562
4.4669193966438763e-07
0.019347111043087596
4.4669193966438763e-07
0.019347111043087596
0.019347111043087596
4.4669193966438763e-07
0.019347111043087596
0.019347111043087596
0.019347111043087596
0.0009131562034237562
4.4669193966438763e-07
0.019347111043087596
4.4669193966438763e-07
0.019347111043087596
0.019347111043087596
4.4669193966438763e-07
0.019347111043087596
0.019347111043087596
0.019347111043087596
4.4669193966438763e-07
0.019347111043087596
0.019347111043087596
0.019347111043087596
0.019347111043087596
1.625496926917377e-06
2.8133222059741703e-06
5.200363974095963e-07
0.06281203754744505
2.811545949813057e-06
5.200363974095963e-07
0.0009131562034237562
5.200363974095963e-07
0.019347111043087596
2.2713680813101954e-06
5.200363974095963e-07
0.0009131562034237562
5.200363974095963e-07
0.019347111043087596
5.200363974095963e-07
0.019347111043087596
0.06281203754744505
2.8117672234623645e-06
5.200363974095963e-07
0.0009131562034237562
5.200363974095963e-07
0.019347111043087596
2.8113969213165316e-06
5.200363974095963e-07
0.0009131562034237562
5.200363974095963e-07
0.019347111043087596
5.200363974095963e-07
0.019347111043087596
0.0009131562034237562
5.200363974095963e-07
0.019347111043087596
5.200363974095963e-07
0.019347111043087596
0.019347111043087596
0.06281203754744505
2.811886837501734e-06
5.200363974095963e-07
0.0009131562034237562
5.200363974095963e-07
0.019347111043087596
2.8113712197009564e-06
5.200363974095963e-07
0.0009131562034237562
5.200363974095963e-07
0.019347111043087596
5.200363974095963e-07
0.019347111043087596
0.0009131562034237562
5.200363974095963e-07
0.019347111043087596
5.200363974095963e-07
0.019347111043087596
0.019347111043087596
2.7999254335647693e-06
5.200363974095963e-07
0.0009131562034237562
5.200363974095963e-07
0.019347111043087596
5.200363974095963e-07
0.019347111043087596
0.0009131562034237562
5.200363974095963e-07
0.019347111043087596
5.200363974095963e-07
0.019347111043087596
0.019347111043087596
5.200363974095963e-07
0.019347111043087596
0.019347111043087596
0.0009131562034237562
5.200363974095963e-07
0.019347111043087596
5.200363974095963e-07
0.019347111043087596
0.019347111043087596
5.200363974095963e-07
0.019347111043087596
0.019347111043087596
0.019347111043087596
0.06281203754744505
2.8111594983206347e-06
5.200363974095963e-07
0.0009131562034237562
5.200363974095963e-07
0.019347111043087596
2.8111594983206347e-06
5.200363974095963e-07
0.0009131562034237562
5.200363974095963e-07
0.019347111043087596
5.200363974095963e-07
0.019347111043087596
0.0009131562034237562
5.200363974095963e-07
0.019347111043087596
5.200363974095963e-07
0.019347111043087596
0.019347111043087596
2.7630843094389172e-06
5.200363974095963e-07
0.0009131562034237562
5.200363974095963e-07
0.019347111043087596
5.200363974095963e-07
0.019347111043087596
0.0009131562034237562
5.200363974095963e-07
0.019347111043087596
5.200363974095963e-07
0.019347111043087596
0.019347111043087596
5.200363974095963e-07
0.019347111043087596
0.019347111043087596
2.8183459956276953e-06
5.200363974095963e-07
0.0009131562034237562
5.200363974095963e-07
0.019347111043087596
5.200363974095963e-07
0.019347111043087596
0.0009131562034237562
5.200363974095963e-07
0.019347111043087596
5.200363974095963e-07
0.019347111043087596
0.019347111043087596
5.200363974095963e-07
0.019347111043087596
0.019347111043087596
0.0009131562034237562
5.200363974095963e-07
0.019347111043087596
5.200363974095963e-07
0.019347111043087596
0.019347111043087596
5.200363974095963e-07
0.019347111043087596
0.019347111043087596
0.019347111043087596
5.200363974095963e-07
0.019347111043087596
0.019347111043087596
0.019347111043087596
0.06281203754744505
2.811675061825473e-06
5.200363974095963e-07
0.0009131562034237562
5.200363974095963e-07
0.019347111043087596
2.811582625079218e-06
5.200363974095963e-07
0.0009131562034237562
5.200363974095963e-07
0.019347111043087596
5.200363974095963e-07
0.019347111043087596
0.0009131562034237562
5.200363974095963e-07
0.019347111043087596
5.200363974095963e-07
0.019347111043087596
0.019347111043087596
2.7999254335647693e-06
5.200363974095963e-07
0.0009131562034237562
5.200363974095963e-07
0.019347111043087596
5.200363974095963e-07
0.019347111043087596
0.0009131562034237562
5.200363974095963e-07
0.019347111043087596
5.200363974095963e-07
0.019347111043087596
0.019347111043087596
5.200363974095963e-07
0.019347111043087596
0.019347111043087596
2.8133222059741703e-06
5.200363974095963e-07
0.0009131562034237562
5.200363974095963e-07
0.019347111043087596
5.200363974095963e-07
0.019347111043087596
0.0009131562034237562
5.200363974095963e-07
0.019347111043087596
5.200363974095963e-07
0.019347111043087596
0.019347111043087596
5.200363974095963e-07
0.019347111043087596
0.019347111043087596
0.0009131562034237562
5.200363974095963e-07
0.019347111043087596
5.200363974095963e-07
0.019347111043087596
0.019347111043087596
5.200363974095963e-07
0.019347111043087596
0.019347111043087596
0.019347111043087596
5.200363974095963e-07
0.019347111043087596
0.019347111043087596
0.019347111043087596
2.8183459956276953e-06
5.200363974095963e-07
0.0009131562034237562
5.200363974095963e-07
0.019347111043087596
5.200363974095963e-07
0.019347111043087596
0.0009131562034237562
5.200363974095963e-07
0.019347111043087596
5.200363974095963e-07
0.019347111043087596
0.019347111043087596
5.200363974095963e-07
0.019347111043087596
0.019347111043087596
0.0009131562034237562
5.200363974095963e-07
0.019347111043087596
5.200363974095963e-07
0.019347111043087596
0.019347111043087596
5.200363974095963e-07
0.019347111043087596
0.019347111043087596
0.019347111043087596
0.0009131562034237562
5.200363974095963e-07
0.019347111043087596
5.200363974095963e-07
0.019347111043087596
0.019347111043087596
5.200363974095963e-07
0.019347111043087596
0.019347111043087596
0.019347111043087596
5.200363974095963e-07
0.019347111043087596
0.019347111043087596
0.019347111043087596
0.019347111043087596
0.0009131562034237562
4.4669193966438763e-07
0.019347111043087596
4.4669193966438763e-07
0.019347111043087596
0.019347111043087596
4.4669193966438763e-07
0.019347111043087596
0.019347111043087596
0.019347111043087596
4.4669193966438763e-07
0.019347111043087596
0.019347111043087596
0.019347111043087596
4.4669193966438763e-07
0.019347111043087596
0.019347111043087596
0.019347111043087596
0.019347111043087596
0.06281203754744505
2.8117672234623645e-06
5.200363974095963e-07
0.0009131562034237562
5.200363974095963e-07
0.019347111043087596
2.8113969213165316e-06
5.200363974095963e-07
0.0009131562034237562
5.200363974095963e-07
0.019347111043087596
5.200363974095963e-07
0.019347111043087596
0.0009131562034237562
5.200363974095963e-07
0.019347111043087596
5.200363974095963e-07
0.019347111043087596
0.019347111043087596
2.873607681816474e-06
5.200363974095963e-07
0.0009131562034237562
5.200363974095963e-07
0.019347111043087596
5.200363974095963e-07
0.019347111043087596
0.0009131562034237562
5.200363974095963e-07
0.019347111043087596
5.200363974095963e-07
0.019347111043087596
0.019347111043087596
5.200363974095963e-07
0.019347111043087596
0.019347111043087596
2.7999254335647693e-06
5.200363974095963e-07
0.0009131562034237562
5.200363974095963e-07
0.019347111043087596
5.200363974095963e-07
0.019347111043087596
0.0009131562034237562
5.200363974095963e-07
0.019347111043087596
5.200363974095963e-07
0.019347111043087596
0.019347111043087596
5.200363974095963e-07
0.019347111043087596
0.019347111043087596
0.0009131562034237562
5.200363974095963e-07
0.019347111043087596
5.200363974095963e-07
0.019347111043087596
0.019347111043087596
5.200363974095963e-07
0.019347111043087596
0.019347111043087596
0.019347111043087596
5.200363974095963e-07
0.019347111043087596
0.019347111043087596
0.019347111043087596
2.7630843094389172e-06
5.200363974095963e-07
0.0009131562034237562
5.200363974095963e-07
0.019347111043087596
5.200363974095963e-07
0.019347111043087596
0.0009131562034237562
5.200363974095963e-07
0.019347111043087596
5.200363974095963e-07
0.019347111043087596
0.019347111043087596
5.200363974095963e-07
0.019347111043087596
0.019347111043087596
0.0009131562034237562
5.200363974095963e-07
0.019347111043087596
5.200363974095963e-07
0.019347111043087596
0.019347111043087596
5.200363974095963e-07
0.019347111043087596
0.019347111043087596
0.019347111043087596
0.0009131562034237562
5.200363974095963e-07
0.019347111043087596
5.200363974095963e-07
0.019347111043087596
0.019347111043087596
5.200363974095963e-07
0.019347111043087596
0.019347111043087596
0.019347111043087596
5.200363974095963e-07
0.019347111043087596
0.019347111043087596
0.019347111043087596
0.019347111043087596
2.7999254335647693e-06
5.200363974095963e-07
0.0009131562034237562
5.200363974095963e-07
0.019347111043087596
5.200363974095963e-07
0.019347111043087596
0.0009131562034237562
5.200363974095963e-07
0.019347111043087596
5.200363974095963e-07
0.019347111043087596
0.019347111043087596
5.200363974095963e-07
0.019347111043087596
0.019347111043087596
0.0009131562034237562
5.200363974095963e-07
0.019347111043087596
5.200363974095963e-07
0.019347111043087596
0.019347111043087596
5.200363974095963e-07
0.019347111043087596
0.019347111043087596
0.019347111043087596
0.0009131562034237562
5.200363974095963e-07
0.019347111043087596
5.200363974095963e-07
0.019347111043087596
0.019347111043087596
5.200363974095963e-07
0.019347111043087596
0.019347111043087596
0.019347111043087596
5.200363974095963e-07
0.019347111043087596
0.019347111043087596
0.019347111043087596
0.019347111043087596
0.0009131562034237562
5.200363974095963e-07
0.019347111043087596
5.200363974095963e-07
0.019347111043087596
0.019347111043087596
5.200363974095963e-07
0.019347111043087596
0.019347111043087596
0.019347111043087596
5.200363974095963e-07
0.019347111043087596
0.019347111043087596
0.019347111043087596
5.200363974095963e-07
0.019347111043087596
0.019347111043087596
0.019347111043087596
0.019347111043087596
4.4669193966438763e-07
0.019347111043087596
0.019347111043087596
0.019347111043087596
0.019347111043087596
0.019347111043087596
2.873607681816474e-06
5.200363974095963e-07
0.0009131562034237562
5.200363974095963e-07
0.019347111043087596
5.200363974095963e-07
0.019347111043087596
0.0009131562034237562
5.200363974095963e-07
0.019347111043087596
5.200363974095963e-07
0.019347111043087596
0.019347111043087596
5.200363974095963e-07
0.019347111043087596
0.019347111043087596
0.0009131562034237562
5.200363974095963e-07
0.019347111043087596
5.200363974095963e-07
0.019347111043087596
0.019347111043087596
5.200363974095963e-07
0.019347111043087596
0.019347111043087596
0.019347111043087596
0.0009131562034237562
5.200363974095963e-07
0.019347111043087596
5.200363974095963e-07
0.019347111043087596
0.019347111043087596
5.200363974095963e-07
0.019347111043087596
0.019347111043087596
0.019347111043087596
5.200363974095963e-07
0.019347111043087596
0.019347111043087596
0.019347111043087596
0.019347111043087596
0.0009131562034237562
5.200363974095963e-07
0.019347111043087596
5.200363974095963e-07
0.019347111043087596
0.019347111043087596
5.200363974095963e-07
0.019347111043087596
0.019347111043087596
0.019347111043087596
5.200363974095963e-07
0.019347111043087596
0.019347111043087596
0.019347111043087596
5.200363974095963e-07
0.019347111043087596
0.019347111043087596
0.019347111043087596
0.019347111043087596
0.0009131562034237562
5.200363974095963e-07
0.019347111043087596
5.200363974095963e-07
0.019347111043087596
0.019347111043087596
5.200363974095963e-07
0.019347111043087596
0.019347111043087596
0.019347111043087596
5.200363974095963e-07
0.019347111043087596
0.019347111043087596
0.019347111043087596
5.200363974095963e-07
0.019347111043087596
0.019347111043087596
0.019347111043087596
0.019347111043087596
5.200363974095963e-07
0.019347111043087596
0.019347111043087596
0.019347111043087596
0.019347111043087596
0.019347111043087596
0.019347111043087596
0.0009131562034237562
5.200363974095963e-07
0.019347111043087596
5.200363974095963e-07
0.019347111043087596
0.019347111043087596
5.200363974095963e-07
0.019347111043087596
0.019347111043087596
0.019347111043087596
5.200363974095963e-07
0.019347111043087596
0.019347111043087596
0.019347111043087596
5.200363974095963e-07
0.019347111043087596
0.019347111043087596
0.019347111043087596
0.019347111043087596
5.200363974095963e-07
0.019347111043087596
0.019347111043087596
0.019347111043087596
0.019347111043087596
0.019347111043087596
5.200363974095963e-07
0.019347111043087596
0.019347111043087596
0.019347111043087596
0.019347111043087596
0.019347111043087596
0.019347111043087596
5.200363974095963e-07
0.019347111043087596
0.019347111043087596
0.019347111043087596
0.019347111043087596
0.019347111043087596
0.019347111043087596
0.019347111043087596
0.019347111043087596