13
7
12
5
3
1
2
2
1
2
2
2
1
2
14
12
8
9
2
32
39
29
2
4
1
2
1
12
6
6
5
2
10
8
10
1
2
7
5
2
3
1
7
1
2
1
1
1
2
1
1
2
2
4
1
1
2
2
1
2
2
4
3
3
2
1
3
2
1
3
1
3
1
2
2
2
3
1
1
1
1
2
1
1
2
1
1
1
1
3
3
1
15
2
1
1
1
1
1
1
2
1
2
2
1
1
1
1
1
1
1
1
1
1
1
1
1
1
1
1
1
1
1
1
1
1
1
1
1
2
1
2
1
1
1
1
2
1
1
1
2
1
1
1
1
1
1
1
1
1
1
3
2
1
1
1
1
1
1
2
1
2
1
1
1
2
2
2
1
2
1
2
3
1
1
1
1
1
1
1
1
2
1
2
2
1
1
1
1
1
1
1
1
1
1
1
1
1
1
1
1
1
1
1
1
1
1
1
1
1
2
1
2
1
1
1
1
2
1
1
1
2
1
1
1
1
1
1
1
1
1
1
3
2
1
1
1
1
1
1
2
1
2
1
1
1
2
2
2
1
2
1
2
3
1
1
