20
6
2
5
1
2
1
2
1
1
1
1
1
1
1
1
1
1
1
1
1
1
1
1
2
2
1
2
2
2
2
2
2
2
2
2
2
2
4
2
2
2
2
2
2
2
2
2
2
2
2
2
2
2
2
2
2
4
2
2
2
2
2
2
2
2
2
2
2
2
2
2
2
2
2
2
2
2
2
2
2
2
2
2
2
11
9
1
2
1
2
1
2
1
2
1
1
1
3
1
1
2
1
2
2
2
1
1
2
2
2
2
2
1
1
2
2
2
2
1
1
1
2
1
1
2
2
2
1
1
1
1
1
2
1
2
1
1
1
2
1
9
11
2
5
3
1
1
8
2
3
2
1
1
2
1
1
6
1
4
1
3
2
2
2
1
12
28
8
2
2
24
2
1
1
1
1
1
1
8
10
14
4
24
1
2
8
4
6
1
1
1
1
1
1
1
1
2
1
1
1
1
1
1
1
2
1
2
1
1
1
1
1
1
1
6
1
1
2
1
2
1
1
4
1
1
1
2
1
4
2
1
2
2
2
2
1
2
1
1
2
2
2
1
2
2
4
1
1
4
1
1
3
1
1
1
1
1
1
1
1
1
1
1
1
1
1
1
1
1
1
1
1
4
5
3
2
2
3
1
2
1
2
1
1
2
1
1
2
1
1
1
1
2
1
6
2
5
1
2
1
2
1
12
3
3
2
2
6
3
2
6
3
2
48
3
3
9
3
3
3
2
2
6
2
2
2
48
9
3
3
3
3
3
6
2
2
2
2
2
5
4
11
5
10
14
3
8
5
7
8
1
1
1
1
1
1
3
1
1
1
1
1
1
1
1
1
1
1
18
1
1
3
1
6
1
1
3
1
12
1
1
2
3
1
18
1
1
1
1
2
2
1
4
1
1
2
1
6
1
1
1
4
1
1
2
1
2
1
4
1
1
2
1
2
1
4
1
1
4
1
1
2
1
1
3
5
1
1
2
1
1
2
2
1
1
1
1
1
1
1
1
1
1
1
1
8
1
3
3
3
2
1
3
5
1
2
1
2
1
2
1
2
1
1
1
3
1
1
1
1
1
1
1
1
1
1
1
1
1
1
1
1
1
1
1
1
1
1
4
6
2
5
3
4
2
2
2
2
2
2
2
12
2
2
4
2
1
1
1
2
1
1
1
1
1
1
1
1
1
1
5
1
2
2
1
1
1
1
1
1
1
1
1
1
1
2
2
20
1
2
2
1
1
1
1
1
1
1
1
1
1
1
2
2
