0.1021472970965641 0.12448729531501211
0.1021472970965641 0.12448729531501211
0.1021472970965641 0.12448729531501211
0.1021472970965641 0.12448729531501211
0.1021472970965641 0.12448729531501211
0.1021472970965641 0.12448729531501211
0.1021472970965641 0.12448729531501211
0.1021472970965641 0.12448729531501211
0.1021472970965641 0.12448729531501211
0.1021472970965641 0.12448729531501211
0.1021472970965641 0.12448729531501211
0.1021472970965641 0.12448729531501211
0.1021472970965641 0.12448729531501211
0.1021472970965641 0.12448729531501211
0.1021472970965641 0.12448729531501211
0.1021472970965641 0.12448729531501211
0.1021472970965641 0.12448729531501211
0.1021472970965641 0.12448729531501211
0.102346478684208 0.12448727903896223
0.102346478684208 0.12448727903896223
0.102346478684208 0.12448727903896223
0.102346478684208 0.12448727903896223
0.102346478684208 0.12448727903896223
0.102346478684208 0.12448727903896223
0.102346478684208 0.12448727903896223
0.102346478684208 0.12448727903896223
0.102346478684208 0.12448727903896223
0.10239630316278812 0.1244871819433307
0.10239630316278812 0.1244871819433307
0.10239630316278812 0.1244871819433307
0.10239630316278812 0.1244871819433307
0.10239630316278812 0.1244871819433307
0.10239630316278812 0.1244871819433307
0.10239630316278812 0.1244871819433307
0.10239630316278812 0.1244871819433307
0.10239630316278812 0.1244871819433307
0.1022708655870379 0.12448707106643393
0.1022708655870379 0.12448707106643393
0.1022708655870379 0.12448707106643393
0.1022708655870379 0.12448707106643393
0.1022708655870379 0.12448707106643393
0.1022708655870379 0.12448707106643393
0.1022708655870379 0.12448707106643393
0.1022708655870379 0.12448707106643393
0.1022708655870379 0.12448707106643393
0.10210330572734856 0.12448780605243517
0.10210330572734856 0.12448780605243517
0.10210330572734856 0.12448780605243517
0.10210330572734856 0.12448780605243517
0.10210330572734856 0.12448780605243517
0.10210330572734856 0.12448780605243517
0.10210330572734856 0.12448780605243517
0.10210330572734856 0.12448780605243517
0.10210330572734856 0.12448780605243517
0.10165704177722283 0.12448699519806673
0.10165704177722283 0.12448699519806673
0.10165704177722283 0.12448699519806673
0.10165704177722283 0.12448699519806673
0.10165704177722283 0.12448699519806673
0.10165704177722283 0.12448699519806673
0.10165704177722283 0.12448699519806673
0.10165704177722283 0.12448699519806673
0.10165704177722283 0.12448699519806673
0.10165108918066332 0.12448711550080117
0.10165108918066332 0.12448711550080117
0.10165108918066332 0.12448711550080117
0.10165108918066332 0.12448711550080117
0.10165108918066332 0.12448711550080117
0.10165108918066332 0.12448711550080117
0.10165108918066332 0.12448711550080117
0.10165108918066332 0.12448711550080117
0.10165108918066332 0.12448711550080117
0.10235141646275321 0.12448693318696064
0.10235141646275321 0.12448693318696064
0.10235141646275321 0.12448693318696064
0.10235141646275321 0.12448693318696064
0.10235141646275321 0.12448693318696064
0.10235141646275321 0.12448693318696064
0.10235141646275321 0.12448693318696064
0.10235141646275321 0.12448693318696064
0.10235141646275321 0.12448693318696064
0.1020711174795905 0.12448775654160088
0.1020711174795905 0.12448775654160088
0.1020711174795905 0.12448775654160088
0.1020711174795905 0.12448775654160088
0.1020711174795905 0.12448775654160088
0.1020711174795905 0.12448775654160088
0.1020711174795905 0.12448775654160088
0.1020711174795905 0.12448775654160088
0.1020711174795905 0.12448775654160088
0.1020711174795905 0.12448775654160088
0.1020711174795905 0.12448775654160088
0.1020711174795905 0.12448775654160088
0.1020711174795905 0.12448775654160088
0.1020711174795905 0.12448775654160088
0.1020711174795905 0.12448775654160088
0.1020711174795905 0.12448775654160088
0.1020711174795905 0.12448775654160088
0.1020711174795905 0.12448775654160088
0.1020711174795905 0.12448775654160088
0.1020711174795905 0.12448775654160088
0.1020711174795905 0.12448775654160088
0.1020711174795905 0.12448775654160088
0.1020711174795905 0.12448775654160088
0.1020711174795905 0.12448775654160088
0.1020711174795905 0.12448775654160088
0.1020711174795905 0.12448775654160088
0.1020711174795905 0.12448775654160088
0.1020711174795905 0.12448775654160088
0.1020711174795905 0.12448775654160088
0.1020711174795905 0.12448775654160088
0.1020711174795905 0.12448775654160088
0.1020711174795905 0.12448775654160088
0.1020711174795905 0.12448775654160088
0.1020711174795905 0.12448775654160088
0.1020711174795905 0.12448775654160088
0.1020711174795905 0.12448775654160088
0.1020711174795905 0.12448775654160088
0.1020711174795905 0.12448775654160088
0.1020711174795905 0.12448775654160088
0.1020711174795905 0.12448775654160088
0.1020711174795905 0.12448775654160088
0.1020711174795905 0.12448775654160088
0.1020711174795905 0.12448775654160088
0.1020711174795905 0.12448775654160088
0.1020711174795905 0.12448775654160088
0.1020711174795905 0.12448775654160088
0.1020711174795905 0.12448775654160088
0.1020711174795905 0.12448775654160088
0.1020711174795905 0.12448775654160088
0.1020711174795905 0.12448775654160088
0.1020711174795905 0.12448775654160088
0.1020711174795905 0.12448775654160088
0.1020711174795905 0.12448775654160088
0.1020711174795905 0.12448775654160088
0.10248528849422162 0.12448737477298026
0.10248528849422162 0.12448737477298026
0.10248528849422162 0.12448737477298026
0.10248528849422162 0.12448737477298026
0.10248528849422162 0.12448737477298026
0.10248528849422162 0.12448737477298026
0.10248528849422162 0.12448737477298026
0.10248528849422162 0.12448737477298026
0.10248528849422162 0.12448737477298026
0.10256763142350857 0.1244874218071545
0.10256763142350857 0.1244874218071545
0.10256763142350857 0.1244874218071545
0.10256763142350857 0.1244874218071545
0.10256763142350857 0.1244874218071545
0.10256763142350857 0.1244874218071545
0.10256763142350857 0.1244874218071545
0.10256763142350857 0.1244874218071545
0.10256763142350857 0.1244874218071545
0.10242820593088092 0.12448758818316781
0.10242820593088092 0.12448758818316781
0.10242820593088092 0.12448758818316781
0.10242820593088092 0.12448758818316781
0.10242820593088092 0.12448758818316781
0.10242820593088092 0.12448758818316781
0.10242820593088092 0.12448758818316781
0.10242820593088092 0.12448758818316781
0.10242820593088092 0.12448758818316781
0.10242820593088092 0.12448758818316781
0.10242820593088092 0.12448758818316781
0.10242820593088092 0.12448758818316781
0.10242820593088092 0.12448758818316781
0.10242820593088092 0.12448758818316781
0.10242820593088092 0.12448758818316781
0.10242820593088092 0.12448758818316781
0.10242820593088092 0.12448758818316781
0.10242820593088092 0.12448758818316781
0.10202425386474466 0.12448739698623079
0.10202425386474466 0.12448739698623079
0.10202425386474466 0.12448739698623079
0.10202425386474466 0.12448739698623079
0.10202425386474466 0.12448739698623079
0.10202425386474466 0.12448739698623079
0.10202425386474466 0.12448739698623079
0.10202425386474466 0.12448739698623079
0.10202425386474466 0.12448739698623079
0.10261661057491725 0.12448581189430384
0.10261661057491725 0.12448581189430384
0.10261661057491725 0.12448581189430384
0.10261661057491725 0.12448581189430384
0.10261661057491725 0.12448581189430384
0.10261661057491725 0.12448581189430384
0.10261661057491725 0.12448581189430384
0.10261661057491725 0.12448581189430384
0.10261661057491725 0.12448581189430384
0.10261661057491725 0.12448581189430384
0.10261661057491725 0.12448581189430384
0.10261661057491725 0.12448581189430384
0.10261661057491725 0.12448581189430384
0.10261661057491725 0.12448581189430384
0.10261661057491725 0.12448581189430384
0.10261661057491725 0.12448581189430384
0.10261661057491725 0.12448581189430384
0.10261661057491725 0.12448581189430384
0.10232380236915156 0.1244876011087336
0.10232380236915156 0.1244876011087336
0.10232380236915156 0.1244876011087336
0.10232380236915156 0.1244876011087336
0.10232380236915156 0.1244876011087336
0.10232380236915156 0.1244876011087336
0.10232380236915156 0.1244876011087336
0.10232380236915156 0.1244876011087336
0.10232380236915156 0.1244876011087336
0.10232380236915156 0.1244876011087336
0.10232380236915156 0.1244876011087336
0.10232380236915156 0.1244876011087336
0.10232380236915156 0.1244876011087336
0.10232380236915156 0.1244876011087336
0.10232380236915156 0.1244876011087336
0.10232380236915156 0.1244876011087336
0.10232380236915156 0.1244876011087336
0.10232380236915156 0.1244876011087336
0.10256466979323364 0.12448783863350794
0.10256466979323364 0.12448783863350794
0.10256466979323364 0.12448783863350794
0.10256466979323364 0.12448783863350794
0.10256466979323364 0.12448783863350794
0.10256466979323364 0.12448783863350794
0.10256466979323364 0.12448783863350794
0.10256466979323364 0.12448783863350794
0.10256466979323364 0.12448783863350794
0.10256466979323364 0.12448783863350794
0.10256466979323364 0.12448783863350794
0.10256466979323364 0.12448783863350794
0.10256466979323364 0.12448783863350794
0.10256466979323364 0.12448783863350794
0.10256466979323364 0.12448783863350794
0.10256466979323364 0.12448783863350794
0.10256466979323364 0.12448783863350794
0.10256466979323364 0.12448783863350794
0.10256466979323364 0.12448783863350794
0.10256466979323364 0.12448783863350794
0.10256466979323364 0.12448783863350794
0.10256466979323364 0.12448783863350794
0.10256466979323364 0.12448783863350794
0.10256466979323364 0.12448783863350794
0.10256466979323364 0.12448783863350794
0.10256466979323364 0.12448783863350794
0.10256466979323364 0.12448783863350794
0.10256466979323364 0.12448783863350794
0.10256466979323364 0.12448783863350794
0.10256466979323364 0.12448783863350794
0.10256466979323364 0.12448783863350794
0.10256466979323364 0.12448783863350794
0.10256466979323364 0.12448783863350794
0.10256466979323364 0.12448783863350794
0.10256466979323364 0.12448783863350794
0.10256466979323364 0.12448783863350794
0.10227626710429345 0.12448749705347034
0.10227626710429345 0.12448749705347034
0.10227626710429345 0.12448749705347034
0.10227626710429345 0.12448749705347034
0.10227626710429345 0.12448749705347034
0.10227626710429345 0.12448749705347034
0.10227626710429345 0.12448749705347034
0.10227626710429345 0.12448749705347034
0.10227626710429345 0.12448749705347034
0.10243528917182151 0.12448773698936226
0.10243528917182151 0.12448773698936226
0.10243528917182151 0.12448773698936226
0.10243528917182151 0.12448773698936226
0.10243528917182151 0.12448773698936226
0.10243528917182151 0.12448773698936226
0.10243528917182151 0.12448773698936226
0.10243528917182151 0.12448773698936226
0.10243528917182151 0.12448773698936226
0.10227626710429345 0.12448749705347034
0.10227626710429345 0.12448749705347034
0.10227626710429345 0.12448749705347034
0.10227626710429345 0.12448749705347034
0.10227626710429345 0.12448749705347034
0.10227626710429345 0.12448749705347034
0.10227626710429345 0.12448749705347034
0.10227626710429345 0.12448749705347034
0.10227626710429345 0.12448749705347034
0.10220592998898655 0.12448753391477015
0.10220592998898655 0.12448753391477015
0.10220592998898655 0.12448753391477015
0.10220592998898655 0.12448753391477015
0.10220592998898655 0.12448753391477015
0.10220592998898655 0.12448753391477015
0.10220592998898655 0.12448753391477015
0.10220592998898655 0.12448753391477015
0.10220592998898655 0.12448753391477015
0.10220592998898655 0.12448753391477015
0.10220592998898655 0.12448753391477015
0.10220592998898655 0.12448753391477015
0.10220592998898655 0.12448753391477015
0.10220592998898655 0.12448753391477015
0.10220592998898655 0.12448753391477015
0.10220592998898655 0.12448753391477015
0.10220592998898655 0.12448753391477015
0.10220592998898655 0.12448753391477015
0.1021249267537251 0.12448729753484285
0.1021249267537251 0.12448729753484285
0.1021249267537251 0.12448729753484285
0.1021249267537251 0.12448729753484285
0.1021249267537251 0.12448729753484285
0.1021249267537251 0.12448729753484285
0.1021249267537251 0.12448729753484285
0.1021249267537251 0.12448729753484285
0.1021249267537251 0.12448729753484285
0.10196779511869482 0.12448719231538924
0.10196779511869482 0.12448719231538924
0.10196779511869482 0.12448719231538924
0.10196779511869482 0.12448719231538924
0.10196779511869482 0.12448719231538924
0.10196779511869482 0.12448719231538924
0.10196779511869482 0.12448719231538924
0.10196779511869482 0.12448719231538924
0.10196779511869482 0.12448719231538924
0.10196779511869482 0.12448719231538924
0.10196779511869482 0.12448719231538924
0.10196779511869482 0.12448719231538924
0.10196779511869482 0.12448719231538924
0.10196779511869482 0.12448719231538924
0.10196779511869482 0.12448719231538924
0.10196779511869482 0.12448719231538924
0.10196779511869482 0.12448719231538924
0.10196779511869482 0.12448719231538924
0.10196779511869482 0.12448719231538924
0.10196779511869482 0.12448719231538924
0.10196779511869482 0.12448719231538924
0.10196779511869482 0.12448719231538924
0.10196779511869482 0.12448719231538924
0.10196779511869482 0.12448719231538924
0.10196779511869482 0.12448719231538924
0.10196779511869482 0.12448719231538924
0.10196779511869482 0.12448719231538924
0.10196779511869482 0.12448719231538924
0.10196779511869482 0.12448719231538924
0.10196779511869482 0.12448719231538924
0.10196779511869482 0.12448719231538924
0.10196779511869482 0.12448719231538924
0.10196779511869482 0.12448719231538924
0.10196779511869482 0.12448719231538924
0.10196779511869482 0.12448719231538924
0.10196779511869482 0.12448719231538924
0.10224832278541156 0.12448892177095908
0.10224832278541156 0.12448892177095908
0.10224832278541156 0.12448892177095908
0.10224832278541156 0.12448892177095908
0.10224832278541156 0.12448892177095908
0.10224832278541156 0.12448892177095908
0.10224832278541156 0.12448892177095908
0.10224832278541156 0.12448892177095908
0.10224832278541156 0.12448892177095908
0.10224832278541156 0.12448892177095908
0.10224832278541156 0.12448892177095908
0.10224832278541156 0.12448892177095908
0.10224832278541156 0.12448892177095908
0.10224832278541156 0.12448892177095908
0.10224832278541156 0.12448892177095908
0.10224832278541156 0.12448892177095908
0.10224832278541156 0.12448892177095908
0.10224832278541156 0.12448892177095908
0.10218777601130542 0.12448745970069407
0.10218777601130542 0.12448745970069407
0.10218777601130542 0.12448745970069407
0.10218777601130542 0.12448745970069407
0.10218777601130542 0.12448745970069407
0.10218777601130542 0.12448745970069407
0.10218777601130542 0.12448745970069407
0.10218777601130542 0.12448745970069407
0.10218777601130542 0.12448745970069407
0.10247217398908195 0.12448859428682425
0.10247217398908195 0.12448859428682425
0.10247217398908195 0.12448859428682425
0.10247217398908195 0.12448859428682425
0.10247217398908195 0.12448859428682425
0.10247217398908195 0.12448859428682425
0.10247217398908195 0.12448859428682425
0.10247217398908195 0.12448859428682425
0.10247217398908195 0.12448859428682425
0.10247217398908195 0.12448859428682425
0.10247217398908195 0.12448859428682425
0.10247217398908195 0.12448859428682425
0.10247217398908195 0.12448859428682425
0.10247217398908195 0.12448859428682425
0.10247217398908195 0.12448859428682425
0.10247217398908195 0.12448859428682425
0.10247217398908195 0.12448859428682425
0.10247217398908195 0.12448859428682425
0.10247217398908195 0.12448859428682425
0.10247217398908195 0.12448859428682425
0.10247217398908195 0.12448859428682425
0.10247217398908195 0.12448859428682425
0.10247217398908195 0.12448859428682425
0.10247217398908195 0.12448859428682425
0.10247217398908195 0.12448859428682425
0.10247217398908195 0.12448859428682425
0.10247217398908195 0.12448859428682425
0.10247217398908195 0.12448859428682425
0.10247217398908195 0.12448859428682425
0.10247217398908195 0.12448859428682425
0.10247217398908195 0.12448859428682425
0.10247217398908195 0.12448859428682425
0.10247217398908195 0.12448859428682425
0.10247217398908195 0.12448859428682425
0.10247217398908195 0.12448859428682425
0.10247217398908195 0.12448859428682425
0.102000504189416 0.12448692586162811
0.102000504189416 0.12448692586162811
0.102000504189416 0.12448692586162811
0.102000504189416 0.12448692586162811
0.102000504189416 0.12448692586162811
0.102000504189416 0.12448692586162811
0.102000504189416 0.12448692586162811
0.102000504189416 0.12448692586162811
0.102000504189416 0.12448692586162811
0.102000504189416 0.12448692586162811
0.102000504189416 0.12448692586162811
0.102000504189416 0.12448692586162811
0.102000504189416 0.12448692586162811
0.102000504189416 0.12448692586162811
0.102000504189416 0.12448692586162811
0.102000504189416 0.12448692586162811
0.102000504189416 0.12448692586162811
0.102000504189416 0.12448692586162811
0.10269366046152527 0.12448632147469767
0.10269366046152527 0.12448632147469767
0.10269366046152527 0.12448632147469767
0.10269366046152527 0.12448632147469767
0.10269366046152527 0.12448632147469767
0.10269366046152527 0.12448632147469767
0.10269366046152527 0.12448632147469767
0.10269366046152527 0.12448632147469767
0.10269366046152527 0.12448632147469767
0.10269366046152527 0.12448632147469767
0.10269366046152527 0.12448632147469767
0.10269366046152527 0.12448632147469767
0.10269366046152527 0.12448632147469767
0.10269366046152527 0.12448632147469767
0.10269366046152527 0.12448632147469767
0.10269366046152527 0.12448632147469767
0.10269366046152527 0.12448632147469767
0.10269366046152527 0.12448632147469767
0.1021596744283049 0.1244873561540076
0.1021596744283049 0.1244873561540076
0.1021596744283049 0.1244873561540076
0.1021596744283049 0.1244873561540076
0.1021596744283049 0.1244873561540076
0.1021596744283049 0.1244873561540076
0.1021596744283049 0.1244873561540076
0.1021596744283049 0.1244873561540076
0.1021596744283049 0.1244873561540076
0.10269366046152527 0.12448632147469767
0.10269366046152527 0.12448632147469767
0.10269366046152527 0.12448632147469767
0.10269366046152527 0.12448632147469767
0.10269366046152527 0.12448632147469767
0.10269366046152527 0.12448632147469767
0.10269366046152527 0.12448632147469767
0.10269366046152527 0.12448632147469767
0.10269366046152527 0.12448632147469767
0.10269366046152527 0.12448632147469767
0.10269366046152527 0.12448632147469767
0.10269366046152527 0.12448632147469767
0.10269366046152527 0.12448632147469767
0.10269366046152527 0.12448632147469767
0.10269366046152527 0.12448632147469767
0.10269366046152527 0.12448632147469767
0.10269366046152527 0.12448632147469767
0.10269366046152527 0.12448632147469767
0.1021596744283049 0.1244873561540076
0.1021596744283049 0.1244873561540076
0.1021596744283049 0.1244873561540076
0.1021596744283049 0.1244873561540076
0.1021596744283049 0.1244873561540076
0.1021596744283049 0.1244873561540076
0.1021596744283049 0.1244873561540076
0.1021596744283049 0.1244873561540076
0.1021596744283049 0.1244873561540076
0.10247272913501425 0.12448733486536669
0.10247272913501425 0.12448733486536669
0.10247272913501425 0.12448733486536669
0.10247272913501425 0.12448733486536669
0.10247272913501425 0.12448733486536669
0.10247272913501425 0.12448733486536669
0.10247272913501425 0.12448733486536669
0.10247272913501425 0.12448733486536669
0.10247272913501425 0.12448733486536669
0.10217676746953346 0.12448717213819534
0.10217676746953346 0.12448717213819534
0.10217676746953346 0.12448717213819534
0.10217676746953346 0.12448717213819534
0.10217676746953346 0.12448717213819534
0.10217676746953346 0.12448717213819534
0.10217676746953346 0.12448717213819534
0.10217676746953346 0.12448717213819534
0.10217676746953346 0.12448717213819534
0.10217676746953346 0.12448717213819534
0.10217676746953346 0.12448717213819534
0.10217676746953346 0.12448717213819534
0.10217676746953346 0.12448717213819534
0.10217676746953346 0.12448717213819534
0.10217676746953346 0.12448717213819534
0.10217676746953346 0.12448717213819534
0.10217676746953346 0.12448717213819534
0.10217676746953346 0.12448717213819534
0.10217676746953346 0.12448717213819534
0.10217676746953346 0.12448717213819534
0.10217676746953346 0.12448717213819534
0.10217676746953346 0.12448717213819534
0.10217676746953346 0.12448717213819534
0.10217676746953346 0.12448717213819534
0.10217676746953346 0.12448717213819534
0.10217676746953346 0.12448717213819534
0.10217676746953346 0.12448717213819534
0.10217676746953346 0.12448717213819534
0.10217676746953346 0.12448717213819534
0.10217676746953346 0.12448717213819534
0.10217676746953346 0.12448717213819534
0.10217676746953346 0.12448717213819534
0.10217676746953346 0.12448717213819534
0.10217676746953346 0.12448717213819534
0.10217676746953346 0.12448717213819534
0.10217676746953346 0.12448717213819534
0.10217676746953346 0.12448717213819534
0.10217676746953346 0.12448717213819534
0.10217676746953346 0.12448717213819534
0.10217676746953346 0.12448717213819534
0.10217676746953346 0.12448717213819534
0.10217676746953346 0.12448717213819534
0.10217676746953346 0.12448717213819534
0.10217676746953346 0.12448717213819534
0.10217676746953346 0.12448717213819534
0.10217676746953346 0.12448717213819534
0.10217676746953346 0.12448717213819534
0.10217676746953346 0.12448717213819534
0.10217676746953346 0.12448717213819534
0.10217676746953346 0.12448717213819534
0.10217676746953346 0.12448717213819534
0.10217676746953346 0.12448717213819534
0.10217676746953346 0.12448717213819534
0.10217676746953346 0.12448717213819534
0.10194322918150854 0.12448747035241428
0.10194322918150854 0.12448747035241428
0.10194322918150854 0.12448747035241428
0.10194322918150854 0.12448747035241428
0.10194322918150854 0.12448747035241428
0.10194322918150854 0.12448747035241428
0.10194322918150854 0.12448747035241428
0.10194322918150854 0.12448747035241428
0.10194322918150854 0.12448747035241428
0.10139258566529986 0.12448745237004344
0.10139258566529986 0.12448745237004344
0.10139258566529986 0.12448745237004344
0.10139258566529986 0.12448745237004344
0.10139258566529986 0.12448745237004344
0.10139258566529986 0.12448745237004344
0.10139258566529986 0.12448745237004344
0.10139258566529986 0.12448745237004344
0.10139258566529986 0.12448745237004344
0.10139258566529986 0.12448745237004344
0.10139258566529986 0.12448745237004344
0.10139258566529986 0.12448745237004344
0.10139258566529986 0.12448745237004344
0.10139258566529986 0.12448745237004344
0.10139258566529986 0.12448745237004344
0.10139258566529986 0.12448745237004344
0.10139258566529986 0.12448745237004344
0.10139258566529986 0.12448745237004344
0.10139258566529986 0.12448745237004344
0.10139258566529986 0.12448745237004344
0.10139258566529986 0.12448745237004344
0.10139258566529986 0.12448745237004344
0.10139258566529986 0.12448745237004344
0.10139258566529986 0.12448745237004344
0.10139258566529986 0.12448745237004344
0.10139258566529986 0.12448745237004344
0.10139258566529986 0.12448745237004344
0.10139258566529986 0.12448745237004344
0.10139258566529986 0.12448745237004344
0.10139258566529986 0.12448745237004344
0.10139258566529986 0.12448745237004344
0.10139258566529986 0.12448745237004344
0.10139258566529986 0.12448745237004344
0.10139258566529986 0.12448745237004344
0.10139258566529986 0.12448745237004344
0.10139258566529986 0.12448745237004344
0.10267107798425094 0.1244877049180328
0.10267107798425094 0.1244877049180328
0.10267107798425094 0.1244877049180328
0.10267107798425094 0.1244877049180328
0.10267107798425094 0.1244877049180328
0.10267107798425094 0.1244877049180328
0.10267107798425094 0.1244877049180328
0.10267107798425094 0.1244877049180328
0.10267107798425094 0.1244877049180328
0.10267107798425094 0.1244877049180328
0.10267107798425094 0.1244877049180328
0.10267107798425094 0.1244877049180328
0.10267107798425094 0.1244877049180328
0.10267107798425094 0.1244877049180328
0.10267107798425094 0.1244877049180328
0.10267107798425094 0.1244877049180328
0.10267107798425094 0.1244877049180328
0.10267107798425094 0.1244877049180328
0.10267107798425094 0.1244877049180328
0.10267107798425094 0.1244877049180328
0.10267107798425094 0.1244877049180328
0.10267107798425094 0.1244877049180328
0.10267107798425094 0.1244877049180328
0.10267107798425094 0.1244877049180328
0.10267107798425094 0.1244877049180328
0.10267107798425094 0.1244877049180328
0.10267107798425094 0.1244877049180328
0.10267107798425094 0.1244877049180328
0.10267107798425094 0.1244877049180328
0.10267107798425094 0.1244877049180328
0.10267107798425094 0.1244877049180328
0.10267107798425094 0.1244877049180328
0.10267107798425094 0.1244877049180328
0.10267107798425094 0.1244877049180328
0.10267107798425094 0.1244877049180328
0.10267107798425094 0.1244877049180328
0.10213796711169741 0.12448757182302082
0.10213796711169741 0.12448757182302082
0.10213796711169741 0.12448757182302082
0.10213796711169741 0.12448757182302082
0.10213796711169741 0.12448757182302082
0.10213796711169741 0.12448757182302082
0.10213796711169741 0.12448757182302082
0.10213796711169741 0.12448757182302082
0.10213796711169741 0.12448757182302082
0.10192967880157901 0.12448751676247256
0.10192967880157901 0.12448751676247256
0.10192967880157901 0.12448751676247256
0.10192967880157901 0.12448751676247256
0.10192967880157901 0.12448751676247256
0.10192967880157901 0.12448751676247256
0.10192967880157901 0.12448751676247256
0.10192967880157901 0.12448751676247256
0.10192967880157901 0.12448751676247256
0.10180656458758398 0.12448773273623387
0.10180656458758398 0.12448773273623387
0.10180656458758398 0.12448773273623387
0.10180656458758398 0.12448773273623387
0.10180656458758398 0.12448773273623387
0.10180656458758398 0.12448773273623387
0.10180656458758398 0.12448773273623387
0.10180656458758398 0.12448773273623387
0.10180656458758398 0.12448773273623387
0.10180656458758398 0.12448773273623387
0.10180656458758398 0.12448773273623387
0.10180656458758398 0.12448773273623387
0.10180656458758398 0.12448773273623387
0.10180656458758398 0.12448773273623387
0.10180656458758398 0.12448773273623387
0.10180656458758398 0.12448773273623387
0.10180656458758398 0.12448773273623387
0.10180656458758398 0.12448773273623387
0.10180656458758398 0.12448773273623387
0.10180656458758398 0.12448773273623387
0.10180656458758398 0.12448773273623387
0.10180656458758398 0.12448773273623387
0.10180656458758398 0.12448773273623387
0.10180656458758398 0.12448773273623387
0.10180656458758398 0.12448773273623387
0.10180656458758398 0.12448773273623387
0.10180656458758398 0.12448773273623387
0.10180656458758398 0.12448773273623387
0.10180656458758398 0.12448773273623387
0.10180656458758398 0.12448773273623387
0.10180656458758398 0.12448773273623387
0.10180656458758398 0.12448773273623387
0.10180656458758398 0.12448773273623387
0.10180656458758398 0.12448773273623387
0.10180656458758398 0.12448773273623387
0.10180656458758398 0.12448773273623387
0.10205942144038936 0.12448755456270388
0.10205942144038936 0.12448755456270388
0.10205942144038936 0.12448755456270388
0.10205942144038936 0.12448755456270388
0.10205942144038936 0.12448755456270388
0.10205942144038936 0.12448755456270388
0.10205942144038936 0.12448755456270388
0.10205942144038936 0.12448755456270388
0.10205942144038936 0.12448755456270388
0.10241386530288586 0.12448786424176864
0.10241386530288586 0.12448786424176864
0.10241386530288586 0.12448786424176864
0.10241386530288586 0.12448786424176864
0.10241386530288586 0.12448786424176864
0.10241386530288586 0.12448786424176864
0.10241386530288586 0.12448786424176864
0.10241386530288586 0.12448786424176864
0.10241386530288586 0.12448786424176864
0.10224629292762251 0.12448744929933848
0.10224629292762251 0.12448744929933848
0.10224629292762251 0.12448744929933848
0.10224629292762251 0.12448744929933848
0.10224629292762251 0.12448744929933848
0.10224629292762251 0.12448744929933848
0.10224629292762251 0.12448744929933848
0.10224629292762251 0.12448744929933848
0.10224629292762251 0.12448744929933848
0.10224629292762251 0.12448744929933848
0.10224629292762251 0.12448744929933848
0.10224629292762251 0.12448744929933848
0.10224629292762251 0.12448744929933848
0.10224629292762251 0.12448744929933848
0.10224629292762251 0.12448744929933848
0.10224629292762251 0.12448744929933848
0.10224629292762251 0.12448744929933848
0.10224629292762251 0.12448744929933848
0.10224629292762251 0.12448744929933848
0.10224629292762251 0.12448744929933848
0.10224629292762251 0.12448744929933848
0.10224629292762251 0.12448744929933848
0.10224629292762251 0.12448744929933848
0.10224629292762251 0.12448744929933848
0.10224629292762251 0.12448744929933848
0.10224629292762251 0.12448744929933848
0.10224629292762251 0.12448744929933848
0.14450906680987693 0.1244880169261099
0.14450906680987693 0.1244880169261099
0.14450906680987693 0.1244880169261099
0.14450906680987693 0.1244880169261099
0.14450906680987693 0.1244880169261099
0.14450906680987693 0.1244880169261099
0.14450906680987693 0.1244880169261099
0.14450906680987693 0.1244880169261099
0.14450906680987693 0.1244880169261099
0.14450906680987693 0.1244880169261099
0.14450906680987693 0.1244880169261099
0.14450906680987693 0.1244880169261099
0.14450906680987693 0.1244880169261099
0.14450906680987693 0.1244880169261099
0.14450906680987693 0.1244880169261099
0.14450906680987693 0.1244880169261099
0.14450906680987693 0.1244880169261099
0.14450906680987693 0.1244880169261099
0.14450906680987693 0.1244880169261099
0.14450906680987693 0.1244880169261099
0.14450906680987693 0.1244880169261099
0.14450906680987693 0.1244880169261099
0.144532286051186 0.12448727903896223
0.144532286051186 0.12448727903896223
0.144532286051186 0.12448727903896223
0.144532286051186 0.12448727903896223
0.144532286051186 0.12448727903896223
0.144532286051186 0.12448727903896223
0.144532286051186 0.12448727903896223
0.144532286051186 0.12448727903896223
0.144532286051186 0.12448727903896223
0.144532286051186 0.12448727903896223
0.144532286051186 0.12448727903896223
0.14442430615124935 0.1244871819433307
0.14442430615124935 0.1244871819433307
0.14442430615124935 0.1244871819433307
0.14442430615124935 0.1244871819433307
0.14442430615124935 0.1244871819433307
0.14442430615124935 0.1244871819433307
0.14442430615124935 0.1244871819433307
0.14442430615124935 0.1244871819433307
0.14442430615124935 0.1244871819433307
0.14442430615124935 0.1244871819433307
0.14442430615124935 0.1244871819433307
0.1447546261027695 0.12448811254650209
0.1447546261027695 0.12448811254650209
0.1447546261027695 0.12448811254650209
0.1447546261027695 0.12448811254650209
0.1447546261027695 0.12448811254650209
0.1447546261027695 0.12448811254650209
0.1447546261027695 0.12448811254650209
0.1447546261027695 0.12448811254650209
0.1447546261027695 0.12448811254650209
0.1447546261027695 0.12448811254650209
0.1447546261027695 0.12448811254650209
0.14493841084602946 0.12448660230637745
0.14493841084602946 0.12448660230637745
0.14493841084602946 0.12448660230637745
0.14493841084602946 0.12448660230637745
0.14493841084602946 0.12448660230637745
0.14493841084602946 0.12448660230637745
0.14493841084602946 0.12448660230637745
0.14493841084602946 0.12448660230637745
0.14493841084602946 0.12448660230637745
0.14493841084602946 0.12448660230637745
0.14493841084602946 0.12448660230637745
0.1453072160657614 0.12448829724071123
0.1453072160657614 0.12448829724071123
0.1453072160657614 0.12448829724071123
0.1453072160657614 0.12448829724071123
0.1453072160657614 0.12448829724071123
0.1453072160657614 0.12448829724071123
0.1453072160657614 0.12448829724071123
0.1453072160657614 0.12448829724071123
0.1453072160657614 0.12448829724071123
0.1453072160657614 0.12448829724071123
0.1453072160657614 0.12448829724071123
0.1452143192087987 0.12448711550080117
0.1452143192087987 0.12448711550080117
0.1452143192087987 0.12448711550080117
0.1452143192087987 0.12448711550080117
0.1452143192087987 0.12448711550080117
0.1452143192087987 0.12448711550080117
0.1452143192087987 0.12448711550080117
0.1452143192087987 0.12448711550080117
0.1452143192087987 0.12448711550080117
0.1452143192087987 0.12448711550080117
0.1452143192087987 0.12448711550080117
0.1447238969753538 0.12448693318696064
0.1447238969753538 0.12448693318696064
0.1447238969753538 0.12448693318696064
0.1447238969753538 0.12448693318696064
0.1447238969753538 0.12448693318696064
0.1447238969753538 0.12448693318696064
0.1447238969753538 0.12448693318696064
0.1447238969753538 0.12448693318696064
0.1447238969753538 0.12448693318696064
0.1447238969753538 0.12448693318696064
0.1447238969753538 0.12448693318696064
0.14604347744112822 0.12448355782472877
0.14604347744112822 0.12448355782472877
0.14604347744112822 0.12448355782472877
0.14604347744112822 0.12448355782472877
0.14604347744112822 0.12448355782472877
0.14604347744112822 0.12448355782472877
0.14604347744112822 0.12448355782472877
0.14604347744112822 0.12448355782472877
0.14604347744112822 0.12448355782472877
0.14604347744112822 0.12448355782472877
0.14604347744112822 0.12448355782472877
0.14604347744112822 0.12448355782472877
0.14604347744112822 0.12448355782472877
0.14604347744112822 0.12448355782472877
0.14604347744112822 0.12448355782472877
0.14604347744112822 0.12448355782472877
0.14604347744112822 0.12448355782472877
0.14604347744112822 0.12448355782472877
0.14604347744112822 0.12448355782472877
0.14604347744112822 0.12448355782472877
0.14604347744112822 0.12448355782472877
0.14604347744112822 0.12448355782472877
0.14604347744112822 0.12448355782472877
0.14604347744112822 0.12448355782472877
0.14604347744112822 0.12448355782472877
0.14604347744112822 0.12448355782472877
0.14604347744112822 0.12448355782472877
0.14604347744112822 0.12448355782472877
0.14604347744112822 0.12448355782472877
0.14604347744112822 0.12448355782472877
0.14604347744112822 0.12448355782472877
0.14604347744112822 0.12448355782472877
0.14604347744112822 0.12448355782472877
0.14604347744112822 0.12448355782472877
0.14604347744112822 0.12448355782472877
0.14604347744112822 0.12448355782472877
0.14604347744112822 0.12448355782472877
0.14604347744112822 0.12448355782472877
0.14604347744112822 0.12448355782472877
0.14604347744112822 0.12448355782472877
0.14604347744112822 0.12448355782472877
0.14604347744112822 0.12448355782472877
0.14604347744112822 0.12448355782472877
0.14604347744112822 0.12448355782472877
0.14604347744112822 0.12448355782472877
0.14604347744112822 0.12448355782472877
0.14604347744112822 0.12448355782472877
0.14604347744112822 0.12448355782472877
0.14604347744112822 0.12448355782472877
0.14604347744112822 0.12448355782472877
0.14604347744112822 0.12448355782472877
0.14604347744112822 0.12448355782472877
0.14604347744112822 0.12448355782472877
0.14604347744112822 0.12448355782472877
0.14604347744112822 0.12448355782472877
0.14604347744112822 0.12448355782472877
0.14604347744112822 0.12448355782472877
0.14604347744112822 0.12448355782472877
0.14604347744112822 0.12448355782472877
0.14604347744112822 0.12448355782472877
0.14604347744112822 0.12448355782472877
0.14604347744112822 0.12448355782472877
0.14604347744112822 0.12448355782472877
0.14604347744112822 0.12448355782472877
0.14604347744112822 0.12448355782472877
0.14604347744112822 0.12448355782472877
0.14461888171312032 0.12448804052002833
0.14461888171312032 0.12448804052002833
0.14461888171312032 0.12448804052002833
0.14461888171312032 0.12448804052002833
0.14461888171312032 0.12448804052002833
0.14461888171312032 0.12448804052002833
0.14461888171312032 0.12448804052002833
0.14461888171312032 0.12448804052002833
0.14461888171312032 0.12448804052002833
0.14461888171312032 0.12448804052002833
0.14461888171312032 0.12448804052002833
0.14459066745422328 0.1244874218071545
0.14459066745422328 0.1244874218071545
0.14459066745422328 0.1244874218071545
0.14459066745422328 0.1244874218071545
0.14459066745422328 0.1244874218071545
0.14459066745422328 0.1244874218071545
0.14459066745422328 0.1244874218071545
0.14459066745422328 0.1244874218071545
0.14459066745422328 0.1244874218071545
0.14459066745422328 0.1244874218071545
0.14459066745422328 0.1244874218071545
0.1447932382591012 0.12448758818316781
0.1447932382591012 0.12448758818316781
0.1447932382591012 0.12448758818316781
0.1447932382591012 0.12448758818316781
0.1447932382591012 0.12448758818316781
0.1447932382591012 0.12448758818316781
0.1447932382591012 0.12448758818316781
0.1447932382591012 0.12448758818316781
0.1447932382591012 0.12448758818316781
0.1447932382591012 0.12448758818316781
0.1447932382591012 0.12448758818316781
0.1447932382591012 0.12448758818316781
0.1447932382591012 0.12448758818316781
0.1447932382591012 0.12448758818316781
0.1447932382591012 0.12448758818316781
0.1447932382591012 0.12448758818316781
0.1447932382591012 0.12448758818316781
0.1447932382591012 0.12448758818316781
0.1447932382591012 0.12448758818316781
0.1447932382591012 0.12448758818316781
0.1447932382591012 0.12448758818316781
0.1447932382591012 0.12448758818316781
0.1449058780347124 0.12448797718205849
0.1449058780347124 0.12448797718205849
0.1449058780347124 0.12448797718205849
0.1449058780347124 0.12448797718205849
0.1449058780347124 0.12448797718205849
0.1449058780347124 0.12448797718205849
0.1449058780347124 0.12448797718205849
0.1449058780347124 0.12448797718205849
0.1449058780347124 0.12448797718205849
0.1449058780347124 0.12448797718205849
0.1449058780347124 0.12448797718205849
0.14461936416988846 0.12448581189430384
0.14461936416988846 0.12448581189430384
0.14461936416988846 0.12448581189430384
0.14461936416988846 0.12448581189430384
0.14461936416988846 0.12448581189430384
0.14461936416988846 0.12448581189430384
0.14461936416988846 0.12448581189430384
0.14461936416988846 0.12448581189430384
0.14461936416988846 0.12448581189430384
0.14461936416988846 0.12448581189430384
0.14461936416988846 0.12448581189430384
0.14461936416988846 0.12448581189430384
0.14461936416988846 0.12448581189430384
0.14461936416988846 0.12448581189430384
0.14461936416988846 0.12448581189430384
0.14461936416988846 0.12448581189430384
0.14461936416988846 0.12448581189430384
0.14461936416988846 0.12448581189430384
0.14461936416988846 0.12448581189430384
0.14461936416988846 0.12448581189430384
0.14461936416988846 0.12448581189430384
0.14461936416988846 0.12448581189430384
0.14480041776222366 0.1244871363478345
0.14480041776222366 0.1244871363478345
0.14480041776222366 0.1244871363478345
0.14480041776222366 0.1244871363478345
0.14480041776222366 0.1244871363478345
0.14480041776222366 0.1244871363478345
0.14480041776222366 0.1244871363478345
0.14480041776222366 0.1244871363478345
0.14480041776222366 0.1244871363478345
0.14480041776222366 0.1244871363478345
0.14480041776222366 0.1244871363478345
0.14480041776222366 0.1244871363478345
0.14480041776222366 0.1244871363478345
0.14480041776222366 0.1244871363478345
0.14480041776222366 0.1244871363478345
0.14480041776222366 0.1244871363478345
0.14480041776222366 0.1244871363478345
0.14480041776222366 0.1244871363478345
0.14480041776222366 0.1244871363478345
0.14480041776222366 0.1244871363478345
0.14480041776222366 0.1244871363478345
0.14480041776222366 0.1244871363478345
0.14417013243665752 0.12448783863350794
0.14417013243665752 0.12448783863350794
0.14417013243665752 0.12448783863350794
0.14417013243665752 0.12448783863350794
0.14417013243665752 0.12448783863350794
0.14417013243665752 0.12448783863350794
0.14417013243665752 0.12448783863350794
0.14417013243665752 0.12448783863350794
0.14417013243665752 0.12448783863350794
0.14417013243665752 0.12448783863350794
0.14417013243665752 0.12448783863350794
0.14417013243665752 0.12448783863350794
0.14417013243665752 0.12448783863350794
0.14417013243665752 0.12448783863350794
0.14417013243665752 0.12448783863350794
0.14417013243665752 0.12448783863350794
0.14417013243665752 0.12448783863350794
0.14417013243665752 0.12448783863350794
0.14417013243665752 0.12448783863350794
0.14417013243665752 0.12448783863350794
0.14417013243665752 0.12448783863350794
0.14417013243665752 0.12448783863350794
0.14417013243665752 0.12448783863350794
0.14417013243665752 0.12448783863350794
0.14417013243665752 0.12448783863350794
0.14417013243665752 0.12448783863350794
0.14417013243665752 0.12448783863350794
0.14417013243665752 0.12448783863350794
0.14417013243665752 0.12448783863350794
0.14417013243665752 0.12448783863350794
0.14417013243665752 0.12448783863350794
0.14417013243665752 0.12448783863350794
0.14417013243665752 0.12448783863350794
0.14417013243665752 0.12448783863350794
0.14417013243665752 0.12448783863350794
0.14417013243665752 0.12448783863350794
0.14417013243665752 0.12448783863350794
0.14417013243665752 0.12448783863350794
0.14417013243665752 0.12448783863350794
0.14417013243665752 0.12448783863350794
0.14417013243665752 0.12448783863350794
0.14417013243665752 0.12448783863350794
0.14417013243665752 0.12448783863350794
0.14417013243665752 0.12448783863350794
0.14468370827919982 0.12448749705347034
0.14468370827919982 0.12448749705347034
0.14468370827919982 0.12448749705347034
0.14468370827919982 0.12448749705347034
0.14468370827919982 0.12448749705347034
0.14468370827919982 0.12448749705347034
0.14468370827919982 0.12448749705347034
0.14468370827919982 0.12448749705347034
0.14468370827919982 0.12448749705347034
0.14468370827919982 0.12448749705347034
0.14468370827919982 0.12448749705347034
0.1446579784997898 0.12448773698936226
0.1446579784997898 0.12448773698936226
0.1446579784997898 0.12448773698936226
0.1446579784997898 0.12448773698936226
0.1446579784997898 0.12448773698936226
0.1446579784997898 0.12448773698936226
0.1446579784997898 0.12448773698936226
0.1446579784997898 0.12448773698936226
0.1446579784997898 0.12448773698936226
0.1446579784997898 0.12448773698936226
0.1446579784997898 0.12448773698936226
0.14468370827919982 0.12448749705347034
0.14468370827919982 0.12448749705347034
0.14468370827919982 0.12448749705347034
0.14468370827919982 0.12448749705347034
0.14468370827919982 0.12448749705347034
0.14468370827919982 0.12448749705347034
0.14468370827919982 0.12448749705347034
0.14468370827919982 0.12448749705347034
0.14468370827919982 0.12448749705347034
0.14468370827919982 0.12448749705347034
0.14468370827919982 0.12448749705347034
0.14447275789837388 0.12448753391477015
0.14447275789837388 0.12448753391477015
0.14447275789837388 0.12448753391477015
0.14447275789837388 0.12448753391477015
0.14447275789837388 0.12448753391477015
0.14447275789837388 0.12448753391477015
0.14447275789837388 0.12448753391477015
0.14447275789837388 0.12448753391477015
0.14447275789837388 0.12448753391477015
0.14447275789837388 0.12448753391477015
0.14447275789837388 0.12448753391477015
0.14447275789837388 0.12448753391477015
0.14447275789837388 0.12448753391477015
0.14447275789837388 0.12448753391477015
0.14447275789837388 0.12448753391477015
0.14447275789837388 0.12448753391477015
0.14447275789837388 0.12448753391477015
0.14447275789837388 0.12448753391477015
0.14447275789837388 0.12448753391477015
0.14447275789837388 0.12448753391477015
0.14447275789837388 0.12448753391477015
0.14447275789837388 0.12448753391477015
0.14457506696802278 0.12448729753484285
0.14457506696802278 0.12448729753484285
0.14457506696802278 0.12448729753484285
0.14457506696802278 0.12448729753484285
0.14457506696802278 0.12448729753484285
0.14457506696802278 0.12448729753484285
0.14457506696802278 0.12448729753484285
0.14457506696802278 0.12448729753484285
0.14457506696802278 0.12448729753484285
0.14457506696802278 0.12448729753484285
0.14457506696802278 0.12448729753484285
0.1453973519981389 0.12448969381628977
0.1453973519981389 0.12448969381628977
0.1453973519981389 0.12448969381628977
0.1453973519981389 0.12448969381628977
0.1453973519981389 0.12448969381628977
0.1453973519981389 0.12448969381628977
0.1453973519981389 0.12448969381628977
0.1453973519981389 0.12448969381628977
0.1453973519981389 0.12448969381628977
0.1453973519981389 0.12448969381628977
0.1453973519981389 0.12448969381628977
0.1453973519981389 0.12448969381628977
0.1453973519981389 0.12448969381628977
0.1453973519981389 0.12448969381628977
0.1453973519981389 0.12448969381628977
0.1453973519981389 0.12448969381628977
0.1453973519981389 0.12448969381628977
0.1453973519981389 0.12448969381628977
0.1453973519981389 0.12448969381628977
0.1453973519981389 0.12448969381628977
0.1453973519981389 0.12448969381628977
0.1453973519981389 0.12448969381628977
0.1453973519981389 0.12448969381628977
0.1453973519981389 0.12448969381628977
0.1453973519981389 0.12448969381628977
0.1453973519981389 0.12448969381628977
0.1453973519981389 0.12448969381628977
0.1453973519981389 0.12448969381628977
0.1453973519981389 0.12448969381628977
0.1453973519981389 0.12448969381628977
0.1453973519981389 0.12448969381628977
0.1453973519981389 0.12448969381628977
0.1453973519981389 0.12448969381628977
0.1453973519981389 0.12448969381628977
0.1453973519981389 0.12448969381628977
0.1453973519981389 0.12448969381628977
0.1453973519981389 0.12448969381628977
0.1453973519981389 0.12448969381628977
0.1453973519981389 0.12448969381628977
0.1453973519981389 0.12448969381628977
0.1453973519981389 0.12448969381628977
0.1453973519981389 0.12448969381628977
0.1453973519981389 0.12448969381628977
0.1453973519981389 0.12448969381628977
0.14338521770530438 0.12448892177095908
0.14338521770530438 0.12448892177095908
0.14338521770530438 0.12448892177095908
0.14338521770530438 0.12448892177095908
0.14338521770530438 0.12448892177095908
0.14338521770530438 0.12448892177095908
0.14338521770530438 0.12448892177095908
0.14338521770530438 0.12448892177095908
0.14338521770530438 0.12448892177095908
0.14338521770530438 0.12448892177095908
0.14338521770530438 0.12448892177095908
0.14338521770530438 0.12448892177095908
0.14338521770530438 0.12448892177095908
0.14338521770530438 0.12448892177095908
0.14338521770530438 0.12448892177095908
0.14338521770530438 0.12448892177095908
0.14338521770530438 0.12448892177095908
0.14338521770530438 0.12448892177095908
0.14338521770530438 0.12448892177095908
0.14338521770530438 0.12448892177095908
0.14338521770530438 0.12448892177095908
0.14338521770530438 0.12448892177095908
0.14449743861508568 0.12448789964944883
0.14449743861508568 0.12448789964944883
0.14449743861508568 0.12448789964944883
0.14449743861508568 0.12448789964944883
0.14449743861508568 0.12448789964944883
0.14449743861508568 0.12448789964944883
0.14449743861508568 0.12448789964944883
0.14449743861508568 0.12448789964944883
0.14449743861508568 0.12448789964944883
0.14449743861508568 0.12448789964944883
0.14449743861508568 0.12448789964944883
0.14404567088481093 0.12448555923808137
0.14404567088481093 0.12448555923808137
0.14404567088481093 0.12448555923808137
0.14404567088481093 0.12448555923808137
0.14404567088481093 0.12448555923808137
0.14404567088481093 0.12448555923808137
0.14404567088481093 0.12448555923808137
0.14404567088481093 0.12448555923808137
0.14404567088481093 0.12448555923808137
0.14404567088481093 0.12448555923808137
0.14404567088481093 0.12448555923808137
0.14404567088481093 0.12448555923808137
0.14404567088481093 0.12448555923808137
0.14404567088481093 0.12448555923808137
0.14404567088481093 0.12448555923808137
0.14404567088481093 0.12448555923808137
0.14404567088481093 0.12448555923808137
0.14404567088481093 0.12448555923808137
0.14404567088481093 0.12448555923808137
0.14404567088481093 0.12448555923808137
0.14404567088481093 0.12448555923808137
0.14404567088481093 0.12448555923808137
0.14404567088481093 0.12448555923808137
0.14404567088481093 0.12448555923808137
0.14404567088481093 0.12448555923808137
0.14404567088481093 0.12448555923808137
0.14404567088481093 0.12448555923808137
0.14404567088481093 0.12448555923808137
0.14404567088481093 0.12448555923808137
0.14404567088481093 0.12448555923808137
0.14404567088481093 0.12448555923808137
0.14404567088481093 0.12448555923808137
0.14404567088481093 0.12448555923808137
0.14404567088481093 0.12448555923808137
0.14404567088481093 0.12448555923808137
0.14404567088481093 0.12448555923808137
0.14404567088481093 0.12448555923808137
0.14404567088481093 0.12448555923808137
0.14404567088481093 0.12448555923808137
0.14404567088481093 0.12448555923808137
0.14404567088481093 0.12448555923808137
0.14404567088481093 0.12448555923808137
0.14404567088481093 0.12448555923808137
0.14404567088481093 0.12448555923808137
0.1447322157134612 0.12448692586162811
0.1447322157134612 0.12448692586162811
0.1447322157134612 0.12448692586162811
0.1447322157134612 0.12448692586162811
0.1447322157134612 0.12448692586162811
0.1447322157134612 0.12448692586162811
0.1447322157134612 0.12448692586162811
0.1447322157134612 0.12448692586162811
0.1447322157134612 0.12448692586162811
0.1447322157134612 0.12448692586162811
0.1447322157134612 0.12448692586162811
0.1447322157134612 0.12448692586162811
0.1447322157134612 0.12448692586162811
0.1447322157134612 0.12448692586162811
0.1447322157134612 0.12448692586162811
0.1447322157134612 0.12448692586162811
0.1447322157134612 0.12448692586162811
0.1447322157134612 0.12448692586162811
0.1447322157134612 0.12448692586162811
0.1447322157134612 0.12448692586162811
0.1447322157134612 0.12448692586162811
0.1447322157134612 0.12448692586162811
0.14612679076949472 0.12449051476878177
0.14612679076949472 0.12449051476878177
0.14612679076949472 0.12449051476878177
0.14612679076949472 0.12449051476878177
0.14612679076949472 0.12449051476878177
0.14612679076949472 0.12449051476878177
0.14612679076949472 0.12449051476878177
0.14612679076949472 0.12449051476878177
0.14612679076949472 0.12449051476878177
0.14612679076949472 0.12449051476878177
0.14612679076949472 0.12449051476878177
0.14612679076949472 0.12449051476878177
0.14612679076949472 0.12449051476878177
0.14612679076949472 0.12449051476878177
0.14612679076949472 0.12449051476878177
0.14612679076949472 0.12449051476878177
0.14612679076949472 0.12449051476878177
0.14612679076949472 0.12449051476878177
0.14612679076949472 0.12449051476878177
0.14612679076949472 0.12449051476878177
0.14612679076949472 0.12449051476878177
0.14612679076949472 0.12449051476878177
0.14488203474793934 0.1244873561540076
0.14488203474793934 0.1244873561540076
0.14488203474793934 0.1244873561540076
0.14488203474793934 0.1244873561540076
0.14488203474793934 0.1244873561540076
0.14488203474793934 0.1244873561540076
0.14488203474793934 0.1244873561540076
0.14488203474793934 0.1244873561540076
0.14488203474793934 0.1244873561540076
0.14488203474793934 0.1244873561540076
0.14488203474793934 0.1244873561540076
0.14612679076949472 0.12449051476878177
0.14612679076949472 0.12449051476878177
0.14612679076949472 0.12449051476878177
0.14612679076949472 0.12449051476878177
0.14612679076949472 0.12449051476878177
0.14612679076949472 0.12449051476878177
0.14612679076949472 0.12449051476878177
0.14612679076949472 0.12449051476878177
0.14612679076949472 0.12449051476878177
0.14612679076949472 0.12449051476878177
0.14612679076949472 0.12449051476878177
0.14612679076949472 0.12449051476878177
0.14612679076949472 0.12449051476878177
0.14612679076949472 0.12449051476878177
0.14612679076949472 0.12449051476878177
0.14612679076949472 0.12449051476878177
0.14612679076949472 0.12449051476878177
0.14612679076949472 0.12449051476878177
0.14612679076949472 0.12449051476878177
0.14612679076949472 0.12449051476878177
0.14612679076949472 0.12449051476878177
0.14612679076949472 0.12449051476878177
0.14488203474793934 0.1244873561540076
0.14488203474793934 0.1244873561540076
0.14488203474793934 0.1244873561540076
0.14488203474793934 0.1244873561540076
0.14488203474793934 0.1244873561540076
0.14488203474793934 0.1244873561540076
0.14488203474793934 0.1244873561540076
0.14488203474793934 0.1244873561540076
0.14488203474793934 0.1244873561540076
0.14488203474793934 0.1244873561540076
0.14488203474793934 0.1244873561540076
0.14451680636405537 0.12448776585749331
0.14451680636405537 0.12448776585749331
0.14451680636405537 0.12448776585749331
0.14451680636405537 0.12448776585749331
0.14451680636405537 0.12448776585749331
0.14451680636405537 0.12448776585749331
0.14451680636405537 0.12448776585749331
0.14451680636405537 0.12448776585749331
0.14451680636405537 0.12448776585749331
0.14451680636405537 0.12448776585749331
0.14451680636405537 0.12448776585749331
0.14388822781174346 0.12448717213819534
0.14388822781174346 0.12448717213819534
0.14388822781174346 0.12448717213819534
0.14388822781174346 0.12448717213819534
0.14388822781174346 0.12448717213819534
0.14388822781174346 0.12448717213819534
0.14388822781174346 0.12448717213819534
0.14388822781174346 0.12448717213819534
0.14388822781174346 0.12448717213819534
0.14388822781174346 0.12448717213819534
0.14388822781174346 0.12448717213819534
0.14388822781174346 0.12448717213819534
0.14388822781174346 0.12448717213819534
0.14388822781174346 0.12448717213819534
0.14388822781174346 0.12448717213819534
0.14388822781174346 0.12448717213819534
0.14388822781174346 0.12448717213819534
0.14388822781174346 0.12448717213819534
0.14388822781174346 0.12448717213819534
0.14388822781174346 0.12448717213819534
0.14388822781174346 0.12448717213819534
0.14388822781174346 0.12448717213819534
0.14388822781174346 0.12448717213819534
0.14388822781174346 0.12448717213819534
0.14388822781174346 0.12448717213819534
0.14388822781174346 0.12448717213819534
0.14388822781174346 0.12448717213819534
0.14388822781174346 0.12448717213819534
0.14388822781174346 0.12448717213819534
0.14388822781174346 0.12448717213819534
0.14388822781174346 0.12448717213819534
0.14388822781174346 0.12448717213819534
0.14388822781174346 0.12448717213819534
0.14388822781174346 0.12448717213819534
0.14388822781174346 0.12448717213819534
0.14388822781174346 0.12448717213819534
0.14388822781174346 0.12448717213819534
0.14388822781174346 0.12448717213819534
0.14388822781174346 0.12448717213819534
0.14388822781174346 0.12448717213819534
0.14388822781174346 0.12448717213819534
0.14388822781174346 0.12448717213819534
0.14388822781174346 0.12448717213819534
0.14388822781174346 0.12448717213819534
0.14388822781174346 0.12448717213819534
0.14388822781174346 0.12448717213819534
0.14388822781174346 0.12448717213819534
0.14388822781174346 0.12448717213819534
0.14388822781174346 0.12448717213819534
0.14388822781174346 0.12448717213819534
0.14388822781174346 0.12448717213819534
0.14388822781174346 0.12448717213819534
0.14388822781174346 0.12448717213819534
0.14388822781174346 0.12448717213819534
0.14388822781174346 0.12448717213819534
0.14388822781174346 0.12448717213819534
0.14388822781174346 0.12448717213819534
0.14388822781174346 0.12448717213819534
0.14388822781174346 0.12448717213819534
0.14388822781174346 0.12448717213819534
0.14388822781174346 0.12448717213819534
0.14388822781174346 0.12448717213819534
0.14388822781174346 0.12448717213819534
0.14388822781174346 0.12448717213819534
0.14388822781174346 0.12448717213819534
0.14388822781174346 0.12448717213819534
0.1450923958119298 0.12448747035241428
0.1450923958119298 0.12448747035241428
0.1450923958119298 0.12448747035241428
0.1450923958119298 0.12448747035241428
0.1450923958119298 0.12448747035241428
0.1450923958119298 0.12448747035241428
0.1450923958119298 0.12448747035241428
0.1450923958119298 0.12448747035241428
0.1450923958119298 0.12448747035241428
0.1450923958119298 0.12448747035241428
0.1450923958119298 0.12448747035241428
0.14503452988993598 0.12448745237004344
0.14503452988993598 0.12448745237004344
0.14503452988993598 0.12448745237004344
0.14503452988993598 0.12448745237004344
0.14503452988993598 0.12448745237004344
0.14503452988993598 0.12448745237004344
0.14503452988993598 0.12448745237004344
0.14503452988993598 0.12448745237004344
0.14503452988993598 0.12448745237004344
0.14503452988993598 0.12448745237004344
0.14503452988993598 0.12448745237004344
0.14503452988993598 0.12448745237004344
0.14503452988993598 0.12448745237004344
0.14503452988993598 0.12448745237004344
0.14503452988993598 0.12448745237004344
0.14503452988993598 0.12448745237004344
0.14503452988993598 0.12448745237004344
0.14503452988993598 0.12448745237004344
0.14503452988993598 0.12448745237004344
0.14503452988993598 0.12448745237004344
0.14503452988993598 0.12448745237004344
0.14503452988993598 0.12448745237004344
0.14503452988993598 0.12448745237004344
0.14503452988993598 0.12448745237004344
0.14503452988993598 0.12448745237004344
0.14503452988993598 0.12448745237004344
0.14503452988993598 0.12448745237004344
0.14503452988993598 0.12448745237004344
0.14503452988993598 0.12448745237004344
0.14503452988993598 0.12448745237004344
0.14503452988993598 0.12448745237004344
0.14503452988993598 0.12448745237004344
0.14503452988993598 0.12448745237004344
0.14503452988993598 0.12448745237004344
0.14503452988993598 0.12448745237004344
0.14503452988993598 0.12448745237004344
0.14503452988993598 0.12448745237004344
0.14503452988993598 0.12448745237004344
0.14503452988993598 0.12448745237004344
0.14503452988993598 0.12448745237004344
0.14503452988993598 0.12448745237004344
0.14503452988993598 0.12448745237004344
0.14503452988993598 0.12448745237004344
0.14503452988993598 0.12448745237004344
0.14500677349539348 0.1244864145022092
0.14500677349539348 0.1244864145022092
0.14500677349539348 0.1244864145022092
0.14500677349539348 0.1244864145022092
0.14500677349539348 0.1244864145022092
0.14500677349539348 0.1244864145022092
0.14500677349539348 0.1244864145022092
0.14500677349539348 0.1244864145022092
0.14500677349539348 0.1244864145022092
0.14500677349539348 0.1244864145022092
0.14500677349539348 0.1244864145022092
0.14500677349539348 0.1244864145022092
0.14500677349539348 0.1244864145022092
0.14500677349539348 0.1244864145022092
0.14500677349539348 0.1244864145022092
0.14500677349539348 0.1244864145022092
0.14500677349539348 0.1244864145022092
0.14500677349539348 0.1244864145022092
0.14500677349539348 0.1244864145022092
0.14500677349539348 0.1244864145022092
0.14500677349539348 0.1244864145022092
0.14500677349539348 0.1244864145022092
0.14500677349539348 0.1244864145022092
0.14500677349539348 0.1244864145022092
0.14500677349539348 0.1244864145022092
0.14500677349539348 0.1244864145022092
0.14500677349539348 0.1244864145022092
0.14500677349539348 0.1244864145022092
0.14500677349539348 0.1244864145022092
0.14500677349539348 0.1244864145022092
0.14500677349539348 0.1244864145022092
0.14500677349539348 0.1244864145022092
0.14500677349539348 0.1244864145022092
0.14500677349539348 0.1244864145022092
0.14500677349539348 0.1244864145022092
0.14500677349539348 0.1244864145022092
0.14500677349539348 0.1244864145022092
0.14500677349539348 0.1244864145022092
0.14500677349539348 0.1244864145022092
0.14500677349539348 0.1244864145022092
0.14500677349539348 0.1244864145022092
0.14500677349539348 0.1244864145022092
0.14500677349539348 0.1244864145022092
0.14500677349539348 0.1244864145022092
0.14488593718015785 0.12448719420461479
0.14488593718015785 0.12448719420461479
0.14488593718015785 0.12448719420461479
0.14488593718015785 0.12448719420461479
0.14488593718015785 0.12448719420461479
0.14488593718015785 0.12448719420461479
0.14488593718015785 0.12448719420461479
0.14488593718015785 0.12448719420461479
0.14488593718015785 0.12448719420461479
0.14488593718015785 0.12448719420461479
0.14488593718015785 0.12448719420461479
0.14483872600290157 0.12448751676247256
0.14483872600290157 0.12448751676247256
0.14483872600290157 0.12448751676247256
0.14483872600290157 0.12448751676247256
0.14483872600290157 0.12448751676247256
0.14483872600290157 0.12448751676247256
0.14483872600290157 0.12448751676247256
0.14483872600290157 0.12448751676247256
0.14483872600290157 0.12448751676247256
0.14483872600290157 0.12448751676247256
0.14483872600290157 0.12448751676247256
0.14517348994781637 0.12448693419022644
0.14517348994781637 0.12448693419022644
0.14517348994781637 0.12448693419022644
0.14517348994781637 0.12448693419022644
0.14517348994781637 0.12448693419022644
0.14517348994781637 0.12448693419022644
0.14517348994781637 0.12448693419022644
0.14517348994781637 0.12448693419022644
0.14517348994781637 0.12448693419022644
0.14517348994781637 0.12448693419022644
0.14517348994781637 0.12448693419022644
0.14517348994781637 0.12448693419022644
0.14517348994781637 0.12448693419022644
0.14517348994781637 0.12448693419022644
0.14517348994781637 0.12448693419022644
0.14517348994781637 0.12448693419022644
0.14517348994781637 0.12448693419022644
0.14517348994781637 0.12448693419022644
0.14517348994781637 0.12448693419022644
0.14517348994781637 0.12448693419022644
0.14517348994781637 0.12448693419022644
0.14517348994781637 0.12448693419022644
0.14517348994781637 0.12448693419022644
0.14517348994781637 0.12448693419022644
0.14517348994781637 0.12448693419022644
0.14517348994781637 0.12448693419022644
0.14517348994781637 0.12448693419022644
0.14517348994781637 0.12448693419022644
0.14517348994781637 0.12448693419022644
0.14517348994781637 0.12448693419022644
0.14517348994781637 0.12448693419022644
0.14517348994781637 0.12448693419022644
0.14517348994781637 0.12448693419022644
0.14517348994781637 0.12448693419022644
0.14517348994781637 0.12448693419022644
0.14517348994781637 0.12448693419022644
0.14517348994781637 0.12448693419022644
0.14517348994781637 0.12448693419022644
0.14517348994781637 0.12448693419022644
0.14517348994781637 0.12448693419022644
0.14517348994781637 0.12448693419022644
0.14517348994781637 0.12448693419022644
0.14517348994781637 0.12448693419022644
0.14517348994781637 0.12448693419022644
0.14472615240794462 0.12448708721620384
0.14472615240794462 0.12448708721620384
0.14472615240794462 0.12448708721620384
0.14472615240794462 0.12448708721620384
0.14472615240794462 0.12448708721620384
0.14472615240794462 0.12448708721620384
0.14472615240794462 0.12448708721620384
0.14472615240794462 0.12448708721620384
0.14472615240794462 0.12448708721620384
0.14472615240794462 0.12448708721620384
0.14472615240794462 0.12448708721620384
0.14409909388169675 0.12448786424176864
0.14409909388169675 0.12448786424176864
0.14409909388169675 0.12448786424176864
0.14409909388169675 0.12448786424176864
0.14409909388169675 0.12448786424176864
0.14409909388169675 0.12448786424176864
0.14409909388169675 0.12448786424176864
0.14409909388169675 0.12448786424176864
0.14409909388169675 0.12448786424176864
0.14409909388169675 0.12448786424176864
0.14409909388169675 0.12448786424176864
0.14480127887106553 0.12448800370788435
0.14480127887106553 0.12448800370788435
0.14480127887106553 0.12448800370788435
0.14480127887106553 0.12448800370788435
0.14480127887106553 0.12448800370788435
0.14480127887106553 0.12448800370788435
0.14480127887106553 0.12448800370788435
0.14480127887106553 0.12448800370788435
0.14480127887106553 0.12448800370788435
0.14480127887106553 0.12448800370788435
0.14480127887106553 0.12448800370788435
0.14480127887106553 0.12448800370788435
0.14480127887106553 0.12448800370788435
0.14480127887106553 0.12448800370788435
0.14480127887106553 0.12448800370788435
0.14480127887106553 0.12448800370788435
0.14480127887106553 0.12448800370788435
0.14480127887106553 0.12448800370788435
0.14480127887106553 0.12448800370788435
0.14480127887106553 0.12448800370788435
0.14480127887106553 0.12448800370788435
0.14480127887106553 0.12448800370788435
0.14480127887106553 0.12448800370788435
0.14480127887106553 0.12448800370788435
0.14480127887106553 0.12448800370788435
0.14480127887106553 0.12448800370788435
0.14480127887106553 0.12448800370788435
0.14480127887106553 0.12448800370788435
0.14480127887106553 0.12448800370788435
0.14480127887106553 0.12448800370788435
0.14480127887106553 0.12448800370788435
0.14480127887106553 0.12448800370788435
0.14480127887106553 0.12448800370788435