3.4504535458811776e-07 7.564816697402693e-08
3.4504535458811776e-07 7.564816697402693e-08
3.3803535366261784e-07 7.5529747131856e-08
3.3803535366261784e-07 7.5529747131856e-08
3.4555669657037093e-07 7.574462686931869e-08
9.934686159617535e-07 2.1449978679122127e-07
9.934686159617535e-07 2.1449978679122127e-07
2.9259302838591263e-07 6.186016330204558e-08
2.9259302838591263e-07 6.186016330204558e-08
3.685982990541581e-07 7.937305692701165e-08
3.5221230768980167e-07 7.551697118034962e-08
3.5221230768980167e-07 7.551697118034962e-08
8.546422185174321e-07 1.8072659324576468e-07
7.464678248406798e-07 1.5748631038968441e-07
7.464678248406798e-07 1.5748631038968441e-07
7.464678248406798e-07 1.5748631038968441e-07
7.464678248406798e-07 1.5748631038968441e-07
7.464678248406798e-07 1.5748631038968441e-07
7.464678248406798e-07 1.5748631038968441e-07
3.5489537586434655e-07 7.930257422545747e-08
3.5489537586434655e-07 7.930257422545747e-08
3.5489537586434655e-07 7.930257422545747e-08
9.934686159617535e-07 2.1449978679122127e-07
9.934686159617535e-07 2.1449978679122127e-07
9.934686159617535e-07 2.1449978679122127e-07
9.934686159617535e-07 2.1449978679122127e-07
9.58306624819689e-07 2.0673265156196357e-07
9.58306624819689e-07 2.0673265156196357e-07
2.991445759248546e-07 5.8074888866198814e-08
2.991445759248546e-07 5.8074888866198814e-08
2.991445759248546e-07 5.8074888866198814e-08
2.991445759248546e-07 5.8074888866198814e-08
7.393733874084367e-07 1.575967694151072e-07
7.393733874084367e-07 1.575967694151072e-07
7.393733874084367e-07 1.575967694151072e-07
7.393733874084367e-07 1.575967694151072e-07
3.305998701584037e-07 7.557158446702666e-08
3.305998701584037e-07 7.557158446702666e-08
8.949095942614082e-07 1.768122225656907e-07
2.09426380853977e-07 4.354526391413828e-08
2.09426380853977e-07 4.354526391413828e-08
2.09426380853977e-07 4.354526391413828e-08
2.09426380853977e-07 4.354526391413828e-08
2.09426380853977e-07 4.354526391413828e-08
2.09426380853977e-07 4.354526391413828e-08
2.09426380853977e-07 4.354526391413828e-08
2.09426380853977e-07 4.354526391413828e-08
3.982196207371188e-07 8.256182038120618e-08
3.982196207371188e-07 8.256182038120618e-08
4.4681462189408006e-07 1.008013525418977e-07