3.508383281642777e-07 7.487830017427528e-08
3.508383281642777e-07 7.487830017427528e-08
3.551109236610018e-07 7.483678982364605e-08
3.6046818918469563e-07 7.493111900834321e-08
3.6597147043338364e-07 7.484047629738831e-08
3.6740938730827937e-07 7.508275209191447e-08
3.3602223725224856e-07 7.485154610524246e-08
3.320930562212038e-07 7.474967297206837e-08
3.5387375937366203e-07 7.494290730990226e-08
3.361137132641435e-07 7.48262276722278e-08
3.361137132641435e-07 7.48262276722278e-08
3.361137132641435e-07 7.48262276722278e-08
3.361137132641435e-07 7.48262276722278e-08
3.361137132641435e-07 7.48262276722278e-08
3.361137132641435e-07 7.48262276722278e-08
3.4748389468995003e-07 7.501375189606634e-08
3.505941695119357e-07 7.491889000647776e-08
3.459974054627897e-07 7.492538548044012e-08
3.459974054627897e-07 7.492538548044012e-08
3.5036729656719694e-07 7.488011688283931e-08
3.1803208751114796e-07 7.515135934680603e-08
3.1803208751114796e-07 7.515135934680603e-08
3.3614972833409094e-07 7.494419787280857e-08
3.3614972833409094e-07 7.494419787280857e-08
3.387709365853326e-07 7.50251818097008e-08
3.387709365853326e-07 7.50251818097008e-08
3.387709365853326e-07 7.50251818097008e-08
3.387709365853326e-07 7.50251818097008e-08
3.3819616903558663e-07 7.497566281654345e-08
3.429540711353351e-07 7.491985102021866e-08
3.3819616903558663e-07 7.497566281654345e-08
3.471105130088429e-07 7.503519464300472e-08
3.471105130088429e-07 7.503519464300472e-08
3.547294257881027e-07 7.500113054335724e-08
3.532386962181716e-07 7.477898639154749e-08
3.532386962181716e-07 7.477898639154749e-08
3.532386962181716e-07 7.477898639154749e-08
3.532386962181716e-07 7.477898639154749e-08
3.3186660374975744e-07 7.555051223862894e-08
3.3186660374975744e-07 7.555051223862894e-08
3.643421828990789e-07 7.498982799023954e-08
3.4956162147880085e-07 7.502563721986827e-08
3.4956162147880085e-07 7.502563721986827e-08
3.4956162147880085e-07 7.502563721986827e-08
3.4956162147880085e-07 7.502563721986827e-08
3.6643222583285547e-07 7.494756967815595e-08
3.6643222583285547e-07 7.494756967815595e-08
3.7355211185774806e-07 7.472958701185507e-08
3.7355211185774806e-07 7.472958701185507e-08
3.431863002819444e-07 7.48900897435357e-08
3.7355211185774806e-07 7.472958701185507e-08
3.7355211185774806e-07 7.472958701185507e-08
3.431863002819444e-07 7.48900897435357e-08
3.417435621590063e-07 7.494976620140199e-08
3.3876366796355494e-07 7.473313040397179e-08
3.3876366796355494e-07 7.473313040397179e-08
3.3876366796355494e-07 7.473313040397179e-08
3.3876366796355494e-07 7.473313040397179e-08
3.3876366796355494e-07 7.473313040397179e-08
3.3876366796355494e-07 7.473313040397179e-08
3.4342115867005643e-07 7.490358730803672e-08
3.3112062936339796e-07 7.50175519816664e-08
3.3112062936339796e-07 7.50175519816664e-08
3.3112062936339796e-07 7.50175519816664e-08
3.3112062936339796e-07 7.50175519816664e-08
3.4740555228687854e-07 7.492497739758236e-08
3.4740555228687854e-07 7.492497739758236e-08
3.4740555228687854e-07 7.492497739758236e-08
3.4740555228687854e-07 7.492497739758236e-08
3.454218064909407e-07 7.489413629172229e-08
3.446467499674051e-07 7.488137752508812e-08
3.475959880434838e-07 7.482782363382383e-08
3.475959880434838e-07 7.482782363382383e-08
3.475959880434838e-07 7.482782363382383e-08
3.475959880434838e-07 7.482782363382383e-08
3.4543509495161875e-07 7.495813366584367e-08
3.424060479417198e-07 7.481845980895175e-08
3.4507219566405427e-07 7.489853882187183e-08
3.4507219566405427e-07 7.489853882187183e-08
3.4507219566405427e-07 7.489853882187183e-08
3.453501979599476e-07 7.4900268272105e-08
3.453501979599476e-07 7.4900268272105e-08
3.465581607887069e-07 7.484877255545259e-08
3.4617369005637277e-07 7.49356471821682e-08
3.4636577297685463e-07 7.491916358348168e-08
3.427605315301411e-07 7.490641305113011e-08
3.514882632796567e-07 7.486542647906908e-08
3.5052900903299236e-07 7.486487992531428e-08
3.3338205295932677e-07 7.476514777473777e-08
3.4302439216507884e-07 7.52476950324628e-08
3.4302439216507884e-07 7.52476950324628e-08
3.4302439216507884e-07 7.52476950324628e-08
3.4302439216507884e-07 7.52476950324628e-08
3.4302439216507884e-07 7.52476950324628e-08
3.4302439216507884e-07 7.52476950324628e-08
3.504689393382085e-07 7.490172140163539e-08
3.4766558938873654e-07 7.49913020926466e-08
3.541585974987224e-07 7.49084854276964e-08
3.541585974987224e-07 7.49084854276964e-08
3.497328673971725e-07 7.495249149324243e-08
3.618106489699205e-07 7.462297716957737e-08
3.618106489699205e-07 7.462297716957737e-08
3.555125606632534e-07 7.496330121266548e-08
3.555125606632534e-07 7.496330121266548e-08
3.4750431820437624e-07 7.478979506542295e-08
3.4750431820437624e-07 7.478979506542295e-08
3.4750431820437624e-07 7.478979506542295e-08
3.4750431820437624e-07 7.478979506542295e-08
3.513153661096085e-07 7.490540283244333e-08
3.4623039909025683e-07 7.491651326236995e-08
3.513153661096085e-07 7.490540283244333e-08
3.365821324302544e-07 7.48307417831891e-08
3.365821324302544e-07 7.48307417831891e-08
3.413711232369772e-07 7.487749195874336e-08
3.5305786757874506e-07 7.471813517481989e-08
3.5305786757874506e-07 7.471813517481989e-08
3.5305786757874506e-07 7.471813517481989e-08
3.5305786757874506e-07 7.471813517481989e-08
3.221231264111006e-07 7.511624784552669e-08
3.221231264111006e-07 7.511624784552669e-08
3.3897341973114654e-07 7.490353410380247e-08
3.257375834900036e-07 7.479024904676994e-08
3.257375834900036e-07 7.479024904676994e-08
3.257375834900036e-07 7.479024904676994e-08
3.257375834900036e-07 7.479024904676994e-08
3.4872710741096616e-07 7.495099984173197e-08
3.4872710741096616e-07 7.495099984173197e-08
3.5078761326029646e-07 7.515051003242087e-08
3.5078761326029646e-07 7.515051003242087e-08
3.508557188707532e-07 7.496019741290439e-08
3.5078761326029646e-07 7.515051003242087e-08
3.5078761326029646e-07 7.515051003242087e-08
3.508557188707532e-07 7.496019741290439e-08
3.465990438240863e-07 7.488052380629988e-08
3.6134946409661634e-07 7.490750490087446e-08
3.6134946409661634e-07 7.490750490087446e-08
3.6134946409661634e-07 7.490750490087446e-08
3.6134946409661634e-07 7.490750490087446e-08
3.6134946409661634e-07 7.490750490087446e-08
3.6134946409661634e-07 7.490750490087446e-08
3.4966537975093833e-07 7.494129730456502e-08
3.3963509338406155e-07 7.50675533092681e-08
3.3963509338406155e-07 7.50675533092681e-08
3.3963509338406155e-07 7.50675533092681e-08
3.3963509338406155e-07 7.50675533092681e-08
3.5407779339374215e-07 7.483929978783669e-08
3.5407779339374215e-07 7.483929978783669e-08
3.5407779339374215e-07 7.483929978783669e-08
3.5407779339374215e-07 7.483929978783669e-08
3.5197955209612646e-07 7.491272423244131e-08
3.511597617736975e-07 7.494309945174127e-08
3.5238463595061895e-07 7.493512005002773e-08
3.5238463595061895e-07 7.493512005002773e-08
3.5238463595061895e-07 7.493512005002773e-08
3.5238463595061895e-07 7.493512005002773e-08
3.503232076417575e-07 7.491503323636276e-08
3.474335860873247e-07 7.48870268196948e-08
3.453646526412683e-07 7.493312766899157e-08
3.453646526412683e-07 7.493312766899157e-08
3.453646526412683e-07 7.493312766899157e-08
3.4637100790289434e-07 7.485663541313547e-08
3.4637100790289434e-07 7.485663541313547e-08
3.4230061836840714e-07 7.486597984351104e-08
3.418812150753377e-07 7.488418595754436e-08
3.4595903001391e-07 7.499911982585817e-08
3.488268477689095e-07 7.484629306539949e-08
3.5130243984107416e-07 7.476238199845361e-08
3.5300640509340946e-07 7.499812176578803e-08
3.549611509895316e-07 7.497213872079349e-08
3.6282488753199086e-07 7.459057652119509e-08
3.6282488753199086e-07 7.459057652119509e-08
3.6282488753199086e-07 7.459057652119509e-08
3.6282488753199086e-07 7.459057652119509e-08
3.6282488753199086e-07 7.459057652119509e-08
3.6282488753199086e-07 7.459057652119509e-08
3.414351798253982e-07 7.497508194703593e-08
3.4220890314502256e-07 7.49502658855526e-08
3.477255234629166e-07 7.484252241107081e-08
3.477255234629166e-07 7.484252241107081e-08
3.4298451660247684e-07 7.491147652380868e-08
3.2209777963979765e-07 7.520007352797778e-08
3.2209777963979765e-07 7.520007352797778e-08
3.5385173290367536e-07 7.489841755786668e-08
3.5385173290367536e-07 7.489841755786668e-08
3.5865264268528237e-07 7.509948923985277e-08
3.5865264268528237e-07 7.509948923985277e-08
3.5865264268528237e-07 7.509948923985277e-08
3.5865264268528237e-07 7.509948923985277e-08
3.5597985499099635e-07 7.493232160981488e-08
3.4671555840146413e-07 7.485638517019649e-08
3.5597985499099635e-07 7.493232160981488e-08
3.48270978387399e-07 7.50069033672617e-08
3.48270978387399e-07 7.50069033672617e-08
3.4392105528465743e-07 7.489207980764242e-08
3.5828277710713063e-07 7.459468146587056e-08
3.5828277710713063e-07 7.459468146587056e-08
3.5828277710713063e-07 7.459468146587056e-08
3.5828277710713063e-07 7.459468146587056e-08
3.317506142662008e-07 7.5661249441647e-08
3.317506142662008e-07 7.5661249441647e-08
3.313639813880237e-07 7.494725396493834e-08
3.467646323697526e-07 7.50999451010736e-08
3.467646323697526e-07 7.50999451010736e-08
3.467646323697526e-07 7.50999451010736e-08
3.467646323697526e-07 7.50999451010736e-08
3.372394877491932e-07 7.471153638326466e-08
3.372394877491932e-07 7.471153638326466e-08
3.3309031375705073e-07 7.449424021243224e-08
3.3309031375705073e-07 7.449424021243224e-08
3.452499300016166e-07 7.498109490291248e-08
3.3309031375705073e-07 7.449424021243224e-08
3.3309031375705073e-07 7.449424021243224e-08
3.452499300016166e-07 7.498109490291248e-08
3.5016989330368413e-07 7.492542958091368e-08
3.4729376955256935e-07 7.46863213631884e-08
3.4729376955256935e-07 7.46863213631884e-08
3.4729376955256935e-07 7.46863213631884e-08
3.4729376955256935e-07 7.46863213631884e-08
3.4729376955256935e-07 7.46863213631884e-08
3.4729376955256935e-07 7.46863213631884e-08
3.4953854904112125e-07 7.496148187447114e-08
3.4506694903188836e-07 7.4974186560054e-08
3.4506694903188836e-07 7.4974186560054e-08
3.4506694903188836e-07 7.4974186560054e-08
3.4506694903188836e-07 7.4974186560054e-08
3.478956118894275e-07 7.491350486728024e-08
3.478956118894275e-07 7.491350486728024e-08
3.478956118894275e-07 7.491350486728024e-08
3.478956118894275e-07 7.491350486728024e-08
3.509258151193281e-07 7.487080776179593e-08
3.521097262765855e-07 7.485314424456345e-08
3.5287652735136004e-07 7.498441373596096e-08
3.5287652735136004e-07 7.498441373596096e-08
3.5287652735136004e-07 7.498441373596096e-08
3.5287652735136004e-07 7.498441373596096e-08
3.5062414686511636e-07 7.487032517130332e-08
3.4746685676006877e-07 7.506713723252312e-08
3.522212544273611e-07 7.49236388429814e-08
3.522212544273611e-07 7.49236388429814e-08
3.522212544273611e-07 7.49236388429814e-08
3.4864723726695855e-07 7.509388074454076e-08
3.4864723726695855e-07 7.509388074454076e-08
3.4339191442360183e-07 7.488629786765169e-08
3.482564034119045e-07 7.509876928143986e-08
3.829658940302214e-07 7.494989876959323e-08
3.7369537136431047e-07 7.478619048811768e-08
3.7161735304391773e-07 7.482616284730877e-08
3.731828510083801e-07 7.479912338419358e-08
3.624575733408816e-07 7.499248555559869e-08
3.6837399417573926e-07 7.390959029366393e-08
3.6837399417573926e-07 7.390959029366393e-08
3.6837399417573926e-07 7.390959029366393e-08
3.6837399417573926e-07 7.390959029366393e-08
3.6837399417573926e-07 7.390959029366393e-08
3.6837399417573926e-07 7.390959029366393e-08
3.4162440352783435e-07 7.479529351945989e-08
3.3572572886580306e-07 7.483487828366715e-08
3.434112693702403e-07 7.507425670698886e-08
3.434112693702403e-07 7.507425670698886e-08
3.417006980301775e-07 7.479614863900865e-08
3.246506390363189e-07 7.58026840972412e-08
3.246506390363189e-07 7.58026840972412e-08
3.4125886671840426e-07 7.483336247607549e-08
3.4125886671840426e-07 7.483336247607549e-08
3.375452317159326e-07 7.463833300427781e-08
3.375452317159326e-07 7.463833300427781e-08
3.375452317159326e-07 7.463833300427781e-08
3.375452317159326e-07 7.463833300427781e-08
3.405078693233803e-07 7.502526273154275e-08
3.431797318050396e-07 7.479627448881917e-08
3.405078693233803e-07 7.502526273154275e-08
3.632958588266704e-07 7.477710921183064e-08
3.632958588266704e-07 7.477710921183064e-08
3.594343156230441e-07 7.482503077319899e-08
3.875423390967903e-07 7.51162579504731e-08
3.875423390967903e-07 7.51162579504731e-08
3.875423390967903e-07 7.51162579504731e-08
3.875423390967903e-07 7.51162579504731e-08
3.110478451046545e-07 7.560049244346366e-08
3.110478451046545e-07 7.560049244346366e-08
3.4558492399888284e-07 7.493820363397134e-08
3.6769251812068764e-07 7.542445749851148e-08
3.6769251812068764e-07 7.542445749851148e-08
3.6769251812068764e-07 7.542445749851148e-08
3.6769251812068764e-07 7.542445749851148e-08
3.535029092287838e-07 7.490038049079752e-08
3.535029092287838e-07 7.490038049079752e-08
2.9386004255920576e-07 7.598513742869516e-08
2.9386004255920576e-07 7.598513742869516e-08
3.5851687904117207e-07 7.488713593196593e-08
2.9386004255920576e-07 7.598513742869516e-08
2.9386004255920576e-07 7.598513742869516e-08
3.5851687904117207e-07 7.488713593196593e-08
3.415492289241352e-07 7.497455581135857e-08
3.727376322399977e-07 7.525364117869579e-08
3.727376322399977e-07 7.525364117869579e-08
3.727376322399977e-07 7.525364117869579e-08
3.727376322399977e-07 7.525364117869579e-08
3.727376322399977e-07 7.525364117869579e-08
3.727376322399977e-07 7.525364117869579e-08
3.579222437699363e-07 7.488961993192791e-08
3.414936410415862e-07 7.506717960831174e-08
3.414936410415862e-07 7.506717960831174e-08
3.414936410415862e-07 7.506717960831174e-08
3.414936410415862e-07 7.506717960831174e-08
3.848300693331902e-07 7.482607933866915e-08
3.848300693331902e-07 7.482607933866915e-08
3.848300693331902e-07 7.482607933866915e-08
3.848300693331902e-07 7.482607933866915e-08
3.558911638728162e-07 7.487851385373642e-08
3.4458463079434786e-07 7.490020567452759e-08
3.5078744742004616e-07 7.483138873661436e-08
3.5078744742004616e-07 7.483138873661436e-08
3.5078744742004616e-07 7.483138873661436e-08
3.5078744742004616e-07 7.483138873661436e-08
3.4404546062908196e-07 7.500772198448821e-08
3.345948334755086e-07 7.467349350412655e-08
3.412889035605818e-07 7.491619491245062e-08
3.412889035605818e-07 7.491619491245062e-08
3.412889035605818e-07 7.491619491245062e-08
3.392420979540169e-07 7.495045925821515e-08
3.392420979540169e-07 7.495045925821515e-08
3.356105822865744e-07 7.502713634929932e-08
3.4372762207952864e-07 7.510399559418319e-08
3.5856624185732496e-07 7.498410641182862e-08
3.658327257309959e-07 7.459034291048947e-08
3.556113621824756e-07 7.530255483096364e-08
3.5175225911765806e-07 7.518456590148492e-08
3.5725599805066956e-07 7.468362240439207e-08
3.5012984462308484e-07 7.433550083429706e-08
3.5012984462308484e-07 7.433550083429706e-08
3.5012984462308484e-07 7.433550083429706e-08
3.5012984462308484e-07 7.433550083429706e-08
3.5012984462308484e-07 7.433550083429706e-08
3.5012984462308484e-07 7.433550083429706e-08
3.6509069751356014e-07 7.504141999576244e-08
3.7054980742471204e-07 7.502430201579118e-08
3.5592165076205974e-07 7.504744535151148e-08
3.5592165076205974e-07 7.504744535151148e-08
3.3549641784746677e-07 7.498547433778241e-08
3.4724208012867956e-07 7.406123222214123e-08
3.4724208012867956e-07 7.406123222214123e-08
3.459849329223284e-07 7.487738297813023e-08
3.459849329223284e-07 7.487738297813023e-08
3.452237220950142e-07 7.522648181647781e-08
3.452237220950142e-07 7.522648181647781e-08
3.452237220950142e-07 7.522648181647781e-08
3.452237220950142e-07 7.522648181647781e-08
3.42654747081006e-07 7.497132010632709e-08
3.5239117279606127e-07 7.495564050594458e-08
3.42654747081006e-07 7.497132010632709e-08
3.4980676512534123e-07 7.513373938198946e-08
3.4980676512534123e-07 7.513373938198946e-08
3.5026141356453603e-07 7.487028730443094e-08
3.4567681797310343e-07 7.528860780617087e-08
3.4567681797310343e-07 7.528860780617087e-08
3.4567681797310343e-07 7.528860780617087e-08
3.4567681797310343e-07 7.528860780617087e-08
3.1438171544554046e-07 7.468439323336877e-08
3.1438171544554046e-07 7.468439323336877e-08
3.47340069745886e-07 7.50340455168214e-08
3.781921110186139e-07 7.522693844855595e-08
3.781921110186139e-07 7.522693844855595e-08
3.781921110186139e-07 7.522693844855595e-08
3.781921110186139e-07 7.522693844855595e-08
3.5095976251913225e-07 7.44560470526955e-08
3.5095976251913225e-07 7.44560470526955e-08
4.150041066664439e-07 7.423949396460383e-08
4.150041066664439e-07 7.423949396460383e-08
3.4305326739026205e-07 7.485932283909928e-08
4.150041066664439e-07 7.423949396460383e-08
4.150041066664439e-07 7.423949396460383e-08
3.4305326739026205e-07 7.485932283909928e-08
3.5031706704897103e-07 7.503256261880792e-08
3.3041050662380857e-07 7.490555020237269e-08
3.3041050662380857e-07 7.490555020237269e-08
3.3041050662380857e-07 7.490555020237269e-08
3.3041050662380857e-07 7.490555020237269e-08
3.3041050662380857e-07 7.490555020237269e-08
3.3041050662380857e-07 7.490555020237269e-08
3.431213891517629e-07 7.493786409704346e-08
3.2649432316742646e-07 7.529842816396555e-08
3.2649432316742646e-07 7.529842816396555e-08
3.2649432316742646e-07 7.529842816396555e-08
3.2649432316742646e-07 7.529842816396555e-08
3.436424241288569e-07 7.463012730145148e-08
3.436424241288569e-07 7.463012730145148e-08
3.436424241288569e-07 7.463012730145148e-08
3.436424241288569e-07 7.463012730145148e-08
3.476011465149386e-07 7.487741777822624e-08
3.4914783340218093e-07 7.497972025396536e-08
3.516292174904297e-07 7.492995879688278e-08
3.516292174904297e-07 7.492995879688278e-08
3.516292174904297e-07 7.492995879688278e-08
3.516292174904297e-07 7.492995879688278e-08
3.4879434398194763e-07 7.501814577246423e-08
3.4482054020764895e-07 7.514292267014564e-08
3.423728717913038e-07 7.49244951344913e-08
3.423728717913038e-07 7.49244951344913e-08
3.423728717913038e-07 7.49244951344913e-08
3.480821977720031e-07 7.470038547338965e-08
3.480821977720031e-07 7.470038547338965e-08
3.618113523902726e-07 7.48380120598565e-08
3.620268770994909e-07 7.490552376481616e-08
3.569951955846211e-07 7.523631845911912e-08
3.553473643462934e-07 7.530416596496707e-08
3.2339020227910575e-07 7.466563666099671e-08
3.2653249468979345e-07 7.531718843537437e-08
3.387063803429049e-07 7.494413127922597e-08
3.153961657540446e-07 7.504688507240595e-08
3.153961657540446e-07 7.504688507240595e-08
3.153961657540446e-07 7.504688507240595e-08
3.153961657540446e-07 7.504688507240595e-08
3.153961657540446e-07 7.504688507240595e-08
3.153961657540446e-07 7.504688507240595e-08
3.3994597554241426e-07 7.486710427087388e-08
3.32828993399273e-07 7.479117635628566e-08
3.3778384353011183e-07 7.49942731694641e-08
3.3778384353011183e-07 7.49942731694641e-08
3.5212263667761644e-07 7.475246932889008e-08
3.5753277251918085e-07 7.528922778733799e-08
3.5753277251918085e-07 7.528922778733799e-08
3.500678188643988e-07 7.476325020092684e-08
3.500678188643988e-07 7.476325020092684e-08
3.562986012262271e-07 7.459020708132234e-08
3.562986012262271e-07 7.459020708132234e-08
3.562986012262271e-07 7.459020708132234e-08
3.562986012262271e-07 7.459020708132234e-08
3.5285966118668187e-07 7.482541886159689e-08
3.3586774949329287e-07 7.486602028564126e-08
3.5285966118668187e-07 7.482541886159689e-08
3.6961343602335366e-07 7.489663543231032e-08
3.6961343602335366e-07 7.489663543231032e-08
3.7219197370146055e-07 7.500235546358418e-08
3.704589658695318e-07 7.451873842607557e-08
3.704589658695318e-07 7.451873842607557e-08
3.704589658695318e-07 7.451873842607557e-08
3.704589658695318e-07 7.451873842607557e-08
3.882040283778082e-07 7.612410784448709e-08
3.882040283778082e-07 7.612410784448709e-08
3.598888033803046e-07 7.503129014493479e-08
3.5634968919675037e-07 7.459065985115081e-08
3.5634968919675037e-07 7.459065985115081e-08
3.5634968919675037e-07 7.459065985115081e-08
3.5634968919675037e-07 7.459065985115081e-08
3.761526583462423e-07 7.516858490756583e-08
3.761526583462423e-07 7.516858490756583e-08
3.746217736247329e-07 7.494995942537103e-08
3.746217736247329e-07 7.494995942537103e-08
3.4110257507375955e-07 7.476015468412918e-08
3.746217736247329e-07 7.494995942537103e-08
3.746217736247329e-07 7.494995942537103e-08
3.4110257507375955e-07 7.476015468412918e-08
3.417799976223294e-07 7.478768609655448e-08
3.2658273100314674e-07 7.470760279011063e-08
3.2658273100314674e-07 7.470760279011063e-08
3.2658273100314674e-07 7.470760279011063e-08
3.2658273100314674e-07 7.470760279011063e-08
3.2658273100314674e-07 7.470760279011063e-08
3.2658273100314674e-07 7.470760279011063e-08
3.406859048178266e-07 7.483267580213904e-08
3.5573839622414497e-07 7.450728550756532e-08
3.5573839622414497e-07 7.450728550756532e-08
3.5573839622414497e-07 7.450728550756532e-08
3.5573839622414497e-07 7.450728550756532e-08
3.269306875836388e-07 7.495992123657392e-08
3.269306875836388e-07 7.495992123657392e-08
3.269306875836388e-07 7.495992123657392e-08
3.269306875836388e-07 7.495992123657392e-08
3.4042404171823743e-07 7.480655073787883e-08
3.4569594307163276e-07 7.474310235148526e-08
3.4080554012948806e-07 7.493338070090387e-08
3.4080554012948806e-07 7.493338070090387e-08
3.4080554012948806e-07 7.493338070090387e-08
3.4080554012948806e-07 7.493338070090387e-08
3.4816910091673814e-07 7.483112828824663e-08
3.5849102376835807e-07 7.468717935781639e-08
3.467195722684096e-07 7.473315717995994e-08
3.467195722684096e-07 7.473315717995994e-08
3.467195722684096e-07 7.473315717995994e-08
3.5119660420707566e-07 7.514297382064117e-08
3.5119660420707566e-07 7.514297382064117e-08
3.7512484045384504e-07 7.48695225551672e-08
3.6872634955860413e-07 7.52069440641059e-08
3.516640467370322e-07 7.488327762763442e-08
3.5487820445557514e-07 7.461235895030957e-08
3.363199681325482e-07 7.532478108681693e-08
3.328439111931362e-07 7.489662637372895e-08
3.489077708603665e-07 7.434563867061934e-08
3.103085892927752e-07 7.63403067658887e-08
3.103085892927752e-07 7.63403067658887e-08
3.103085892927752e-07 7.63403067658887e-08
3.103085892927752e-07 7.63403067658887e-08
3.103085892927752e-07 7.63403067658887e-08
3.103085892927752e-07 7.63403067658887e-08
3.259485420623966e-07 7.482776738723312e-08
3.2607935604949236e-07 7.484083944095352e-08
3.3837804071985617e-07 7.513753259566031e-08
3.3837804071985617e-07 7.513753259566031e-08
3.5730301457319046e-07 7.480210671118939e-08
3.033462193152683e-07 7.49062375576418e-08
3.033462193152683e-07 7.49062375576418e-08
3.455300857432908e-07 7.489948374052047e-08
3.455300857432908e-07 7.489948374052047e-08
3.3455608317740356e-07 7.524868561866685e-08
3.3455608317740356e-07 7.524868561866685e-08
3.3455608317740356e-07 7.524868561866685e-08
3.3455608317740356e-07 7.524868561866685e-08
3.450070163504414e-07 7.505047783361782e-08
3.4392828961782077e-07 7.511990230870623e-08
3.450070163504414e-07 7.505047783361782e-08
3.408611096276944e-07 7.515591581037848e-08
3.408611096276944e-07 7.515591581037848e-08
3.532528342642028e-07 7.51240119084638e-08
3.951171692989282e-07 7.442482018136502e-08
3.951171692989282e-07 7.442482018136502e-08
3.951171692989282e-07 7.442482018136502e-08
3.951171692989282e-07 7.442482018136502e-08
2.826481924190205e-07 7.643043173378653e-08
2.826481924190205e-07 7.643043173378653e-08
3.495814812608038e-07 7.490036651439932e-08
3.1211512535832767e-07 7.524914238552423e-08
3.1211512535832767e-07 7.524914238552423e-08
3.1211512535832767e-07 7.524914238552423e-08
3.1211512535832767e-07 7.524914238552423e-08
3.7228676729798993e-07 7.507384764146332e-08
3.7228676729798993e-07 7.507384764146332e-08
3.572263861493736e-07 7.624171062001284e-08
3.572263861493736e-07 7.624171062001284e-08
3.405300396788024e-07 7.50430328426776e-08
3.572263861493736e-07 7.624171062001284e-08
3.572263861493736e-07 7.624171062001284e-08
3.405300396788024e-07 7.50430328426776e-08
3.412161750806192e-07 7.480028644092927e-08
3.6288794460455314e-07 7.444425502517333e-08
3.6288794460455314e-07 7.444425502517333e-08
3.6288794460455314e-07 7.444425502517333e-08
3.6288794460455314e-07 7.444425502517333e-08
3.6288794460455314e-07 7.444425502517333e-08
3.6288794460455314e-07 7.444425502517333e-08
3.4320465123862606e-07 7.482961752368013e-08
3.36410992267925e-07 7.54918365045257e-08
3.36410992267925e-07 7.54918365045257e-08
3.36410992267925e-07 7.54918365045257e-08
3.36410992267925e-07 7.54918365045257e-08
3.2428194882188064e-07 7.465215508400799e-08
3.2428194882188064e-07 7.465215508400799e-08
3.2428194882188064e-07 7.465215508400799e-08
3.2428194882188064e-07 7.465215508400799e-08
3.4697545040296154e-07 7.489951855088806e-08
3.55841882018494e-07 7.500185122216311e-08
3.5794853528637817e-07 7.523491309667985e-08
3.5794853528637817e-07 7.523491309667985e-08
3.5794853528637817e-07 7.523491309667985e-08
3.5794853528637817e-07 7.523491309667985e-08
3.5456262641067944e-07 7.49299347174875e-08
3.4981640495514513e-07 7.44999239169527e-08
3.440998887435865e-07 7.514297646571462e-08
3.440998887435865e-07 7.514297646571462e-08
3.440998887435865e-07 7.514297646571462e-08
3.471250146337376e-07 7.490876321486061e-08
3.471250146337376e-07 7.490876321486061e-08
3.4366001734481833e-07 7.49803686885503e-08
3.4728034361112755e-07 7.489045887643255e-08
3.4759977980712616e-07 7.490111190647001e-08
3.47593447057266e-07 7.497484061775906e-08
3.4074746748030384e-07 7.482568699866955e-08
3.4032241990747103e-07 7.482419637855973e-08
3.479038342549154e-07 7.496006803102271e-08
3.4265398783337515e-07 7.461905997047794e-08
3.4265398783337515e-07 7.461905997047794e-08
3.4265398783337515e-07 7.461905997047794e-08
3.4265398783337515e-07 7.461905997047794e-08
3.4265398783337515e-07 7.461905997047794e-08
3.4265398783337515e-07 7.461905997047794e-08
3.4499957457261303e-07 7.497014468240755e-08
3.463493687858708e-07 7.491518330006299e-08
3.477600404026344e-07 7.49291284534941e-08
3.477600404026344e-07 7.49291284534941e-08
3.406078945354057e-07 7.497277813350567e-08
3.540842226162558e-07 7.469114581541596e-08
3.540842226162558e-07 7.469114581541596e-08
3.5232125931021786e-07 7.4954587556985e-08
3.5232125931021786e-07 7.4954587556985e-08
3.4641580195150685e-07 7.485811610065276e-08
3.4641580195150685e-07 7.485811610065276e-08
3.4641580195150685e-07 7.485811610065276e-08
3.4641580195150685e-07 7.485811610065276e-08
3.509818880742646e-07 7.493371506773546e-08
3.515349005862339e-07 7.488497012220966e-08
3.509818880742646e-07 7.493371506773546e-08
3.521106194572718e-07 7.49879485037685e-08
3.521106194572718e-07 7.49879485037685e-08
3.443440546037681e-07 7.494589310573885e-08
3.5333894967400276e-07 7.478639074820551e-08
3.5333894967400276e-07 7.478639074820551e-08
3.5333894967400276e-07 7.478639074820551e-08
3.5333894967400276e-07 7.478639074820551e-08
3.4132901020183536e-07 7.518486709780429e-08
3.4132901020183536e-07 7.518486709780429e-08
3.406497695597819e-07 7.48988869556568e-08
3.5768025145007347e-07 7.511061955562659e-08
3.5768025145007347e-07 7.511061955562659e-08
3.5768025145007347e-07 7.511061955562659e-08
3.5768025145007347e-07 7.511061955562659e-08
3.324144580657185e-07 7.487976708073998e-08
3.324144580657185e-07 7.487976708073998e-08
3.41964806967669e-07 7.521916058346158e-08
3.41964806967669e-07 7.521916058346158e-08
3.4887665570452243e-07 7.495288757244167e-08
3.41964806967669e-07 7.521916058346158e-08
3.41964806967669e-07 7.521916058346158e-08
3.4887665570452243e-07 7.495288757244167e-08
3.5005354377736764e-07 7.494892772291072e-08
3.4120362886591844e-07 7.480592001034732e-08
3.4120362886591844e-07 7.480592001034732e-08
3.4120362886591844e-07 7.480592001034732e-08
3.4120362886591844e-07 7.480592001034732e-08
3.4120362886591844e-07 7.480592001034732e-08
3.4120362886591844e-07 7.480592001034732e-08
3.502985933573874e-07 7.494862409214106e-08
3.6050861120170505e-07 7.489530715539465e-08
3.6050861120170505e-07 7.489530715539465e-08
3.6050861120170505e-07 7.489530715539465e-08
3.6050861120170505e-07 7.489530715539465e-08
3.4562485993835945e-07 7.501483008898365e-08
3.4562485993835945e-07 7.501483008898365e-08
3.4562485993835945e-07 7.501483008898365e-08
3.4562485993835945e-07 7.501483008898365e-08
3.438134329487585e-07 7.494979781634112e-08
3.431057019944832e-07 7.492289438447006e-08
3.4763792846078403e-07 7.493725768347211e-08
3.4763792846078403e-07 7.493725768347211e-08
3.4763792846078403e-07 7.493725768347211e-08
3.4763792846078403e-07 7.493725768347211e-08
3.4194762663684906e-07 7.490584603921256e-08
3.3397120624377137e-07 7.4861859352666e-08
3.4421038626487144e-07 7.49555381542703e-08
3.4421038626487144e-07 7.49555381542703e-08
3.4421038626487144e-07 7.49555381542703e-08
3.5337403451183116e-07 7.49025987823347e-08
3.5337403451183116e-07 7.49025987823347e-08
3.484647241176669e-07 7.48984755782513e-08
3.506262466825674e-07 7.49805571902488e-08
3.555024150493394e-07 7.485668370007756e-08
3.5780198913718726e-07 7.48338350088011e-08
3.417921551223696e-07 7.486775590520179e-08
3.4269381169366335e-07 7.503067485700533e-08
3.387408436166974e-07 7.486235666203484e-08
3.4476492975160257e-07 7.525003635282224e-08
3.4476492975160257e-07 7.525003635282224e-08
3.4476492975160257e-07 7.525003635282224e-08
3.4476492975160257e-07 7.525003635282224e-08
3.4476492975160257e-07 7.525003635282224e-08
3.4476492975160257e-07 7.525003635282224e-08
3.4333308611998763e-07 7.494548118935612e-08
3.4811167605309494e-07 7.488526312983703e-08
3.4791545424540967e-07 7.487500796406357e-08
3.4791545424540967e-07 7.487500796406357e-08
3.4184042256601557e-07 7.495482362838954e-08
3.705004193128536e-07 7.484223306080933e-08
3.705004193128536e-07 7.484223306080933e-08
3.4887440120674677e-07 7.496563368415533e-08
3.4887440120674677e-07 7.496563368415533e-08
3.444593346356741e-07 7.479212213829596e-08
3.444593346356741e-07 7.479212213829596e-08
3.444593346356741e-07 7.479212213829596e-08
3.444593346356741e-07 7.479212213829596e-08
3.454236188656477e-07 7.493779278554098e-08
3.4820986680929584e-07 7.495630370019903e-08
3.454236188656477e-07 7.493779278554098e-08
3.4436535766366005e-07 7.489964759464143e-08
3.4436535766366005e-07 7.489964759464143e-08
3.4720977429386323e-07 7.496121287090061e-08
3.5349181325878395e-07 7.472046001800652e-08
3.5349181325878395e-07 7.472046001800652e-08
3.5349181325878395e-07 7.472046001800652e-08
3.5349181325878395e-07 7.472046001800652e-08
3.43900464534668e-07 7.45127900349924e-08
3.43900464534668e-07 7.45127900349924e-08
3.4435457742999904e-07 7.490586471564802e-08
3.333992984819516e-07 7.479257613376851e-08
3.333992984819516e-07 7.479257613376851e-08
3.333992984819516e-07 7.479257613376851e-08
3.333992984819516e-07 7.479257613376851e-08
3.5157885424420124e-07 7.505801535495046e-08
3.5157885424420124e-07 7.505801535495046e-08
3.5878720341204994e-07 7.515284832888412e-08
3.5878720341204994e-07 7.515284832888412e-08
3.5227249716348315e-07 7.496252978782e-08
3.5878720341204994e-07 7.515284832888412e-08
3.5878720341204994e-07 7.515284832888412e-08
3.5227249716348315e-07 7.496252978782e-08
3.4712454363646687e-07 7.49096742085239e-08
3.3813262574412317e-07 7.490983563627074e-08
3.3813262574412317e-07 7.490983563627074e-08
3.3813262574412317e-07 7.490983563627074e-08
3.3813262574412317e-07 7.490983563627074e-08
3.3813262574412317e-07 7.490983563627074e-08
3.3813262574412317e-07 7.490983563627074e-08
3.4657826336412705e-07 7.489782002716989e-08
3.5462034852087854e-07 7.497966079254512e-08
3.5462034852087854e-07 7.497966079254512e-08
3.5462034852087854e-07 7.497966079254512e-08
3.5462034852087854e-07 7.497966079254512e-08
3.574087744799838e-07 7.492193057743742e-08
3.574087744799838e-07 7.492193057743742e-08
3.574087744799838e-07 7.492193057743742e-08
3.574087744799838e-07 7.492193057743742e-08
3.449565913846686e-07 7.493855420650047e-08
3.400914792518303e-07 7.494543129465647e-08
3.3593749071819053e-07 7.498714491498647e-08
3.3593749071819053e-07 7.498714491498647e-08
3.3593749071819053e-07 7.498714491498647e-08
3.3593749071819053e-07 7.498714491498647e-08
3.4386812125674467e-07 7.494644703372175e-08
3.549849380996769e-07 7.488935691791875e-08
3.520340500302865e-07 7.49354592016363e-08
3.520340500302865e-07 7.49354592016363e-08
3.520340500302865e-07 7.49354592016363e-08