0.03176927987001683 0.030432310102709918
0.03916671502350142 0.03889978529565369
0.027259328033424245 0.02743341263854233
0.018295131433876864 0.017498984506470146
0.014873788661289387 0.015233563511866768
0.013181686299541577 0.012434283061567922
0.011705448848140195 0.011134451343352869
0.05415191783206638 0.054100853014565076
2.3211280682411654e-06 2.3211280682411654e-06
2.3211280682411654e-06 2.3211280682411654e-06
2.3211280682411654e-06 2.3211280682411654e-06
2.3211280682411654e-06 2.3211280682411654e-06
2.3211280682411654e-06 2.3211280682411654e-06
2.3211280682411654e-06 2.3211280682411654e-06
2.3211280682411654e-06 2.3211280682411654e-06
0.04861602738931121 0.0483676666860094
2.3211280682411654e-06 2.3211280682411654e-06
2.3211280682411654e-06 2.3211280682411654e-06
2.3211280682411654e-06 2.3211280682411654e-06
2.3211280682411654e-06 2.3211280682411654e-06