0.03176927987001683 0.030566935530667905
0.03176927987001683 0.030566935530667905
0.03176927987001683 0.030566935530667905
0.03176927987001683 0.030566935530667905
0.03916671502350142 0.04009980850693437
0.03916671502350142 0.04009980850693437
0.03593338362444148 0.03573376661057274
0.03593338362444148 0.03573376661057274
0.03593338362444148 0.03573376661057274
0.03593338362444148 0.03573376661057274
0.03482156327975396 0.03600069633842047
0.03482156327975396 0.03600069633842047
0.03482156327975396 0.03600069633842047
0.03482156327975396 0.03600069633842047
0.03246329716242094 0.03123309928625312
0.03246329716242094 0.03123309928625312
0.031235420414321362 0.03123309928625312
0.031235420414321362 0.03123309928625312
0.028840016247896477 0.02766552544536645
0.028840016247896477 0.02766552544536645
0.028840016247896477 0.02766552544536645
0.028840016247896477 0.02766552544536645
0.027259328033424245 0.02510067892995996
0.027259328033424245 0.02510067892995996
0.025889862473161957 0.025467417164742066
0.025889862473161957 0.025467417164742066
0.025889862473161957 0.025467417164742066
0.025889862473161957 0.025467417164742066
0.025216735333372018 0.024232577032437766
0.025216735333372018 0.024232577032437766
0.022617071896941912 0.024067776939592642
0.022617071896941912 0.024067776939592642
0.022617071896941912 0.024067776939592642
0.022617071896941912 0.024067776939592642
0.022617071896941912 0.024067776939592642
0.022617071896941912 0.024067776939592642
0.022617071896941912 0.024067776939592642
0.022617071896941912 0.024067776939592642
0.019427841931178552 0.01949979690129403
0.019427841931178552 0.01949979690129403
0.018295131433876864 0.018000348169210235
0.018295131433876864 0.018000348169210235
0.017656821215110544 0.017833226948296872
0.017656821215110544 0.017833226948296872
0.016651772761562118 0.01743399292055939
0.016651772761562118 0.01743399292055939
0.015351941043347066 0.014732199849126675
0.015351941043347066 0.014732199849126675
0.015351941043347066 0.014732199849126675
0.015351941043347066 0.014732199849126675
0.015351941043347066 0.014732199849126675
0.015351941043347066 0.014732199849126675
0.014873788661289387 0.014567399756281553
0.014873788661289387 0.014567399756281553
0.013954621946265885 0.013699297858759356
0.013954621946265885 0.013699297858759356
0.013181686299541577 0.013065629896129518
0.013181686299541577 0.013065629896129518
0.011944525039169035 0.011299251436197992
0.011944525039169035 0.011299251436197992
0.011944525039169035 0.011299251436197992
0.011944525039169035 0.011299251436197992
0.011944525039169035 0.011299251436197992
0.011944525039169035 0.011299251436197992
0.010335983287877909 0.010233853652875297
0.010335983287877909 0.010233853652875297
0.009351824986943655 0.010533279173678408
0.009351824986943655 0.010533279173678408
0.009351824986943655 0.010533279173678408
0.009351824986943655 0.010533279173678408
0.009351824986943655 0.010533279173678408
0.009351824986943655 0.010533279173678408
0.004447281378750073 0.004465850403296002
0.004447281378750073 0.004465850403296002
0.004447281378750073 0.004465850403296002
0.004447281378750073 0.004465850403296002
0.004447281378750073 0.004465850403296002
0.004447281378750073 0.004465850403296002
0.004447281378750073 0.004465850403296002
0.004447281378750073 0.004465850403296002
2.3211280682411654e-06 2.3211280682411654e-06
2.3211280682411654e-06 2.3211280682411654e-06
2.3211280682411654e-06 2.3211280682411654e-06
2.3211280682411654e-06 2.3211280682411654e-06
2.3211280682411654e-06 2.3211280682411654e-06
2.3211280682411654e-06 2.3211280682411654e-06
2.3211280682411654e-06 2.3211280682411654e-06
2.3211280682411654e-06 2.3211280682411654e-06
2.3211280682411654e-06 2.3211280682411654e-06
2.3211280682411654e-06 2.3211280682411654e-06
2.3211280682411654e-06 2.3211280682411654e-06
2.3211280682411654e-06 2.3211280682411654e-06
2.3211280682411654e-06 2.3211280682411654e-06
2.3211280682411654e-06 2.3211280682411654e-06
2.3211280682411654e-06 2.3211280682411654e-06
2.3211280682411654e-06 2.3211280682411654e-06
2.3211280682411654e-06 2.3211280682411654e-06
2.3211280682411654e-06 2.3211280682411654e-06
2.3211280682411654e-06 2.3211280682411654e-06
2.3211280682411654e-06 2.3211280682411654e-06
2.3211280682411654e-06 2.3211280682411654e-06
2.3211280682411654e-06 2.3211280682411654e-06
2.3211280682411654e-06 2.3211280682411654e-06
2.3211280682411654e-06 2.3211280682411654e-06
2.3211280682411654e-06 2.3211280682411654e-06
2.3211280682411654e-06 2.3211280682411654e-06
2.3211280682411654e-06 2.3211280682411654e-06
2.3211280682411654e-06 2.3211280682411654e-06
2.3211280682411654e-06 2.3211280682411654e-06
2.3211280682411654e-06 2.3211280682411654e-06
2.3211280682411654e-06 2.3211280682411654e-06
2.3211280682411654e-06 2.3211280682411654e-06
2.3211280682411654e-06 2.3211280682411654e-06
2.3211280682411654e-06 2.3211280682411654e-06
2.3211280682411654e-06 2.3211280682411654e-06
2.3211280682411654e-06 2.3211280682411654e-06
2.3211280682411654e-06 2.3211280682411654e-06
2.3211280682411654e-06 2.3211280682411654e-06
2.3211280682411654e-06 2.3211280682411654e-06
2.3211280682411654e-06 2.3211280682411654e-06
0.051289966923925026 0.050633087680612775
0.051289966923925026 0.050633087680612775
0.051289966923925026 0.050633087680612775
0.051289966923925026 0.050633087680612775
0.051289966923925026 0.050633087680612775
0.051289966923925026 0.050633087680612775
2.3211280682411654e-06 2.3211280682411654e-06
2.3211280682411654e-06 2.3211280682411654e-06
2.3211280682411654e-06 2.3211280682411654e-06
2.3211280682411654e-06 2.3211280682411654e-06
2.3211280682411654e-06 2.3211280682411654e-06
2.3211280682411654e-06 2.3211280682411654e-06
2.3211280682411654e-06 2.3211280682411654e-06
2.3211280682411654e-06 2.3211280682411654e-06
2.3211280682411654e-06 2.3211280682411654e-06
2.3211280682411654e-06 2.3211280682411654e-06
2.3211280682411654e-06 2.3211280682411654e-06
2.3211280682411654e-06 2.3211280682411654e-06
2.3211280682411654e-06 2.3211280682411654e-06
2.3211280682411654e-06 2.3211280682411654e-06
2.3211280682411654e-06 2.3211280682411654e-06
2.3211280682411654e-06 2.3211280682411654e-06
2.3211280682411654e-06 2.3211280682411654e-06
2.3211280682411654e-06 2.3211280682411654e-06
0.04861602738931121 0.050166540938896304
0.04861602738931121 0.050166540938896304
0.04861602738931121 0.050166540938896304
0.04861602738931121 0.050166540938896304
2.3211280682411654e-06 2.3211280682411654e-06
2.3211280682411654e-06 2.3211280682411654e-06
2.3211280682411654e-06 2.3211280682411654e-06
2.3211280682411654e-06 2.3211280682411654e-06
2.3211280682411654e-06 2.3211280682411654e-06
2.3211280682411654e-06 2.3211280682411654e-06
2.3211280682411654e-06 2.3211280682411654e-06
2.3211280682411654e-06 2.3211280682411654e-06
2.3211280682411654e-06 2.3211280682411654e-06
2.3211280682411654e-06 2.3211280682411654e-06
2.3211280682411654e-06 2.3211280682411654e-06
2.3211280682411654e-06 2.3211280682411654e-06
2.3211280682411654e-06 2.3211280682411654e-06
2.3211280682411654e-06 2.3211280682411654e-06
2.3211280682411654e-06 2.3211280682411654e-06
2.3211280682411654e-06 2.3211280682411654e-06
2.3211280682411654e-06 2.3211280682411654e-06
2.3211280682411654e-06 2.3211280682411654e-06
2.3211280682411654e-06 2.3211280682411654e-06
2.3211280682411654e-06 2.3211280682411654e-06
2.3211280682411654e-06 2.3211280682411654e-06
2.3211280682411654e-06 2.3211280682411654e-06
2.3211280682411654e-06 2.3211280682411654e-06
2.3211280682411654e-06 2.3211280682411654e-06
2.3211280682411654e-06 2.3211280682411654e-06
2.3211280682411654e-06 2.3211280682411654e-06
2.3211280682411654e-06 2.3211280682411654e-06
2.3211280682411654e-06 2.3211280682411654e-06
2.3211280682411654e-06 2.3211280682411654e-06
2.3211280682411654e-06 2.3211280682411654e-06
2.3211280682411654e-06 2.3211280682411654e-06
2.3211280682411654e-06 2.3211280682411654e-06
2.3211280682411654e-06 2.3211280682411654e-06
2.3211280682411654e-06 2.3211280682411654e-06
2.3211280682411654e-06 2.3211280682411654e-06
2.3211280682411654e-06 2.3211280682411654e-06
2.3211280682411654e-06 2.3211280682411654e-06
2.3211280682411654e-06 2.3211280682411654e-06
2.3211280682411654e-06 2.3211280682411654e-06
2.3211280682411654e-06 2.3211280682411654e-06
2.3211280682411654e-06 2.3211280682411654e-06
2.3211280682411654e-06 2.3211280682411654e-06
2.3211280682411654e-06 2.3211280682411654e-06
2.3211280682411654e-06 2.3211280682411654e-06
2.3211280682411654e-06 2.3211280682411654e-06
2.3211280682411654e-06 2.3211280682411654e-06
2.3211280682411654e-06 2.3211280682411654e-06
2.3211280682411654e-06 2.3211280682411654e-06
0.04386467823362154 0.0448999013520571
0.04386467823362154 0.0448999013520571
0.04126733592525968 0.04163407416004178
0.04126733592525968 0.04163407416004178