0.18240466662615776 0.18238904176179027
0.18240466662615776 0.18238904176179027
0.24360205206552027 0.2431298339424137
0.24360205206552027 0.2431298339424137
0.24360205206552027 0.2431298339424137
0.24360205206552027 0.2431298339424137
0.15517156969123533 0.15585246655845
0.15517156969123533 0.15585246655845
0.18950009114504215 0.18982335222784524
0.18950009114504215 0.18982335222784524
0.18950009114504215 0.18982335222784524
0.18950009114504215 0.18982335222784524
0.18950009114504215 0.18982335222784524
0.18950009114504215 0.18982335222784524
0.18950009114504215 0.18982335222784524
0.18950009114504215 0.18982335222784524
0.18950009114504215 0.18982335222784524
0.18950009114504215 0.18982335222784524
0.18950009114504215 0.18982335222784524
0.18950009114504215 0.18982335222784524
0.18280257983871667 0.1830557026414701
0.18280257983871667 0.1830557026414701
0.18280257983871667 0.1830557026414701
0.18280257983871667 0.1830557026414701
0.18280257983871667 0.1830557026414701
0.18280257983871667 0.1830557026414701
0.18280257983871667 0.1830557026414701
0.18280257983871667 0.1830557026414701
0.18280257983871667 0.1830557026414701
0.18280257983871667 0.1830557026414701
0.18280257983871667 0.1830557026414701
0.18280257983871667 0.1830557026414701
0.1239437157663562 0.12448190553901442
0.1239437157663562 0.12448190553901442
0.1239437157663562 0.12448190553901442
0.1239437157663562 0.12448190553901442
0.15173896059930037 0.1508518155224347
0.15173896059930037 0.1508518155224347
0.15173896059930037 0.1508518155224347
0.15173896059930037 0.1508518155224347
0.15173896059930037 0.1508518155224347
0.15173896059930037 0.1508518155224347
0.15173896059930037 0.1508518155224347
0.15173896059930037 0.1508518155224347
0.15173896059930037 0.1508518155224347
0.15173896059930037 0.1508518155224347
0.15173896059930037 0.1508518155224347
0.15173896059930037 0.1508518155224347
0.1327321811442609 0.1295825557069817
0.1327321811442609 0.1295825557069817
0.1327321811442609 0.1295825557069817
0.1327321811442609 0.1295825557069817
0.20339753995191015 0.20235796564265934
0.20339753995191015 0.20235796564265934
0.1327321811442609 0.1295825557069817
0.1327321811442609 0.1295825557069817
0.1327321811442609 0.1295825557069817
0.1327321811442609 0.1295825557069817
0.19656079374310986 0.19639065633110825
0.19656079374310986 0.19639065633110825
0.19656079374310986 0.19639065633110825
0.19656079374310986 0.19639065633110825
0.19656079374310986 0.19639065633110825
0.19656079374310986 0.19639065633110825
0.1782911606670081 0.17778838725358287
0.1782911606670081 0.17778838725358287
0.1782911606670081 0.17778838725358287
0.1782911606670081 0.17778838725358287
0.1782911606670081 0.17778838725358287
0.1782911606670081 0.17778838725358287
0.19852883221499815 0.197623978958516
0.19852883221499815 0.197623978958516
0.19852883221499815 0.197623978958516
0.19852883221499815 0.197623978958516
0.20339753995191015 0.20235796564265934
0.20339753995191015 0.20235796564265934
0.20339753995191015 0.20235796564265934
0.20339753995191015 0.20235796564265934
0.20339753995191015 0.20235796564265934
0.20339753995191015 0.20235796564265934
0.19852883221499815 0.197623978958516
0.19852883221499815 0.197623978958516
0.19852883221499815 0.197623978958516
0.19852883221499815 0.197623978958516
0.19852883221499815 0.197623978958516
0.19852883221499815 0.197623978958516
0.17073358738205396 0.17125441619430387
0.17073358738205396 0.17125441619430387
0.17073358738205396 0.17125441619430387
0.17073358738205396 0.17125441619430387
0.2130439839931945 0.21569291933229745
0.2130439839931945 0.21569291933229745
0.2130439839931945 0.21569291933229745
0.2130439839931945 0.21569291933229745
0.2130439839931945 0.21569291933229745
0.2130439839931945 0.21569291933229745
0.20339753995191015 0.20235796564265934
0.20339753995191015 0.20235796564265934
0.20339753995191015 0.20235796564265934
0.20339753995191015 0.20235796564265934
0.21862553276447252 0.22422756746903239
0.21862553276447252 0.22422756746903239
0.21862553276447252 0.22422756746903239
0.21862553276447252 0.22422756746903239
0.18480152082013176 0.18788968845756548
0.18480152082013176 0.18788968845756548
0.18480152082013176 0.18788968845756548
0.18480152082013176 0.18788968845756548
0.18480152082013176 0.18788968845756548
0.18480152082013176 0.18788968845756548
0.16456384927214174 0.1680537495334242
0.16456384927214174 0.1680537495334242
0.20339753995191015 0.20235796564265934
0.20339753995191015 0.20235796564265934
0.20339753995191015 0.20235796564265934
0.20339753995191015 0.20235796564265934
0.2738191508754264 0.27840070832718466
0.2738191508754264 0.27840070832718466
0.2738191508754264 0.27840070832718466
0.2738191508754264 0.27840070832718466
0.2738191508754264 0.27840070832718466
0.2738191508754264 0.27840070832718466
0.2738191508754264 0.27840070832718466
0.2738191508754264 0.27840070832718466
0.2738191508754264 0.27840070832718466
0.2738191508754264 0.27840070832718466
0.2738191508754264 0.27840070832718466
0.2738191508754264 0.27840070832718466
0.2399531254068975 0.2417961649638458
0.2399531254068975 0.2417961649638458
0.2399531254068975 0.2417961649638458
0.2399531254068975 0.2417961649638458
0.2399531254068975 0.2417961649638458
0.2399531254068975 0.2417961649638458
0.2399531254068975 0.2417961649638458
0.2399531254068975 0.2417961649638458
0.18203279485421134 0.1826223730696782
0.18203279485421134 0.1826223730696782
0.17225649082907266 0.17122108315031986
0.17225649082907266 0.17122108315031986
0.22899280388191073 0.22642754837197593
0.22899280388191073 0.22642754837197593
0.22899280388191073 0.22642754837197593
0.22899280388191073 0.22642754837197593
0.22899280388191073 0.22642754837197593
0.22899280388191073 0.22642754837197593
0.18719698613727312 0.18535602989557382
0.18719698613727312 0.18535602989557382
0.18719698613727312 0.18535602989557382
0.18719698613727312 0.18535602989557382
0.18719698613727312 0.18535602989557382
0.18719698613727312 0.18535602989557382
0.18719698613727312 0.18535602989557382
0.18719698613727312 0.18535602989557382
0.18719698613727312 0.18535602989557382
0.18719698613727312 0.18535602989557382
0.24360205206552027 0.2431298339424137
0.24360205206552027 0.2431298339424137
0.15747259138375536 0.15345214017239434
0.15747259138375536 0.15345214017239434
0.15747259138375536 0.15345214017239434
0.15747259138375536 0.15345214017239434
0.15747259138375536 0.15345214017239434
0.15747259138375536 0.15345214017239434
0.15747259138375536 0.15345214017239434
0.15747259138375536 0.15345214017239434
0.15747259138375536 0.15345214017239434
0.15747259138375536 0.15345214017239434
0.15747259138375536 0.15345214017239434
0.15747259138375536 0.15345214017239434
0.15747259138375536 0.15345214017239434
0.15747259138375536 0.15345214017239434
0.15747259138375536 0.15345214017239434
0.15747259138375536 0.15345214017239434
0.15747259138375536 0.15345214017239434
0.15747259138375536 0.15345214017239434
0.15747259138375536 0.15345214017239434
0.15747259138375536 0.15345214017239434
0.15747259138375536 0.15345214017239434
0.15747259138375536 0.15345214017239434
0.15747259138375536 0.15345214017239434
0.15747259138375536 0.15345214017239434
0.15747259138375536 0.15345214017239434
0.15747259138375536 0.15345214017239434
0.15747259138375536 0.15345214017239434
0.15747259138375536 0.15345214017239434
0.15747259138375536 0.15345214017239434
0.15747259138375536 0.15345214017239434
0.15747259138375536 0.15345214017239434
0.15747259138375536 0.15345214017239434
0.15747259138375536 0.15345214017239434
0.15747259138375536 0.15345214017239434
0.15747259138375536 0.15345214017239434
0.15747259138375536 0.15345214017239434
0.15747259138375536 0.15345214017239434
0.15747259138375536 0.15345214017239434
0.15747259138375536 0.15345214017239434
0.15747259138375536 0.15345214017239434
0.24360205206552027 0.2431298339424137
0.24360205206552027 0.2431298339424137