0.12155033376446385 0.12403121500681417
0.12155033376446385 0.12403121500681417
0.10865773734602999 0.11370491575593962
0.12548154963932603 0.12793257002977404
0.08477634742753969 0.08545481376029722
0.07450178383868196 0.07212020728986727
0.06673900400170138 0.06629039678475013
0.06516054548137604 0.0657834567408269
0.055056466523728094 0.055945694915842746
0.018416159581948074 0.019269971614829733
0.018416159581948074 0.019269971614829733
0.018416159581948074 0.019269971614829733
0.018416159581948074 0.019269971614829733
0.018416159581948074 0.019269971614829733
0.018416159581948074 0.019269971614829733
0.13075442053454397 0.12923082264910896
0.14696052985651167 0.14635706287271813
0.14751990000086804 0.14763448233956303
0.14751990000086804 0.14763448233956303
0.14567998541679325 0.15246325986753587
0.024967144382427236 0.025168184303955694
0.024967144382427236 0.025168184303955694
0.18950009114504215 0.19217784567842294
0.18950009114504215 0.19217784567842294
0.05885886407236048 0.06117030234112551
0.05885886407236048 0.06117030234112551
0.05885886407236048 0.06117030234112551
0.05885886407236048 0.06117030234112551
0.18280257983871667 0.1857772067950799
0.14453867587954966 0.14364146144564718
0.18280257983871667 0.1857772067950799
0.08039339936285275 0.080804506905322
0.08039339936285275 0.080804506905322
0.1327321811442609 0.1320742007447852
0.034328521453806826 0.0346021301898421
0.034328521453806826 0.0346021301898421
0.034328521453806826 0.0346021301898421
0.034328521453806826 0.0346021301898421
0.01826963307610177 0.018767892639820836
0.01826963307610177 0.018767892639820836
0.19656079374310986 0.1948444891971424
0.02779524483294416 0.02743483129486723
0.02779524483294416 0.02743483129486723
0.02779524483294416 0.02743483129486723
0.02779524483294416 0.02743483129486723
0.05233878178140815 0.0512696938394632
0.05233878178140815 0.0512696938394632
0.020237671547990034 0.018967890903724794
0.020237671547990034 0.018967890903724794
0.18480152082013176 0.18194390673692068
0.020237671547990034 0.018967890903724794
0.020237671547990034 0.018967890903724794
0.18480152082013176 0.18194390673692068
0.20339753995191015 0.20481176378677268
0.04231039661114053 0.04023576184234512
0.04231039661114053 0.04023576184234512
0.04231039661114053 0.04023576184234512
0.04231039661114053 0.04023576184234512
0.04231039661114053 0.04023576184234512
0.04231039661114053 0.04023576184234512
0.2315087542642859 0.2327465907413998
0.057920330552686174 0.05740332115172611
0.057920330552686174 0.05740332115172611
0.057920330552686174 0.05740332115172611
0.057920330552686174 0.05740332115172611
0.06433312210831503 0.06533693283912466
0.06433312210831503 0.06533693283912466
0.06433312210831503 0.06533693283912466
0.06433312210831503 0.06533693283912466
0.22899280388191073 0.23271325769741583
0.16465968177359572 0.16737632485829115
0.1092553016032847 0.11000633675054904
0.1092553016032847 0.11000633675054904
0.1092553016032847 0.11000633675054904
0.1092553016032847 0.11000633675054904
0.18719698613727312 0.19017751582017517
0.07794168453398842 0.08017117906962613
0.15747259138375536 0.15790904592842075
0.15747259138375536 0.15790904592842075
0.15747259138375536 0.15790904592842075