0.24360205206552027 0.24346108106700462
0.24360205206552027 0.24346108106700462
0.15517156969123533 0.1547299068584474
0.15517156969123533 0.1547299068584474
0.18950009114504215 0.1888622494596401
0.18950009114504215 0.1888622494596401
0.18950009114504215 0.1888622494596401
0.18950009114504215 0.1888622494596401
0.1645329467626149 0.1621965087108619
0.1645329467626149 0.1621965087108619
0.1645329467626149 0.1621965087108619
0.1645329467626149 0.1621965087108619
0.1645329467626149 0.1621965087108619
0.1645329467626149 0.1621965087108619
0.15173896059930037 0.14959661808491245
0.15173896059930037 0.14959661808491245
0.15173896059930037 0.14959661808491245
0.15173896059930037 0.14959661808491245
0.15173896059930037 0.14959661808491245
0.15173896059930037 0.14959661808491245
0.15173896059930037 0.14959661808491245
0.15173896059930037 0.14959661808491245
0.15173896059930037 0.14959661808491245
0.15173896059930037 0.14959661808491245
0.08039339936285275 0.0788316073645194
0.08039339936285275 0.0788316073645194
0.08039339936285275 0.0788316073645194
0.08039339936285275 0.0788316073645194
0.08039339936285275 0.0788316073645194
0.08039339936285275 0.0788316073645194
0.08039339936285275 0.0788316073645194
0.08039339936285275 0.0788316073645194
0.1327321811442609 0.12973047108966068
0.1327321811442609 0.12973047108966068
0.20339753995191015 0.20289546097690125
0.20339753995191015 0.20289546097690125
0.1327321811442609 0.12973047108966068
0.1327321811442609 0.12973047108966068
0.1327321811442609 0.12973047108966068
0.1327321811442609 0.12973047108966068
0.1327321811442609 0.12973047108966068
0.1327321811442609 0.12973047108966068
0.09840365969045407 0.09559778126925982
0.09840365969045407 0.09559778126925982
0.09840365969045407 0.09559778126925982
0.09840365969045407 0.09559778126925982
0.09840365969045407 0.09559778126925982
0.09840365969045407 0.09559778126925982
0.09840365969045407 0.09559778126925982
0.09840365969045407 0.09559778126925982
0.19656079374310986 0.19506219564066285
0.19656079374310986 0.19506219564066285
0.19656079374310986 0.19506219564066285
0.19656079374310986 0.19506219564066285
0.19656079374310986 0.19506219564066285
0.19656079374310986 0.19506219564066285
0.19656079374310986 0.19506219564066285
0.19656079374310986 0.19506219564066285
0.19656079374310986 0.19506219564066285
0.19656079374310986 0.19506219564066285
0.19656079374310986 0.19506219564066285
0.19656079374310986 0.19506219564066285
0.19656079374310986 0.19506219564066285
0.19656079374310986 0.19506219564066285
0.1782911606670081 0.17769602694421055
0.1782911606670081 0.17769602694421055
0.1782911606670081 0.17769602694421055
0.1782911606670081 0.17769602694421055
0.17073358738205396 0.17059608857562
0.17073358738205396 0.17059608857562
0.17073358738205396 0.17059608857562
0.17073358738205396 0.17059608857562
0.17073358738205396 0.17059608857562
0.17073358738205396 0.17059608857562
0.17073358738205396 0.17059608857562
0.17073358738205396 0.17059608857562
0.17073358738205396 0.17059608857562
0.17073358738205396 0.17059608857562
0.2130439839931945 0.2125616965130511
0.2130439839931945 0.2125616965130511
0.2130439839931945 0.2125616965130511
0.2130439839931945 0.2125616965130511
0.2130439839931945 0.2125616965130511
0.2130439839931945 0.2125616965130511
0.16070520221178636 0.161663180007118
0.16070520221178636 0.161663180007118
0.16070520221178636 0.161663180007118
0.16070520221178636 0.161663180007118
0.20339753995191015 0.20289546097690125
0.20339753995191015 0.20289546097690125
0.20339753995191015 0.20289546097690125
0.20339753995191015 0.20289546097690125
0.20339753995191015 0.20289546097690125
0.20339753995191015 0.20289546097690125
0.21862553276447252 0.2208282914210814
0.21862553276447252 0.2208282914210814
0.21862553276447252 0.2208282914210814
0.21862553276447252 0.2208282914210814
0.21862553276447252 0.2208282914210814
0.21862553276447252 0.2208282914210814
0.21862553276447252 0.2208282914210814
0.21862553276447252 0.2208282914210814
0.21862553276447252 0.2208282914210814
0.21862553276447252 0.2208282914210814
0.21862553276447252 0.2208282914210814
0.21862553276447252 0.2208282914210814
0.18480152082013176 0.18309598006961744
0.18480152082013176 0.18309598006961744
0.16456384927214174 0.1628628223713336
0.16456384927214174 0.1628628223713336
0.16456384927214174 0.1628628223713336
0.16456384927214174 0.1628628223713336
0.2738191508754264 0.27552712216039793
0.2738191508754264 0.27552712216039793
0.2738191508754264 0.27552712216039793
0.2738191508754264 0.27552712216039793
0.2315087542642859 0.2335615142229668
0.2315087542642859 0.2335615142229668
0.2399531254068975 0.24126110016406108
0.2399531254068975 0.24126110016406108
0.2399531254068975 0.24126110016406108
0.2399531254068975 0.24126110016406108
0.2399531254068975 0.24126110016406108
0.2399531254068975 0.24126110016406108
0.18203279485421134 0.18209598875009766
0.18203279485421134 0.18209598875009766
0.22899280388191073 0.2291948854610637
0.22899280388191073 0.2291948854610637
0.22899280388191073 0.2291948854610637
0.22899280388191073 0.2291948854610637
0.22899280388191073 0.2291948854610637
0.22899280388191073 0.2291948854610637
0.22899280388191073 0.2291948854610637
0.22899280388191073 0.2291948854610637
0.22899280388191073 0.2291948854610637
0.22899280388191073 0.2291948854610637
0.22899280388191073 0.2291948854610637
0.22899280388191073 0.2291948854610637
0.16465968177359572 0.16746278244112464
0.16465968177359572 0.16746278244112464
0.16465968177359572 0.16746278244112464
0.16465968177359572 0.16746278244112464
0.16465968177359572 0.16746278244112464
0.16465968177359572 0.16746278244112464
0.16465968177359572 0.16746278244112464
0.16465968177359572 0.16746278244112464
0.18719698613727312 0.189428911207368
0.18719698613727312 0.189428911207368
0.18719698613727312 0.189428911207368
0.18719698613727312 0.189428911207368
0.18719698613727312 0.189428911207368
0.18719698613727312 0.189428911207368
0.18719698613727312 0.189428911207368
0.18719698613727312 0.189428911207368
0.07794168453398842 0.07676495863751183
0.07794168453398842 0.07676495863751183
0.15747259138375536 0.15896320344441456
0.15747259138375536 0.15896320344441456
0.15747259138375536 0.15896320344441456
0.15747259138375536 0.15896320344441456
0.15747259138375536 0.15896320344441456
0.15747259138375536 0.15896320344441456
0.15747259138375536 0.15896320344441456
0.15747259138375536 0.15896320344441456
0.15747259138375536 0.15896320344441456
0.15747259138375536 0.15896320344441456
0.15747259138375536 0.15896320344441456
0.15747259138375536 0.15896320344441456
0.15747259138375536 0.15896320344441456
0.15747259138375536 0.15896320344441456
0.15747259138375536 0.15896320344441456
0.15747259138375536 0.15896320344441456
0.15747259138375536 0.15896320344441456
0.15747259138375536 0.15896320344441456
0.15747259138375536 0.15896320344441456
0.15747259138375536 0.15896320344441456
0.15747259138375536 0.15896320344441456
0.15747259138375536 0.15896320344441456
0.15747259138375536 0.15896320344441456
0.15747259138375536 0.15896320344441456
0.15747259138375536 0.15896320344441456
0.15747259138375536 0.15896320344441456
0.15747259138375536 0.15896320344441456
0.15747259138375536 0.15896320344441456
0.15747259138375536 0.15896320344441456
0.15747259138375536 0.15896320344441456
0.15747259138375536 0.15896320344441456
0.15747259138375536 0.15896320344441456
0.15747259138375536 0.15896320344441456
0.15747259138375536 0.15896320344441456
0.15747259138375536 0.15896320344441456
0.15747259138375536 0.15896320344441456
0.15747259138375536 0.15896320344441456
0.15747259138375536 0.15896320344441456
0.15747259138375536 0.15896320344441456
0.15747259138375536 0.15896320344441456
0.24360205206552027 0.24346108106700462
0.24360205206552027 0.24346108106700462
0.24360205206552027 0.24346108106700462
0.24360205206552027 0.24346108106700462