0.019791666666666666 0.01923611111111111
0.019791666666666666 0.01923611111111111
0.019791666666666666 0.01923611111111111
0.019791666666666666 0.01923611111111111
0.021791666666666668 0.021805555555555557
0.021791666666666668 0.021805555555555557
0.020541666666666666 0.019666666666666666
0.020541666666666666 0.019666666666666666
0.022125 0.022236111111111113
0.022125 0.022236111111111113
0.01936111111111111 0.01976388888888889
0.01936111111111111 0.01976388888888889
0.01936111111111111 0.01976388888888889
0.01936111111111111 0.01976388888888889
0.04859722222222222 0.04816666666666667
0.04859722222222222 0.04816666666666667
0.04859722222222222 0.04816666666666667
0.04859722222222222 0.04816666666666667
0.04859722222222222 0.04816666666666667
0.04859722222222222 0.04816666666666667
0.04859722222222222 0.04816666666666667
0.04859722222222222 0.04816666666666667
0.04859722222222222 0.04816666666666667
0.04859722222222222 0.04816666666666667
0.04859722222222222 0.04816666666666667
0.04859722222222222 0.04816666666666667
0.012652777777777778 0.013069444444444444
0.012652777777777778 0.013069444444444444
0.03090277777777778 0.031
0.03090277777777778 0.031
0.03090277777777778 0.031
0.03090277777777778 0.031
0.03090277777777778 0.031
0.03090277777777778 0.031
0.027555555555555555 0.026930555555555555
0.027555555555555555 0.026930555555555555
0.03356944444444444 0.034833333333333334
0.03356944444444444 0.034833333333333334
0.03356944444444444 0.034833333333333334
0.03356944444444444 0.034833333333333334
0.03356944444444444 0.034833333333333334
0.03356944444444444 0.034833333333333334
0.03356944444444444 0.034833333333333334
0.03356944444444444 0.034833333333333334
0.03761111111111111 0.03802777777777778
0.03761111111111111 0.03802777777777778
0.03761111111111111 0.03802777777777778
0.03761111111111111 0.03802777777777778
0.018597222222222223 0.017930555555555557
0.018597222222222223 0.017930555555555557
0.004458333333333333 0.005472222222222222
0.004458333333333333 0.005472222222222222
0.007430555555555556 0.007833333333333333
0.007430555555555556 0.007833333333333333
0.007430555555555556 0.007833333333333333
0.007430555555555556 0.007833333333333333
0.004958333333333334 0.004694444444444445
0.004958333333333334 0.004694444444444445
0.004958333333333334 0.004694444444444445
0.004958333333333334 0.004694444444444445
0.004958333333333334 0.004694444444444445
0.004958333333333334 0.004694444444444445
0.02365277777777778 0.02302777777777778
0.02365277777777778 0.02302777777777778
0.02365277777777778 0.02302777777777778
0.02365277777777778 0.02302777777777778
0.025041666666666667 0.025097222222222222
0.025041666666666667 0.025097222222222222
0.025041666666666667 0.025097222222222222
0.025041666666666667 0.025097222222222222
0.025041666666666667 0.025097222222222222
0.025041666666666667 0.025097222222222222
0.025041666666666667 0.025097222222222222
0.025041666666666667 0.025097222222222222
0.025041666666666667 0.025097222222222222
0.025041666666666667 0.025097222222222222
0.035416666666666666 0.035
0.035416666666666666 0.035
0.035416666666666666 0.035
0.035416666666666666 0.035
0.027180555555555555 0.028027777777777776
0.027180555555555555 0.028027777777777776
0.027180555555555555 0.028027777777777776
0.027180555555555555 0.028027777777777776
0.027180555555555555 0.028027777777777776
0.027180555555555555 0.028027777777777776
0.027180555555555555 0.028027777777777776
0.027180555555555555 0.028027777777777776
0.027180555555555555 0.028027777777777776
0.027180555555555555 0.028027777777777776
0.016430555555555556 0.016805555555555556
0.016430555555555556 0.016805555555555556
0.03216666666666667 0.0325
0.03216666666666667 0.0325
0.03216666666666667 0.0325
0.03216666666666667 0.0325
0.03216666666666667 0.0325
0.03216666666666667 0.0325
0.014805555555555556 0.014694444444444444
0.014805555555555556 0.014694444444444444
0.014805555555555556 0.014694444444444444
0.014805555555555556 0.014694444444444444
0.02838888888888889 0.029027777777777777
0.02838888888888889 0.029027777777777777
0.02838888888888889 0.029027777777777777
0.02838888888888889 0.029027777777777777
0.02838888888888889 0.029027777777777777
0.02838888888888889 0.029027777777777777
0.010444444444444444 0.01126388888888889
0.010444444444444444 0.01126388888888889
0.005208333333333333 0.005263888888888889
0.005208333333333333 0.005263888888888889
0.005208333333333333 0.005263888888888889
0.005208333333333333 0.005263888888888889
0.005208333333333333 0.005263888888888889
0.005208333333333333 0.005263888888888889
0.029 0.029333333333333333
0.029 0.029333333333333333
0.022875 0.022930555555555555
0.022875 0.022930555555555555
0.022875 0.022930555555555555
0.022875 0.022930555555555555
0.022875 0.022930555555555555
0.022875 0.022930555555555555
0.01175 0.012
0.01175 0.012
0.018152777777777778 0.01902777777777778
0.018152777777777778 0.01902777777777778
0.018152777777777778 0.01902777777777778
0.018152777777777778 0.01902777777777778
0.014458333333333333 0.014
0.014458333333333333 0.014
0.014458333333333333 0.014
0.014458333333333333 0.014
0.014458333333333333 0.014
0.014458333333333333 0.014
0.014458333333333333 0.014
0.014458333333333333 0.014
0.014458333333333333 0.014
0.014458333333333333 0.014
0.022916666666666665 0.023569444444444445
0.022916666666666665 0.023569444444444445
0.022916666666666665 0.023569444444444445
0.022916666666666665 0.023569444444444445
0.029972222222222223 0.028930555555555557
0.029972222222222223 0.028930555555555557
0.029972222222222223 0.028930555555555557
0.029972222222222223 0.028930555555555557
0.029972222222222223 0.028930555555555557
0.029972222222222223 0.028930555555555557
0.029972222222222223 0.028930555555555557
0.029972222222222223 0.028930555555555557
0.08034722222222222 0.0798611111111111
0.08034722222222222 0.0798611111111111
0.08034722222222222 0.0798611111111111
0.08034722222222222 0.0798611111111111
0.08034722222222222 0.0798611111111111
0.08034722222222222 0.0798611111111111
0.08034722222222222 0.0798611111111111
0.08034722222222222 0.0798611111111111
0.08034722222222222 0.0798611111111111
0.08034722222222222 0.0798611111111111
0.08034722222222222 0.0798611111111111
0.08034722222222222 0.0798611111111111
0.08034722222222222 0.0798611111111111
0.08034722222222222 0.0798611111111111
0.08034722222222222 0.0798611111111111
0.08034722222222222 0.0798611111111111
0.08034722222222222 0.0798611111111111
0.08034722222222222 0.0798611111111111
0.08034722222222222 0.0798611111111111
0.08034722222222222 0.0798611111111111
0.08034722222222222 0.0798611111111111
0.08034722222222222 0.0798611111111111
0.08034722222222222 0.0798611111111111
0.08034722222222222 0.0798611111111111
0.08034722222222222 0.0798611111111111
0.08034722222222222 0.0798611111111111
0.08034722222222222 0.0798611111111111
0.08034722222222222 0.0798611111111111
0.010375 0.010305555555555556
0.010375 0.010305555555555556
0.044444444444444446 0.043833333333333335
0.044444444444444446 0.043833333333333335
0.044444444444444446 0.043833333333333335
0.044444444444444446 0.043833333333333335
0.044444444444444446 0.043833333333333335
0.044444444444444446 0.043833333333333335
0.004833333333333334 0.004402777777777778
0.004833333333333334 0.004402777777777778
0.020638888888888887 0.020305555555555556
0.020638888888888887 0.020305555555555556
0.016666666666666666 0.015666666666666666
0.016666666666666666 0.015666666666666666
0.016666666666666666 0.015666666666666666
0.016666666666666666 0.015666666666666666
0.006416666666666667 0.005902777777777778
0.006416666666666667 0.005902777777777778
0.006416666666666667 0.005902777777777778
0.006416666666666667 0.005902777777777778