1.591760299625468e-05 1.388888888888889e-05
1.3715277777777778e-05 1.388888888888889e-05
1.2836700336700337e-05 1.388888888888889e-05
1.1574074074074073e-05 1.388888888888889e-05
1.6025641025641026e-05 1.388888888888889e-05
1.5361952861952862e-05 1.388888888888889e-05
1.2941919191919191e-05 1.388888888888889e-05
1.4636752136752137e-05 1.388888888888889e-05
1.4619883040935673e-05 1.388888888888889e-05
1.1874469889737065e-05 1.388888888888889e-05
1.4589704383282364e-05 1.388888888888889e-05
1.480607966457023e-05 1.388888888888889e-05
1.7210144927536233e-05 1.388888888888889e-05
1.3939950980392158e-05 1.388888888888889e-05
1.2847222222222222e-05 1.388888888888889e-05
1.459750566893424e-05 1.388888888888889e-05
1.459750566893424e-05 1.388888888888889e-05
1.270878721859114e-05 1.388888888888889e-05
1.270878721859114e-05 1.388888888888889e-05
1.7424242424242425e-05 1.388888888888889e-05