5.192871949874672e-07 5.181346999916805e-07
5.192871949874672e-07 5.181346999916805e-07
5.192700143149779e-07 5.181343229185029e-07
5.192700143149779e-07 5.181343229185029e-07
5.192700143149779e-07 5.181343229185029e-07
5.192700143149779e-07 5.181343229185029e-07
5.193221280801715e-07 5.181346646999986e-07
5.193221280801715e-07 5.181346646999986e-07
5.193334619877193e-07 5.181348100037633e-07
5.193334619877193e-07 5.181348100037633e-07
5.193334619877193e-07 5.181348100037633e-07
5.193334619877193e-07 5.181348100037633e-07
5.192837829210788e-07 5.181347264731953e-07
5.192837829210788e-07 5.181347264731953e-07
5.192837829210788e-07 5.181347264731953e-07
5.192837829210788e-07 5.181347264731953e-07