0.09792361111111111 0.101
0.09792361111111111 0.101
0.09792361111111111 0.101
0.09792361111111111 0.101
0.09792361111111111 0.101
0.09792361111111111 0.101
0.06753472222222222 0.06596527777777778
0.06753472222222222 0.06596527777777778
0.09826388888888889 0.09903472222222222
0.09826388888888889 0.09903472222222222
0.09826388888888889 0.09903472222222222
0.09826388888888889 0.09903472222222222
0.09826388888888889 0.09903472222222222
0.056729166666666664 0.05526388888888889
0.17056944444444444 0.17286805555555557
0.17056944444444444 0.17286805555555557
0.03222916666666667 0.03023611111111111
0.04766666666666667 0.04759722222222222
0.04766666666666667 0.04759722222222222
0.03855555555555556 0.0385