6.859988740379557e-06 6.625062671140422e-06
6.859988740379557e-06 6.625062671140422e-06
6.859343294982664e-06 6.625062671140422e-06
6.859343294982664e-06 6.625062671140422e-06
6.859343294982664e-06 6.625062671140422e-06
6.859343294982664e-06 6.625062671140422e-06
6.859765443392801e-06 6.625062671140422e-06
6.859765443392801e-06 6.625062671140422e-06
6.860367024986261e-06 6.625062671140422e-06
6.860367024986261e-06 6.625062671140422e-06
6.860367024986261e-06 6.625062671140422e-06
6.860367024986261e-06 6.625062671140422e-06
6.860367024986261e-06 6.625062671140422e-06
6.860367024986261e-06 6.625062671140422e-06
6.860367024986261e-06 6.625062671140422e-06
6.860367024986261e-06 6.625062671140422e-06
6.860367024986261e-06 6.625062671140422e-06
6.860367024986261e-06 6.625062671140422e-06
6.860367024986261e-06 6.625062671140422e-06
6.860367024986261e-06 6.625062671140422e-06
6.860367024986261e-06 6.625062671140422e-06
6.860367024986261e-06 6.625062671140422e-06
6.861149062261573e-06 6.625062671140422e-06
6.861149062261573e-06 6.625062671140422e-06
6.860746205253697e-06 6.625062671140422e-06
6.860746205253697e-06 6.625062671140422e-06
6.860746205253697e-06 6.625062671140422e-06
6.860746205253697e-06 6.625062671140422e-06
6.860746205253697e-06 6.625062671140422e-06
6.860746205253697e-06 6.625062671140422e-06
6.860746205253697e-06 6.625062671140422e-06
6.860746205253697e-06 6.625062671140422e-06
6.860746205253697e-06 6.625062671140422e-06
6.860746205253697e-06 6.625062671140422e-06
6.860746205253697e-06 6.625062671140422e-06
6.860746205253697e-06 6.625062671140422e-06
6.860746205253697e-06 6.625062671140422e-06
6.860746205253697e-06 6.625062671140422e-06
6.859623627424849e-06 6.625062671140422e-06
6.859623627424849e-06 6.625062671140422e-06
6.860746205253697e-06 6.625062671140422e-06
6.860746205253697e-06 6.625062671140422e-06
6.8607725330892364e-06 6.625062671140422e-06
6.8607725330892364e-06 6.625062671140422e-06
6.860586947464446e-06 6.625062671140422e-06
6.860586947464446e-06 6.625062671140422e-06
6.860586947464446e-06 6.625062671140422e-06
6.860586947464446e-06 6.625062671140422e-06
6.860586947464446e-06 6.625062671140422e-06
6.860586947464446e-06 6.625062671140422e-06
6.860586947464446e-06 6.625062671140422e-06
6.860586947464446e-06 6.625062671140422e-06
6.860586947464446e-06 6.625062671140422e-06
6.860586947464446e-06 6.625062671140422e-06
6.860586947464446e-06 6.625062671140422e-06
6.860586947464446e-06 6.625062671140422e-06
6.860586947464446e-06 6.625062671140422e-06
6.860586947464446e-06 6.625062671140422e-06
6.86095995005734e-06 6.625062671140422e-06
6.86095995005734e-06 6.625062671140422e-06
6.86095995005734e-06 6.625062671140422e-06
6.86095995005734e-06 6.625062671140422e-06
6.86095995005734e-06 6.625062671140422e-06
6.86095995005734e-06 6.625062671140422e-06
6.86095995005734e-06 6.625062671140422e-06
6.86095995005734e-06 6.625062671140422e-06
6.86095995005734e-06 6.625062671140422e-06
6.86095995005734e-06 6.625062671140422e-06
6.859623627424849e-06 6.625062671140422e-06
6.859623627424849e-06 6.625062671140422e-06
6.859623627424849e-06 6.625062671140422e-06
6.859623627424849e-06 6.625062671140422e-06
6.86095995005734e-06 6.625062671140422e-06
6.86095995005734e-06 6.625062671140422e-06
6.860915058286461e-06 6.625062671140422e-06
6.860915058286461e-06 6.625062671140422e-06
6.860681773852408e-06 6.625062671140422e-06
6.860681773852408e-06 6.625062671140422e-06
6.860681773852408e-06 6.625062671140422e-06
6.860681773852408e-06 6.625062671140422e-06
6.860538080780016e-06 6.625062671140422e-06
6.860538080780016e-06 6.625062671140422e-06
6.860538080780016e-06 6.625062671140422e-06
6.860538080780016e-06 6.625062671140422e-06
6.859623627424849e-06 6.625062671140422e-06
6.859623627424849e-06 6.625062671140422e-06
6.860538080780016e-06 6.625062671140422e-06
6.860538080780016e-06 6.625062671140422e-06
6.860538080780016e-06 6.625062671140422e-06
6.860538080780016e-06 6.625062671140422e-06
6.860538080780016e-06 6.625062671140422e-06
6.860538080780016e-06 6.625062671140422e-06
6.860538080780016e-06 6.625062671140422e-06
6.860538080780016e-06 6.625062671140422e-06
6.860538080780016e-06 6.625062671140422e-06
6.860538080780016e-06 6.625062671140422e-06
6.86077305551588e-06 6.625062671140422e-06
6.86077305551588e-06 6.625062671140422e-06
6.86077305551588e-06 6.625062671140422e-06
6.86077305551588e-06 6.625062671140422e-06
6.86078268853456e-06 6.625062671140422e-06
6.86078268853456e-06 6.625062671140422e-06
6.86078268853456e-06 6.625062671140422e-06
6.86078268853456e-06 6.625062671140422e-06
6.860190279275668e-06 6.625062671140422e-06
6.860190279275668e-06 6.625062671140422e-06
6.860224249235877e-06 6.625062671140422e-06
6.860224249235877e-06 6.625062671140422e-06
6.860224249235877e-06 6.625062671140422e-06
6.860224249235877e-06 6.625062671140422e-06
6.860224249235877e-06 6.625062671140422e-06
6.860224249235877e-06 6.625062671140422e-06
6.8599933670258275e-06 6.625062671140422e-06
6.8599933670258275e-06 6.625062671140422e-06
6.8599933670258275e-06 6.625062671140422e-06
6.8599933670258275e-06 6.625062671140422e-06
6.860787129712861e-06 6.625062671140422e-06
6.860787129712861e-06 6.625062671140422e-06
6.860787129712861e-06 6.625062671140422e-06
6.860787129712861e-06 6.625062671140422e-06
6.8609348482313095e-06 6.625062671140422e-06
6.8609348482313095e-06 6.625062671140422e-06
6.8592367938770605e-06 6.625062671140422e-06
6.8592367938770605e-06 6.625062671140422e-06
6.8609348482313095e-06 6.625062671140422e-06
6.8609348482313095e-06 6.625062671140422e-06
6.860843210279017e-06 6.625062671140422e-06
6.860843210279017e-06 6.625062671140422e-06
6.860843210279017e-06 6.625062671140422e-06
6.860843210279017e-06 6.625062671140422e-06
6.861155003364988e-06 6.625062671140422e-06
6.861155003364988e-06 6.625062671140422e-06
6.861155003364988e-06 6.625062671140422e-06
6.861155003364988e-06 6.625062671140422e-06
6.861155003364988e-06 6.625062671140422e-06
6.861155003364988e-06 6.625062671140422e-06
6.861155003364988e-06 6.625062671140422e-06
6.861155003364988e-06 6.625062671140422e-06
6.861155003364988e-06 6.625062671140422e-06
6.861155003364988e-06 6.625062671140422e-06
6.861155003364988e-06 6.625062671140422e-06
6.861155003364988e-06 6.625062671140422e-06
6.861155003364988e-06 6.625062671140422e-06
6.861155003364988e-06 6.625062671140422e-06
6.861186390893271e-06 6.625062671140422e-06
6.861186390893271e-06 6.625062671140422e-06
6.860331297553218e-06 6.625062671140422e-06
6.860331297553218e-06 6.625062671140422e-06
6.860331297553218e-06 6.625062671140422e-06
6.860331297553218e-06 6.625062671140422e-06
6.860069964785915e-06 6.625062671140422e-06
6.860069964785915e-06 6.625062671140422e-06
6.859786831406181e-06 6.625062671140422e-06
6.859786831406181e-06 6.625062671140422e-06
6.859786831406181e-06 6.625062671140422e-06
6.859786831406181e-06 6.625062671140422e-06
6.859786831406181e-06 6.625062671140422e-06
6.859786831406181e-06 6.625062671140422e-06
6.8588515455880615e-06 6.625062671140422e-06
6.8588515455880615e-06 6.625062671140422e-06
6.8588515455880615e-06 6.625062671140422e-06
6.8588515455880615e-06 6.625062671140422e-06
6.859765443392801e-06 6.625062671140422e-06
6.859765443392801e-06 6.625062671140422e-06
6.859765443392801e-06 6.625062671140422e-06
6.859765443392801e-06 6.625062671140422e-06
6.859580150864054e-06 6.625062671140422e-06
6.859580150864054e-06 6.625062671140422e-06
6.859580150864054e-06 6.625062671140422e-06
6.859580150864054e-06 6.625062671140422e-06
6.859580150864054e-06 6.625062671140422e-06
6.859580150864054e-06 6.625062671140422e-06
6.859580150864054e-06 6.625062671140422e-06
6.859580150864054e-06 6.625062671140422e-06
6.859580150864054e-06 6.625062671140422e-06
6.859580150864054e-06 6.625062671140422e-06
6.859580150864054e-06 6.625062671140422e-06
6.859580150864054e-06 6.625062671140422e-06
6.859580150864054e-06 6.625062671140422e-06
6.859580150864054e-06 6.625062671140422e-06
6.859580150864054e-06 6.625062671140422e-06
6.859580150864054e-06 6.625062671140422e-06
6.859580150864054e-06 6.625062671140422e-06
6.859580150864054e-06 6.625062671140422e-06
6.859580150864054e-06 6.625062671140422e-06
6.859580150864054e-06 6.625062671140422e-06
6.859580150864054e-06 6.625062671140422e-06
6.859580150864054e-06 6.625062671140422e-06
6.859580150864054e-06 6.625062671140422e-06
6.859580150864054e-06 6.625062671140422e-06
6.859580150864054e-06 6.625062671140422e-06
6.859580150864054e-06 6.625062671140422e-06
6.859580150864054e-06 6.625062671140422e-06
6.859580150864054e-06 6.625062671140422e-06
6.859580150864054e-06 6.625062671140422e-06
6.859580150864054e-06 6.625062671140422e-06
6.859580150864054e-06 6.625062671140422e-06
6.859580150864054e-06 6.625062671140422e-06
6.859580150864054e-06 6.625062671140422e-06
6.859580150864054e-06 6.625062671140422e-06