1.8677113702623906e-07 5.030978314137414e-07
1.8677113702623906e-07 5.030978314137414e-07
1.8677113702623906e-07 5.030978314137414e-07
1.8677113702623906e-07 5.030978314137414e-07
1.8677113702623906e-07 5.030978314137414e-07
1.8677113702623906e-07 5.030978314137414e-07
1.8677113702623906e-07 5.030978314137414e-07
1.8677113702623906e-07 5.030978314137414e-07
1.8677113702623906e-07 5.030978314137414e-07
1.8677113702623906e-07 5.030978314137414e-07
1.8677113702623906e-07 5.030978314137414e-07
1.8677113702623906e-07 5.030978314137414e-07
1.8677113702623906e-07 5.030978314137414e-07
1.8677113702623906e-07 5.030978314137414e-07
1.8677113702623906e-07 5.030978314137414e-07
1.8677113702623906e-07 5.030978314137414e-07
1.8677113702623906e-07 5.030978314137414e-07
1.8677113702623906e-07 5.030978314137414e-07
1.8677113702623906e-07 5.030978314137414e-07
1.8677113702623906e-07 5.030978314137414e-07
1.8677113702623906e-07 5.030978314137414e-07
1.8677113702623906e-07 5.030978314137414e-07
1.8677113702623906e-07 5.030978314137414e-07
1.8677113702623906e-07 5.030978314137414e-07
1.8677113702623906e-07 5.030978314137414e-07
1.8677113702623906e-07 5.030978314137414e-07
6.638220764496275e-07 5.031041650597e-07
6.638220764496275e-07 5.031041650597e-07
6.638220764496275e-07 5.031041650597e-07
6.638220764496275e-07 5.031041650597e-07
6.638220764496275e-07 5.031041650597e-07
6.638220764496275e-07 5.031041650597e-07
6.638220764496275e-07 5.031041650597e-07
6.638220764496275e-07 5.031041650597e-07
6.638220764496275e-07 5.031041650597e-07
6.638220764496275e-07 5.031041650597e-07
6.638220764496275e-07 5.031041650597e-07
6.638220764496275e-07 5.031041650597e-07
6.638220764496275e-07 5.031041650597e-07
6.638220764496275e-07 5.031041650597e-07
7.951692581794622e-07 5.030127938077729e-07
7.951692581794622e-07 5.030127938077729e-07
7.951692581794622e-07 5.030127938077729e-07
7.951692581794622e-07 5.030127938077729e-07
7.951692581794622e-07 5.030127938077729e-07
7.951692581794622e-07 5.030127938077729e-07
7.951692581794622e-07 5.030127938077729e-07
7.951692581794622e-07 5.030127938077729e-07
7.951692581794622e-07 5.030127938077729e-07
7.951692581794622e-07 5.030127938077729e-07
7.951692581794622e-07 5.030127938077729e-07
7.951692581794622e-07 5.030127938077729e-07
7.951692581794622e-07 5.030127938077729e-07
7.951692581794622e-07 5.030127938077729e-07
7.951692581794622e-07 5.030127938077729e-07
7.951692581794622e-07 5.030127938077729e-07
7.951692581794622e-07 5.030127938077729e-07
7.951692581794622e-07 5.030127938077729e-07
7.951692581794622e-07 5.030127938077729e-07
7.951692581794622e-07 5.030127938077729e-07
7.951692581794622e-07 5.030127938077729e-07
7.951692581794622e-07 5.030127938077729e-07
7.951692581794622e-07 5.030127938077729e-07
7.951692581794622e-07 5.030127938077729e-07
6.099165856818918e-07 5.031121553663333e-07
6.099165856818918e-07 5.031121553663333e-07
6.099165856818918e-07 5.031121553663333e-07
6.099165856818918e-07 5.031121553663333e-07
6.099165856818918e-07 5.031121553663333e-07
6.099165856818918e-07 5.031121553663333e-07
6.099165856818918e-07 5.031121553663333e-07
6.099165856818918e-07 5.031121553663333e-07
6.099165856818918e-07 5.031121553663333e-07
6.099165856818918e-07 5.031121553663333e-07
4.123896582442501e-07 5.029941545531388e-07
4.123896582442501e-07 5.029941545531388e-07
4.123896582442501e-07 5.029941545531388e-07
4.123896582442501e-07 5.029941545531388e-07
4.123896582442501e-07 5.029941545531388e-07
4.123896582442501e-07 5.029941545531388e-07
3.040725218658892e-07 5.0310540260289e-07
3.040725218658892e-07 5.0310540260289e-07
4.3579931972789114e-07 5.030965291067603e-07
4.3579931972789114e-07 5.030965291067603e-07
4.3579931972789114e-07 5.030965291067603e-07
4.3579931972789114e-07 5.030965291067603e-07
8.417355037252997e-07 5.031000010402688e-07
8.417355037252997e-07 5.031000010402688e-07
8.417355037252997e-07 5.031000010402688e-07
8.417355037252997e-07 5.031000010402688e-07
7.778334548104957e-07 5.03055253004486e-07
7.778334548104957e-07 5.03055253004486e-07
6.087777372853903e-07 5.030167609739369e-07
6.087777372853903e-07 5.030167609739369e-07
6.087777372853903e-07 5.030167609739369e-07
6.087777372853903e-07 5.030167609739369e-07
1.0857021379980564e-07 5.029922895690656e-07
1.0857021379980564e-07 5.029922895690656e-07
1.0857021379980564e-07 5.029922895690656e-07
1.0857021379980564e-07 5.029922895690656e-07
5.920746274700356e-07 5.030407397064755e-07
5.920746274700356e-07 5.030407397064755e-07
5.920746274700356e-07 5.030407397064755e-07
5.920746274700356e-07 5.030407397064755e-07
2.4232163103336574e-07 5.030857580702151e-07
2.4232163103336574e-07 5.030857580702151e-07
1.5159337544541626e-07 5.030012151410235e-07
1.5159337544541626e-07 5.030012151410235e-07
1.5159337544541626e-07 5.030012151410235e-07
1.5159337544541626e-07 5.030012151410235e-07
6.973548347910593e-07 5.029938751710998e-07
6.973548347910593e-07 5.029938751710998e-07
6.973548347910593e-07 5.029938751710998e-07
6.973548347910593e-07 5.029938751710998e-07
6.973548347910593e-07 5.029938751710998e-07
6.973548347910593e-07 5.029938751710998e-07
6.973548347910593e-07 5.029938751710998e-07
6.973548347910593e-07 5.029938751710998e-07
6.973548347910593e-07 5.029938751710998e-07
6.973548347910593e-07 5.029938751710998e-07
6.973548347910593e-07 5.029938751710998e-07
6.973548347910593e-07 5.029938751710998e-07
6.973548347910593e-07 5.029938751710998e-07
6.973548347910593e-07 5.029938751710998e-07
6.973548347910593e-07 5.029938751710998e-07
6.973548347910593e-07 5.029938751710998e-07
6.973548347910593e-07 5.029938751710998e-07
6.973548347910593e-07 5.029938751710998e-07
6.973548347910593e-07 5.029938751710998e-07
6.973548347910593e-07 5.029938751710998e-07
6.973548347910593e-07 5.029938751710998e-07
6.973548347910593e-07 5.029938751710998e-07
6.973548347910593e-07 5.029938751710998e-07
6.973548347910593e-07 5.029938751710998e-07
3.8455114188532556e-07 5.031162377922926e-07
3.8455114188532556e-07 5.031162377922926e-07
3.8455114188532556e-07 5.031162377922926e-07
3.8455114188532556e-07 5.031162377922926e-07
3.8455114188532556e-07 5.031162377922926e-07
3.8455114188532556e-07 5.031162377922926e-07
3.8455114188532556e-07 5.031162377922926e-07
3.8455114188532556e-07 5.031162377922926e-07
3.8455114188532556e-07 5.031162377922926e-07
3.8455114188532556e-07 5.031162377922926e-07
3.8455114188532556e-07 5.031162377922926e-07
3.8455114188532556e-07 5.031162377922926e-07
3.8455114188532556e-07 5.031162377922926e-07
3.8455114188532556e-07 5.031162377922926e-07
3.8455114188532556e-07 5.031162377922926e-07
3.8455114188532556e-07 5.031162377922926e-07
4.1757774538386784e-08 5.030205881077159e-07
4.1757774538386784e-08 5.030205881077159e-07
4.1757774538386784e-08 5.030205881077159e-07
4.1757774538386784e-08 5.030205881077159e-07
4.1757774538386784e-08 5.030205881077159e-07
4.1757774538386784e-08 5.030205881077159e-07
4.1757774538386784e-08 5.030205881077159e-07
4.1757774538386784e-08 5.030205881077159e-07
4.1757774538386784e-08 5.030205881077159e-07
4.1757774538386784e-08 5.030205881077159e-07
4.1757774538386784e-08 5.030205881077159e-07
4.1757774538386784e-08 5.030205881077159e-07
4.1757774538386784e-08 5.030205881077159e-07
4.1757774538386784e-08 5.030205881077159e-07
4.1757774538386784e-08 5.030205881077159e-07
4.1757774538386784e-08 5.030205881077159e-07
4.1757774538386784e-08 5.030205881077159e-07
4.1757774538386784e-08 5.030205881077159e-07
1.4707594347262714e-06 5.030075817368635e-07
1.4707594347262714e-06 5.030075817368635e-07
1.4707594347262714e-06 5.030075817368635e-07
1.4707594347262714e-06 5.030075817368635e-07