0.07142857142857142 0.07093190337359434
0.07142857142857142 0.07093190337359434
0.07142857142857142 0.0717003331945023
0.07142857142857142 0.0717003331945023
0.07142857142857142 0.0717003331945023
0.07142857142857142 0.0717003331945023
0.07142857142857142 0.0717003331945023
0.07142857142857142 0.0706143273635985
0.07142857142857142 0.0706143273635985
0.07142857142857142 0.0706143273635985
0.07142857142857142 0.07271917950853811
0.07142857142857142 0.07161651395251978
0.07142857142857142 0.07320387338608914
0.07142857142857142 0.07320387338608914
0.07142857142857142 0.07320387338608914
0.07142857142857142 0.07320387338608914
0.07142857142857142 0.07320387338608914
0.07142857142857142 0.07320387338608914
0.07142857142857142 0.07320387338608914
0.07142857142857142 0.07320387338608914
0.014285714285714285 0.014101416076634735
0.014285714285714285 0.014101416076634735
0.014285714285714285 0.014253956684714702
0.014285714285714285 0.014253956684714702
0.014285714285714285 0.014253956684714702
0.014285714285714285 0.014037900874635568
0.014285714285714285 0.014037900874635568
0.014285714285714285 0.014456476468138276
0.014285714285714285 0.014237296959600167
0.014285714285714285 0.014552790503956685
0.014285714285714285 0.014552790503956685
0.014285714285714285 0.014459600166597251
0.014285714285714285 0.014240420658059142
0.014285714285714285 0.014762598917117868
0.014285714285714285 0.014762598917117868
0.014285714285714285 0.014762598917117868
0.014285714285714285 0.014762598917117868
0.014285714285714285 0.014762598917117868
0.014285714285714285 0.014762598917117868
0.014285714285714285 0.014222719700124948
0.02857142857142857 0.028589650145772593
0.02857142857142857 0.028589650145772593
0.02857142857142857 0.028589650145772593
0.02857142857142857 0.028589650145772593
0.08571428571428572 0.08527852977925864
0.08571428571428572 0.08475531028738026
0.08571428571428572 0.08475531028738026
0.08571428571428572 0.08475531028738026
0.05714285714285714 0.05733392336526447
0.05714285714285714 0.05733392336526447
0.02857142857142857 0.028520928779675134
0.02857142857142857 0.028520928779675134
5.206164098292378e-07 5.206164098292378e-07
5.206164098292378e-07 5.206164098292378e-07
5.206164098292378e-07 5.206164098292378e-07
0.02857142857142857 0.028136713869221158
0.02857142857142857 0.028136713869221158
0.02857142857142857 0.028136713869221158
0.02857142857142857 0.028136713869221158
0.02857142857142857 0.028136713869221158
0.02857142857142857 0.028136713869221158
0.02857142857142857 0.028136713869221158
0.02857142857142857 0.028136713869221158
0.02857142857142857 0.028136713869221158
0.02857142857142857 0.028136713869221158
0.02857142857142857 0.028136713869221158
0.02857142857142857 0.028136713869221158
0.02857142857142857 0.02844179508538109
0.02857142857142857 0.02844179508538109
0.02857142857142857 0.02844179508538109
0.02857142857142857 0.02844179508538109
0.02857142857142857 0.02844179508538109
0.02857142857142857 0.02844179508538109
0.02857142857142857 0.02844179508538109
0.02857142857142857 0.02844179508538109
0.02857142857142857 0.02844179508538109
0.02857142857142857 0.02844179508538109
0.02857142857142857 0.02844179508538109
0.02857142857142857 0.02844179508538109
0.02857142857142857 0.02844179508538109
0.02857142857142857 0.02844179508538109
0.02857142857142857 0.02844179508538109
0.02857142857142857 0.02844179508538109
0.02857142857142857 0.02844179508538109
0.02857142857142857 0.02844179508538109
0.02857142857142857 0.02844179508538109
0.02857142857142857 0.02844179508538109
0.02857142857142857 0.02844179508538109
0.02857142857142857 0.02844179508538109
0.02857142857142857 0.02844179508538109
0.02857142857142857 0.02844179508538109
0.02857142857142857 0.02844179508538109
0.02857142857142857 0.02844179508538109
0.02857142857142857 0.02844179508538109
0.02857142857142857 0.02844179508538109
0.02857142857142857 0.028010724698042482
0.02857142857142857 0.028010724698042482
0.02857142857142857 0.028010724698042482
0.02857142857142857 0.028010724698042482
0.02857142857142857 0.028010724698042482
0.02857142857142857 0.028010724698042482
0.02857142857142857 0.028010724698042482
0.02857142857142857 0.028010724698042482
0.02857142857142857 0.02884579341940858
0.02857142857142857 0.02884579341940858
0.02857142857142857 0.02840847563515202
0.02857142857142857 0.02840847563515202
0.02857142857142857 0.029037900874635567
0.02857142857142857 0.029037900874635567
0.02857142857142857 0.029037900874635567
0.02857142857142857 0.029037900874635567
0.02857142857142857 0.029037900874635567
0.02857142857142857 0.029037900874635567
0.02857142857142857 0.029037900874635567
0.02857142857142857 0.029037900874635567
0.02857142857142857 0.029037900874635567
0.02857142857142857 0.029037900874635567
0.02857142857142857 0.029037900874635567
0.02857142857142857 0.029037900874635567
0.02857142857142857 0.029037900874635567
0.02857142857142857 0.029037900874635567
0.02857142857142857 0.029037900874635567
0.02857142857142857 0.029037900874635567
0.02857142857142857 0.029037900874635567
0.02857142857142857 0.029037900874635567
0.02857142857142857 0.029037900874635567
0.02857142857142857 0.029037900874635567
0.02857142857142857 0.029037900874635567
0.02857142857142857 0.029037900874635567
0.02857142857142857 0.029037900874635567
0.02857142857142857 0.029037900874635567
0.08571428571428572 0.0865082257392753
0.08571428571428572 0.0865082257392753
0.08571428571428572 0.0858564139941691
0.08571428571428572 0.08622605164514785
0.08571428571428572 0.08687786339025406
0.02857142857142857 0.028932215743440234
5.206164098292378e-07 5.206164098292378e-07
5.206164098292378e-07 5.206164098292378e-07
0.02857142857142857 0.028542794668887962
0.02857142857142857 0.028542794668887962
0.02857142857142857 0.028542794668887962
0.02857142857142857 0.028542794668887962
0.02857142857142857 0.028542794668887962
0.02857142857142857 0.028542794668887962
0.02857142857142857 0.028542794668887962
0.02857142857142857 0.028542794668887962
0.02857142857142857 0.0288515201999167
0.02857142857142857 0.0288515201999167
0.02857142857142857 0.0288515201999167
0.02857142857142857 0.0288515201999167
0.02857142857142857 0.0288515201999167
0.02857142857142857 0.0288515201999167
0.02857142857142857 0.0288515201999167
0.02857142857142857 0.0288515201999167
0.02857142857142857 0.0288515201999167
0.02857142857142857 0.0288515201999167
0.02857142857142857 0.02841472303206997
0.02857142857142857 0.02841472303206997
0.02857142857142857 0.02841472303206997
0.02857142857142857 0.02841472303206997
0.02857142857142857 0.02841472303206997
0.02857142857142857 0.02841472303206997
0.02857142857142857 0.02841472303206997
0.02857142857142857 0.02841472303206997
0.02857142857142857 0.02841472303206997
0.02857142857142857 0.02841472303206997
0.02857142857142857 0.02841472303206997
0.02857142857142857 0.02841472303206997
0.02857142857142857 0.02841472303206997
0.02857142857142857 0.02841472303206997
0.02857142857142857 0.02881820074968763
0.02857142857142857 0.02881820074968763
0.02857142857142857 0.02881820074968763
0.02857142857142857 0.02881820074968763
0.02857142857142857 0.029456997084548103
0.02857142857142857 0.029456997084548103
0.02857142857142857 0.029456997084548103
0.02857142857142857 0.029456997084548103
0.02857142857142857 0.029456997084548103
0.02857142857142857 0.029456997084548103
0.02857142857142857 0.029456997084548103
0.02857142857142857 0.029456997084548103
0.02857142857142857 0.029456997084548103
0.02857142857142857 0.029456997084548103
0.02857142857142857 0.029456997084548103
0.02857142857142857 0.029456997084548103
0.02857142857142857 0.029456997084548103
0.02857142857142857 0.029456997084548103
0.02857142857142857 0.029456997084548103
0.02857142857142857 0.029456997084548103
0.02857142857142857 0.029456997084548103
0.02857142857142857 0.029456997084548103
0.02857142857142857 0.029456997084548103
0.02857142857142857 0.029456997084548103
0.02857142857142857 0.029456997084548103
0.02857142857142857 0.029456997084548103
0.02857142857142857 0.029456997084548103
0.02857142857142857 0.029456997084548103
0.02857142857142857 0.028458975426905456
0.02857142857142857 0.02807528113286131
0.02857142857142857 0.02807528113286131
0.02857142857142857 0.028379841732611412
0.02857142857142857 0.028379841732611412
0.02857142857142857 0.028379841732611412
0.02857142857142857 0.028379841732611412
0.02857142857142857 0.028379841732611412
0.02857142857142857 0.028379841732611412
0.02857142857142857 0.028379841732611412
0.02857142857142857 0.028379841732611412
0.02857142857142857 0.02794981257809246
0.02857142857142857 0.02794981257809246
0.02857142857142857 0.02794981257809246
0.02857142857142857 0.02794981257809246
0.02857142857142857 0.02897490628904623
0.02857142857142857 0.02897490628904623
0.02857142857142857 0.02897490628904623
0.02857142857142857 0.02897490628904623
0.02857142857142857 0.02897490628904623
0.02857142857142857 0.02897490628904623
0.05714285714285714 0.05617607246980425
0.05714285714285714 0.05617607246980425
0.05714285714285714 0.05617607246980425
0.05714285714285714 0.05617607246980425
0.05714285714285714 0.05617607246980425
0.05714285714285714 0.05617607246980425
0.05714285714285714 0.05617607246980425
0.05714285714285714 0.05617607246980425
0.05714285714285714 0.05617607246980425
0.05714285714285714 0.05617607246980425
0.05714285714285714 0.05617607246980425
0.05714285714285714 0.05617607246980425
0.05714285714285714 0.05617607246980425
0.05714285714285714 0.05617607246980425
0.05714285714285714 0.05617607246980425
0.05714285714285714 0.05617607246980425
0.05714285714285714 0.05617607246980425
0.05714285714285714 0.05617607246980425
0.05714285714285714 0.05617607246980425
0.05714285714285714 0.05617607246980425