4.498726638744847e-07 4.976740932204732e-07
4.498726638744847e-07 4.976740932204732e-07
2.6448845514681205e-07 4.976747409600946e-07
2.6448845514681205e-07 4.976747409600946e-07
2.6448845514681205e-07 4.976747409600946e-07
2.6448845514681205e-07 4.976747409600946e-07
2.6448845514681205e-07 4.976747409600946e-07
2.2232364730054613e-07 4.976747740459301e-07
2.2232364730054613e-07 4.976747740459301e-07
2.2232364730054613e-07 4.976747740459301e-07
3.5524793201304375e-07 4.976749232428538e-07
1.4288538211913667e-07 4.976751099580606e-07
3.0507806087555406e-07 4.976745715836084e-07
3.0507806087555406e-07 4.976745715836084e-07
3.0507806087555406e-07 4.976745715836084e-07
3.0507806087555406e-07 4.976745715836084e-07
3.0507806087555406e-07 4.976745715836084e-07
3.0507806087555406e-07 4.976745715836084e-07
3.0507806087555406e-07 4.976745715836084e-07
3.0507806087555406e-07 4.976745715836084e-07
6.599147955486819e-07 4.976741122152904e-07
6.599147955486819e-07 4.976741122152904e-07
4.200412457805263e-07 4.976713905080213e-07
4.200412457805263e-07 4.976713905080213e-07
4.200412457805263e-07 4.976713905080213e-07
1.8264120616478773e-07 4.976774172143887e-07
1.8264120616478773e-07 4.976774172143887e-07
3.3866845526763574e-07 4.976754531914822e-07
2.444473294106045e-07 4.97672689888874e-07
4.6919514318277775e-07 4.976772220023121e-07
4.6919514318277775e-07 4.976772220023121e-07
2.1937694390157975e-07 4.976760317071017e-07
8.662979035089201e-08 4.976760599543852e-07
2.417903619834558e-07 4.976767116976202e-07
2.417903619834558e-07 4.976767116976202e-07
2.417903619834558e-07 4.976767116976202e-07
2.417903619834558e-07 4.976767116976202e-07
2.417903619834558e-07 4.976767116976202e-07
2.417903619834558e-07 4.976767116976202e-07
3.557363079306054e-07 4.97673633424281e-07
3.3533143070139534e-07 4.976749726087952e-07
3.3533143070139534e-07 4.976749726087952e-07
3.3533143070139534e-07 4.976749726087952e-07
3.3533143070139534e-07 4.976749726087952e-07
1.2428808622211068e-06 4.976744551021095e-07
1.175953750565107e-06 4.976742572429948e-07
1.175953750565107e-06 4.976742572429948e-07
1.175953750565107e-06 4.976742572429948e-07
2.9027685447245915e-07 4.976750748234884e-07
2.9027685447245915e-07 4.976750748234884e-07
4.1611272965609927e-07 4.976735270513792e-07
4.1611272965609927e-07 4.976735270513792e-07
1.5789503394300433e-06 4.976735277146049e-07
1.5789503394300433e-06 4.976735277146049e-07
1.5789503394300433e-06 4.976735277146049e-07
1.5789503394300433e-06 4.976735277146049e-07
1.5789503394300433e-06 4.976735277146049e-07
1.5789503394300433e-06 4.976735277146049e-07
1.5789503394300433e-06 4.976735277146049e-07
1.5789503394300433e-06 4.976735277146049e-07
1.5789503394300433e-06 4.976735277146049e-07
1.5789503394300433e-06 4.976735277146049e-07
1.5789503394300433e-06 4.976735277146049e-07
1.5789503394300433e-06 4.976735277146049e-07
1.005415452771843e-06 4.976736099497574e-07
1.005415452771843e-06 4.976736099497574e-07
1.005415452771843e-06 4.976736099497574e-07
1.005415452771843e-06 4.976736099497574e-07
1.005415452771843e-06 4.976736099497574e-07
1.005415452771843e-06 4.976736099497574e-07
1.005415452771843e-06 4.976736099497574e-07
1.005415452771843e-06 4.976736099497574e-07
1.005415452771843e-06 4.976736099497574e-07
1.005415452771843e-06 4.976736099497574e-07
1.005415452771843e-06 4.976736099497574e-07
1.005415452771843e-06 4.976736099497574e-07
1.005415452771843e-06 4.976736099497574e-07
1.005415452771843e-06 4.976736099497574e-07
1.005415452771843e-06 4.976736099497574e-07
1.005415452771843e-06 4.976736099497574e-07
1.005415452771843e-06 4.976736099497574e-07
1.005415452771843e-06 4.976736099497574e-07
1.005415452771843e-06 4.976736099497574e-07
1.005415452771843e-06 4.976736099497574e-07
1.005415452771843e-06 4.976736099497574e-07
1.005415452771843e-06 4.976736099497574e-07
1.005415452771843e-06 4.976736099497574e-07
1.005415452771843e-06 4.976736099497574e-07
1.005415452771843e-06 4.976736099497574e-07
1.005415452771843e-06 4.976736099497574e-07
1.005415452771843e-06 4.976736099497574e-07
1.005415452771843e-06 4.976736099497574e-07
4.2126851168735216e-07 4.976740928248374e-07
4.2126851168735216e-07 4.976740928248374e-07
4.2126851168735216e-07 4.976740928248374e-07
4.2126851168735216e-07 4.976740928248374e-07
4.2126851168735216e-07 4.976740928248374e-07
4.2126851168735216e-07 4.976740928248374e-07
4.2126851168735216e-07 4.976740928248374e-07
4.2126851168735216e-07 4.976740928248374e-07
8.101315099328726e-07 4.97675710840276e-07
8.101315099328726e-07 4.97675710840276e-07
5.826539784349501e-07 4.976756926814852e-07
5.826539784349501e-07 4.976756926814852e-07
1.1413794347432571e-06 4.976743092816139e-07
1.1413794347432571e-06 4.976743092816139e-07
1.1413794347432571e-06 4.976743092816139e-07
1.1413794347432571e-06 4.976743092816139e-07
1.1413794347432571e-06 4.976743092816139e-07
1.1413794347432571e-06 4.976743092816139e-07
1.1413794347432571e-06 4.976743092816139e-07
1.1413794347432571e-06 4.976743092816139e-07
1.1413794347432571e-06 4.976743092816139e-07
1.1413794347432571e-06 4.976743092816139e-07
1.1413794347432571e-06 4.976743092816139e-07
1.1413794347432571e-06 4.976743092816139e-07
1.1413794347432571e-06 4.976743092816139e-07
1.1413794347432571e-06 4.976743092816139e-07
1.1413794347432571e-06 4.976743092816139e-07
1.1413794347432571e-06 4.976743092816139e-07
1.1413794347432571e-06 4.976743092816139e-07
1.1413794347432571e-06 4.976743092816139e-07
1.1413794347432571e-06 4.976743092816139e-07
1.1413794347432571e-06 4.976743092816139e-07
1.1413794347432571e-06 4.976743092816139e-07
1.1413794347432571e-06 4.976743092816139e-07
1.1413794347432571e-06 4.976743092816139e-07
1.1413794347432571e-06 4.976743092816139e-07
8.481809704530881e-07 4.976750588105566e-07
8.481809704530881e-07 4.976750588105566e-07
6.796944419507892e-07 4.976744622123412e-07
3.5199441213737094e-07 4.976748068039075e-07
2.6285526366083846e-07 4.976749561308322e-07
2.8522229024795476e-07 4.976738204061877e-07
1.0776280317739922e-06 4.976746946202487e-07
1.0776280317739922e-06 4.976746946202487e-07
1.0776280317739922e-06 4.976746946202487e-07
1.0776280317739922e-06 4.976746946202487e-07
1.0776280317739922e-06 4.976746946202487e-07
1.0776280317739922e-06 4.976746946202487e-07
1.0776280317739922e-06 4.976746946202487e-07
1.0776280317739922e-06 4.976746946202487e-07
6.86636296530292e-07 4.976741281560044e-07
6.86636296530292e-07 4.976741281560044e-07
6.86636296530292e-07 4.976741281560044e-07
6.86636296530292e-07 4.976741281560044e-07
6.86636296530292e-07 4.976741281560044e-07
6.86636296530292e-07 4.976741281560044e-07
6.86636296530292e-07 4.976741281560044e-07
6.86636296530292e-07 4.976741281560044e-07
6.86636296530292e-07 4.976741281560044e-07
6.86636296530292e-07 4.976741281560044e-07
2.8588969516120284e-07 4.976758970457379e-07
2.8588969516120284e-07 4.976758970457379e-07
2.8588969516120284e-07 4.976758970457379e-07
2.8588969516120284e-07 4.976758970457379e-07
2.8588969516120284e-07 4.976758970457379e-07
2.8588969516120284e-07 4.976758970457379e-07
2.8588969516120284e-07 4.976758970457379e-07
2.8588969516120284e-07 4.976758970457379e-07
2.8588969516120284e-07 4.976758970457379e-07
2.8588969516120284e-07 4.976758970457379e-07
2.8588969516120284e-07 4.976758970457379e-07
2.8588969516120284e-07 4.976758970457379e-07
2.8588969516120284e-07 4.976758970457379e-07
2.8588969516120284e-07 4.976758970457379e-07
4.003670345937822e-07 4.976738983872657e-07
4.003670345937822e-07 4.976738983872657e-07
4.003670345937822e-07 4.976738983872657e-07
4.003670345937822e-07 4.976738983872657e-07
7.728865201058771e-07 4.976733444662855e-07
7.728865201058771e-07 4.976733444662855e-07
7.728865201058771e-07 4.976733444662855e-07
7.728865201058771e-07 4.976733444662855e-07
7.728865201058771e-07 4.976733444662855e-07
7.728865201058771e-07 4.976733444662855e-07
7.728865201058771e-07 4.976733444662855e-07
7.728865201058771e-07 4.976733444662855e-07
7.728865201058771e-07 4.976733444662855e-07
7.728865201058771e-07 4.976733444662855e-07
7.728865201058771e-07 4.976733444662855e-07
7.728865201058771e-07 4.976733444662855e-07
7.728865201058771e-07 4.976733444662855e-07
7.728865201058771e-07 4.976733444662855e-07
7.728865201058771e-07 4.976733444662855e-07
7.728865201058771e-07 4.976733444662855e-07
7.728865201058771e-07 4.976733444662855e-07
7.728865201058771e-07 4.976733444662855e-07
7.728865201058771e-07 4.976733444662855e-07
7.728865201058771e-07 4.976733444662855e-07
7.728865201058771e-07 4.976733444662855e-07
7.728865201058771e-07 4.976733444662855e-07
7.728865201058771e-07 4.976733444662855e-07
7.728865201058771e-07 4.976733444662855e-07
1.1414838156064666e-07 4.976747008785494e-07
4.3066595243266036e-07 4.976740440459908e-07
4.3066595243266036e-07 4.976740440459908e-07
2.795635822394202e-07 4.976758639753841e-07
2.795635822394202e-07 4.976758639753841e-07
2.795635822394202e-07 4.976758639753841e-07
2.795635822394202e-07 4.976758639753841e-07
2.795635822394202e-07 4.976758639753841e-07
2.795635822394202e-07 4.976758639753841e-07
2.795635822394202e-07 4.976758639753841e-07
2.795635822394202e-07 4.976758639753841e-07
1.1451213305364917e-07 4.976756742170121e-07
1.1451213305364917e-07 4.976756742170121e-07
1.1451213305364917e-07 4.976756742170121e-07
1.1451213305364917e-07 4.976756742170121e-07
3.0901163789031855e-07 4.976731287120266e-07
3.0901163789031855e-07 4.976731287120266e-07
3.0901163789031855e-07 4.976731287120266e-07
3.0901163789031855e-07 4.976731287120266e-07
3.0901163789031855e-07 4.976731287120266e-07
3.0901163789031855e-07 4.976731287120266e-07
6.279457838984532e-07 4.976738919938701e-07
6.279457838984532e-07 4.976738919938701e-07
6.279457838984532e-07 4.976738919938701e-07
6.279457838984532e-07 4.976738919938701e-07
6.279457838984532e-07 4.976738919938701e-07
6.279457838984532e-07 4.976738919938701e-07
6.279457838984532e-07 4.976738919938701e-07
6.279457838984532e-07 4.976738919938701e-07
6.279457838984532e-07 4.976738919938701e-07
6.279457838984532e-07 4.976738919938701e-07
6.279457838984532e-07 4.976738919938701e-07
6.279457838984532e-07 4.976738919938701e-07
6.279457838984532e-07 4.976738919938701e-07
6.279457838984532e-07 4.976738919938701e-07
6.279457838984532e-07 4.976738919938701e-07
6.279457838984532e-07 4.976738919938701e-07
6.279457838984532e-07 4.976738919938701e-07
6.279457838984532e-07 4.976738919938701e-07
6.279457838984532e-07 4.976738919938701e-07
6.279457838984532e-07 4.976738919938701e-07