6.953029531914971e-06 6.9171285601277585e-06
6.953029531914971e-06 6.9171285601277585e-06
6.953029531914971e-06 6.9171285601277585e-06
6.953029531914971e-06 6.9171285601277585e-06
6.953029531914971e-06 6.9171285601277585e-06
6.953029531914971e-06 6.9171285601277585e-06
6.953029531914971e-06 6.9171285601277585e-06
6.953029531914971e-06 6.9171285601277585e-06
6.953029531914971e-06 6.9171285601277585e-06
6.953029531914971e-06 6.9171285601277585e-06
6.953029531914971e-06 6.9171285601277585e-06
6.953029531914971e-06 6.9171285601277585e-06
6.928685314842943e-06 6.917362318403827e-06
6.928685314842943e-06 6.917362318403827e-06
6.928685314842943e-06 6.917362318403827e-06
6.928685314842943e-06 6.917362318403827e-06
6.928685314842943e-06 6.917362318403827e-06
6.928685314842943e-06 6.917362318403827e-06
6.928685314842943e-06 6.917362318403827e-06
6.928685314842943e-06 6.917362318403827e-06
6.928685314842943e-06 6.917362318403827e-06
6.928685314842943e-06 6.917362318403827e-06
6.928685314842943e-06 6.917362318403827e-06
6.928685314842943e-06 6.917362318403827e-06
6.83754672362815e-06 6.91727622769368e-06
6.83754672362815e-06 6.91727622769368e-06
6.83754672362815e-06 6.91727622769368e-06
6.83754672362815e-06 6.91727622769368e-06
6.83754672362815e-06 6.91727622769368e-06
6.83754672362815e-06 6.91727622769368e-06
6.83754672362815e-06 6.91727622769368e-06
6.83754672362815e-06 6.91727622769368e-06
6.83754672362815e-06 6.91727622769368e-06
6.83754672362815e-06 6.91727622769368e-06
6.83754672362815e-06 6.91727622769368e-06
6.83754672362815e-06 6.91727622769368e-06
6.83754672362815e-06 6.91727622769368e-06
6.83754672362815e-06 6.91727622769368e-06
6.83754672362815e-06 6.91727622769368e-06
6.83754672362815e-06 6.91727622769368e-06
6.83754672362815e-06 6.91727622769368e-06
6.83754672362815e-06 6.91727622769368e-06
6.83754672362815e-06 6.91727622769368e-06
6.83754672362815e-06 6.91727622769368e-06
6.83754672362815e-06 6.91727622769368e-06
6.83754672362815e-06 6.91727622769368e-06
6.83754672362815e-06 6.91727622769368e-06
6.83754672362815e-06 6.91727622769368e-06
6.924719999779262e-06 6.91738157241965e-06
6.924719999779262e-06 6.91738157241965e-06
6.924719999779262e-06 6.91738157241965e-06
6.924719999779262e-06 6.91738157241965e-06
6.924719999779262e-06 6.91738157241965e-06
6.924719999779262e-06 6.91738157241965e-06
6.998934150218076e-06 6.917283488303258e-06
6.998934150218076e-06 6.917283488303258e-06
6.998934150218076e-06 6.917283488303258e-06
6.998934150218076e-06 6.917283488303258e-06
6.998934150218076e-06 6.917283488303258e-06
6.998934150218076e-06 6.917283488303258e-06
6.924719999779262e-06 6.91738157241965e-06
6.924719999779262e-06 6.91738157241965e-06
6.924719999779262e-06 6.91738157241965e-06
6.924719999779262e-06 6.91738157241965e-06
6.924719999779262e-06 6.91738157241965e-06
6.924719999779262e-06 6.91738157241965e-06
6.91971354425821e-06 6.917351984386442e-06
6.91971354425821e-06 6.917351984386442e-06
6.91971354425821e-06 6.917351984386442e-06
6.91971354425821e-06 6.917351984386442e-06
6.91971354425821e-06 6.917351984386442e-06
6.91971354425821e-06 6.917351984386442e-06
6.91971354425821e-06 6.917351984386442e-06
6.91971354425821e-06 6.917351984386442e-06
6.91971354425821e-06 6.917351984386442e-06
6.91971354425821e-06 6.917351984386442e-06
6.91971354425821e-06 6.917351984386442e-06
6.91971354425821e-06 6.917351984386442e-06
6.931559604443193e-06 6.917385339471254e-06
6.931559604443193e-06 6.917385339471254e-06
6.931559604443193e-06 6.917385339471254e-06
6.931559604443193e-06 6.917385339471254e-06
6.931559604443193e-06 6.917385339471254e-06
6.931559604443193e-06 6.917385339471254e-06
6.99005470581791e-06 6.9175117502205e-06
6.99005470581791e-06 6.9175117502205e-06
6.99005470581791e-06 6.9175117502205e-06
6.99005470581791e-06 6.9175117502205e-06
6.99005470581791e-06 6.9175117502205e-06
6.99005470581791e-06 6.9175117502205e-06
6.99005470581791e-06 6.9175117502205e-06
6.99005470581791e-06 6.9175117502205e-06
6.99005470581791e-06 6.9175117502205e-06
6.99005470581791e-06 6.9175117502205e-06
6.99005470581791e-06 6.9175117502205e-06
6.99005470581791e-06 6.9175117502205e-06
6.99005470581791e-06 6.9175117502205e-06
6.99005470581791e-06 6.9175117502205e-06
6.99005470581791e-06 6.9175117502205e-06
6.99005470581791e-06 6.9175117502205e-06
6.99005470581791e-06 6.9175117502205e-06
6.99005470581791e-06 6.9175117502205e-06
6.99005470581791e-06 6.9175117502205e-06
6.99005470581791e-06 6.9175117502205e-06
6.99005470581791e-06 6.9175117502205e-06
6.99005470581791e-06 6.9175117502205e-06
6.99005470581791e-06 6.9175117502205e-06
6.99005470581791e-06 6.9175117502205e-06
6.922277729068673e-06 6.917229946127696e-06
6.922277729068673e-06 6.917229946127696e-06
6.922277729068673e-06 6.917229946127696e-06
6.922277729068673e-06 6.917229946127696e-06
6.922277729068673e-06 6.917229946127696e-06
6.922277729068673e-06 6.917229946127696e-06
6.922277729068673e-06 6.917229946127696e-06
6.922277729068673e-06 6.917229946127696e-06
6.922277729068673e-06 6.917229946127696e-06
6.922277729068673e-06 6.917229946127696e-06
6.922277729068673e-06 6.917229946127696e-06
6.922277729068673e-06 6.917229946127696e-06
6.958280046963787e-06 6.917306810242245e-06
6.958280046963787e-06 6.917306810242245e-06
6.958280046963787e-06 6.917306810242245e-06
6.958280046963787e-06 6.917306810242245e-06
6.958280046963787e-06 6.917306810242245e-06
6.958280046963787e-06 6.917306810242245e-06
6.831153259788375e-06 6.917318216234718e-06
6.831153259788375e-06 6.917318216234718e-06
6.831153259788375e-06 6.917318216234718e-06
6.831153259788375e-06 6.917318216234718e-06
6.831153259788375e-06 6.917318216234718e-06
6.831153259788375e-06 6.917318216234718e-06
6.831153259788375e-06 6.917318216234718e-06
6.831153259788375e-06 6.917318216234718e-06
6.831153259788375e-06 6.917318216234718e-06
6.831153259788375e-06 6.917318216234718e-06
6.831153259788375e-06 6.917318216234718e-06
6.831153259788375e-06 6.917318216234718e-06
6.831153259788375e-06 6.917318216234718e-06
6.831153259788375e-06 6.917318216234718e-06
6.831153259788375e-06 6.917318216234718e-06
6.831153259788375e-06 6.917318216234718e-06
6.831153259788375e-06 6.917318216234718e-06
6.831153259788375e-06 6.917318216234718e-06
6.831153259788375e-06 6.917318216234718e-06
6.831153259788375e-06 6.917318216234718e-06
6.831153259788375e-06 6.917318216234718e-06
6.831153259788375e-06 6.917318216234718e-06
6.831153259788375e-06 6.917318216234718e-06
6.831153259788375e-06 6.917318216234718e-06
6.949755386135346e-06 6.91743778551327e-06
6.949755386135346e-06 6.91743778551327e-06
6.949755386135346e-06 6.91743778551327e-06
6.949755386135346e-06 6.91743778551327e-06
6.949755386135346e-06 6.91743778551327e-06
6.949755386135346e-06 6.91743778551327e-06
6.949755386135346e-06 6.91743778551327e-06
6.949755386135346e-06 6.91743778551327e-06
6.949755386135346e-06 6.91743778551327e-06
6.949755386135346e-06 6.91743778551327e-06
6.949755386135346e-06 6.91743778551327e-06
6.949755386135346e-06 6.91743778551327e-06
6.98644870471673e-06 6.9173136214555606e-06
6.98644870471673e-06 6.9173136214555606e-06
6.98644870471673e-06 6.9173136214555606e-06
6.98644870471673e-06 6.9173136214555606e-06
6.98644870471673e-06 6.9173136214555606e-06
6.98644870471673e-06 6.9173136214555606e-06
6.98644870471673e-06 6.9173136214555606e-06
6.98644870471673e-06 6.9173136214555606e-06
6.98644870471673e-06 6.9173136214555606e-06
6.98644870471673e-06 6.9173136214555606e-06
6.98644870471673e-06 6.9173136214555606e-06
6.98644870471673e-06 6.9173136214555606e-06
6.972268854791495e-06 6.917322936164746e-06
6.972268854791495e-06 6.917322936164746e-06
6.972268854791495e-06 6.917322936164746e-06
6.972268854791495e-06 6.917322936164746e-06
6.972268854791495e-06 6.917322936164746e-06
6.972268854791495e-06 6.917322936164746e-06
6.98644870471673e-06 6.9173136214555606e-06
6.98644870471673e-06 6.9173136214555606e-06
6.98644870471673e-06 6.9173136214555606e-06
6.98644870471673e-06 6.9173136214555606e-06
6.98644870471673e-06 6.9173136214555606e-06
6.98644870471673e-06 6.9173136214555606e-06
6.98644870471673e-06 6.9173136214555606e-06
6.98644870471673e-06 6.9173136214555606e-06
6.98644870471673e-06 6.9173136214555606e-06
6.98644870471673e-06 6.9173136214555606e-06
6.98644870471673e-06 6.9173136214555606e-06
6.98644870471673e-06 6.9173136214555606e-06
6.972268854791495e-06 6.917322936164746e-06
6.972268854791495e-06 6.917322936164746e-06
6.972268854791495e-06 6.917322936164746e-06
6.972268854791495e-06 6.917322936164746e-06
6.972268854791495e-06 6.917322936164746e-06
6.972268854791495e-06 6.917322936164746e-06
6.9522321074751285e-06 6.917403754205052e-06
6.9522321074751285e-06 6.917403754205052e-06
6.9522321074751285e-06 6.917403754205052e-06
6.9522321074751285e-06 6.917403754205052e-06
6.9522321074751285e-06 6.917403754205052e-06
6.9522321074751285e-06 6.917403754205052e-06
6.961623491802346e-06 6.917510407167794e-06
6.961623491802346e-06 6.917510407167794e-06
6.961623491802346e-06 6.917510407167794e-06
6.961623491802346e-06 6.917510407167794e-06
6.961623491802346e-06 6.917510407167794e-06
6.961623491802346e-06 6.917510407167794e-06
6.961623491802346e-06 6.917510407167794e-06
6.961623491802346e-06 6.917510407167794e-06
6.961623491802346e-06 6.917510407167794e-06
6.961623491802346e-06 6.917510407167794e-06
6.961623491802346e-06 6.917510407167794e-06
6.961623491802346e-06 6.917510407167794e-06
6.961623491802346e-06 6.917510407167794e-06
6.961623491802346e-06 6.917510407167794e-06
6.961623491802346e-06 6.917510407167794e-06
6.961623491802346e-06 6.917510407167794e-06
6.961623491802346e-06 6.917510407167794e-06
6.961623491802346e-06 6.917510407167794e-06
6.961623491802346e-06 6.917510407167794e-06
6.961623491802346e-06 6.917510407167794e-06
6.961623491802346e-06 6.917510407167794e-06
6.961623491802346e-06 6.917510407167794e-06
6.961623491802346e-06 6.917510407167794e-06
6.961623491802346e-06 6.917510407167794e-06
6.961623491802346e-06 6.917510407167794e-06
6.961623491802346e-06 6.917510407167794e-06
6.961623491802346e-06 6.917510407167794e-06
6.961623491802346e-06 6.917510407167794e-06
6.961623491802346e-06 6.917510407167794e-06
6.961623491802346e-06 6.917510407167794e-06
6.961623491802346e-06 6.917510407167794e-06
6.961623491802346e-06 6.917510407167794e-06
6.961623491802346e-06 6.917510407167794e-06
6.961623491802346e-06 6.917510407167794e-06
6.961623491802346e-06 6.917510407167794e-06
6.961623491802346e-06 6.917510407167794e-06
6.97224048516206e-06 6.917406063065484e-06
6.97224048516206e-06 6.917406063065484e-06
6.97224048516206e-06 6.917406063065484e-06
6.97224048516206e-06 6.917406063065484e-06
6.97224048516206e-06 6.917406063065484e-06
6.97224048516206e-06 6.917406063065484e-06
6.923258713026736e-06 6.917405392358619e-06
6.923258713026736e-06 6.917405392358619e-06
6.923258713026736e-06 6.917405392358619e-06
6.923258713026736e-06 6.917405392358619e-06
6.923258713026736e-06 6.917405392358619e-06
6.923258713026736e-06 6.917405392358619e-06
6.923258713026736e-06 6.917405392358619e-06
6.923258713026736e-06 6.917405392358619e-06
6.923258713026736e-06 6.917405392358619e-06
6.923258713026736e-06 6.917405392358619e-06
6.923258713026736e-06 6.917405392358619e-06
6.923258713026736e-06 6.917405392358619e-06
6.923258713026736e-06 6.917405392358619e-06
6.923258713026736e-06 6.917405392358619e-06
6.923258713026736e-06 6.917405392358619e-06
6.923258713026736e-06 6.917405392358619e-06
6.923258713026736e-06 6.917405392358619e-06
6.923258713026736e-06 6.917405392358619e-06
6.923258713026736e-06 6.917405392358619e-06
6.923258713026736e-06 6.917405392358619e-06
6.923258713026736e-06 6.917405392358619e-06
6.923258713026736e-06 6.917405392358619e-06
6.923258713026736e-06 6.917405392358619e-06
6.923258713026736e-06 6.917405392358619e-06
7.0189341789327365e-06 6.917500506702242e-06
7.0189341789327365e-06 6.917500506702242e-06
7.0189341789327365e-06 6.917500506702242e-06
7.0189341789327365e-06 6.917500506702242e-06
7.0189341789327365e-06 6.917500506702242e-06
7.0189341789327365e-06 6.917500506702242e-06
7.0189341789327365e-06 6.917500506702242e-06
7.0189341789327365e-06 6.917500506702242e-06
7.0189341789327365e-06 6.917500506702242e-06
7.0189341789327365e-06 6.917500506702242e-06
7.0189341789327365e-06 6.917500506702242e-06
7.0189341789327365e-06 6.917500506702242e-06
7.0189341789327365e-06 6.917500506702242e-06
7.0189341789327365e-06 6.917500506702242e-06
7.0189341789327365e-06 6.917500506702242e-06
7.0189341789327365e-06 6.917500506702242e-06
7.0189341789327365e-06 6.917500506702242e-06
7.0189341789327365e-06 6.917500506702242e-06
7.0189341789327365e-06 6.917500506702242e-06
7.0189341789327365e-06 6.917500506702242e-06
7.0189341789327365e-06 6.917500506702242e-06
7.0189341789327365e-06 6.917500506702242e-06
7.0189341789327365e-06 6.917500506702242e-06
7.0189341789327365e-06 6.917500506702242e-06
6.989272745412061e-06 6.917332555171505e-06
6.989272745412061e-06 6.917332555171505e-06
6.989272745412061e-06 6.917332555171505e-06
6.989272745412061e-06 6.917332555171505e-06
6.989272745412061e-06 6.917332555171505e-06
6.989272745412061e-06 6.917332555171505e-06
6.977683918055908e-06 6.917414592965098e-06
6.977683918055908e-06 6.917414592965098e-06
6.977683918055908e-06 6.917414592965098e-06
6.977683918055908e-06 6.917414592965098e-06
6.977683918055908e-06 6.917414592965098e-06
6.977683918055908e-06 6.917414592965098e-06
6.970712772845556e-06 6.917370083517658e-06
6.970712772845556e-06 6.917370083517658e-06
6.970712772845556e-06 6.917370083517658e-06
6.970712772845556e-06 6.917370083517658e-06
6.970712772845556e-06 6.917370083517658e-06
6.970712772845556e-06 6.917370083517658e-06
6.970712772845556e-06 6.917370083517658e-06
6.970712772845556e-06 6.917370083517658e-06
6.970712772845556e-06 6.917370083517658e-06
6.970712772845556e-06 6.917370083517658e-06
6.970712772845556e-06 6.917370083517658e-06
6.970712772845556e-06 6.917370083517658e-06
6.970712772845556e-06 6.917370083517658e-06
6.970712772845556e-06 6.917370083517658e-06
6.970712772845556e-06 6.917370083517658e-06
6.970712772845556e-06 6.917370083517658e-06
6.970712772845556e-06 6.917370083517658e-06
6.970712772845556e-06 6.917370083517658e-06
6.970712772845556e-06 6.917370083517658e-06
6.970712772845556e-06 6.917370083517658e-06
6.970712772845556e-06 6.917370083517658e-06
6.970712772845556e-06 6.917370083517658e-06
6.970712772845556e-06 6.917370083517658e-06
6.970712772845556e-06 6.917370083517658e-06
6.982097218202876e-06 6.917378168081586e-06
6.982097218202876e-06 6.917378168081586e-06
6.982097218202876e-06 6.917378168081586e-06
6.982097218202876e-06 6.917378168081586e-06
6.982097218202876e-06 6.917378168081586e-06
6.982097218202876e-06 6.917378168081586e-06
6.998055444132131e-06 6.917420754359333e-06
6.998055444132131e-06 6.917420754359333e-06
6.998055444132131e-06 6.917420754359333e-06
6.998055444132131e-06 6.917420754359333e-06
6.998055444132131e-06 6.917420754359333e-06
6.998055444132131e-06 6.917420754359333e-06
7.013120528204783e-06 6.917419903971883e-06
7.013120528204783e-06 6.917419903971883e-06
7.013120528204783e-06 6.917419903971883e-06
7.013120528204783e-06 6.917419903971883e-06
7.013120528204783e-06 6.917419903971883e-06
7.013120528204783e-06 6.917419903971883e-06
7.013120528204783e-06 6.917419903971883e-06
7.013120528204783e-06 6.917419903971883e-06
7.013120528204783e-06 6.917419903971883e-06
7.013120528204783e-06 6.917419903971883e-06
7.013120528204783e-06 6.917419903971883e-06
7.013120528204783e-06 6.917419903971883e-06
7.013120528204783e-06 6.917419903971883e-06
7.013120528204783e-06 6.917419903971883e-06
7.013120528204783e-06 6.917419903971883e-06
7.013120528204783e-06 6.917419903971883e-06
7.013120528204783e-06 6.917419903971883e-06
7.013120528204783e-06 6.917419903971883e-06
6.932787214270101e-06 6.9175446480457555e-06
6.932787214270101e-06 6.9175446480457555e-06
6.932787214270101e-06 6.9175446480457555e-06
6.932787214270101e-06 6.9175446480457555e-06
6.790119865945108e-06 6.917308439790841e-06
6.790119865945108e-06 6.917308439790841e-06
6.790119865945108e-06 6.917308439790841e-06
6.790119865945108e-06 6.917308439790841e-06
6.762374465121157e-06 6.917148831342359e-06
6.762374465121157e-06 6.917148831342359e-06
6.762374465121157e-06 6.917148831342359e-06
6.762374465121157e-06 6.917148831342359e-06
6.762374465121157e-06 6.917148831342359e-06
6.762374465121157e-06 6.917148831342359e-06
6.762374465121157e-06 6.917148831342359e-06
6.762374465121157e-06 6.917148831342359e-06
6.775808909063711e-06 6.917280379887026e-06
6.775808909063711e-06 6.917280379887026e-06
6.818213748172639e-06 6.917297377259208e-06
6.818213748172639e-06 6.917297377259208e-06
6.775808909063711e-06 6.917280379887026e-06
6.775808909063711e-06 6.917280379887026e-06
6.836679513938023e-06 6.9171695991016075e-06
6.836679513938023e-06 6.9171695991016075e-06
6.836679513938023e-06 6.9171695991016075e-06
6.836679513938023e-06 6.9171695991016075e-06
6.792294115292596e-06 6.91729304614042e-06
6.792294115292596e-06 6.91729304614042e-06
6.906008573279213e-06 6.917125783547252e-06
6.906008573279213e-06 6.917125783547252e-06
6.906008573279213e-06 6.917125783547252e-06
6.906008573279213e-06 6.917125783547252e-06
6.906008573279213e-06 6.917125783547252e-06
6.906008573279213e-06 6.917125783547252e-06
6.906008573279213e-06 6.917125783547252e-06
6.906008573279213e-06 6.917125783547252e-06
6.841895204971777e-06 6.917355498848166e-06
6.841895204971777e-06 6.917355498848166e-06
6.841895204971777e-06 6.917355498848166e-06
6.841895204971777e-06 6.917355498848166e-06
6.765816171532186e-06 6.917397492389488e-06
6.765816171532186e-06 6.917397492389488e-06
6.747626408729987e-06 6.917190819110089e-06
6.747626408729987e-06 6.917190819110089e-06
6.747626408729987e-06 6.917190819110089e-06
6.747626408729987e-06 6.917190819110089e-06
6.747626408729987e-06 6.917190819110089e-06
6.747626408729987e-06 6.917190819110089e-06
6.747626408729987e-06 6.917190819110089e-06
6.747626408729987e-06 6.917190819110089e-06
6.724117269028115e-06 6.917487148737398e-06
6.724117269028115e-06 6.917487148737398e-06
6.724117269028115e-06 6.917487148737398e-06
6.724117269028115e-06 6.917487148737398e-06
6.700520644391435e-06 6.917296379692129e-06
6.700520644391435e-06 6.917296379692129e-06
6.700520644391435e-06 6.917296379692129e-06
6.700520644391435e-06 6.917296379692129e-06
6.760670473308806e-06 6.917374294258169e-06
6.760670473308806e-06 6.917374294258169e-06
6.700520644391435e-06 6.917296379692129e-06
6.700520644391435e-06 6.917296379692129e-06
6.700520644391435e-06 6.917296379692129e-06
6.700520644391435e-06 6.917296379692129e-06
6.760670473308806e-06 6.917374294258169e-06
6.760670473308806e-06 6.917374294258169e-06
6.802055063206232e-06 6.917434862107131e-06
6.802055063206232e-06 6.917434862107131e-06
6.74745227454899e-06 6.917225176414099e-06
6.74745227454899e-06 6.917225176414099e-06
6.74745227454899e-06 6.917225176414099e-06
6.74745227454899e-06 6.917225176414099e-06
6.74745227454899e-06 6.917225176414099e-06
6.74745227454899e-06 6.917225176414099e-06
6.74745227454899e-06 6.917225176414099e-06
6.74745227454899e-06 6.917225176414099e-06
6.74745227454899e-06 6.917225176414099e-06
6.74745227454899e-06 6.917225176414099e-06
6.74745227454899e-06 6.917225176414099e-06
6.74745227454899e-06 6.917225176414099e-06
6.79333087500678e-06 6.9173854417995195e-06
6.79333087500678e-06 6.9173854417995195e-06
6.85962252227112e-06 6.917316910222278e-06
6.85962252227112e-06 6.917316910222278e-06
6.85962252227112e-06 6.917316910222278e-06
6.85962252227112e-06 6.917316910222278e-06
6.85962252227112e-06 6.917316910222278e-06
6.85962252227112e-06 6.917316910222278e-06
6.85962252227112e-06 6.917316910222278e-06
6.85962252227112e-06 6.917316910222278e-06
6.6991970745082e-06 6.917543335323833e-06
6.6991970745082e-06 6.917543335323833e-06
6.6991970745082e-06 6.917543335323833e-06
6.6991970745082e-06 6.917543335323833e-06
6.6991970745082e-06 6.917543335323833e-06
6.6991970745082e-06 6.917543335323833e-06
6.6991970745082e-06 6.917543335323833e-06
6.6991970745082e-06 6.917543335323833e-06
6.788763770381732e-06 6.917323764147876e-06
6.788763770381732e-06 6.917323764147876e-06
6.823757796365537e-06 6.917455476839236e-06
6.823757796365537e-06 6.917455476839236e-06
6.813616271935249e-06 6.917347572019241e-06
6.813616271935249e-06 6.917347572019241e-06
6.813616271935249e-06 6.917347572019241e-06
6.813616271935249e-06 6.917347572019241e-06
6.813616271935249e-06 6.917347572019241e-06
6.813616271935249e-06 6.917347572019241e-06
6.813616271935249e-06 6.917347572019241e-06
6.813616271935249e-06 6.917347572019241e-06
6.828266103524647e-06 6.917410102759096e-06
6.828266103524647e-06 6.917410102759096e-06
6.8488016074505216e-06 6.917529517025873e-06
6.8488016074505216e-06 6.917529517025873e-06
6.825029131273746e-06 6.917308335381159e-06
6.825029131273746e-06 6.917308335381159e-06
6.825029131273746e-06 6.917308335381159e-06
6.825029131273746e-06 6.917308335381159e-06
6.825029131273746e-06 6.917308335381159e-06
6.825029131273746e-06 6.917308335381159e-06
6.5623562918175765e-06 6.917276229432001e-06
6.5623562918175765e-06 6.917276229432001e-06
6.5623562918175765e-06 6.917276229432001e-06
6.5623562918175765e-06 6.917276229432001e-06
6.5623562918175765e-06 6.917276229432001e-06
6.5623562918175765e-06 6.917276229432001e-06
6.5623562918175765e-06 6.917276229432001e-06
6.5623562918175765e-06 6.917276229432001e-06
6.5623562918175765e-06 6.917276229432001e-06
6.5623562918175765e-06 6.917276229432001e-06
6.66345120194531e-06 6.917310331920031e-06
6.66345120194531e-06 6.917310331920031e-06
6.66345120194531e-06 6.917310331920031e-06
6.66345120194531e-06 6.917310331920031e-06
6.66345120194531e-06 6.917310331920031e-06
6.66345120194531e-06 6.917310331920031e-06
6.66345120194531e-06 6.917310331920031e-06
6.66345120194531e-06 6.917310331920031e-06
6.66345120194531e-06 6.917310331920031e-06
6.66345120194531e-06 6.917310331920031e-06
6.709226249196289e-06 6.917575298637244e-06
6.709226249196289e-06 6.917575298637244e-06
6.709226249196289e-06 6.917575298637244e-06
6.709226249196289e-06 6.917575298637244e-06
6.709226249196289e-06 6.917575298637244e-06
6.709226249196289e-06 6.917575298637244e-06
6.709226249196289e-06 6.917575298637244e-06
6.709226249196289e-06 6.917575298637244e-06
6.709226249196289e-06 6.917575298637244e-06
6.709226249196289e-06 6.917575298637244e-06
6.709226249196289e-06 6.917575298637244e-06
6.709226249196289e-06 6.917575298637244e-06
6.709226249196289e-06 6.917575298637244e-06
6.709226249196289e-06 6.917575298637244e-06
6.709226249196289e-06 6.917575298637244e-06
6.709226249196289e-06 6.917575298637244e-06
6.709226249196289e-06 6.917575298637244e-06
6.709226249196289e-06 6.917575298637244e-06
6.709226249196289e-06 6.917575298637244e-06
6.709226249196289e-06 6.917575298637244e-06
6.667977334837085e-06 6.9173753436875265e-06
6.667977334837085e-06 6.9173753436875265e-06
6.667977334837085e-06 6.9173753436875265e-06
6.667977334837085e-06 6.9173753436875265e-06
6.667977334837085e-06 6.9173753436875265e-06
6.71155267576964e-06 6.917425238245389e-06
6.71155267576964e-06 6.917425238245389e-06
6.71155267576964e-06 6.917425238245389e-06
6.71155267576964e-06 6.917425238245389e-06
6.71155267576964e-06 6.917425238245389e-06
6.667977334837085e-06 6.9173753436875265e-06
6.667977334837085e-06 6.9173753436875265e-06
6.667977334837085e-06 6.9173753436875265e-06
6.667977334837085e-06 6.9173753436875265e-06
6.667977334837085e-06 6.9173753436875265e-06
6.6649975684632315e-06 6.917223760393542e-06
6.6649975684632315e-06 6.917223760393542e-06
6.6649975684632315e-06 6.917223760393542e-06
6.6649975684632315e-06 6.917223760393542e-06
6.6649975684632315e-06 6.917223760393542e-06
6.6649975684632315e-06 6.917223760393542e-06
6.6649975684632315e-06 6.917223760393542e-06
6.6649975684632315e-06 6.917223760393542e-06
6.6649975684632315e-06 6.917223760393542e-06
6.6649975684632315e-06 6.917223760393542e-06
6.685155342740802e-06 6.9172949175256304e-06
6.685155342740802e-06 6.9172949175256304e-06
6.685155342740802e-06 6.9172949175256304e-06
6.685155342740802e-06 6.9172949175256304e-06
6.685155342740802e-06 6.9172949175256304e-06
6.668486817836905e-06 6.917320019072515e-06
6.668486817836905e-06 6.917320019072515e-06
6.668486817836905e-06 6.917320019072515e-06
6.668486817836905e-06 6.917320019072515e-06
6.668486817836905e-06 6.917320019072515e-06
6.668486817836905e-06 6.917320019072515e-06
6.668486817836905e-06 6.917320019072515e-06
6.668486817836905e-06 6.917320019072515e-06
6.668486817836905e-06 6.917320019072515e-06
6.668486817836905e-06 6.917320019072515e-06
6.668486817836905e-06 6.917320019072515e-06
6.668486817836905e-06 6.917320019072515e-06
6.668486817836905e-06 6.917320019072515e-06
6.668486817836905e-06 6.917320019072515e-06
6.668486817836905e-06 6.917320019072515e-06
6.668486817836905e-06 6.917320019072515e-06
6.668486817836905e-06 6.917320019072515e-06
6.668486817836905e-06 6.917320019072515e-06
6.668486817836905e-06 6.917320019072515e-06
6.668486817836905e-06 6.917320019072515e-06
6.570583302458173e-06 6.917917818007651e-06
6.570583302458173e-06 6.917917818007651e-06
6.570583302458173e-06 6.917917818007651e-06
6.570583302458173e-06 6.917917818007651e-06
6.570583302458173e-06 6.917917818007651e-06
6.570583302458173e-06 6.917917818007651e-06
6.570583302458173e-06 6.917917818007651e-06
6.570583302458173e-06 6.917917818007651e-06
6.570583302458173e-06 6.917917818007651e-06
6.570583302458173e-06 6.917917818007651e-06
6.661910299407701e-06 6.9173854737531234e-06
6.661910299407701e-06 6.9173854737531234e-06
6.661910299407701e-06 6.9173854737531234e-06
6.661910299407701e-06 6.9173854737531234e-06
6.661910299407701e-06 6.9173854737531234e-06
6.722746051512302e-06 6.917617288993671e-06
6.722746051512302e-06 6.917617288993671e-06
6.722746051512302e-06 6.917617288993671e-06
6.722746051512302e-06 6.917617288993671e-06
6.722746051512302e-06 6.917617288993671e-06
6.722746051512302e-06 6.917617288993671e-06
6.722746051512302e-06 6.917617288993671e-06
6.722746051512302e-06 6.917617288993671e-06
6.722746051512302e-06 6.917617288993671e-06
6.722746051512302e-06 6.917617288993671e-06
6.722746051512302e-06 6.917617288993671e-06
6.722746051512302e-06 6.917617288993671e-06
6.722746051512302e-06 6.917617288993671e-06
6.722746051512302e-06 6.917617288993671e-06
6.722746051512302e-06 6.917617288993671e-06
6.722746051512302e-06 6.917617288993671e-06
6.722746051512302e-06 6.917617288993671e-06
6.722746051512302e-06 6.917617288993671e-06
6.722746051512302e-06 6.917617288993671e-06
6.722746051512302e-06 6.917617288993671e-06
6.716118080936185e-06 6.917406801814348e-06
6.716118080936185e-06 6.917406801814348e-06
6.716118080936185e-06 6.917406801814348e-06
6.716118080936185e-06 6.917406801814348e-06
6.716118080936185e-06 6.917406801814348e-06
6.716118080936185e-06 6.917406801814348e-06
6.716118080936185e-06 6.917406801814348e-06
6.716118080936185e-06 6.917406801814348e-06
6.716118080936185e-06 6.917406801814348e-06
6.716118080936185e-06 6.917406801814348e-06
6.9222423870035475e-06 6.917703749809331e-06
6.9222423870035475e-06 6.917703749809331e-06
6.9222423870035475e-06 6.917703749809331e-06
6.9222423870035475e-06 6.917703749809331e-06
6.9222423870035475e-06 6.917703749809331e-06
6.9222423870035475e-06 6.917703749809331e-06
6.9222423870035475e-06 6.917703749809331e-06
6.9222423870035475e-06 6.917703749809331e-06
6.9222423870035475e-06 6.917703749809331e-06
6.9222423870035475e-06 6.917703749809331e-06
6.742444073834423e-06 6.917320516639036e-06
6.742444073834423e-06 6.917320516639036e-06
6.742444073834423e-06 6.917320516639036e-06
6.742444073834423e-06 6.917320516639036e-06
6.742444073834423e-06 6.917320516639036e-06
6.9222423870035475e-06 6.917703749809331e-06
6.9222423870035475e-06 6.917703749809331e-06
6.9222423870035475e-06 6.917703749809331e-06
6.9222423870035475e-06 6.917703749809331e-06
6.9222423870035475e-06 6.917703749809331e-06
6.9222423870035475e-06 6.917703749809331e-06
6.9222423870035475e-06 6.917703749809331e-06
6.9222423870035475e-06 6.917703749809331e-06
6.9222423870035475e-06 6.917703749809331e-06
6.9222423870035475e-06 6.917703749809331e-06
6.742444073834423e-06 6.917320516639036e-06
6.742444073834423e-06 6.917320516639036e-06
6.742444073834423e-06 6.917320516639036e-06
6.742444073834423e-06 6.917320516639036e-06
6.742444073834423e-06 6.917320516639036e-06
6.710879458062643e-06 6.917345858113819e-06
6.710879458062643e-06 6.917345858113819e-06
6.710879458062643e-06 6.917345858113819e-06
6.710879458062643e-06 6.917345858113819e-06
6.710879458062643e-06 6.917345858113819e-06
6.760627421254451e-06 6.9174522642349685e-06
6.760627421254451e-06 6.9174522642349685e-06
6.760627421254451e-06 6.9174522642349685e-06
6.760627421254451e-06 6.9174522642349685e-06
6.760627421254451e-06 6.9174522642349685e-06
6.760627421254451e-06 6.9174522642349685e-06
6.760627421254451e-06 6.9174522642349685e-06
6.760627421254451e-06 6.9174522642349685e-06
6.760627421254451e-06 6.9174522642349685e-06
6.760627421254451e-06 6.9174522642349685e-06
6.760627421254451e-06 6.9174522642349685e-06
6.760627421254451e-06 6.9174522642349685e-06
6.760627421254451e-06 6.9174522642349685e-06
6.760627421254451e-06 6.9174522642349685e-06
6.760627421254451e-06 6.9174522642349685e-06
6.760627421254451e-06 6.9174522642349685e-06
6.760627421254451e-06 6.9174522642349685e-06
6.760627421254451e-06 6.9174522642349685e-06
6.760627421254451e-06 6.9174522642349685e-06
6.760627421254451e-06 6.9174522642349685e-06
6.760627421254451e-06 6.9174522642349685e-06
6.760627421254451e-06 6.9174522642349685e-06
6.760627421254451e-06 6.9174522642349685e-06
6.760627421254451e-06 6.9174522642349685e-06
6.760627421254451e-06 6.9174522642349685e-06
6.760627421254451e-06 6.9174522642349685e-06
6.760627421254451e-06 6.9174522642349685e-06
6.760627421254451e-06 6.9174522642349685e-06
6.760627421254451e-06 6.9174522642349685e-06
6.760627421254451e-06 6.9174522642349685e-06
6.710352553829502e-06 6.917349478773055e-06
6.710352553829502e-06 6.917349478773055e-06
6.710352553829502e-06 6.917349478773055e-06
6.710352553829502e-06 6.917349478773055e-06
6.710352553829502e-06 6.917349478773055e-06
6.693809641102499e-06 6.917272681187052e-06
6.693809641102499e-06 6.917272681187052e-06
6.693809641102499e-06 6.917272681187052e-06
6.693809641102499e-06 6.917272681187052e-06
6.693809641102499e-06 6.917272681187052e-06
6.693809641102499e-06 6.917272681187052e-06
6.693809641102499e-06 6.917272681187052e-06
6.693809641102499e-06 6.917272681187052e-06
6.693809641102499e-06 6.917272681187052e-06
6.693809641102499e-06 6.917272681187052e-06
6.693809641102499e-06 6.917272681187052e-06
6.693809641102499e-06 6.917272681187052e-06
6.693809641102499e-06 6.917272681187052e-06
6.693809641102499e-06 6.917272681187052e-06
6.693809641102499e-06 6.917272681187052e-06
6.693809641102499e-06 6.917272681187052e-06
6.693809641102499e-06 6.917272681187052e-06
6.693809641102499e-06 6.917272681187052e-06
6.693809641102499e-06 6.917272681187052e-06
6.693809641102499e-06 6.917272681187052e-06
6.717711535203629e-06 6.917527384400827e-06
6.717711535203629e-06 6.917527384400827e-06
6.717711535203629e-06 6.917527384400827e-06
6.717711535203629e-06 6.917527384400827e-06
6.717711535203629e-06 6.917527384400827e-06
6.717711535203629e-06 6.917527384400827e-06
6.717711535203629e-06 6.917527384400827e-06
6.717711535203629e-06 6.917527384400827e-06
6.717711535203629e-06 6.917527384400827e-06
6.717711535203629e-06 6.917527384400827e-06
6.717711535203629e-06 6.917527384400827e-06
6.717711535203629e-06 6.917527384400827e-06
6.717711535203629e-06 6.917527384400827e-06
6.717711535203629e-06 6.917527384400827e-06
6.717711535203629e-06 6.917527384400827e-06
6.717711535203629e-06 6.917527384400827e-06
6.717711535203629e-06 6.917527384400827e-06
6.717711535203629e-06 6.917527384400827e-06
6.717711535203629e-06 6.917527384400827e-06
6.717711535203629e-06 6.917527384400827e-06
6.695352384831508e-06 6.9173299915524085e-06
6.695352384831508e-06 6.9173299915524085e-06
6.695352384831508e-06 6.9173299915524085e-06
6.695352384831508e-06 6.9173299915524085e-06
6.695352384831508e-06 6.9173299915524085e-06
6.6866165854200555e-06 6.917399442211445e-06
6.6866165854200555e-06 6.917399442211445e-06
6.6866165854200555e-06 6.917399442211445e-06
6.6866165854200555e-06 6.917399442211445e-06
6.6866165854200555e-06 6.917399442211445e-06
6.7147893611880865e-06 6.9173037773300755e-06
6.7147893611880865e-06 6.9173037773300755e-06
6.7147893611880865e-06 6.9173037773300755e-06
6.7147893611880865e-06 6.9173037773300755e-06
6.7147893611880865e-06 6.9173037773300755e-06
6.7147893611880865e-06 6.9173037773300755e-06
6.7147893611880865e-06 6.9173037773300755e-06
6.7147893611880865e-06 6.9173037773300755e-06
6.7147893611880865e-06 6.9173037773300755e-06
6.7147893611880865e-06 6.9173037773300755e-06
6.7147893611880865e-06 6.9173037773300755e-06
6.7147893611880865e-06 6.9173037773300755e-06
6.7147893611880865e-06 6.9173037773300755e-06
6.7147893611880865e-06 6.9173037773300755e-06
6.7147893611880865e-06 6.9173037773300755e-06
6.7147893611880865e-06 6.9173037773300755e-06
6.7147893611880865e-06 6.9173037773300755e-06
6.7147893611880865e-06 6.9173037773300755e-06
6.7147893611880865e-06 6.9173037773300755e-06
6.7147893611880865e-06 6.9173037773300755e-06
6.6721566237513726e-06 6.917297046408418e-06
6.6721566237513726e-06 6.917297046408418e-06
6.6721566237513726e-06 6.917297046408418e-06
6.6721566237513726e-06 6.917297046408418e-06
6.6721566237513726e-06 6.917297046408418e-06
6.612395885775654e-06 6.917318726502772e-06
6.612395885775654e-06 6.917318726502772e-06
6.612395885775654e-06 6.917318726502772e-06
6.612395885775654e-06 6.917318726502772e-06
6.612395885775654e-06 6.917318726502772e-06
6.650846344389444e-06 6.9173363201704614e-06
6.650846344389444e-06 6.9173363201704614e-06
6.650846344389444e-06 6.9173363201704614e-06
6.650846344389444e-06 6.9173363201704614e-06
6.650846344389444e-06 6.9173363201704614e-06
6.650846344389444e-06 6.9173363201704614e-06
6.650846344389444e-06 6.9173363201704614e-06
6.650846344389444e-06 6.9173363201704614e-06
6.650846344389444e-06 6.9173363201704614e-06
6.650846344389444e-06 6.9173363201704614e-06
6.650846344389444e-06 6.9173363201704614e-06
6.650846344389444e-06 6.9173363201704614e-06
6.650846344389444e-06 6.9173363201704614e-06
6.650846344389444e-06 6.9173363201704614e-06
6.650846344389444e-06 6.9173363201704614e-06
6.813073243632363e-06 6.917837702107067e-06
6.813073243632363e-06 6.917837702107067e-06
6.827855763373906e-06 6.9174397961965015e-06
6.827855763373906e-06 6.9174397961965015e-06
6.814137647248624e-06 6.917303068872235e-06
6.814137647248624e-06 6.917303068872235e-06
6.814137647248624e-06 6.917303068872235e-06
6.814137647248624e-06 6.917303068872235e-06
6.8341052779836915e-06 6.917437131903483e-06
6.759493843419572e-06 6.917500706070613e-06
6.8341052779836915e-06 6.917437131903483e-06
6.831942305838633e-06 6.917222803894153e-06
6.831942305838633e-06 6.917222803894153e-06
6.830452423345378e-06 6.917393028206373e-06
6.726969409535635e-06 6.917415755575794e-06
6.726969409535635e-06 6.917415755575794e-06
6.726969409535635e-06 6.917415755575794e-06
6.726969409535635e-06 6.917415755575794e-06
6.870185572925306e-06 6.917968531374456e-06
6.870185572925306e-06 6.917968531374456e-06
6.78974972034098e-06 6.917328380377426e-06
6.936452047809239e-06 6.918082435793618e-06
6.936452047809239e-06 6.918082435793618e-06
6.936452047809239e-06 6.918082435793618e-06
6.936452047809239e-06 6.918082435793618e-06
6.8281639345000645e-06 6.917660681293794e-06
6.8281639345000645e-06 6.917660681293794e-06
6.666244303172852e-06 6.917508948261369e-06
6.666244303172852e-06 6.917508948261369e-06
6.8121630475231175e-06 6.9173217247731e-06
6.666244303172852e-06 6.917508948261369e-06
6.666244303172852e-06 6.917508948261369e-06
6.8121630475231175e-06 6.9173217247731e-06
6.775306582466127e-06 6.917444574785287e-06
6.888456169540487e-06 6.9175641932648304e-06
6.888456169540487e-06 6.9175641932648304e-06
6.888456169540487e-06 6.9175641932648304e-06
6.888456169540487e-06 6.9175641932648304e-06
6.888456169540487e-06 6.9175641932648304e-06
6.888456169540487e-06 6.9175641932648304e-06
6.786508381460219e-06 6.917392636632948e-06
6.8474994175259126e-06 6.917074748713764e-06
6.8474994175259126e-06 6.917074748713764e-06
6.8474994175259126e-06 6.917074748713764e-06
6.8474994175259126e-06 6.917074748713764e-06
6.776075402692413e-06 6.9173310815840566e-06
6.776075402692413e-06 6.9173310815840566e-06
6.776075402692413e-06 6.9173310815840566e-06
6.776075402692413e-06 6.9173310815840566e-06
6.808914132080029e-06 6.917315980965367e-06
6.821744340208817e-06 6.917309733936782e-06
6.760318028857989e-06 6.917239880684531e-06
6.760318028857989e-06 6.917239880684531e-06
6.760318028857989e-06 6.917239880684531e-06
6.760318028857989e-06 6.917239880684531e-06
6.826031856993269e-06 6.917318628659488e-06
6.918146675339228e-06 6.917460926310765e-06
6.906360453106316e-06 6.917445403780636e-06
6.906360453106316e-06 6.917445403780636e-06
6.906360453106316e-06 6.917445403780636e-06
6.993722972830612e-06 6.917441264718891e-06
6.993722972830612e-06 6.917441264718891e-06
6.993722972830612e-06 6.917441264718891e-06
6.993722972830612e-06 6.917441264718891e-06
7.041658870586086e-06 6.917389248273719e-06
7.041658870586086e-06 6.917389248273719e-06
7.041658870586086e-06 6.917389248273719e-06
7.041658870586086e-06 6.917389248273719e-06
7.034971426345897e-06 6.917265790516286e-06
7.034971426345897e-06 6.917265790516286e-06
7.034971426345897e-06 6.917265790516286e-06
7.034971426345897e-06 6.917265790516286e-06
7.034971426345897e-06 6.917265790516286e-06
7.034971426345897e-06 6.917265790516286e-06
7.034971426345897e-06 6.917265790516286e-06
7.034971426345897e-06 6.917265790516286e-06
7.049250674180603e-06 6.917366917462276e-06
7.049250674180603e-06 6.917366917462276e-06
7.011557886642905e-06 6.9174010930751095e-06
7.011557886642905e-06 6.9174010930751095e-06
7.049250674180603e-06 6.917366917462276e-06
7.049250674180603e-06 6.917366917462276e-06
7.052974026291613e-06 6.91743813046091e-06
7.052974026291613e-06 6.91743813046091e-06
7.052974026291613e-06 6.91743813046091e-06
7.052974026291613e-06 6.91743813046091e-06
7.063310560470302e-06 6.917376077520513e-06
7.063310560470302e-06 6.917376077520513e-06
7.014166376719924e-06 6.917513089345263e-06
7.014166376719924e-06 6.917513089345263e-06
7.014166376719924e-06 6.917513089345263e-06
7.014166376719924e-06 6.917513089345263e-06
7.014166376719924e-06 6.917513089345263e-06
7.014166376719924e-06 6.917513089345263e-06
7.014166376719924e-06 6.917513089345263e-06
7.014166376719924e-06 6.917513089345263e-06
7.052112216942248e-06 6.917236856802527e-06
7.052112216942248e-06 6.917236856802527e-06
7.052112216942248e-06 6.917236856802527e-06
7.052112216942248e-06 6.917236856802527e-06
7.0692696077676225e-06 6.917381970921113e-06
7.0692696077676225e-06 6.917381970921113e-06
7.1014698815931035e-06 6.9175566656841065e-06
7.1014698815931035e-06 6.9175566656841065e-06
7.1014698815931035e-06 6.9175566656841065e-06
7.1014698815931035e-06 6.9175566656841065e-06
7.1014698815931035e-06 6.9175566656841065e-06
7.1014698815931035e-06 6.9175566656841065e-06
7.1014698815931035e-06 6.9175566656841065e-06
7.1014698815931035e-06 6.9175566656841065e-06
7.079187680494336e-06 6.917278508255208e-06
7.079187680494336e-06 6.917278508255208e-06
7.079187680494336e-06 6.917278508255208e-06
7.079187680494336e-06 6.917278508255208e-06
6.990099729031826e-06 6.917241690579343e-06
6.990099729031826e-06 6.917241690579343e-06
6.990099729031826e-06 6.917241690579343e-06
6.990099729031826e-06 6.917241690579343e-06
7.04199982301049e-06 6.9173606062325026e-06
7.04199982301049e-06 6.9173606062325026e-06
6.990099729031826e-06 6.917241690579343e-06
6.990099729031826e-06 6.917241690579343e-06
6.990099729031826e-06 6.917241690579343e-06
6.990099729031826e-06 6.917241690579343e-06
7.04199982301049e-06 6.9173606062325026e-06
7.04199982301049e-06 6.9173606062325026e-06
7.018333260382219e-06 6.917362665559455e-06
7.018333260382219e-06 6.917362665559455e-06
7.0594661813364135e-06 6.917342229002759e-06
7.0594661813364135e-06 6.917342229002759e-06
7.0594661813364135e-06 6.917342229002759e-06
7.0594661813364135e-06 6.917342229002759e-06
7.0594661813364135e-06 6.917342229002759e-06
7.0594661813364135e-06 6.917342229002759e-06
7.0594661813364135e-06 6.917342229002759e-06
7.0594661813364135e-06 6.917342229002759e-06
7.0594661813364135e-06 6.917342229002759e-06
7.0594661813364135e-06 6.917342229002759e-06
7.0594661813364135e-06 6.917342229002759e-06
7.0594661813364135e-06 6.917342229002759e-06
7.0400466541943275e-06 6.917358684628781e-06
7.0400466541943275e-06 6.917358684628781e-06
7.011311427535262e-06 6.917347617204423e-06
7.011311427535262e-06 6.917347617204423e-06
7.011311427535262e-06 6.917347617204423e-06
7.011311427535262e-06 6.917347617204423e-06
7.011311427535262e-06 6.917347617204423e-06
7.011311427535262e-06 6.917347617204423e-06
7.011311427535262e-06 6.917347617204423e-06
7.011311427535262e-06 6.917347617204423e-06
7.07446848687648e-06 6.9174203442867555e-06
7.07446848687648e-06 6.9174203442867555e-06
7.07446848687648e-06 6.9174203442867555e-06
7.07446848687648e-06 6.9174203442867555e-06
7.07446848687648e-06 6.9174203442867555e-06
7.07446848687648e-06 6.9174203442867555e-06
7.07446848687648e-06 6.9174203442867555e-06
7.07446848687648e-06 6.9174203442867555e-06
7.054119403710153e-06 6.917373407029675e-06
7.054119403710153e-06 6.917373407029675e-06
7.046168944690491e-06 6.917353989389067e-06
7.046168944690491e-06 6.917353989389067e-06
7.035011565457572e-06 6.9173487185883785e-06
7.035011565457572e-06 6.9173487185883785e-06
7.035011565457572e-06 6.9173487185883785e-06
7.035011565457572e-06 6.9173487185883785e-06
7.035011565457572e-06 6.9173487185883785e-06
7.035011565457572e-06 6.9173487185883785e-06
7.035011565457572e-06 6.9173487185883785e-06
7.035011565457572e-06 6.9173487185883785e-06
7.049454069645771e-06 6.917395044617809e-06
7.049454069645771e-06 6.917395044617809e-06
7.06969895093648e-06 6.9173067862068205e-06
7.06969895093648e-06 6.9173067862068205e-06
7.065499698480119e-06 6.917320124227715e-06
7.065499698480119e-06 6.917320124227715e-06
7.065499698480119e-06 6.917320124227715e-06
7.065499698480119e-06 6.917320124227715e-06
7.065499698480119e-06 6.917320124227715e-06
7.065499698480119e-06 6.917320124227715e-06
7.005962493600766e-06 6.917730632414186e-06
7.005962493600766e-06 6.917730632414186e-06
7.056746301874969e-06 6.917313787033121e-06
7.056746301874969e-06 6.917313787033121e-06
7.0685965218984165e-06 6.91714010156191e-06
7.0685965218984165e-06 6.91714010156191e-06
7.0685965218984165e-06 6.91714010156191e-06
7.0685965218984165e-06 6.91714010156191e-06
7.047219187608359e-06 6.917554984264919e-06
7.05511273680647e-06 6.917449016592072e-06
7.047219187608359e-06 6.917554984264919e-06
7.110857585757201e-06 6.917819604375355e-06
7.110857585757201e-06 6.917819604375355e-06
7.124077850434691e-06 6.9171295808584395e-06
7.237789546642974e-06 6.917126015649452e-06
7.237789546642974e-06 6.917126015649452e-06
7.237789546642974e-06 6.917126015649452e-06
7.237789546642974e-06 6.917126015649452e-06
6.892018979367175e-06 6.915992950297853e-06
6.892018979367175e-06 6.915992950297853e-06
7.011460298657531e-06 6.91736920362884e-06
7.0979314358718816e-06 6.917182089276649e-06
7.0979314358718816e-06 6.917182089276649e-06
7.0979314358718816e-06 6.917182089276649e-06
7.0979314358718816e-06 6.917182089276649e-06
7.144384437285318e-06 6.9175422464518815e-06
7.144384437285318e-06 6.9175422464518815e-06
7.02031493931337e-06 6.917581961129409e-06
7.02031493931337e-06 6.917581961129409e-06
6.970181907938603e-06 6.91719287971837e-06
7.02031493931337e-06 6.917581961129409e-06
7.02031493931337e-06 6.917581961129409e-06
6.970181907938603e-06 6.91719287971837e-06
7.059014653585284e-06 6.9173612810957085e-06
7.12607064901378e-06 6.916704709605743e-06
7.12607064901378e-06 6.916704709605743e-06
7.12607064901378e-06 6.916704709605743e-06
7.12607064901378e-06 6.916704709605743e-06
7.12607064901378e-06 6.916704709605743e-06
7.12607064901378e-06 6.916704709605743e-06
6.931896224371314e-06 6.917283808667554e-06
6.89379468730933e-06 6.917547362374366e-06
6.89379468730933e-06 6.917547362374366e-06
6.89379468730933e-06 6.917547362374366e-06
6.89379468730933e-06 6.917547362374366e-06
6.920659716079836e-06 6.917065367340722e-06
6.920659716079836e-06 6.917065367340722e-06
6.920659716079836e-06 6.917065367340722e-06
6.920659716079836e-06 6.917065367340722e-06
6.92278429993481e-06 6.91731700193159e-06
6.923614382387898e-06 6.917421101539318e-06
6.958711703695333e-06 6.91729592903691e-06
6.958711703695333e-06 6.91729592903691e-06
6.958711703695333e-06 6.91729592903691e-06
6.958711703695333e-06 6.91729592903691e-06
6.929347162951418e-06 6.917518726640828e-06
6.888185212518857e-06 6.916861119997113e-06
6.8951607390697265e-06 6.917458954319501e-06
6.8951607390697265e-06 6.917458954319501e-06
6.8951607390697265e-06 6.917458954319501e-06
7.077113820640091e-06 6.917192129490812e-06
7.077113820640091e-06 6.917192129490812e-06
7.077113820640091e-06 6.917192129490812e-06
7.077113820640091e-06 6.917192129490812e-06
7.090248654841474e-06 6.9172455496587184e-06
7.090248654841474e-06 6.9172455496587184e-06
7.090248654841474e-06 6.9172455496587184e-06
7.090248654841474e-06 6.9172455496587184e-06
7.048251672621198e-06 6.917251504274928e-06
7.048251672621198e-06 6.917251504274928e-06
7.048251672621198e-06 6.917251504274928e-06
7.048251672621198e-06 6.917251504274928e-06
7.048251672621198e-06 6.917251504274928e-06
7.048251672621198e-06 6.917251504274928e-06
7.048251672621198e-06 6.917251504274928e-06
7.048251672621198e-06 6.917251504274928e-06
7.118127531023845e-06 6.917346857991192e-06
7.118127531023845e-06 6.917346857991192e-06
7.070632408449957e-06 6.917211279452861e-06
7.070632408449957e-06 6.917211279452861e-06
7.118127531023845e-06 6.917346857991192e-06
7.118127531023845e-06 6.917346857991192e-06
7.1253456270840255e-06 6.917348224040454e-06
7.1253456270840255e-06 6.917348224040454e-06
7.1253456270840255e-06 6.917348224040454e-06
7.1253456270840255e-06 6.917348224040454e-06
7.115321930427405e-06 6.917236368592414e-06
7.115321930427405e-06 6.917236368592414e-06
7.109985034874027e-06 6.917029005281957e-06
7.109985034874027e-06 6.917029005281957e-06
7.109985034874027e-06 6.917029005281957e-06
7.109985034874027e-06 6.917029005281957e-06
7.109985034874027e-06 6.917029005281957e-06
7.109985034874027e-06 6.917029005281957e-06
7.109985034874027e-06 6.917029005281957e-06
7.109985034874027e-06 6.917029005281957e-06
7.351249582847736e-06 6.9181918116928435e-06
7.351249582847736e-06 6.9181918116928435e-06
7.351249582847736e-06 6.9181918116928435e-06
7.351249582847736e-06 6.9181918116928435e-06
7.101404160227689e-06 6.9173993895242366e-06
7.101404160227689e-06 6.9173993895242366e-06
6.995831532689286e-06 6.917293492665893e-06
6.995831532689286e-06 6.917293492665893e-06
6.995831532689286e-06 6.917293492665893e-06
6.995831532689286e-06 6.917293492665893e-06
6.995831532689286e-06 6.917293492665893e-06
6.995831532689286e-06 6.917293492665893e-06
6.995831532689286e-06 6.917293492665893e-06
6.995831532689286e-06 6.917293492665893e-06
7.099925334997016e-06 6.9170604920938e-06
7.099925334997016e-06 6.9170604920938e-06
7.099925334997016e-06 6.9170604920938e-06
7.099925334997016e-06 6.9170604920938e-06
7.016303018705009e-06 6.917957780937704e-06
7.016303018705009e-06 6.917957780937704e-06
7.016303018705009e-06 6.917957780937704e-06
7.016303018705009e-06 6.917957780937704e-06
7.068232121921014e-06 6.917234898873717e-06
7.068232121921014e-06 6.917234898873717e-06
7.016303018705009e-06 6.917957780937704e-06
7.016303018705009e-06 6.917957780937704e-06
7.016303018705009e-06 6.917957780937704e-06
7.016303018705009e-06 6.917957780937704e-06
7.068232121921014e-06 6.917234898873717e-06
7.068232121921014e-06 6.917234898873717e-06
7.064155905890999e-06 6.917473864687673e-06
7.064155905890999e-06 6.917473864687673e-06
7.2081639313185e-06 6.917112029422355e-06
7.2081639313185e-06 6.917112029422355e-06
7.2081639313185e-06 6.917112029422355e-06
7.2081639313185e-06 6.917112029422355e-06
7.2081639313185e-06 6.917112029422355e-06
7.2081639313185e-06 6.917112029422355e-06
7.2081639313185e-06 6.917112029422355e-06
7.2081639313185e-06 6.917112029422355e-06
7.2081639313185e-06 6.917112029422355e-06
7.2081639313185e-06 6.917112029422355e-06
7.2081639313185e-06 6.917112029422355e-06
7.2081639313185e-06 6.917112029422355e-06
7.069909852207891e-06 6.917293833782971e-06
7.069909852207891e-06 6.917293833782971e-06
7.089971391100806e-06 6.917550183239796e-06
7.089971391100806e-06 6.917550183239796e-06
7.089971391100806e-06 6.917550183239796e-06
7.089971391100806e-06 6.917550183239796e-06
7.089971391100806e-06 6.917550183239796e-06
7.089971391100806e-06 6.917550183239796e-06
7.089971391100806e-06 6.917550183239796e-06
7.089971391100806e-06 6.917550183239796e-06
6.972965614164658e-06 6.917561282779931e-06
6.972965614164658e-06 6.917561282779931e-06
6.972965614164658e-06 6.917561282779931e-06
6.972965614164658e-06 6.917561282779931e-06
6.972965614164658e-06 6.917561282779931e-06
6.972965614164658e-06 6.917561282779931e-06
6.972965614164658e-06 6.917561282779931e-06
6.972965614164658e-06 6.917561282779931e-06
7.054807245859626e-06 6.917282619501807e-06
7.054807245859626e-06 6.917282619501807e-06
7.086783061849697e-06 6.917478431951813e-06
7.086783061849697e-06 6.917478431951813e-06
7.1163584406533895e-06 6.917474592332212e-06
7.1163584406533895e-06 6.917474592332212e-06
7.1163584406533895e-06 6.917474592332212e-06
7.1163584406533895e-06 6.917474592332212e-06
7.1163584406533895e-06 6.917474592332212e-06
7.1163584406533895e-06 6.917474592332212e-06
7.1163584406533895e-06 6.917474592332212e-06
7.1163584406533895e-06 6.917474592332212e-06
7.088576307246318e-06 6.917327362802047e-06
7.088576307246318e-06 6.917327362802047e-06
7.049632507369261e-06 6.91715078842386e-06
7.049632507369261e-06 6.91715078842386e-06
7.052049800520116e-06 6.9175066292141855e-06
7.052049800520116e-06 6.9175066292141855e-06
7.052049800520116e-06 6.9175066292141855e-06
7.052049800520116e-06 6.9175066292141855e-06
7.052049800520116e-06 6.9175066292141855e-06
7.052049800520116e-06 6.9175066292141855e-06
6.943503169483759e-06 6.918430655867482e-06
6.943503169483759e-06 6.918430655867482e-06
6.842047137335265e-06 6.917466505652026e-06
6.842047137335265e-06 6.917466505652026e-06
6.887338610807014e-06 6.916890776780237e-06
6.887338610807014e-06 6.916890776780237e-06
6.887338610807014e-06 6.916890776780237e-06
6.887338610807014e-06 6.916890776780237e-06
6.842981837827125e-06 6.917467040301813e-06
6.855435463802833e-06 6.9175137724780915e-06
6.842981837827125e-06 6.917467040301813e-06
7.0160435967723e-06 6.9175041474546815e-06
7.0160435967723e-06 6.9175041474546815e-06
6.962485875440442e-06 6.9174354975097e-06
6.917350526712611e-06 6.91736902265856e-06
6.917350526712611e-06 6.91736902265856e-06
6.917350526712611e-06 6.91736902265856e-06
6.917350526712611e-06 6.91736902265856e-06
6.9900486354028424e-06 6.918818103038732e-06
6.9900486354028424e-06 6.918818103038732e-06
6.927167886652545e-06 6.917392724197279e-06
7.155020806800506e-06 6.91693276298155e-06
7.155020806800506e-06 6.91693276298155e-06
7.155020806800506e-06 6.91693276298155e-06
7.155020806800506e-06 6.91693276298155e-06
6.880220160927274e-06 6.91732755540974e-06
6.880220160927274e-06 6.91732755540974e-06
6.85417649881495e-06 6.918704922357298e-06
6.85417649881495e-06 6.918704922357298e-06
6.949676668391172e-06 6.917390488437373e-06
6.85417649881495e-06 6.918704922357298e-06
6.85417649881495e-06 6.918704922357298e-06
6.949676668391172e-06 6.917390488437373e-06
6.864667546911821e-06 6.917336834383643e-06
6.896868141932285e-06 6.917509556110668e-06
6.896868141932285e-06 6.917509556110668e-06
6.896868141932285e-06 6.917509556110668e-06
6.896868141932285e-06 6.917509556110668e-06
6.896868141932285e-06 6.917509556110668e-06
6.896868141932285e-06 6.917509556110668e-06
6.990109987397834e-06 6.917346140689244e-06
7.036731405373017e-06 6.917792435361799e-06
7.036731405373017e-06 6.917792435361799e-06
7.036731405373017e-06 6.917792435361799e-06
7.036731405373017e-06 6.917792435361799e-06
6.936072659291385e-06 6.917498226814621e-06
6.936072659291385e-06 6.917498226814621e-06
6.936072659291385e-06 6.917498226814621e-06
6.936072659291385e-06 6.917498226814621e-06
6.931176462864134e-06 6.91742717566403e-06
6.929263501541557e-06 6.9173977822611596e-06
6.997213185834278e-06 6.917613124778902e-06
6.997213185834278e-06 6.917613124778902e-06
6.997213185834278e-06 6.917613124778902e-06
6.997213185834278e-06 6.917613124778902e-06
6.930568681634292e-06 6.917275805455949e-06
6.837149281603289e-06 6.917656199715631e-06
6.872597569439646e-06 6.917215961972831e-06
6.872597569439646e-06 6.917215961972831e-06
6.872597569439646e-06 6.917215961972831e-06