6.943473290814933e-06 6.941667254026479e-06
6.943473290814933e-06 6.941667254026479e-06
6.943573779312006e-06 6.9416727372868185e-06
6.943573779312006e-06 6.9416727372868185e-06
6.944098088113051e-06 6.941583115872362e-06
6.944098088113051e-06 6.941583115872362e-06
6.943573779312006e-06 6.9416727372868185e-06
6.943573779312006e-06 6.9416727372868185e-06
6.943573779312006e-06 6.9416727372868185e-06
6.943573779312006e-06 6.9416727372868185e-06
6.943712062621576e-06 6.941676468557748e-06
6.943712062621576e-06 6.941676468557748e-06
6.943940724218717e-06 6.9416553200013185e-06
6.943940724218717e-06 6.9416553200013185e-06
6.943940724218717e-06 6.9416553200013185e-06
6.943940724218717e-06 6.9416553200013185e-06
6.943553792887613e-06 6.941659497564145e-06
6.943553792887613e-06 6.941659497564145e-06
6.943553792887613e-06 6.941659497564145e-06
6.943553792887613e-06 6.941659497564145e-06
6.943940724218717e-06 6.9416553200013185e-06
6.943940724218717e-06 6.9416553200013185e-06
6.943940724218717e-06 6.9416553200013185e-06
6.943940724218717e-06 6.9416553200013185e-06
6.9439101376754185e-06 6.941693450808956e-06
6.9439101376754185e-06 6.941693450808956e-06
6.9439101376754185e-06 6.941693450808956e-06
6.9439101376754185e-06 6.941693450808956e-06
6.943782935369474e-06 6.941653362509443e-06
6.943782935369474e-06 6.941653362509443e-06
6.943782935369474e-06 6.941653362509443e-06
6.943782935369474e-06 6.941653362509443e-06
6.943782935369474e-06 6.941653362509443e-06
6.943782935369474e-06 6.941653362509443e-06
6.943782935369474e-06 6.941653362509443e-06
6.943782935369474e-06 6.941653362509443e-06
6.943782935369474e-06 6.941653362509443e-06
6.943782935369474e-06 6.941653362509443e-06
6.943782935369474e-06 6.941653362509443e-06
6.943782935369474e-06 6.941653362509443e-06
6.943574218267914e-06 6.941680549317049e-06
6.943574218267914e-06 6.941680549317049e-06
6.943553792887613e-06 6.941659497564145e-06
6.943553792887613e-06 6.941659497564145e-06
6.943553792887613e-06 6.941659497564145e-06
6.943553792887613e-06 6.941659497564145e-06
6.943574218267914e-06 6.941680549317049e-06
6.943574218267914e-06 6.941680549317049e-06
6.943574218267914e-06 6.941680549317049e-06
6.943574218267914e-06 6.941680549317049e-06
6.943574218267914e-06 6.941680549317049e-06
6.943574218267914e-06 6.941680549317049e-06
6.943574218267914e-06 6.941680549317049e-06
6.943574218267914e-06 6.941680549317049e-06
6.943574218267914e-06 6.941680549317049e-06
6.943574218267914e-06 6.941680549317049e-06
6.943574218267914e-06 6.941680549317049e-06
6.943574218267914e-06 6.941680549317049e-06
6.943574218267914e-06 6.941680549317049e-06
6.943574218267914e-06 6.941680549317049e-06
6.943395965284435e-06 6.941663886108331e-06
6.943395965284435e-06 6.941663886108331e-06
6.943262742638137e-06 6.94167719640025e-06
6.943262742638137e-06 6.94167719640025e-06
6.943439231120945e-06 6.94167259550566e-06
6.943439231120945e-06 6.94167259550566e-06
6.943553792887613e-06 6.941659497564145e-06
6.943553792887613e-06 6.941659497564145e-06
6.943439231120945e-06 6.94167259550566e-06
6.943439231120945e-06 6.94167259550566e-06
6.943439231120945e-06 6.94167259550566e-06
6.943439231120945e-06 6.94167259550566e-06
6.94340453983836e-06 6.941666823152373e-06
6.94340453983836e-06 6.941666823152373e-06
6.943370879816063e-06 6.94167565458452e-06
6.943370879816063e-06 6.94167565458452e-06
6.943370879816063e-06 6.94167565458452e-06
6.943370879816063e-06 6.94167565458452e-06
6.943455625773315e-06 6.941659675118145e-06
6.943455625773315e-06 6.941659675118145e-06
6.943539936687903e-06 6.941657072922825e-06
6.943539936687903e-06 6.941657072922825e-06
6.943539936687903e-06 6.941657072922825e-06
6.943539936687903e-06 6.941657072922825e-06
6.943539936687903e-06 6.941657072922825e-06
6.943539936687903e-06 6.941657072922825e-06
6.943539936687903e-06 6.941657072922825e-06
6.943539936687903e-06 6.941657072922825e-06
6.943553792887613e-06 6.941659497564145e-06
6.943553792887613e-06 6.941659497564145e-06
6.943553792887613e-06 6.941659497564145e-06
6.943553792887613e-06 6.941659497564145e-06
6.9436344864974614e-06 6.94166455161534e-06
6.9436344864974614e-06 6.94166455161534e-06
6.9436344864974614e-06 6.94166455161534e-06
6.9436344864974614e-06 6.94166455161534e-06
6.9436344864974614e-06 6.94166455161534e-06
6.9436344864974614e-06 6.94166455161534e-06
6.9436344864974614e-06 6.94166455161534e-06
6.9436344864974614e-06 6.94166455161534e-06
6.9436344864974614e-06 6.94166455161534e-06
6.9436344864974614e-06 6.94166455161534e-06
6.9436344864974614e-06 6.94166455161534e-06
6.9436344864974614e-06 6.94166455161534e-06
6.9436344864974614e-06 6.94166455161534e-06
6.9436344864974614e-06 6.94166455161534e-06
6.9436344864974614e-06 6.94166455161534e-06
6.9436344864974614e-06 6.94166455161534e-06
6.943680650711525e-06 6.9416614205066e-06
6.943680650711525e-06 6.9416614205066e-06
6.943553792887613e-06 6.941659497564145e-06
6.943553792887613e-06 6.941659497564145e-06
6.94373202323823e-06 6.94166131044652e-06
6.94373202323823e-06 6.94166131044652e-06
6.94373202323823e-06 6.94166131044652e-06
6.94373202323823e-06 6.94166131044652e-06
6.94373202323823e-06 6.94166131044652e-06
6.94373202323823e-06 6.94166131044652e-06
6.9439380624735125e-06 6.94168439233466e-06
6.9439380624735125e-06 6.94168439233466e-06
6.943829218442792e-06 6.9416742830185415e-06
6.943829218442792e-06 6.9416742830185415e-06
6.943829218442792e-06 6.9416742830185415e-06
6.943829218442792e-06 6.9416742830185415e-06
6.943829218442792e-06 6.9416742830185415e-06
6.943829218442792e-06 6.9416742830185415e-06
6.943829218442792e-06 6.9416742830185415e-06
6.943829218442792e-06 6.9416742830185415e-06
6.943860373482583e-06 6.9416903518628684e-06
6.943860373482583e-06 6.9416903518628684e-06
6.943860373482583e-06 6.9416903518628684e-06
6.943860373482583e-06 6.9416903518628684e-06
6.943916979794505e-06 6.941657196286408e-06
6.943916979794505e-06 6.941657196286408e-06
6.943916979794505e-06 6.941657196286408e-06
6.943916979794505e-06 6.941657196286408e-06
6.943846448734705e-06 6.941666158637262e-06
6.943846448734705e-06 6.941666158637262e-06
6.943846448734705e-06 6.941666158637262e-06
6.943846448734705e-06 6.941666158637262e-06
6.943846448734705e-06 6.941666158637262e-06
6.943846448734705e-06 6.941666158637262e-06
6.943846448734705e-06 6.941666158637262e-06
6.943846448734705e-06 6.941666158637262e-06
6.943846448734705e-06 6.941666158637262e-06
6.943846448734705e-06 6.941666158637262e-06
6.943844052585489e-06 6.941673317371641e-06
6.943844052585489e-06 6.941673317371641e-06
6.943844052585489e-06 6.941673317371641e-06
6.943844052585489e-06 6.941673317371641e-06
6.943844052585489e-06 6.941673317371641e-06
6.943844052585489e-06 6.941673317371641e-06
6.943844052585489e-06 6.941673317371641e-06
6.943844052585489e-06 6.941673317371641e-06
6.943573779312006e-06 6.9416727372868185e-06
6.943573779312006e-06 6.9416727372868185e-06
6.9438581783147975e-06 6.94166223482834e-06
6.9438581783147975e-06 6.94166223482834e-06
6.9438581783147975e-06 6.94166223482834e-06
6.9438581783147975e-06 6.94166223482834e-06
6.9438581783147975e-06 6.94166223482834e-06
6.9438581783147975e-06 6.94166223482834e-06
6.9438581783147975e-06 6.94166223482834e-06
6.9438581783147975e-06 6.94166223482834e-06
6.9438581783147975e-06 6.94166223482834e-06
6.9438581783147975e-06 6.94166223482834e-06
6.9438581783147975e-06 6.94166223482834e-06
6.9438581783147975e-06 6.94166223482834e-06
6.9438581783147975e-06 6.94166223482834e-06
6.9438581783147975e-06 6.94166223482834e-06
6.9438581783147975e-06 6.94166223482834e-06
6.9438581783147975e-06 6.94166223482834e-06
6.9438581783147975e-06 6.94166223482834e-06
6.9438581783147975e-06 6.94166223482834e-06
6.9438581783147975e-06 6.94166223482834e-06
6.9438581783147975e-06 6.94166223482834e-06
6.9438581783147975e-06 6.94166223482834e-06
6.9438581783147975e-06 6.94166223482834e-06
6.9438581783147975e-06 6.94166223482834e-06
6.9438581783147975e-06 6.94166223482834e-06
6.9438581783147975e-06 6.94166223482834e-06
6.9438581783147975e-06 6.94166223482834e-06
6.9438581783147975e-06 6.94166223482834e-06
6.9438581783147975e-06 6.94166223482834e-06
6.9438581783147975e-06 6.94166223482834e-06
6.9438581783147975e-06 6.94166223482834e-06
6.9438581783147975e-06 6.94166223482834e-06
6.9438581783147975e-06 6.94166223482834e-06
6.9438581783147975e-06 6.94166223482834e-06
6.9438581783147975e-06 6.94166223482834e-06
6.9438581783147975e-06 6.94166223482834e-06
6.9438581783147975e-06 6.94166223482834e-06
6.943573779312006e-06 6.9416727372868185e-06
6.943573779312006e-06 6.9416727372868185e-06
6.943573779312006e-06 6.9416727372868185e-06
6.943573779312006e-06 6.9416727372868185e-06
6.943573779312006e-06 6.9416727372868185e-06
6.943573779312006e-06 6.9416727372868185e-06
6.943573779312006e-06 6.9416727372868185e-06
6.943573779312006e-06 6.9416727372868185e-06