4.5111425448271576e-07 4.967022208567315e-07
4.5111425448271576e-07 4.967022208567315e-07
2.655441494627715e-07 4.966948668027267e-07
2.655441494627715e-07 4.966948668027267e-07
2.655441494627715e-07 4.966948668027267e-07
2.655441494627715e-07 4.966948668027267e-07
2.655441494627715e-07 4.966948668027267e-07
2.2119835230727012e-07 4.967089760030284e-07
2.2119835230727012e-07 4.967089760030284e-07
2.2119835230727012e-07 4.967089760030284e-07
3.5754588589763223e-07 4.966917195633112e-07
1.4056733309176877e-07 4.967108864980958e-07
3.0594809798222834e-07 4.966953095432814e-07
3.0594809798222834e-07 4.966953095432814e-07
3.0594809798222834e-07 4.966953095432814e-07
3.0594809798222834e-07 4.966953095432814e-07
3.0594809798222834e-07 4.966953095432814e-07
3.0594809798222834e-07 4.966953095432814e-07
3.0594809798222834e-07 4.966953095432814e-07
3.0594809798222834e-07 4.966953095432814e-07
6.559640422545959e-07 4.966857948362438e-07
6.559640422545959e-07 4.966857948362438e-07
4.3436139777952635e-07 4.967188978821289e-07
4.3436139777952635e-07 4.967188978821289e-07
4.3436139777952635e-07 4.967188978821289e-07
1.689183213587047e-07 4.966675580369198e-07
1.689183213587047e-07 4.966675580369198e-07
3.420059056978411e-07 4.967437687808133e-07
2.3474213992855148e-07 4.967200680543138e-07
4.6746281901810574e-07 4.966537131282599e-07
4.6746281901810574e-07 4.966537131282599e-07
2.1465387284101665e-07 4.967339448850146e-07
8.869159431100277e-08 4.966821098248246e-07
2.387850616065459e-07 4.966497996753931e-07
2.387850616065459e-07 4.966497996753931e-07
2.387850616065459e-07 4.966497996753931e-07
2.387850616065459e-07 4.966497996753931e-07
2.387850616065459e-07 4.966497996753931e-07
2.387850616065459e-07 4.966497996753931e-07
3.618414901805013e-07 4.966736200321497e-07
3.3347786778332165e-07 4.967193223248055e-07
3.3347786778332165e-07 4.967193223248055e-07
3.3347786778332165e-07 4.967193223248055e-07
3.3347786778332165e-07 4.967193223248055e-07
1.2373235454199508e-06 4.966971843094556e-07
1.1716050112688019e-06 4.966924200837451e-07
1.1716050112688019e-06 4.966924200837451e-07
1.1716050112688019e-06 4.966924200837451e-07
2.837941505998432e-07 4.966967134552493e-07
2.837941505998432e-07 4.966967134552493e-07
4.0978801445546646e-07 4.967318041261578e-07
4.0978801445546646e-07 4.967318041261578e-07
1.5630945937545957e-06 4.966826613635356e-07
1.5630945937545957e-06 4.966826613635356e-07
1.5630945937545957e-06 4.966826613635356e-07
1.5630945937545957e-06 4.966826613635356e-07
1.5630945937545957e-06 4.966826613635356e-07
1.5630945937545957e-06 4.966826613635356e-07
1.5630945937545957e-06 4.966826613635356e-07
1.5630945937545957e-06 4.966826613635356e-07
1.5630945937545957e-06 4.966826613635356e-07
1.5630945937545957e-06 4.966826613635356e-07
1.5630945937545957e-06 4.966826613635356e-07
1.5630945937545957e-06 4.966826613635356e-07
1.0185004095985024e-06 4.967249126518832e-07
1.0185004095985024e-06 4.967249126518832e-07
1.0185004095985024e-06 4.967249126518832e-07
1.0185004095985024e-06 4.967249126518832e-07
1.0185004095985024e-06 4.967249126518832e-07
1.0185004095985024e-06 4.967249126518832e-07
1.0185004095985024e-06 4.967249126518832e-07
1.0185004095985024e-06 4.967249126518832e-07
1.0185004095985024e-06 4.967249126518832e-07
1.0185004095985024e-06 4.967249126518832e-07
1.0185004095985024e-06 4.967249126518832e-07
1.0185004095985024e-06 4.967249126518832e-07
1.0185004095985024e-06 4.967249126518832e-07
1.0185004095985024e-06 4.967249126518832e-07
1.0185004095985024e-06 4.967249126518832e-07
1.0185004095985024e-06 4.967249126518832e-07
1.0185004095985024e-06 4.967249126518832e-07
1.0185004095985024e-06 4.967249126518832e-07
1.0185004095985024e-06 4.967249126518832e-07
1.0185004095985024e-06 4.967249126518832e-07
1.0185004095985024e-06 4.967249126518832e-07
1.0185004095985024e-06 4.967249126518832e-07
1.0185004095985024e-06 4.967249126518832e-07
1.0185004095985024e-06 4.967249126518832e-07
1.0185004095985024e-06 4.967249126518832e-07
1.0185004095985024e-06 4.967249126518832e-07
1.0185004095985024e-06 4.967249126518832e-07
1.0185004095985024e-06 4.967249126518832e-07
4.161682502285514e-07 4.967185773555808e-07
4.161682502285514e-07 4.967185773555808e-07
4.161682502285514e-07 4.967185773555808e-07
4.161682502285514e-07 4.967185773555808e-07
4.161682502285514e-07 4.967185773555808e-07
4.161682502285514e-07 4.967185773555808e-07
4.161682502285514e-07 4.967185773555808e-07
4.161682502285514e-07 4.967185773555808e-07
8.142065235573465e-07 4.967226635660919e-07
8.142065235573465e-07 4.967226635660919e-07
5.783904825580779e-07 4.967078714183385e-07
5.783904825580779e-07 4.967078714183385e-07
1.1271539296946028e-06 4.966958473577821e-07
1.1271539296946028e-06 4.966958473577821e-07
1.1271539296946028e-06 4.966958473577821e-07
1.1271539296946028e-06 4.966958473577821e-07
1.1271539296946028e-06 4.966958473577821e-07
1.1271539296946028e-06 4.966958473577821e-07
1.1271539296946028e-06 4.966958473577821e-07
1.1271539296946028e-06 4.966958473577821e-07
1.1271539296946028e-06 4.966958473577821e-07
1.1271539296946028e-06 4.966958473577821e-07
1.1271539296946028e-06 4.966958473577821e-07
1.1271539296946028e-06 4.966958473577821e-07
1.1271539296946028e-06 4.966958473577821e-07
1.1271539296946028e-06 4.966958473577821e-07
1.1271539296946028e-06 4.966958473577821e-07
1.1271539296946028e-06 4.966958473577821e-07
1.1271539296946028e-06 4.966958473577821e-07
1.1271539296946028e-06 4.966958473577821e-07
1.1271539296946028e-06 4.966958473577821e-07
1.1271539296946028e-06 4.966958473577821e-07
1.1271539296946028e-06 4.966958473577821e-07
1.1271539296946028e-06 4.966958473577821e-07
1.1271539296946028e-06 4.966958473577821e-07
1.1271539296946028e-06 4.966958473577821e-07
8.390747032537602e-07 4.966969698919057e-07
8.390747032537602e-07 4.966969698919057e-07
6.734833695259051e-07 4.96703775700395e-07
3.5390304501068934e-07 4.966971903713889e-07
2.623687713948467e-07 4.967066630515855e-07
2.8287817615717263e-07 4.966998553078818e-07
1.0737747294148326e-06 4.967065946749559e-07
1.0737747294148326e-06 4.967065946749559e-07
1.0737747294148326e-06 4.967065946749559e-07
1.0737747294148326e-06 4.967065946749559e-07
1.0737747294148326e-06 4.967065946749559e-07
1.0737747294148326e-06 4.967065946749559e-07
1.0737747294148326e-06 4.967065946749559e-07
1.0737747294148326e-06 4.967065946749559e-07
6.843908353029942e-07 4.966934357153444e-07
6.843908353029942e-07 4.966934357153444e-07
6.843908353029942e-07 4.966934357153444e-07
6.843908353029942e-07 4.966934357153444e-07
6.843908353029942e-07 4.966934357153444e-07
6.843908353029942e-07 4.966934357153444e-07
6.843908353029942e-07 4.966934357153444e-07
6.843908353029942e-07 4.966934357153444e-07
6.843908353029942e-07 4.966934357153444e-07
6.843908353029942e-07 4.966934357153444e-07
2.82435981598642e-07 4.967336225330512e-07
2.82435981598642e-07 4.967336225330512e-07
2.82435981598642e-07 4.967336225330512e-07
2.82435981598642e-07 4.967336225330512e-07
2.82435981598642e-07 4.967336225330512e-07
2.82435981598642e-07 4.967336225330512e-07
2.82435981598642e-07 4.967336225330512e-07
2.82435981598642e-07 4.967336225330512e-07
2.82435981598642e-07 4.967336225330512e-07
2.82435981598642e-07 4.967336225330512e-07
2.82435981598642e-07 4.967336225330512e-07
2.82435981598642e-07 4.967336225330512e-07
2.82435981598642e-07 4.967336225330512e-07
2.82435981598642e-07 4.967336225330512e-07
3.936794983947074e-07 4.967319144959095e-07
3.936794983947074e-07 4.967319144959095e-07
3.936794983947074e-07 4.967319144959095e-07
3.936794983947074e-07 4.967319144959095e-07
7.635436612799789e-07 4.967015397709357e-07
7.635436612799789e-07 4.967015397709357e-07
7.635436612799789e-07 4.967015397709357e-07
7.635436612799789e-07 4.967015397709357e-07
7.635436612799789e-07 4.967015397709357e-07
7.635436612799789e-07 4.967015397709357e-07
7.635436612799789e-07 4.967015397709357e-07
7.635436612799789e-07 4.967015397709357e-07
7.635436612799789e-07 4.967015397709357e-07
7.635436612799789e-07 4.967015397709357e-07
7.635436612799789e-07 4.967015397709357e-07
7.635436612799789e-07 4.967015397709357e-07
7.635436612799789e-07 4.967015397709357e-07
7.635436612799789e-07 4.967015397709357e-07
7.635436612799789e-07 4.967015397709357e-07
7.635436612799789e-07 4.967015397709357e-07
7.635436612799789e-07 4.967015397709357e-07
7.635436612799789e-07 4.967015397709357e-07
7.635436612799789e-07 4.967015397709357e-07
7.635436612799789e-07 4.967015397709357e-07
7.635436612799789e-07 4.967015397709357e-07
7.635436612799789e-07 4.967015397709357e-07
7.635436612799789e-07 4.967015397709357e-07
7.635436612799789e-07 4.967015397709357e-07
1.1503375586918521e-07 4.967048742026833e-07
4.3701456513071016e-07 4.966745839995384e-07
4.3701456513071016e-07 4.966745839995384e-07
2.82815005505954e-07 4.966797786225042e-07
2.82815005505954e-07 4.966797786225042e-07
2.82815005505954e-07 4.966797786225042e-07
2.82815005505954e-07 4.966797786225042e-07
2.82815005505954e-07 4.966797786225042e-07
2.82815005505954e-07 4.966797786225042e-07
2.82815005505954e-07 4.966797786225042e-07
2.82815005505954e-07 4.966797786225042e-07
1.1238058851800136e-07 4.966928302618813e-07
1.1238058851800136e-07 4.966928302618813e-07
1.1238058851800136e-07 4.966928302618813e-07
1.1238058851800136e-07 4.966928302618813e-07
3.1465301372016006e-07 4.967244861939144e-07
3.1465301372016006e-07 4.967244861939144e-07
3.1465301372016006e-07 4.967244861939144e-07
3.1465301372016006e-07 4.967244861939144e-07
3.1465301372016006e-07 4.967244861939144e-07
3.1465301372016006e-07 4.967244861939144e-07
6.19767259106302e-07 4.966874932565607e-07
6.19767259106302e-07 4.966874932565607e-07
6.19767259106302e-07 4.966874932565607e-07
6.19767259106302e-07 4.966874932565607e-07
6.19767259106302e-07 4.966874932565607e-07
6.19767259106302e-07 4.966874932565607e-07
6.19767259106302e-07 4.966874932565607e-07
6.19767259106302e-07 4.966874932565607e-07
6.19767259106302e-07 4.966874932565607e-07
6.19767259106302e-07 4.966874932565607e-07
6.19767259106302e-07 4.966874932565607e-07
6.19767259106302e-07 4.966874932565607e-07
6.19767259106302e-07 4.966874932565607e-07
6.19767259106302e-07 4.966874932565607e-07
6.19767259106302e-07 4.966874932565607e-07
6.19767259106302e-07 4.966874932565607e-07
6.19767259106302e-07 4.966874932565607e-07
6.19767259106302e-07 4.966874932565607e-07
6.19767259106302e-07 4.966874932565607e-07
6.19767259106302e-07 4.966874932565607e-07