0.09792361111111111 0.09859722222222222
0.09792361111111111 0.09859722222222222
0.09792361111111111 0.09859722222222222
0.09792361111111111 0.09859722222222222
0.09792361111111111 0.09859722222222222
0.09792361111111111 0.09859722222222222
0.09792361111111111 0.09859722222222222
0.09792361111111111 0.09859722222222222
0.09792361111111111 0.09859722222222222
0.09792361111111111 0.09859722222222222
0.09792361111111111 0.09859722222222222
0.09792361111111111 0.09859722222222222
0.14200694444444445 0.1415
0.14200694444444445 0.1415
0.14200694444444445 0.1415
0.14200694444444445 0.1415
0.14200694444444445 0.1415
0.14200694444444445 0.1415
0.14200694444444445 0.1415
0.14200694444444445 0.1415
0.14200694444444445 0.1415
0.14200694444444445 0.1415
0.14200694444444445 0.1415
0.14200694444444445 0.1415
0.14200694444444445 0.1415
0.14200694444444445 0.1415
0.14200694444444445 0.1415
0.14200694444444445 0.1415
0.08241666666666667 0.0812361111111111
0.08241666666666667 0.0812361111111111
0.08241666666666667 0.0812361111111111
0.08241666666666667 0.0812361111111111
0.08241666666666667 0.0812361111111111
0.08241666666666667 0.0812361111111111
0.08241666666666667 0.0812361111111111
0.08241666666666667 0.0812361111111111
0.08241666666666667 0.0812361111111111
0.08241666666666667 0.0812361111111111
0.08241666666666667 0.0812361111111111
0.08241666666666667 0.0812361111111111
0.08241666666666667 0.0812361111111111
0.08241666666666667 0.0812361111111111
0.06753472222222222 0.0692013888888889
0.06753472222222222 0.0692013888888889
0.06753472222222222 0.0692013888888889
0.06753472222222222 0.0692013888888889
0.06753472222222222 0.0692013888888889
0.06753472222222222 0.0692013888888889
0.06753472222222222 0.0692013888888889
0.06753472222222222 0.0692013888888889
0.06753472222222222 0.0692013888888889
0.06753472222222222 0.0692013888888889
0.06753472222222222 0.0692013888888889
0.06753472222222222 0.0692013888888889
0.06753472222222222 0.0692013888888889
0.06753472222222222 0.0692013888888889
0.06753472222222222 0.0692013888888889
0.06753472222222222 0.0692013888888889
0.06753472222222222 0.0692013888888889
0.06753472222222222 0.0692013888888889
0.06753472222222222 0.0692013888888889
0.06753472222222222 0.0692013888888889
0.09826388888888889 0.0975
0.09826388888888889 0.0975
0.09826388888888889 0.0975
0.09826388888888889 0.0975
0.09826388888888889 0.0975
0.09826388888888889 0.0975
0.09826388888888889 0.0975
0.09826388888888889 0.0975
0.09826388888888889 0.0975
0.09826388888888889 0.0975
0.09826388888888889 0.0975
0.09826388888888889 0.0975
0.09826388888888889 0.0975
0.09826388888888889 0.0975
0.056729166666666664 0.05703472222222222
0.056729166666666664 0.05703472222222222
0.056729166666666664 0.05703472222222222
0.056729166666666664 0.05703472222222222
0.056729166666666664 0.05703472222222222
0.056729166666666664 0.05703472222222222
0.056729166666666664 0.05703472222222222
0.056729166666666664 0.05703472222222222
0.056729166666666664 0.05703472222222222
0.056729166666666664 0.05703472222222222
0.056729166666666664 0.05703472222222222
0.056729166666666664 0.05703472222222222
0.056729166666666664 0.05703472222222222
0.056729166666666664 0.05703472222222222
0.056729166666666664 0.05703472222222222
0.056729166666666664 0.05703472222222222
0.056729166666666664 0.05703472222222222
0.056729166666666664 0.05703472222222222
0.056729166666666664 0.05703472222222222
0.056729166666666664 0.05703472222222222
0.17056944444444444 0.17
0.17056944444444444 0.17
0.17056944444444444 0.17
0.17056944444444444 0.17
0.17056944444444444 0.17
0.17056944444444444 0.17
0.17056944444444444 0.17
0.17056944444444444 0.17
0.17056944444444444 0.17
0.17056944444444444 0.17
0.17056944444444444 0.17
0.17056944444444444 0.17
0.17056944444444444 0.17
0.17056944444444444 0.17
0.17056944444444444 0.17
0.17056944444444444 0.17
0.17056944444444444 0.17
0.17056944444444444 0.17
0.014270833333333333 0.014333333333333333
0.014270833333333333 0.014333333333333333
0.014270833333333333 0.014333333333333333
0.014270833333333333 0.014333333333333333
0.014270833333333333 0.014333333333333333
0.014270833333333333 0.014333333333333333
0.014270833333333333 0.014333333333333333
0.014270833333333333 0.014333333333333333
0.014270833333333333 0.014333333333333333
0.014270833333333333 0.014333333333333333
0.014270833333333333 0.014333333333333333
0.014270833333333333 0.014333333333333333
0.014270833333333333 0.014333333333333333
0.014270833333333333 0.014333333333333333
0.014270833333333333 0.014333333333333333
0.014270833333333333 0.014333333333333333
0.03222916666666667 0.03209722222222222
0.03222916666666667 0.03209722222222222
0.03222916666666667 0.03209722222222222
0.03222916666666667 0.03209722222222222
0.03222916666666667 0.03209722222222222
0.03222916666666667 0.03209722222222222
0.03222916666666667 0.03209722222222222
0.03222916666666667 0.03209722222222222
0.03222916666666667 0.03209722222222222
0.03222916666666667 0.03209722222222222
0.03222916666666667 0.03209722222222222
0.03222916666666667 0.03209722222222222
0.04766666666666667 0.049666666666666665
0.04766666666666667 0.049666666666666665
0.04766666666666667 0.049666666666666665
0.04766666666666667 0.049666666666666665
0.04766666666666667 0.049666666666666665
0.04766666666666667 0.049666666666666665
0.04766666666666667 0.049666666666666665
0.04766666666666667 0.049666666666666665
0.04766666666666667 0.049666666666666665
0.04766666666666667 0.049666666666666665
0.04766666666666667 0.049666666666666665
0.04766666666666667 0.049666666666666665
0.04766666666666667 0.049666666666666665
0.04766666666666667 0.049666666666666665
0.04766666666666667 0.049666666666666665
0.04766666666666667 0.049666666666666665
0.04766666666666667 0.049666666666666665
0.04766666666666667 0.049666666666666665
0.04766666666666667 0.049666666666666665
0.04766666666666667 0.049666666666666665
0.04766666666666667 0.049666666666666665
0.04766666666666667 0.049666666666666665
0.04766666666666667 0.049666666666666665
0.04766666666666667 0.049666666666666665
0.04766666666666667 0.049666666666666665
0.04766666666666667 0.049666666666666665
0.11689583333333334 0.11603472222222222
0.11689583333333334 0.11603472222222222
0.11689583333333334 0.11603472222222222
0.11689583333333334 0.11603472222222222
0.11689583333333334 0.11603472222222222
0.11689583333333334 0.11603472222222222
0.11689583333333334 0.11603472222222222
0.11689583333333334 0.11603472222222222
0.11689583333333334 0.11603472222222222
0.11689583333333334 0.11603472222222222
0.11689583333333334 0.11603472222222222
0.11689583333333334 0.11603472222222222
0.11689583333333334 0.11603472222222222
0.11689583333333334 0.11603472222222222
0.11689583333333334 0.11603472222222222
0.11689583333333334 0.11603472222222222
0.11689583333333334 0.11603472222222222
0.11689583333333334 0.11603472222222222
0.11689583333333334 0.11603472222222222
0.11689583333333334 0.11603472222222222
0.11689583333333334 0.11603472222222222
0.11689583333333334 0.11603472222222222
0.03855555555555556 0.03809722222222222
0.03855555555555556 0.03809722222222222
0.03855555555555556 0.03809722222222222
0.03855555555555556 0.03809722222222222
0.03855555555555556 0.03809722222222222
0.03855555555555556 0.03809722222222222
0.03855555555555556 0.03809722222222222
0.03855555555555556 0.03809722222222222
0.03855555555555556 0.03809722222222222
0.03855555555555556 0.03809722222222222