7.887397590878644e-08 4.9720422629148e-07
7.887397590878644e-08 4.9720422629148e-07
7.887397590878644e-08 4.9720422629148e-07
7.887397590878644e-08 4.9720422629148e-07
7.887397590878644e-08 4.9720422629148e-07
7.887397590878644e-08 4.9720422629148e-07
7.887397590878644e-08 4.9720422629148e-07
7.887397590878644e-08 4.9720422629148e-07
7.887397590878644e-08 4.9720422629148e-07
7.887397590878644e-08 4.9720422629148e-07
7.887397590878644e-08 4.9720422629148e-07
7.887397590878644e-08 4.9720422629148e-07
3.284517828989567e-08 4.972055029931996e-07
3.284517828989567e-08 4.972055029931996e-07
3.284517828989567e-08 4.972055029931996e-07
3.284517828989567e-08 4.972055029931996e-07
3.284517828989567e-08 4.972055029931996e-07
3.284517828989567e-08 4.972055029931996e-07
3.284517828989567e-08 4.972055029931996e-07
3.284517828989567e-08 4.972055029931996e-07
3.284517828989567e-08 4.972055029931996e-07
3.284517828989567e-08 4.972055029931996e-07
3.284517828989567e-08 4.972055029931996e-07
3.284517828989567e-08 4.972055029931996e-07
3.284517828989567e-08 4.972055029931996e-07
3.284517828989567e-08 4.972055029931996e-07
3.284517828989567e-08 4.972055029931996e-07
3.284517828989567e-08 4.972055029931996e-07
3.284517828989567e-08 4.972055029931996e-07
3.284517828989567e-08 4.972055029931996e-07
3.284517828989567e-08 4.972055029931996e-07
3.284517828989567e-08 4.972055029931996e-07
3.284517828989567e-08 4.972055029931996e-07
3.284517828989567e-08 4.972055029931996e-07
3.284517828989567e-08 4.972055029931996e-07
3.284517828989567e-08 4.972055029931996e-07
3.284517828989567e-08 4.972055029931996e-07
3.284517828989567e-08 4.972055029931996e-07
3.284517828989567e-08 4.972055029931996e-07
3.284517828989567e-08 4.972055029931996e-07
5.6327709455552977e-08 4.972069200131964e-07
5.6327709455552977e-08 4.972069200131964e-07
5.6327709455552977e-08 4.972069200131964e-07
5.6327709455552977e-08 4.972069200131964e-07
5.6327709455552977e-08 4.972069200131964e-07
5.6327709455552977e-08 4.972069200131964e-07
5.6327709455552977e-08 4.972069200131964e-07
5.6327709455552977e-08 4.972069200131964e-07
5.6327709455552977e-08 4.972069200131964e-07
5.6327709455552977e-08 4.972069200131964e-07
4.226476043043008e-08 4.972031340949696e-07
4.226476043043008e-08 4.972031340949696e-07
4.226476043043008e-08 4.972031340949696e-07
4.226476043043008e-08 4.972031340949696e-07
4.226476043043008e-08 4.972031340949696e-07
4.226476043043008e-08 4.972031340949696e-07
4.226476043043008e-08 4.972031340949696e-07
4.226476043043008e-08 4.972031340949696e-07
4.226476043043008e-08 4.972031340949696e-07
4.226476043043008e-08 4.972031340949696e-07
1.1576786646862303e-08 4.972084550696189e-07
1.1576786646862303e-08 4.972084550696189e-07
8.463706478053047e-08 4.972058676083163e-07
8.463706478053047e-08 4.972058676083163e-07
8.463706478053047e-08 4.972058676083163e-07
8.463706478053047e-08 4.972058676083163e-07
8.463706478053047e-08 4.972058676083163e-07
8.463706478053047e-08 4.972058676083163e-07
8.463706478053047e-08 4.972058676083163e-07
8.463706478053047e-08 4.972058676083163e-07
4.200412457805263e-07 4.972051542740725e-07
4.200412457805263e-07 4.972051542740725e-07
4.200412457805263e-07 4.972051542740725e-07
4.200412457805263e-07 4.972051542740725e-07
4.200412457805263e-07 4.972051542740725e-07
4.200412457805263e-07 4.972051542740725e-07
4.200412457805263e-07 4.972051542740725e-07
4.200412457805263e-07 4.972051542740725e-07
4.200412457805263e-07 4.972051542740725e-07
4.200412457805263e-07 4.972051542740725e-07
4.200412457805263e-07 4.972051542740725e-07
4.200412457805263e-07 4.972051542740725e-07
4.200412457805263e-07 4.972051542740725e-07
4.200412457805263e-07 4.972051542740725e-07
1.8264120616478773e-07 4.972084642686023e-07
1.8264120616478773e-07 4.972084642686023e-07
2.444473294106045e-07 4.972032252654975e-07
2.444473294106045e-07 4.972032252654975e-07
4.6919514318277775e-07 4.972070958093237e-07
4.6919514318277775e-07 4.972070958093237e-07
2.1937694390157975e-07 4.972081705949867e-07
2.1937694390157975e-07 4.972081705949867e-07
2.1937694390157975e-07 4.972081705949867e-07
2.1937694390157975e-07 4.972081705949867e-07
8.662979035089201e-08 4.972083693504266e-07
8.662979035089201e-08 4.972083693504266e-07
8.662979035089201e-08 4.972083693504266e-07
8.662979035089201e-08 4.972083693504266e-07
8.662979035089201e-08 4.972083693504266e-07
8.662979035089201e-08 4.972083693504266e-07
8.662979035089201e-08 4.972083693504266e-07
8.662979035089201e-08 4.972083693504266e-07
1.784849499751765e-07 4.972088229499452e-07
1.784849499751765e-07 4.972088229499452e-07
9.209555191531224e-07 4.972059176627002e-07
9.209555191531224e-07 4.972059176627002e-07
5.488219265292563e-07 4.972078925563486e-07
5.488219265292563e-07 4.972078925563486e-07
3.557363079306054e-07 4.972084426485641e-07
3.557363079306054e-07 4.972084426485641e-07
3.557363079306054e-07 4.972084426485641e-07
3.557363079306054e-07 4.972084426485641e-07
3.557363079306054e-07 4.972084426485641e-07
3.557363079306054e-07 4.972084426485641e-07
3.557363079306054e-07 4.972084426485641e-07
3.557363079306054e-07 4.972084426485641e-07
3.557363079306054e-07 4.972084426485641e-07
3.557363079306054e-07 4.972084426485641e-07
3.557363079306054e-07 4.972084426485641e-07
3.557363079306054e-07 4.972084426485641e-07
3.557363079306054e-07 4.972084426485641e-07
3.557363079306054e-07 4.972084426485641e-07
3.557363079306054e-07 4.972084426485641e-07
3.557363079306054e-07 4.972084426485641e-07
3.557363079306054e-07 4.972084426485641e-07
3.557363079306054e-07 4.972084426485641e-07
3.557363079306054e-07 4.972084426485641e-07
3.557363079306054e-07 4.972084426485641e-07
3.557363079306054e-07 4.972084426485641e-07
3.557363079306054e-07 4.972084426485641e-07
3.557363079306054e-07 4.972084426485641e-07
3.557363079306054e-07 4.972084426485641e-07
3.557363079306054e-07 4.972084426485641e-07
3.557363079306054e-07 4.972084426485641e-07
3.557363079306054e-07 4.972084426485641e-07
3.557363079306054e-07 4.972084426485641e-07
1.4539305328133132e-07 4.972080574806433e-07
1.4539305328133132e-07 4.972080574806433e-07
1.4539305328133132e-07 4.972080574806433e-07
1.4539305328133132e-07 4.972080574806433e-07
1.4539305328133132e-07 4.972080574806433e-07
1.4539305328133132e-07 4.972080574806433e-07
1.4539305328133132e-07 4.972080574806433e-07
1.4539305328133132e-07 4.972080574806433e-07
1.4539305328133132e-07 4.972080574806433e-07
1.4539305328133132e-07 4.972080574806433e-07
1.4539305328133132e-07 4.972080574806433e-07
1.4539305328133132e-07 4.972080574806433e-07
1.4539305328133132e-07 4.972080574806433e-07
1.4539305328133132e-07 4.972080574806433e-07
1.4539305328133132e-07 4.972080574806433e-07
1.4539305328133132e-07 4.972080574806433e-07
1.4539305328133132e-07 4.972080574806433e-07
1.4539305328133132e-07 4.972080574806433e-07
2.818030262137312e-07 4.972048661810913e-07
2.818030262137312e-07 4.972048661810913e-07
2.818030262137312e-07 4.972048661810913e-07
2.818030262137312e-07 4.972048661810913e-07
2.818030262137312e-07 4.972048661810913e-07
2.818030262137312e-07 4.972048661810913e-07
2.818030262137312e-07 4.972048661810913e-07
2.818030262137312e-07 4.972048661810913e-07
2.818030262137312e-07 4.972048661810913e-07
2.818030262137312e-07 4.972048661810913e-07
2.818030262137312e-07 4.972048661810913e-07
2.818030262137312e-07 4.972048661810913e-07
2.818030262137312e-07 4.972048661810913e-07
2.818030262137312e-07 4.972048661810913e-07
2.818030262137312e-07 4.972048661810913e-07
2.818030262137312e-07 4.972048661810913e-07
2.818030262137312e-07 4.972048661810913e-07
2.818030262137312e-07 4.972048661810913e-07
2.818030262137312e-07 4.972048661810913e-07
2.818030262137312e-07 4.972048661810913e-07
2.818030262137312e-07 4.972048661810913e-07
2.818030262137312e-07 4.972048661810913e-07
2.0530134265061328e-07 4.972065089174874e-07
2.0530134265061328e-07 4.972065089174874e-07
2.0530134265061328e-07 4.972065089174874e-07
2.0530134265061328e-07 4.972065089174874e-07
2.0530134265061328e-07 4.972065089174874e-07
2.0530134265061328e-07 4.972065089174874e-07
2.0530134265061328e-07 4.972065089174874e-07
2.0530134265061328e-07 4.972065089174874e-07
2.0530134265061328e-07 4.972065089174874e-07
2.0530134265061328e-07 4.972065089174874e-07
2.0530134265061328e-07 4.972065089174874e-07
2.0530134265061328e-07 4.972065089174874e-07
2.0530134265061328e-07 4.972065089174874e-07
2.0530134265061328e-07 4.972065089174874e-07
2.0530134265061328e-07 4.972065089174874e-07
2.0530134265061328e-07 4.972065089174874e-07
2.0530134265061328e-07 4.972065089174874e-07
2.0530134265061328e-07 4.972065089174874e-07
3.9523655701421643e-07 4.972084298574706e-07
3.9523655701421643e-07 4.972084298574706e-07
3.9523655701421643e-07 4.972084298574706e-07
3.9523655701421643e-07 4.972084298574706e-07
4.6437464513637933e-07 4.972087525313484e-07
4.6437464513637933e-07 4.972087525313484e-07