6.790984025285333e-06 6.6536087369420705e-06
6.790984025285333e-06 6.6536087369420705e-06
6.790984025285333e-06 6.6536087369420705e-06
6.790984025285333e-06 6.6536087369420705e-06
6.790984025285333e-06 6.6536087369420705e-06
6.790984025285333e-06 6.6536087369420705e-06
6.790984025285333e-06 6.6536087369420705e-06
6.790984025285333e-06 6.6536087369420705e-06
6.781688026313994e-06 6.6536087369420705e-06
6.781688026313994e-06 6.6536087369420705e-06
6.781688026313994e-06 6.6536087369420705e-06
6.781688026313994e-06 6.6536087369420705e-06
6.776803448308234e-06 6.652581087254454e-06
6.776803448308234e-06 6.652581087254454e-06
6.776803448308234e-06 6.652581087254454e-06
6.776803448308234e-06 6.652581087254454e-06
6.776803448308234e-06 6.652581087254454e-06
6.776803448308234e-06 6.652581087254454e-06
6.776803448308234e-06 6.652581087254454e-06
6.776803448308234e-06 6.652581087254454e-06
6.784083920203044e-06 6.65317635516311e-06
6.784083920203044e-06 6.65317635516311e-06
6.784083920203044e-06 6.65317635516311e-06
6.784083920203044e-06 6.65317635516311e-06
6.781393647082098e-06 6.6536087369420705e-06
6.781393647082098e-06 6.6536087369420705e-06
6.781393647082098e-06 6.6536087369420705e-06
6.781393647082098e-06 6.6536087369420705e-06
6.776328868879929e-06 6.65317635516311e-06
6.776328868879929e-06 6.65317635516311e-06
6.776328868879929e-06 6.65317635516311e-06
6.776328868879929e-06 6.65317635516311e-06
6.776328868879929e-06 6.65317635516311e-06
6.776328868879929e-06 6.65317635516311e-06
6.7824508007386035e-06 6.651260117733627e-06
6.7824508007386035e-06 6.651260117733627e-06
6.7824508007386035e-06 6.651260117733627e-06
6.7824508007386035e-06 6.651260117733627e-06
6.7824508007386035e-06 6.651260117733627e-06
6.7824508007386035e-06 6.651260117733627e-06
6.780122071384207e-06 6.65317635516311e-06
6.780122071384207e-06 6.65317635516311e-06
6.780122071384207e-06 6.65317635516311e-06
6.780122071384207e-06 6.65317635516311e-06
6.77926892035437e-06 6.65317635516311e-06
6.77926892035437e-06 6.65317635516311e-06
6.77926892035437e-06 6.65317635516311e-06
6.77926892035437e-06 6.65317635516311e-06
6.791132763836982e-06 6.652683152493902e-06
6.791132763836982e-06 6.652683152493902e-06
6.784089293331437e-06 6.652274596372765e-06
6.784089293331437e-06 6.652274596372765e-06
6.777680881517973e-06 6.654511798028458e-06
6.777680881517973e-06 6.654511798028458e-06
6.78585610580245e-06 6.652683152493902e-06
6.78585610580245e-06 6.652683152493902e-06
6.78585610580245e-06 6.652683152493902e-06
6.78585610580245e-06 6.652683152493902e-06
6.784504746461268e-06 6.652274596372765e-06
6.784504746461268e-06 6.652274596372765e-06
6.784504746461268e-06 6.652274596372765e-06
6.784504746461268e-06 6.652274596372765e-06
6.781898458229133e-06 6.652683152493902e-06
6.781898458229133e-06 6.652683152493902e-06
6.781898458229133e-06 6.652683152493902e-06
6.781898458229133e-06 6.652683152493902e-06
6.783792967161701e-06 6.652683152493902e-06
6.783792967161701e-06 6.652683152493902e-06
6.787123589991979e-06 6.65317635516311e-06
6.787123589991979e-06 6.65317635516311e-06
6.787123589991979e-06 6.65317635516311e-06
6.787123589991979e-06 6.65317635516311e-06
6.787123589991979e-06 6.65317635516311e-06
6.787123589991979e-06 6.65317635516311e-06
6.780158497211623e-06 6.652683152493902e-06
6.780158497211623e-06 6.652683152493902e-06
6.780158497211623e-06 6.652683152493902e-06
6.780158497211623e-06 6.652683152493902e-06
6.770280467061427e-06 6.6536087369420705e-06
6.770280467061427e-06 6.6536087369420705e-06
6.770280467061427e-06 6.6536087369420705e-06
6.770280467061427e-06 6.6536087369420705e-06
6.7855189639327255e-06 6.6536087369420705e-06
6.7855189639327255e-06 6.6536087369420705e-06
6.7788326767877954e-06 6.65317635516311e-06
6.7788326767877954e-06 6.65317635516311e-06
6.7788326767877954e-06 6.65317635516311e-06
6.7788326767877954e-06 6.65317635516311e-06
6.781536864205477e-06 6.6536087369420705e-06
6.781536864205477e-06 6.6536087369420705e-06
6.781536864205477e-06 6.6536087369420705e-06
6.781536864205477e-06 6.6536087369420705e-06
6.77238739698778e-06 6.65317635516311e-06
6.77238739698778e-06 6.65317635516311e-06
6.77238739698778e-06 6.65317635516311e-06
6.77238739698778e-06 6.65317635516311e-06
6.7849214132004034e-06 6.65317635516311e-06
6.7849214132004034e-06 6.65317635516311e-06
6.7849214132004034e-06 6.65317635516311e-06
6.7849214132004034e-06 6.65317635516311e-06
6.7849214132004034e-06 6.65317635516311e-06
6.7849214132004034e-06 6.65317635516311e-06
6.7701904426027155e-06 6.6536087369420705e-06
6.7701904426027155e-06 6.6536087369420705e-06
6.782057321019015e-06 6.65317635516311e-06
6.782057321019015e-06 6.65317635516311e-06
6.778262386102748e-06 6.65317635516311e-06
6.778262386102748e-06 6.65317635516311e-06
6.778262386102748e-06 6.65317635516311e-06
6.778262386102748e-06 6.65317635516311e-06
6.776476022507768e-06 6.65317635516311e-06
6.776476022507768e-06 6.65317635516311e-06
6.776476022507768e-06 6.65317635516311e-06
6.776476022507768e-06 6.65317635516311e-06
6.776476022507768e-06 6.65317635516311e-06
6.776476022507768e-06 6.65317635516311e-06
6.7788942156841285e-06 6.6536087369420705e-06
6.7788942156841285e-06 6.6536087369420705e-06
6.784273521370941e-06 6.6536087369420705e-06
6.784273521370941e-06 6.6536087369420705e-06
6.774881394025738e-06 6.65317635516311e-06
6.774881394025738e-06 6.65317635516311e-06
6.774881394025738e-06 6.65317635516311e-06
6.774881394025738e-06 6.65317635516311e-06
6.777613182860182e-06 6.6536087369420705e-06
6.777613182860182e-06 6.6536087369420705e-06
6.782773628024987e-06 6.65317635516311e-06
6.782773628024987e-06 6.65317635516311e-06
6.779483899722023e-06 6.65317635516311e-06
6.779483899722023e-06 6.65317635516311e-06
6.7855842256841355e-06 6.6536087369420705e-06
6.7855842256841355e-06 6.6536087369420705e-06
6.7855842256841355e-06 6.6536087369420705e-06
6.7855842256841355e-06 6.6536087369420705e-06
6.7855842256841355e-06 6.6536087369420705e-06
6.7855842256841355e-06 6.6536087369420705e-06
6.78087853378958e-06 6.65317635516311e-06
6.78087853378958e-06 6.65317635516311e-06
6.78087853378958e-06 6.65317635516311e-06
6.78087853378958e-06 6.65317635516311e-06
6.782322710078835e-06 6.65317635516311e-06
6.782322710078835e-06 6.65317635516311e-06
6.782322710078835e-06 6.65317635516311e-06
6.782322710078835e-06 6.65317635516311e-06
6.782322710078835e-06 6.65317635516311e-06
6.782322710078835e-06 6.65317635516311e-06
6.778117234284589e-06 6.6536087369420705e-06
6.778117234284589e-06 6.6536087369420705e-06
6.778117234284589e-06 6.6536087369420705e-06
6.778117234284589e-06 6.6536087369420705e-06
6.778117234284589e-06 6.6536087369420705e-06
6.778117234284589e-06 6.6536087369420705e-06
6.780862091754818e-06 6.6536087369420705e-06
6.780862091754818e-06 6.6536087369420705e-06
6.780862091754818e-06 6.6536087369420705e-06
6.780862091754818e-06 6.6536087369420705e-06
6.780862091754818e-06 6.6536087369420705e-06
6.780862091754818e-06 6.6536087369420705e-06
6.777964886609945e-06 6.65317635516311e-06
6.777964886609945e-06 6.65317635516311e-06
6.777964886609945e-06 6.65317635516311e-06
6.777964886609945e-06 6.65317635516311e-06
6.777964886609945e-06 6.65317635516311e-06
6.777964886609945e-06 6.65317635516311e-06
6.7787041862080945e-06 6.6536087369420705e-06
6.7787041862080945e-06 6.6536087369420705e-06
6.7787041862080945e-06 6.6536087369420705e-06
6.7787041862080945e-06 6.6536087369420705e-06
6.7787041862080945e-06 6.6536087369420705e-06
6.7787041862080945e-06 6.6536087369420705e-06
6.787916550720079e-06 6.652581087254454e-06
6.787916550720079e-06 6.652581087254454e-06
6.787916550720079e-06 6.652581087254454e-06
6.787916550720079e-06 6.652581087254454e-06
6.787916550720079e-06 6.652581087254454e-06
6.787916550720079e-06 6.652581087254454e-06
6.780753192220851e-06 6.65317635516311e-06
6.780753192220851e-06 6.65317635516311e-06
6.771496416667858e-06 6.6536087369420705e-06
6.771496416667858e-06 6.6536087369420705e-06
6.771496416667858e-06 6.6536087369420705e-06
6.771496416667858e-06 6.6536087369420705e-06
6.782561581562533e-06 6.65317635516311e-06
6.782561581562533e-06 6.65317635516311e-06
6.782561581562533e-06 6.65317635516311e-06
6.782561581562533e-06 6.65317635516311e-06
6.782561581562533e-06 6.65317635516311e-06
6.782561581562533e-06 6.65317635516311e-06
6.782561581562533e-06 6.65317635516311e-06
6.782561581562533e-06 6.65317635516311e-06
6.780238667213531e-06 6.65317635516311e-06
6.780238667213531e-06 6.65317635516311e-06
6.780238667213531e-06 6.65317635516311e-06
6.780238667213531e-06 6.65317635516311e-06
6.78276247369611e-06 6.65317635516311e-06
6.78276247369611e-06 6.65317635516311e-06
6.78276247369611e-06 6.65317635516311e-06
6.78276247369611e-06 6.65317635516311e-06
6.78276247369611e-06 6.65317635516311e-06
6.78276247369611e-06 6.65317635516311e-06