4.7225163334800804e-07 5.18375841592562e-07
4.7225163334800804e-07 5.18375841592562e-07
4.7225163334800804e-07 5.18375841592562e-07
4.7225163334800804e-07 5.18375841592562e-07
2.7692454653504143e-07 5.183801694640274e-07
2.7692454653504143e-07 5.183801694640274e-07
2.7692454653504143e-07 5.183801694640274e-07
2.7692454653504143e-07 5.183801694640274e-07
2.7692454653504143e-07 5.183801694640274e-07
2.7692454653504143e-07 5.183801694640274e-07
2.7692454653504143e-07 5.183801694640274e-07
2.7692454653504143e-07 5.183801694640274e-07
2.7692454653504143e-07 5.183801694640274e-07
2.7692454653504143e-07 5.183801694640274e-07
2.262428945337527e-07 5.183437004962694e-07
2.262428945337527e-07 5.183437004962694e-07
2.262428945337527e-07 5.183437004962694e-07
2.262428945337527e-07 5.183437004962694e-07
2.262428945337527e-07 5.183437004962694e-07
2.262428945337527e-07 5.183437004962694e-07
3.7767967071360334e-07 5.183741628402881e-07
3.7767967071360334e-07 5.183741628402881e-07
1.4555770454770114e-07 5.183489981104199e-07
1.4555770454770114e-07 5.183489981104199e-07
3.2172712690418063e-07 5.183870996720351e-07
3.2172712690418063e-07 5.183870996720351e-07
3.2172712690418063e-07 5.183870996720351e-07
3.2172712690418063e-07 5.183870996720351e-07
3.2172712690418063e-07 5.183870996720351e-07
3.2172712690418063e-07 5.183870996720351e-07
3.2172712690418063e-07 5.183870996720351e-07
3.2172712690418063e-07 5.183870996720351e-07
3.2172712690418063e-07 5.183870996720351e-07
3.2172712690418063e-07 5.183870996720351e-07
3.2172712690418063e-07 5.183870996720351e-07
3.2172712690418063e-07 5.183870996720351e-07
3.2172712690418063e-07 5.183870996720351e-07
3.2172712690418063e-07 5.183870996720351e-07
3.2172712690418063e-07 5.183870996720351e-07
3.2172712690418063e-07 5.183870996720351e-07
4.740717679324544e-07 5.183427936319471e-07
4.740717679324544e-07 5.183427936319471e-07
2.7239962393707455e-07 5.18340345695864e-07
2.7239962393707455e-07 5.18340345695864e-07
2.7239962393707455e-07 5.18340345695864e-07
2.7239962393707455e-07 5.18340345695864e-07
2.7239962393707455e-07 5.18340345695864e-07
2.2951708275641335e-07 5.183442700386768e-07
2.2951708275641335e-07 5.183442700386768e-07
2.2951708275641335e-07 5.183442700386768e-07
3.716664967479916e-07 5.183408126363809e-07
1.4914737462025045e-07 5.183495122113725e-07
3.2272083700737394e-07 5.183403600174563e-07
3.2272083700737394e-07 5.183403600174563e-07
3.2272083700737394e-07 5.183403600174563e-07
3.2272083700737394e-07 5.183403600174563e-07
3.2272083700737394e-07 5.183403600174563e-07
3.2272083700737394e-07 5.183403600174563e-07
3.2272083700737394e-07 5.183403600174563e-07
3.2272083700737394e-07 5.183403600174563e-07
4.740717679324544e-07 5.183427936319471e-07
4.740717679324544e-07 5.183427936319471e-07
2.7239962393707455e-07 5.18340345695864e-07
2.7239962393707455e-07 5.18340345695864e-07
2.7239962393707455e-07 5.18340345695864e-07
2.7239962393707455e-07 5.18340345695864e-07
2.7239962393707455e-07 5.18340345695864e-07
2.2951708275641335e-07 5.183442700386768e-07
2.2951708275641335e-07 5.183442700386768e-07
2.2951708275641335e-07 5.183442700386768e-07
3.716664967479916e-07 5.183408126363809e-07
1.4914737462025045e-07 5.183495122113725e-07
3.2272083700737394e-07 5.183403600174563e-07
3.2272083700737394e-07 5.183403600174563e-07
3.2272083700737394e-07 5.183403600174563e-07
3.2272083700737394e-07 5.183403600174563e-07
3.2272083700737394e-07 5.183403600174563e-07
3.2272083700737394e-07 5.183403600174563e-07
3.2272083700737394e-07 5.183403600174563e-07
3.2272083700737394e-07 5.183403600174563e-07
4.772662601390057e-07 5.183214628556633e-07
4.772662601390057e-07 5.183214628556633e-07
4.772662601390057e-07 5.183214628556633e-07
4.772662601390057e-07 5.183214628556633e-07
4.772662601390057e-07 5.183214628556633e-07
4.772662601390057e-07 5.183214628556633e-07
4.772662601390057e-07 5.183214628556633e-07
4.772662601390057e-07 5.183214628556633e-07
2.701069050624535e-07 5.183323118143576e-07
2.701069050624535e-07 5.183323118143576e-07
2.701069050624535e-07 5.183323118143576e-07
2.701069050624535e-07 5.183323118143576e-07
2.701069050624535e-07 5.183323118143576e-07
2.701069050624535e-07 5.183323118143576e-07
2.701069050624535e-07 5.183323118143576e-07
2.701069050624535e-07 5.183323118143576e-07
2.701069050624535e-07 5.183323118143576e-07
2.701069050624535e-07 5.183323118143576e-07
2.701069050624535e-07 5.183323118143576e-07
2.701069050624535e-07 5.183323118143576e-07
2.701069050624535e-07 5.183323118143576e-07
2.701069050624535e-07 5.183323118143576e-07
2.701069050624535e-07 5.183323118143576e-07
2.701069050624535e-07 5.183323118143576e-07
2.701069050624535e-07 5.183323118143576e-07
2.701069050624535e-07 5.183323118143576e-07
2.701069050624535e-07 5.183323118143576e-07
2.701069050624535e-07 5.183323118143576e-07
2.2392816962197674e-07 5.183642728711373e-07
2.2392816962197674e-07 5.183642728711373e-07
2.2392816962197674e-07 5.183642728711373e-07
2.2392816962197674e-07 5.183642728711373e-07
2.2392816962197674e-07 5.183642728711373e-07
2.2392816962197674e-07 5.183642728711373e-07
2.2392816962197674e-07 5.183642728711373e-07
2.2392816962197674e-07 5.183642728711373e-07
2.2392816962197674e-07 5.183642728711373e-07
2.2392816962197674e-07 5.183642728711373e-07
2.2392816962197674e-07 5.183642728711373e-07
2.2392816962197674e-07 5.183642728711373e-07
3.7312762211588216e-07 5.183262445077129e-07
3.7312762211588216e-07 5.183262445077129e-07
3.7312762211588216e-07 5.183262445077129e-07
3.7312762211588216e-07 5.183262445077129e-07
1.5104832178993937e-07 5.18335025813343e-07
1.5104832178993937e-07 5.18335025813343e-07
1.5104832178993937e-07 5.18335025813343e-07
1.5104832178993937e-07 5.18335025813343e-07
3.1920943380828634e-07 5.183394716971132e-07
3.1920943380828634e-07 5.183394716971132e-07
3.1920943380828634e-07 5.183394716971132e-07
3.1920943380828634e-07 5.183394716971132e-07
3.1920943380828634e-07 5.183394716971132e-07
3.1920943380828634e-07 5.183394716971132e-07
3.1920943380828634e-07 5.183394716971132e-07
3.1920943380828634e-07 5.183394716971132e-07
3.1920943380828634e-07 5.183394716971132e-07
3.1920943380828634e-07 5.183394716971132e-07
3.1920943380828634e-07 5.183394716971132e-07
3.1920943380828634e-07 5.183394716971132e-07
3.1920943380828634e-07 5.183394716971132e-07
3.1920943380828634e-07 5.183394716971132e-07
3.1920943380828634e-07 5.183394716971132e-07
3.1920943380828634e-07 5.183394716971132e-07
3.1920943380828634e-07 5.183394716971132e-07
3.1920943380828634e-07 5.183394716971132e-07
3.1920943380828634e-07 5.183394716971132e-07
3.1920943380828634e-07 5.183394716971132e-07
3.1920943380828634e-07 5.183394716971132e-07
3.1920943380828634e-07 5.183394716971132e-07
3.1920943380828634e-07 5.183394716971132e-07
3.1920943380828634e-07 5.183394716971132e-07
3.1920943380828634e-07 5.183394716971132e-07
3.1920943380828634e-07 5.183394716971132e-07
3.1920943380828634e-07 5.183394716971132e-07
3.1920943380828634e-07 5.183394716971132e-07
3.1920943380828634e-07 5.183394716971132e-07
3.1920943380828634e-07 5.183394716971132e-07
3.1920943380828634e-07 5.183394716971132e-07
3.1920943380828634e-07 5.183394716971132e-07
4.740940239715229e-07 5.183364045708691e-07
4.740940239715229e-07 5.183364045708691e-07
2.7246735248309363e-07 5.183411991105278e-07
2.7246735248309363e-07 5.183411991105278e-07
2.7246735248309363e-07 5.183411991105278e-07
2.7246735248309363e-07 5.183411991105278e-07
2.7246735248309363e-07 5.183411991105278e-07
2.301733754577468e-07 5.183455507485468e-07
2.301733754577468e-07 5.183455507485468e-07
2.301733754577468e-07 5.183455507485468e-07
3.7119021669512253e-07 5.183394450632337e-07
1.5048626195270707e-07 5.183466196029229e-07
3.2319243654884513e-07 5.183361621814938e-07
3.2319243654884513e-07 5.183361621814938e-07
3.2319243654884513e-07 5.183361621814938e-07
3.2319243654884513e-07 5.183361621814938e-07
3.2319243654884513e-07 5.183361621814938e-07
3.2319243654884513e-07 5.183361621814938e-07
3.2319243654884513e-07 5.183361621814938e-07
3.2319243654884513e-07 5.183361621814938e-07
4.733429015110939e-07 5.183431561771214e-07
4.733429015110939e-07 5.183431561771214e-07
2.7447374876407146e-07 5.183355038105909e-07
2.7447374876407146e-07 5.183355038105909e-07
2.7447374876407146e-07 5.183355038105909e-07
2.7447374876407146e-07 5.183355038105909e-07
2.7447374876407146e-07 5.183355038105909e-07
2.2604338457158477e-07 5.183389815802612e-07
2.2604338457158477e-07 5.183389815802612e-07
2.2604338457158477e-07 5.183389815802612e-07
3.7110685793917417e-07 5.183388393736089e-07
1.4730464712631622e-07 5.183487077266601e-07
3.243048465557624e-07 5.183449247136835e-07
3.243048465557624e-07 5.183449247136835e-07
3.243048465557624e-07 5.183449247136835e-07
3.243048465557624e-07 5.183449247136835e-07
3.243048465557624e-07 5.183449247136835e-07
3.243048465557624e-07 5.183449247136835e-07
3.243048465557624e-07 5.183449247136835e-07
3.243048465557624e-07 5.183449247136835e-07
4.740940239715229e-07 5.183364045708691e-07
4.740940239715229e-07 5.183364045708691e-07
2.7246735248309363e-07 5.183411991105278e-07
2.7246735248309363e-07 5.183411991105278e-07
2.7246735248309363e-07 5.183411991105278e-07
2.7246735248309363e-07 5.183411991105278e-07
2.7246735248309363e-07 5.183411991105278e-07
2.301733754577468e-07 5.183455507485468e-07
2.301733754577468e-07 5.183455507485468e-07
2.301733754577468e-07 5.183455507485468e-07
3.7119021669512253e-07 5.183394450632337e-07
1.5048626195270707e-07 5.183466196029229e-07
3.2319243654884513e-07 5.183361621814938e-07
3.2319243654884513e-07 5.183361621814938e-07
3.2319243654884513e-07 5.183361621814938e-07
3.2319243654884513e-07 5.183361621814938e-07
3.2319243654884513e-07 5.183361621814938e-07
3.2319243654884513e-07 5.183361621814938e-07
3.2319243654884513e-07 5.183361621814938e-07
3.2319243654884513e-07 5.183361621814938e-07
4.7093485164072634e-07 5.183364017698e-07
4.7093485164072634e-07 5.183364017698e-07
4.7093485164072634e-07 5.183364017698e-07
4.7093485164072634e-07 5.183364017698e-07
2.7513172482218906e-07 5.18345957772399e-07
2.7513172482218906e-07 5.18345957772399e-07
2.7513172482218906e-07 5.18345957772399e-07
2.7513172482218906e-07 5.18345957772399e-07
2.7513172482218906e-07 5.18345957772399e-07
2.7513172482218906e-07 5.18345957772399e-07
2.7513172482218906e-07 5.18345957772399e-07
2.7513172482218906e-07 5.18345957772399e-07
2.7513172482218906e-07 5.18345957772399e-07
2.7513172482218906e-07 5.18345957772399e-07
2.301473730177373e-07 5.183422853035162e-07
2.301473730177373e-07 5.183422853035162e-07
2.301473730177373e-07 5.183422853035162e-07
2.301473730177373e-07 5.183422853035162e-07
2.301473730177373e-07 5.183422853035162e-07
2.301473730177373e-07 5.183422853035162e-07
3.675873170193022e-07 5.183524162476757e-07
3.675873170193022e-07 5.183524162476757e-07
1.4921331529258308e-07 5.183304854791499e-07
1.4921331529258308e-07 5.183304854791499e-07
3.268841911388571e-07 5.183505892986201e-07
3.268841911388571e-07 5.183505892986201e-07
3.268841911388571e-07 5.183505892986201e-07
3.268841911388571e-07 5.183505892986201e-07
3.268841911388571e-07 5.183505892986201e-07
3.268841911388571e-07 5.183505892986201e-07
3.268841911388571e-07 5.183505892986201e-07
3.268841911388571e-07 5.183505892986201e-07
3.268841911388571e-07 5.183505892986201e-07
3.268841911388571e-07 5.183505892986201e-07
3.268841911388571e-07 5.183505892986201e-07
3.268841911388571e-07 5.183505892986201e-07
3.268841911388571e-07 5.183505892986201e-07
3.268841911388571e-07 5.183505892986201e-07
3.268841911388571e-07 5.183505892986201e-07
3.268841911388571e-07 5.183505892986201e-07
4.7248957163406366e-07 5.183343887667135e-07
4.7248957163406366e-07 5.183343887667135e-07
2.7320540220106126e-07 5.183356360432723e-07
2.7320540220106126e-07 5.183356360432723e-07
2.7320540220106126e-07 5.183356360432723e-07
2.7320540220106126e-07 5.183356360432723e-07
2.7320540220106126e-07 5.183356360432723e-07
2.3215499875777245e-07 5.183504616905723e-07
2.3215499875777245e-07 5.183504616905723e-07
2.3215499875777245e-07 5.183504616905723e-07
3.696442970529677e-07 5.183393752505616e-07
1.4736580037769574e-07 5.183370608376629e-07
3.2634403406192787e-07 5.183358890744677e-07
3.2634403406192787e-07 5.183358890744677e-07
3.2634403406192787e-07 5.183358890744677e-07
3.2634403406192787e-07 5.183358890744677e-07
3.2634403406192787e-07 5.183358890744677e-07
3.2634403406192787e-07 5.183358890744677e-07
3.2634403406192787e-07 5.183358890744677e-07
3.2634403406192787e-07 5.183358890744677e-07
4.6547794676955206e-07 5.183205512788411e-07
4.6547794676955206e-07 5.183205512788411e-07
4.6547794676955206e-07 5.183205512788411e-07
4.6547794676955206e-07 5.183205512788411e-07
4.6547794676955206e-07 5.183205512788411e-07
4.6547794676955206e-07 5.183205512788411e-07
4.6547794676955206e-07 5.183205512788411e-07
4.6547794676955206e-07 5.183205512788411e-07
2.772667972442644e-07 5.183296860630365e-07
2.772667972442644e-07 5.183296860630365e-07
2.772667972442644e-07 5.183296860630365e-07
2.772667972442644e-07 5.183296860630365e-07
2.772667972442644e-07 5.183296860630365e-07
2.772667972442644e-07 5.183296860630365e-07
2.772667972442644e-07 5.183296860630365e-07
2.772667972442644e-07 5.183296860630365e-07
2.772667972442644e-07 5.183296860630365e-07
2.772667972442644e-07 5.183296860630365e-07
2.772667972442644e-07 5.183296860630365e-07
2.772667972442644e-07 5.183296860630365e-07
2.772667972442644e-07 5.183296860630365e-07
2.772667972442644e-07 5.183296860630365e-07
2.772667972442644e-07 5.183296860630365e-07
2.772667972442644e-07 5.183296860630365e-07
2.772667972442644e-07 5.183296860630365e-07
2.772667972442644e-07 5.183296860630365e-07
2.772667972442644e-07 5.183296860630365e-07
2.772667972442644e-07 5.183296860630365e-07
2.3037988337897533e-07 5.183195124932695e-07
2.3037988337897533e-07 5.183195124932695e-07
2.3037988337897533e-07 5.183195124932695e-07
2.3037988337897533e-07 5.183195124932695e-07
2.3037988337897533e-07 5.183195124932695e-07
2.3037988337897533e-07 5.183195124932695e-07
2.3037988337897533e-07 5.183195124932695e-07
2.3037988337897533e-07 5.183195124932695e-07
2.3037988337897533e-07 5.183195124932695e-07
2.3037988337897533e-07 5.183195124932695e-07
2.3037988337897533e-07 5.183195124932695e-07
2.3037988337897533e-07 5.183195124932695e-07
3.6381591183207787e-07 5.183296646190745e-07
3.6381591183207787e-07 5.183296646190745e-07
3.6381591183207787e-07 5.183296646190745e-07
3.6381591183207787e-07 5.183296646190745e-07
1.4677963129841276e-07 5.183712379839563e-07
1.4677963129841276e-07 5.183712379839563e-07
1.4677963129841276e-07 5.183712379839563e-07
1.4677963129841276e-07 5.183712379839563e-07
3.216471779783902e-07 5.183558027707364e-07
3.216471779783902e-07 5.183558027707364e-07
3.216471779783902e-07 5.183558027707364e-07
3.216471779783902e-07 5.183558027707364e-07
3.216471779783902e-07 5.183558027707364e-07
3.216471779783902e-07 5.183558027707364e-07
3.216471779783902e-07 5.183558027707364e-07
3.216471779783902e-07 5.183558027707364e-07
3.216471779783902e-07 5.183558027707364e-07
3.216471779783902e-07 5.183558027707364e-07
3.216471779783902e-07 5.183558027707364e-07
3.216471779783902e-07 5.183558027707364e-07
3.216471779783902e-07 5.183558027707364e-07
3.216471779783902e-07 5.183558027707364e-07
3.216471779783902e-07 5.183558027707364e-07
3.216471779783902e-07 5.183558027707364e-07
3.216471779783902e-07 5.183558027707364e-07
3.216471779783902e-07 5.183558027707364e-07
3.216471779783902e-07 5.183558027707364e-07
3.216471779783902e-07 5.183558027707364e-07
3.216471779783902e-07 5.183558027707364e-07
3.216471779783902e-07 5.183558027707364e-07
3.216471779783902e-07 5.183558027707364e-07
3.216471779783902e-07 5.183558027707364e-07
3.216471779783902e-07 5.183558027707364e-07
3.216471779783902e-07 5.183558027707364e-07
3.216471779783902e-07 5.183558027707364e-07
3.216471779783902e-07 5.183558027707364e-07
3.216471779783902e-07 5.183558027707364e-07
3.216471779783902e-07 5.183558027707364e-07
3.216471779783902e-07 5.183558027707364e-07
3.216471779783902e-07 5.183558027707364e-07
4.718070753995358e-07 5.183245568970471e-07
4.718070753995358e-07 5.183245568970471e-07
4.718070753995358e-07 5.183245568970471e-07
4.718070753995358e-07 5.183245568970471e-07
2.7926102877435826e-07 5.184045498374546e-07
2.7926102877435826e-07 5.184045498374546e-07
2.7926102877435826e-07 5.184045498374546e-07
2.7926102877435826e-07 5.184045498374546e-07
2.7926102877435826e-07 5.184045498374546e-07
2.7926102877435826e-07 5.184045498374546e-07
2.7926102877435826e-07 5.184045498374546e-07
2.7926102877435826e-07 5.184045498374546e-07
2.7926102877435826e-07 5.184045498374546e-07
2.7926102877435826e-07 5.184045498374546e-07
2.3160934529301935e-07 5.183563800987425e-07
2.3160934529301935e-07 5.183563800987425e-07
2.3160934529301935e-07 5.183563800987425e-07
2.3160934529301935e-07 5.183563800987425e-07
2.3160934529301935e-07 5.183563800987425e-07
2.3160934529301935e-07 5.183563800987425e-07
3.7511848507984233e-07 5.183735977975952e-07
3.7511848507984233e-07 5.183735977975952e-07
1.5763841802838278e-07 5.183196465247997e-07
1.5763841802838278e-07 5.183196465247997e-07
3.2608157824148774e-07 5.183633207811142e-07
3.2608157824148774e-07 5.183633207811142e-07
3.2608157824148774e-07 5.183633207811142e-07
3.2608157824148774e-07 5.183633207811142e-07
3.2608157824148774e-07 5.183633207811142e-07
3.2608157824148774e-07 5.183633207811142e-07
3.2608157824148774e-07 5.183633207811142e-07
3.2608157824148774e-07 5.183633207811142e-07
3.2608157824148774e-07 5.183633207811142e-07
3.2608157824148774e-07 5.183633207811142e-07
3.2608157824148774e-07 5.183633207811142e-07
3.2608157824148774e-07 5.183633207811142e-07
3.2608157824148774e-07 5.183633207811142e-07
3.2608157824148774e-07 5.183633207811142e-07
3.2608157824148774e-07 5.183633207811142e-07
3.2608157824148774e-07 5.183633207811142e-07
4.73561367919111e-07 5.183391996624971e-07
4.73561367919111e-07 5.183391996624971e-07
2.7420234503067635e-07 5.183445750153556e-07
2.7420234503067635e-07 5.183445750153556e-07
2.7420234503067635e-07 5.183445750153556e-07
2.7420234503067635e-07 5.183445750153556e-07
2.7420234503067635e-07 5.183445750153556e-07
2.2951265448264248e-07 5.183453928347773e-07
2.2951265448264248e-07 5.183453928347773e-07
2.2951265448264248e-07 5.183453928347773e-07
3.72594340181375e-07 5.183471818302103e-07
1.5004714884666864e-07 5.183437596673264e-07
3.242738536856184e-07 5.183484435359254e-07
3.242738536856184e-07 5.183484435359254e-07
3.242738536856184e-07 5.183484435359254e-07
3.242738536856184e-07 5.183484435359254e-07
3.242738536856184e-07 5.183484435359254e-07
3.242738536856184e-07 5.183484435359254e-07
3.242738536856184e-07 5.183484435359254e-07
3.242738536856184e-07 5.183484435359254e-07
4.771010958647972e-07 5.183693115417166e-07
4.771010958647972e-07 5.183693115417166e-07
4.771010958647972e-07 5.183693115417166e-07
4.771010958647972e-07 5.183693115417166e-07
2.697806387495027e-07 5.183354581420203e-07
2.697806387495027e-07 5.183354581420203e-07
2.697806387495027e-07 5.183354581420203e-07
2.697806387495027e-07 5.183354581420203e-07
2.697806387495027e-07 5.183354581420203e-07
2.697806387495027e-07 5.183354581420203e-07
2.697806387495027e-07 5.183354581420203e-07
2.697806387495027e-07 5.183354581420203e-07
2.697806387495027e-07 5.183354581420203e-07
2.697806387495027e-07 5.183354581420203e-07
2.2889926622215655e-07 5.183674193928067e-07
2.2889926622215655e-07 5.183674193928067e-07
2.2889926622215655e-07 5.183674193928067e-07
2.2889926622215655e-07 5.183674193928067e-07
2.2889926622215655e-07 5.183674193928067e-07
2.2889926622215655e-07 5.183674193928067e-07
3.672950039539298e-07 5.183731058521688e-07
3.672950039539298e-07 5.183731058521688e-07
1.4668127203018862e-07 5.183822522809733e-07
1.4668127203018862e-07 5.183822522809733e-07
3.33879717277903e-07 5.183426180682372e-07
3.33879717277903e-07 5.183426180682372e-07
3.33879717277903e-07 5.183426180682372e-07
3.33879717277903e-07 5.183426180682372e-07
3.33879717277903e-07 5.183426180682372e-07
3.33879717277903e-07 5.183426180682372e-07
3.33879717277903e-07 5.183426180682372e-07
3.33879717277903e-07 5.183426180682372e-07
3.33879717277903e-07 5.183426180682372e-07
3.33879717277903e-07 5.183426180682372e-07
3.33879717277903e-07 5.183426180682372e-07
3.33879717277903e-07 5.183426180682372e-07
3.33879717277903e-07 5.183426180682372e-07
3.33879717277903e-07 5.183426180682372e-07
3.33879717277903e-07 5.183426180682372e-07
3.33879717277903e-07 5.183426180682372e-07
4.771010958647972e-07 5.183693115417166e-07
4.771010958647972e-07 5.183693115417166e-07
4.771010958647972e-07 5.183693115417166e-07
4.771010958647972e-07 5.183693115417166e-07
2.697806387495027e-07 5.183354581420203e-07
2.697806387495027e-07 5.183354581420203e-07
2.697806387495027e-07 5.183354581420203e-07
2.697806387495027e-07 5.183354581420203e-07
2.697806387495027e-07 5.183354581420203e-07
2.697806387495027e-07 5.183354581420203e-07
2.697806387495027e-07 5.183354581420203e-07
2.697806387495027e-07 5.183354581420203e-07
2.697806387495027e-07 5.183354581420203e-07
2.697806387495027e-07 5.183354581420203e-07
2.2889926622215655e-07 5.183674193928067e-07
2.2889926622215655e-07 5.183674193928067e-07
2.2889926622215655e-07 5.183674193928067e-07
2.2889926622215655e-07 5.183674193928067e-07
2.2889926622215655e-07 5.183674193928067e-07
2.2889926622215655e-07 5.183674193928067e-07
3.672950039539298e-07 5.183731058521688e-07
3.672950039539298e-07 5.183731058521688e-07
1.4668127203018862e-07 5.183822522809733e-07
1.4668127203018862e-07 5.183822522809733e-07
3.33879717277903e-07 5.183426180682372e-07
3.33879717277903e-07 5.183426180682372e-07
3.33879717277903e-07 5.183426180682372e-07
3.33879717277903e-07 5.183426180682372e-07
3.33879717277903e-07 5.183426180682372e-07
3.33879717277903e-07 5.183426180682372e-07
3.33879717277903e-07 5.183426180682372e-07
3.33879717277903e-07 5.183426180682372e-07
3.33879717277903e-07 5.183426180682372e-07
3.33879717277903e-07 5.183426180682372e-07
3.33879717277903e-07 5.183426180682372e-07
3.33879717277903e-07 5.183426180682372e-07
3.33879717277903e-07 5.183426180682372e-07
3.33879717277903e-07 5.183426180682372e-07
3.33879717277903e-07 5.183426180682372e-07
3.33879717277903e-07 5.183426180682372e-07
4.7487765215614765e-07 5.183312236107843e-07
4.7487765215614765e-07 5.183312236107843e-07
4.7487765215614765e-07 5.183312236107843e-07
4.7487765215614765e-07 5.183312236107843e-07
2.7024653272586387e-07 5.183194066185081e-07
2.7024653272586387e-07 5.183194066185081e-07
2.7024653272586387e-07 5.183194066185081e-07
2.7024653272586387e-07 5.183194066185081e-07
2.7024653272586387e-07 5.183194066185081e-07
2.7024653272586387e-07 5.183194066185081e-07
2.7024653272586387e-07 5.183194066185081e-07
2.7024653272586387e-07 5.183194066185081e-07
2.7024653272586387e-07 5.183194066185081e-07
2.7024653272586387e-07 5.183194066185081e-07
2.3523875142446372e-07 5.183633178755141e-07
2.3523875142446372e-07 5.183633178755141e-07
2.3523875142446372e-07 5.183633178755141e-07
2.3523875142446372e-07 5.183633178755141e-07
2.3523875142446372e-07 5.183633178755141e-07
2.3523875142446372e-07 5.183633178755141e-07
3.7280385888645743e-07 5.183188701705582e-07
3.7280385888645743e-07 5.183188701705582e-07
1.4452798109100145e-07 5.183473996370033e-07
1.4452798109100145e-07 5.183473996370033e-07
3.25514342156113e-07 5.183618438093374e-07
3.25514342156113e-07 5.183618438093374e-07
3.25514342156113e-07 5.183618438093374e-07
3.25514342156113e-07 5.183618438093374e-07
3.25514342156113e-07 5.183618438093374e-07
3.25514342156113e-07 5.183618438093374e-07
3.25514342156113e-07 5.183618438093374e-07
3.25514342156113e-07 5.183618438093374e-07
3.25514342156113e-07 5.183618438093374e-07
3.25514342156113e-07 5.183618438093374e-07
3.25514342156113e-07 5.183618438093374e-07
3.25514342156113e-07 5.183618438093374e-07
3.25514342156113e-07 5.183618438093374e-07
3.25514342156113e-07 5.183618438093374e-07
3.25514342156113e-07 5.183618438093374e-07
3.25514342156113e-07 5.183618438093374e-07
4.825739411072214e-07 5.183059593011676e-07
4.825739411072214e-07 5.183059593011676e-07
4.825739411072214e-07 5.183059593011676e-07
4.825739411072214e-07 5.183059593011676e-07
2.77239291898085e-07 5.183592317984268e-07
2.77239291898085e-07 5.183592317984268e-07
2.77239291898085e-07 5.183592317984268e-07
2.77239291898085e-07 5.183592317984268e-07
2.77239291898085e-07 5.183592317984268e-07
2.77239291898085e-07 5.183592317984268e-07
2.77239291898085e-07 5.183592317984268e-07
2.77239291898085e-07 5.183592317984268e-07
2.77239291898085e-07 5.183592317984268e-07
2.77239291898085e-07 5.183592317984268e-07
2.2009073240443374e-07 5.183921932011721e-07
2.2009073240443374e-07 5.183921932011721e-07
2.2009073240443374e-07 5.183921932011721e-07
2.2009073240443374e-07 5.183921932011721e-07
2.2009073240443374e-07 5.183921932011721e-07
2.2009073240443374e-07 5.183921932011721e-07
3.777807401101104e-07 5.183333788925543e-07
3.777807401101104e-07 5.183333788925543e-07
1.526879456055759e-07 5.183988968362339e-07
1.526879456055759e-07 5.183988968362339e-07
3.1700568559388606e-07 5.183709103971762e-07
3.1700568559388606e-07 5.183709103971762e-07
3.1700568559388606e-07 5.183709103971762e-07
3.1700568559388606e-07 5.183709103971762e-07
3.1700568559388606e-07 5.183709103971762e-07
3.1700568559388606e-07 5.183709103971762e-07
3.1700568559388606e-07 5.183709103971762e-07
3.1700568559388606e-07 5.183709103971762e-07
3.1700568559388606e-07 5.183709103971762e-07
3.1700568559388606e-07 5.183709103971762e-07
3.1700568559388606e-07 5.183709103971762e-07
3.1700568559388606e-07 5.183709103971762e-07
3.1700568559388606e-07 5.183709103971762e-07
3.1700568559388606e-07 5.183709103971762e-07
3.1700568559388606e-07 5.183709103971762e-07
3.1700568559388606e-07 5.183709103971762e-07
4.7548444594666906e-07 5.183464720578306e-07
4.7548444594666906e-07 5.183464720578306e-07
2.7265618267901796e-07 5.183455382855554e-07
2.7265618267901796e-07 5.183455382855554e-07
2.7265618267901796e-07 5.183455382855554e-07
2.7265618267901796e-07 5.183455382855554e-07
2.7265618267901796e-07 5.183455382855554e-07
2.3029929804686312e-07 5.183466443408284e-07
2.3029929804686312e-07 5.183466443408284e-07
2.3029929804686312e-07 5.183466443408284e-07
3.699140535673346e-07 5.183461265801698e-07
1.4943366476109713e-07 5.183408135295211e-07
3.206414797210711e-07 5.183447784180949e-07
3.206414797210711e-07 5.183447784180949e-07
3.206414797210711e-07 5.183447784180949e-07
3.206414797210711e-07 5.183447784180949e-07
3.206414797210711e-07 5.183447784180949e-07
3.206414797210711e-07 5.183447784180949e-07
3.206414797210711e-07 5.183447784180949e-07
3.206414797210711e-07 5.183447784180949e-07
4.825739411072214e-07 5.183059593011676e-07
4.825739411072214e-07 5.183059593011676e-07
4.825739411072214e-07 5.183059593011676e-07
4.825739411072214e-07 5.183059593011676e-07
2.77239291898085e-07 5.183592317984268e-07
2.77239291898085e-07 5.183592317984268e-07
2.77239291898085e-07 5.183592317984268e-07
2.77239291898085e-07 5.183592317984268e-07
2.77239291898085e-07 5.183592317984268e-07
2.77239291898085e-07 5.183592317984268e-07
2.77239291898085e-07 5.183592317984268e-07
2.77239291898085e-07 5.183592317984268e-07
2.77239291898085e-07 5.183592317984268e-07
2.77239291898085e-07 5.183592317984268e-07
2.2009073240443374e-07 5.183921932011721e-07
2.2009073240443374e-07 5.183921932011721e-07
2.2009073240443374e-07 5.183921932011721e-07
2.2009073240443374e-07 5.183921932011721e-07
2.2009073240443374e-07 5.183921932011721e-07
2.2009073240443374e-07 5.183921932011721e-07
3.777807401101104e-07 5.183333788925543e-07
3.777807401101104e-07 5.183333788925543e-07
1.526879456055759e-07 5.183988968362339e-07
1.526879456055759e-07 5.183988968362339e-07
3.1700568559388606e-07 5.183709103971762e-07
3.1700568559388606e-07 5.183709103971762e-07
3.1700568559388606e-07 5.183709103971762e-07
3.1700568559388606e-07 5.183709103971762e-07
3.1700568559388606e-07 5.183709103971762e-07
3.1700568559388606e-07 5.183709103971762e-07
3.1700568559388606e-07 5.183709103971762e-07
3.1700568559388606e-07 5.183709103971762e-07
3.1700568559388606e-07 5.183709103971762e-07
3.1700568559388606e-07 5.183709103971762e-07
3.1700568559388606e-07 5.183709103971762e-07
3.1700568559388606e-07 5.183709103971762e-07
3.1700568559388606e-07 5.183709103971762e-07
3.1700568559388606e-07 5.183709103971762e-07
3.1700568559388606e-07 5.183709103971762e-07
3.1700568559388606e-07 5.183709103971762e-07
4.7548444594666906e-07 5.183464720578306e-07
4.7548444594666906e-07 5.183464720578306e-07
2.7265618267901796e-07 5.183455382855554e-07
2.7265618267901796e-07 5.183455382855554e-07
2.7265618267901796e-07 5.183455382855554e-07
2.7265618267901796e-07 5.183455382855554e-07
2.7265618267901796e-07 5.183455382855554e-07
2.3029929804686312e-07 5.183466443408284e-07
2.3029929804686312e-07 5.183466443408284e-07
2.3029929804686312e-07 5.183466443408284e-07
3.699140535673346e-07 5.183461265801698e-07
1.4943366476109713e-07 5.183408135295211e-07
3.206414797210711e-07 5.183447784180949e-07
3.206414797210711e-07 5.183447784180949e-07
3.206414797210711e-07 5.183447784180949e-07
3.206414797210711e-07 5.183447784180949e-07
3.206414797210711e-07 5.183447784180949e-07
3.206414797210711e-07 5.183447784180949e-07
3.206414797210711e-07 5.183447784180949e-07
3.206414797210711e-07 5.183447784180949e-07
4.7447823693472776e-07 5.18336995019068e-07
4.7447823693472776e-07 5.18336995019068e-07
2.7321007831889527e-07 5.183474228659414e-07
2.7321007831889527e-07 5.183474228659414e-07
2.7321007831889527e-07 5.183474228659414e-07
2.7321007831889527e-07 5.183474228659414e-07
2.7321007831889527e-07 5.183474228659414e-07
2.2543128695608636e-07 5.183461646038827e-07
2.2543128695608636e-07 5.183461646038827e-07
2.2543128695608636e-07 5.183461646038827e-07
3.716916235367683e-07 5.183476777970251e-07
1.4838798588355702e-07 5.183448219026021e-07
3.2283034393214574e-07 5.183433759929391e-07
3.2283034393214574e-07 5.183433759929391e-07
3.2283034393214574e-07 5.183433759929391e-07
3.2283034393214574e-07 5.183433759929391e-07
3.2283034393214574e-07 5.183433759929391e-07
3.2283034393214574e-07 5.183433759929391e-07
3.2283034393214574e-07 5.183433759929391e-07
3.2283034393214574e-07 5.183433759929391e-07
4.773751912999881e-07 5.183285900444816e-07
4.773751912999881e-07 5.183285900444816e-07
4.773751912999881e-07 5.183285900444816e-07
4.773751912999881e-07 5.183285900444816e-07
2.7113666735532467e-07 5.183228885918285e-07
2.7113666735532467e-07 5.183228885918285e-07
2.7113666735532467e-07 5.183228885918285e-07
2.7113666735532467e-07 5.183228885918285e-07
2.7113666735532467e-07 5.183228885918285e-07
2.7113666735532467e-07 5.183228885918285e-07
2.7113666735532467e-07 5.183228885918285e-07
2.7113666735532467e-07 5.183228885918285e-07
2.7113666735532467e-07 5.183228885918285e-07
2.7113666735532467e-07 5.183228885918285e-07
2.2932671137002312e-07 5.18315947155188e-07
2.2932671137002312e-07 5.18315947155188e-07
2.2932671137002312e-07 5.18315947155188e-07
2.2932671137002312e-07 5.18315947155188e-07
2.2932671137002312e-07 5.18315947155188e-07
2.2932671137002312e-07 5.18315947155188e-07
3.6953062671987556e-07 5.18320859853282e-07
3.6953062671987556e-07 5.18320859853282e-07
1.484582414242038e-07 5.183678475592055e-07
1.484582414242038e-07 5.183678475592055e-07
3.235935076973983e-07 5.183319212872034e-07
3.235935076973983e-07 5.183319212872034e-07
3.235935076973983e-07 5.183319212872034e-07
3.235935076973983e-07 5.183319212872034e-07
3.235935076973983e-07 5.183319212872034e-07
3.235935076973983e-07 5.183319212872034e-07
3.235935076973983e-07 5.183319212872034e-07
3.235935076973983e-07 5.183319212872034e-07
3.235935076973983e-07 5.183319212872034e-07
3.235935076973983e-07 5.183319212872034e-07
3.235935076973983e-07 5.183319212872034e-07
3.235935076973983e-07 5.183319212872034e-07
3.235935076973983e-07 5.183319212872034e-07
3.235935076973983e-07 5.183319212872034e-07
3.235935076973983e-07 5.183319212872034e-07
3.235935076973983e-07 5.183319212872034e-07
4.773751912999881e-07 5.183285900444816e-07
4.773751912999881e-07 5.183285900444816e-07
4.773751912999881e-07 5.183285900444816e-07
4.773751912999881e-07 5.183285900444816e-07
2.7113666735532467e-07 5.183228885918285e-07
2.7113666735532467e-07 5.183228885918285e-07
2.7113666735532467e-07 5.183228885918285e-07
2.7113666735532467e-07 5.183228885918285e-07
2.7113666735532467e-07 5.183228885918285e-07
2.7113666735532467e-07 5.183228885918285e-07
2.7113666735532467e-07 5.183228885918285e-07
2.7113666735532467e-07 5.183228885918285e-07
2.7113666735532467e-07 5.183228885918285e-07
2.7113666735532467e-07 5.183228885918285e-07
2.2932671137002312e-07 5.18315947155188e-07
2.2932671137002312e-07 5.18315947155188e-07
2.2932671137002312e-07 5.18315947155188e-07
2.2932671137002312e-07 5.18315947155188e-07
2.2932671137002312e-07 5.18315947155188e-07
2.2932671137002312e-07 5.18315947155188e-07
3.6953062671987556e-07 5.18320859853282e-07
3.6953062671987556e-07 5.18320859853282e-07
1.484582414242038e-07 5.183678475592055e-07
1.484582414242038e-07 5.183678475592055e-07
3.235935076973983e-07 5.183319212872034e-07
3.235935076973983e-07 5.183319212872034e-07
3.235935076973983e-07 5.183319212872034e-07
3.235935076973983e-07 5.183319212872034e-07
3.235935076973983e-07 5.183319212872034e-07
3.235935076973983e-07 5.183319212872034e-07
3.235935076973983e-07 5.183319212872034e-07
3.235935076973983e-07 5.183319212872034e-07
3.235935076973983e-07 5.183319212872034e-07
3.235935076973983e-07 5.183319212872034e-07
3.235935076973983e-07 5.183319212872034e-07
3.235935076973983e-07 5.183319212872034e-07
3.235935076973983e-07 5.183319212872034e-07
3.235935076973983e-07 5.183319212872034e-07
3.235935076973983e-07 5.183319212872034e-07
3.235935076973983e-07 5.183319212872034e-07
4.773751912999881e-07 5.183285900444816e-07
4.773751912999881e-07 5.183285900444816e-07
4.773751912999881e-07 5.183285900444816e-07
4.773751912999881e-07 5.183285900444816e-07
2.7113666735532467e-07 5.183228885918285e-07
2.7113666735532467e-07 5.183228885918285e-07
2.7113666735532467e-07 5.183228885918285e-07
2.7113666735532467e-07 5.183228885918285e-07
2.7113666735532467e-07 5.183228885918285e-07
2.7113666735532467e-07 5.183228885918285e-07
2.7113666735532467e-07 5.183228885918285e-07
2.7113666735532467e-07 5.183228885918285e-07
2.7113666735532467e-07 5.183228885918285e-07
2.7113666735532467e-07 5.183228885918285e-07
2.2932671137002312e-07 5.18315947155188e-07
2.2932671137002312e-07 5.18315947155188e-07
2.2932671137002312e-07 5.18315947155188e-07
2.2932671137002312e-07 5.18315947155188e-07
2.2932671137002312e-07 5.18315947155188e-07
2.2932671137002312e-07 5.18315947155188e-07
3.6953062671987556e-07 5.18320859853282e-07
3.6953062671987556e-07 5.18320859853282e-07
1.484582414242038e-07 5.183678475592055e-07
1.484582414242038e-07 5.183678475592055e-07
3.235935076973983e-07 5.183319212872034e-07
3.235935076973983e-07 5.183319212872034e-07
3.235935076973983e-07 5.183319212872034e-07
3.235935076973983e-07 5.183319212872034e-07
3.235935076973983e-07 5.183319212872034e-07
3.235935076973983e-07 5.183319212872034e-07
3.235935076973983e-07 5.183319212872034e-07
3.235935076973983e-07 5.183319212872034e-07
3.235935076973983e-07 5.183319212872034e-07
3.235935076973983e-07 5.183319212872034e-07
3.235935076973983e-07 5.183319212872034e-07
3.235935076973983e-07 5.183319212872034e-07
3.235935076973983e-07 5.183319212872034e-07
3.235935076973983e-07 5.183319212872034e-07
3.235935076973983e-07 5.183319212872034e-07
3.235935076973983e-07 5.183319212872034e-07
4.7286656721889694e-07 5.183460169920778e-07
4.7286656721889694e-07 5.183460169920778e-07
2.724473138404552e-07 5.183394436959297e-07
2.724473138404552e-07 5.183394436959297e-07
2.724473138404552e-07 5.183394436959297e-07
2.724473138404552e-07 5.183394436959297e-07
2.724473138404552e-07 5.183394436959297e-07
2.3223009811124782e-07 5.183396278039369e-07
2.3223009811124782e-07 5.183396278039369e-07
2.3223009811124782e-07 5.183396278039369e-07
3.6853574174470427e-07 5.183479678089843e-07
1.4888787122364882e-07 5.183467759161124e-07
3.2376006475997114e-07 5.183408044034999e-07
3.2376006475997114e-07 5.183408044034999e-07
3.2376006475997114e-07 5.183408044034999e-07
3.2376006475997114e-07 5.183408044034999e-07
3.2376006475997114e-07 5.183408044034999e-07
3.2376006475997114e-07 5.183408044034999e-07
3.2376006475997114e-07 5.183408044034999e-07
3.2376006475997114e-07 5.183408044034999e-07
4.726782036151939e-07 5.183412606233728e-07
4.726782036151939e-07 5.183412606233728e-07
4.726782036151939e-07 5.183412606233728e-07
4.726782036151939e-07 5.183412606233728e-07
2.713377375162095e-07 5.18328766905078e-07
2.713377375162095e-07 5.18328766905078e-07
2.713377375162095e-07 5.18328766905078e-07
2.713377375162095e-07 5.18328766905078e-07
2.713377375162095e-07 5.18328766905078e-07
2.713377375162095e-07 5.18328766905078e-07
2.713377375162095e-07 5.18328766905078e-07
2.713377375162095e-07 5.18328766905078e-07
2.713377375162095e-07 5.18328766905078e-07
2.713377375162095e-07 5.18328766905078e-07
2.3625171445251926e-07 5.183399940045052e-07
2.3625171445251926e-07 5.183399940045052e-07
2.3625171445251926e-07 5.183399940045052e-07
2.3625171445251926e-07 5.183399940045052e-07
2.3625171445251926e-07 5.183399940045052e-07
2.3625171445251926e-07 5.183399940045052e-07
3.6178365002161263e-07 5.183366694996156e-07
3.6178365002161263e-07 5.183366694996156e-07
1.489080530523739e-07 5.183273675765413e-07
1.489080530523739e-07 5.183273675765413e-07
3.164296127362945e-07 5.183438046420703e-07
3.164296127362945e-07 5.183438046420703e-07
3.164296127362945e-07 5.183438046420703e-07
3.164296127362945e-07 5.183438046420703e-07
3.164296127362945e-07 5.183438046420703e-07
3.164296127362945e-07 5.183438046420703e-07
3.164296127362945e-07 5.183438046420703e-07
3.164296127362945e-07 5.183438046420703e-07
3.164296127362945e-07 5.183438046420703e-07
3.164296127362945e-07 5.183438046420703e-07
3.164296127362945e-07 5.183438046420703e-07
3.164296127362945e-07 5.183438046420703e-07
3.164296127362945e-07 5.183438046420703e-07
3.164296127362945e-07 5.183438046420703e-07
3.164296127362945e-07 5.183438046420703e-07
3.164296127362945e-07 5.183438046420703e-07
4.726782036151939e-07 5.183412606233728e-07
4.726782036151939e-07 5.183412606233728e-07
4.726782036151939e-07 5.183412606233728e-07
4.726782036151939e-07 5.183412606233728e-07
2.713377375162095e-07 5.18328766905078e-07
2.713377375162095e-07 5.18328766905078e-07
2.713377375162095e-07 5.18328766905078e-07
2.713377375162095e-07 5.18328766905078e-07
2.713377375162095e-07 5.18328766905078e-07
2.713377375162095e-07 5.18328766905078e-07
2.713377375162095e-07 5.18328766905078e-07
2.713377375162095e-07 5.18328766905078e-07
2.713377375162095e-07 5.18328766905078e-07
2.713377375162095e-07 5.18328766905078e-07
2.3625171445251926e-07 5.183399940045052e-07
2.3625171445251926e-07 5.183399940045052e-07
2.3625171445251926e-07 5.183399940045052e-07
2.3625171445251926e-07 5.183399940045052e-07
2.3625171445251926e-07 5.183399940045052e-07
2.3625171445251926e-07 5.183399940045052e-07
3.6178365002161263e-07 5.183366694996156e-07
3.6178365002161263e-07 5.183366694996156e-07
1.489080530523739e-07 5.183273675765413e-07
1.489080530523739e-07 5.183273675765413e-07
3.164296127362945e-07 5.183438046420703e-07
3.164296127362945e-07 5.183438046420703e-07
3.164296127362945e-07 5.183438046420703e-07
3.164296127362945e-07 5.183438046420703e-07
3.164296127362945e-07 5.183438046420703e-07
3.164296127362945e-07 5.183438046420703e-07
3.164296127362945e-07 5.183438046420703e-07
3.164296127362945e-07 5.183438046420703e-07
3.164296127362945e-07 5.183438046420703e-07
3.164296127362945e-07 5.183438046420703e-07
3.164296127362945e-07 5.183438046420703e-07
3.164296127362945e-07 5.183438046420703e-07
3.164296127362945e-07 5.183438046420703e-07
3.164296127362945e-07 5.183438046420703e-07
3.164296127362945e-07 5.183438046420703e-07
3.164296127362945e-07 5.183438046420703e-07
4.745372732486404e-07 5.183368364312678e-07
4.745372732486404e-07 5.183368364312678e-07
4.745372732486404e-07 5.183368364312678e-07
4.745372732486404e-07 5.183368364312678e-07
4.745372732486404e-07 5.183368364312678e-07
4.745372732486404e-07 5.183368364312678e-07
4.745372732486404e-07 5.183368364312678e-07
4.745372732486404e-07 5.183368364312678e-07
2.734008164700365e-07 5.183321267374493e-07
2.734008164700365e-07 5.183321267374493e-07
2.734008164700365e-07 5.183321267374493e-07
2.734008164700365e-07 5.183321267374493e-07
2.734008164700365e-07 5.183321267374493e-07
2.734008164700365e-07 5.183321267374493e-07
2.734008164700365e-07 5.183321267374493e-07
2.734008164700365e-07 5.183321267374493e-07
2.734008164700365e-07 5.183321267374493e-07
2.734008164700365e-07 5.183321267374493e-07
2.734008164700365e-07 5.183321267374493e-07
2.734008164700365e-07 5.183321267374493e-07
2.734008164700365e-07 5.183321267374493e-07
2.734008164700365e-07 5.183321267374493e-07
2.734008164700365e-07 5.183321267374493e-07
2.734008164700365e-07 5.183321267374493e-07
2.734008164700365e-07 5.183321267374493e-07
2.734008164700365e-07 5.183321267374493e-07
2.734008164700365e-07 5.183321267374493e-07
2.734008164700365e-07 5.183321267374493e-07
2.2879124440140035e-07 5.183578954333146e-07
2.2879124440140035e-07 5.183578954333146e-07
2.2879124440140035e-07 5.183578954333146e-07
2.2879124440140035e-07 5.183578954333146e-07
2.2879124440140035e-07 5.183578954333146e-07
2.2879124440140035e-07 5.183578954333146e-07
2.2879124440140035e-07 5.183578954333146e-07
2.2879124440140035e-07 5.183578954333146e-07
2.2879124440140035e-07 5.183578954333146e-07
2.2879124440140035e-07 5.183578954333146e-07
2.2879124440140035e-07 5.183578954333146e-07
2.2879124440140035e-07 5.183578954333146e-07
3.750115084041523e-07 5.183372196868299e-07
3.750115084041523e-07 5.183372196868299e-07
3.750115084041523e-07 5.183372196868299e-07
3.750115084041523e-07 5.183372196868299e-07
1.4952467674857683e-07 5.183553490623557e-07
1.4952467674857683e-07 5.183553490623557e-07
1.4952467674857683e-07 5.183553490623557e-07
1.4952467674857683e-07 5.183553490623557e-07
3.2363575785596985e-07 5.183457075854965e-07
3.2363575785596985e-07 5.183457075854965e-07
3.2363575785596985e-07 5.183457075854965e-07
3.2363575785596985e-07 5.183457075854965e-07
3.2363575785596985e-07 5.183457075854965e-07
3.2363575785596985e-07 5.183457075854965e-07
3.2363575785596985e-07 5.183457075854965e-07
3.2363575785596985e-07 5.183457075854965e-07
3.2363575785596985e-07 5.183457075854965e-07
3.2363575785596985e-07 5.183457075854965e-07
3.2363575785596985e-07 5.183457075854965e-07
3.2363575785596985e-07 5.183457075854965e-07
3.2363575785596985e-07 5.183457075854965e-07
3.2363575785596985e-07 5.183457075854965e-07
3.2363575785596985e-07 5.183457075854965e-07
3.2363575785596985e-07 5.183457075854965e-07
3.2363575785596985e-07 5.183457075854965e-07
3.2363575785596985e-07 5.183457075854965e-07
3.2363575785596985e-07 5.183457075854965e-07
3.2363575785596985e-07 5.183457075854965e-07
3.2363575785596985e-07 5.183457075854965e-07
3.2363575785596985e-07 5.183457075854965e-07
3.2363575785596985e-07 5.183457075854965e-07
3.2363575785596985e-07 5.183457075854965e-07
3.2363575785596985e-07 5.183457075854965e-07
3.2363575785596985e-07 5.183457075854965e-07
3.2363575785596985e-07 5.183457075854965e-07
3.2363575785596985e-07 5.183457075854965e-07
3.2363575785596985e-07 5.183457075854965e-07
3.2363575785596985e-07 5.183457075854965e-07
3.2363575785596985e-07 5.183457075854965e-07
3.2363575785596985e-07 5.183457075854965e-07
4.747354136947352e-07 5.183413232018647e-07
4.747354136947352e-07 5.183413232018647e-07
2.7266673169467614e-07 5.183431798245923e-07
2.7266673169467614e-07 5.183431798245923e-07
2.7266673169467614e-07 5.183431798245923e-07
2.7266673169467614e-07 5.183431798245923e-07
2.7266673169467614e-07 5.183431798245923e-07
2.2987467652599155e-07 5.183419767321194e-07
2.2987467652599155e-07 5.183419767321194e-07
2.2987467652599155e-07 5.183419767321194e-07
3.7153494593513383e-07 5.183469109181122e-07
1.4915329973051836e-07 5.18343003071196e-07
3.2512899561144927e-07 5.183465319801688e-07
3.2512899561144927e-07 5.183465319801688e-07
3.2512899561144927e-07 5.183465319801688e-07
3.2512899561144927e-07 5.183465319801688e-07
3.2512899561144927e-07 5.183465319801688e-07
3.2512899561144927e-07 5.183465319801688e-07
3.2512899561144927e-07 5.183465319801688e-07
3.2512899561144927e-07 5.183465319801688e-07
4.748128278702997e-07 5.183431793499305e-07
4.748128278702997e-07 5.183431793499305e-07
2.723799221673988e-07 5.183477524154743e-07
2.723799221673988e-07 5.183477524154743e-07
2.723799221673988e-07 5.183477524154743e-07
2.723799221673988e-07 5.183477524154743e-07
2.723799221673988e-07 5.183477524154743e-07
2.3029797730257895e-07 5.18335391268077e-07
2.3029797730257895e-07 5.18335391268077e-07
2.3029797730257895e-07 5.18335391268077e-07
3.701766406388557e-07 5.183355419793367e-07
1.490082014114057e-07 5.183378956142589e-07
3.257124089025796e-07 5.183468730269292e-07
3.257124089025796e-07 5.183468730269292e-07
3.257124089025796e-07 5.183468730269292e-07
3.257124089025796e-07 5.183468730269292e-07
3.257124089025796e-07 5.183468730269292e-07
3.257124089025796e-07 5.183468730269292e-07
3.257124089025796e-07 5.183468730269292e-07
3.257124089025796e-07 5.183468730269292e-07
4.7198265905690524e-07 5.183324503078401e-07
4.7198265905690524e-07 5.183324503078401e-07
4.7198265905690524e-07 5.183324503078401e-07
4.7198265905690524e-07 5.183324503078401e-07
4.7198265905690524e-07 5.183324503078401e-07
4.7198265905690524e-07 5.183324503078401e-07
4.7198265905690524e-07 5.183324503078401e-07
4.7198265905690524e-07 5.183324503078401e-07
2.7247408806862863e-07 5.183515075605117e-07
2.7247408806862863e-07 5.183515075605117e-07
2.7247408806862863e-07 5.183515075605117e-07
2.7247408806862863e-07 5.183515075605117e-07
2.7247408806862863e-07 5.183515075605117e-07
2.7247408806862863e-07 5.183515075605117e-07
2.7247408806862863e-07 5.183515075605117e-07
2.7247408806862863e-07 5.183515075605117e-07
2.7247408806862863e-07 5.183515075605117e-07
2.7247408806862863e-07 5.183515075605117e-07
2.7247408806862863e-07 5.183515075605117e-07
2.7247408806862863e-07 5.183515075605117e-07
2.7247408806862863e-07 5.183515075605117e-07
2.7247408806862863e-07 5.183515075605117e-07
2.7247408806862863e-07 5.183515075605117e-07
2.7247408806862863e-07 5.183515075605117e-07
2.7247408806862863e-07 5.183515075605117e-07
2.7247408806862863e-07 5.183515075605117e-07
2.7247408806862863e-07 5.183515075605117e-07
2.7247408806862863e-07 5.183515075605117e-07
2.321229989403832e-07 5.183529999225774e-07
2.321229989403832e-07 5.183529999225774e-07
2.321229989403832e-07 5.183529999225774e-07
2.321229989403832e-07 5.183529999225774e-07
2.321229989403832e-07 5.183529999225774e-07
2.321229989403832e-07 5.183529999225774e-07
2.321229989403832e-07 5.183529999225774e-07
2.321229989403832e-07 5.183529999225774e-07
2.321229989403832e-07 5.183529999225774e-07
2.321229989403832e-07 5.183529999225774e-07
2.321229989403832e-07 5.183529999225774e-07
2.321229989403832e-07 5.183529999225774e-07
3.683021338341575e-07 5.183394937320044e-07
3.683021338341575e-07 5.183394937320044e-07
3.683021338341575e-07 5.183394937320044e-07
3.683021338341575e-07 5.183394937320044e-07
1.4850220000067823e-07 5.183538154628232e-07
1.4850220000067823e-07 5.183538154628232e-07
1.4850220000067823e-07 5.183538154628232e-07
1.4850220000067823e-07 5.183538154628232e-07
3.2771940814375223e-07 5.183377734671954e-07
3.2771940814375223e-07 5.183377734671954e-07
3.2771940814375223e-07 5.183377734671954e-07
3.2771940814375223e-07 5.183377734671954e-07
3.2771940814375223e-07 5.183377734671954e-07
3.2771940814375223e-07 5.183377734671954e-07
3.2771940814375223e-07 5.183377734671954e-07
3.2771940814375223e-07 5.183377734671954e-07
3.2771940814375223e-07 5.183377734671954e-07
3.2771940814375223e-07 5.183377734671954e-07
3.2771940814375223e-07 5.183377734671954e-07
3.2771940814375223e-07 5.183377734671954e-07
3.2771940814375223e-07 5.183377734671954e-07
3.2771940814375223e-07 5.183377734671954e-07
3.2771940814375223e-07 5.183377734671954e-07
3.2771940814375223e-07 5.183377734671954e-07
3.2771940814375223e-07 5.183377734671954e-07
3.2771940814375223e-07 5.183377734671954e-07
3.2771940814375223e-07 5.183377734671954e-07
3.2771940814375223e-07 5.183377734671954e-07
3.2771940814375223e-07 5.183377734671954e-07
3.2771940814375223e-07 5.183377734671954e-07
3.2771940814375223e-07 5.183377734671954e-07
3.2771940814375223e-07 5.183377734671954e-07
3.2771940814375223e-07 5.183377734671954e-07
3.2771940814375223e-07 5.183377734671954e-07
3.2771940814375223e-07 5.183377734671954e-07
3.2771940814375223e-07 5.183377734671954e-07
3.2771940814375223e-07 5.183377734671954e-07
3.2771940814375223e-07 5.183377734671954e-07
3.2771940814375223e-07 5.183377734671954e-07
3.2771940814375223e-07 5.183377734671954e-07
4.736854958458331e-07 5.18349215903606e-07
4.736854958458331e-07 5.18349215903606e-07
2.726686102435815e-07 5.183451792366285e-07
2.726686102435815e-07 5.183451792366285e-07
2.726686102435815e-07 5.183451792366285e-07
2.726686102435815e-07 5.183451792366285e-07
2.726686102435815e-07 5.183451792366285e-07
2.300425936786545e-07 5.183466815495666e-07
2.300425936786545e-07 5.183466815495666e-07
2.300425936786545e-07 5.183466815495666e-07
3.7125056799538853e-07 5.183434621368738e-07
1.490896640272803e-07 5.183417254471416e-07
3.2515011874502347e-07 5.183476622382783e-07
3.2515011874502347e-07 5.183476622382783e-07
3.2515011874502347e-07 5.183476622382783e-07
3.2515011874502347e-07 5.183476622382783e-07
3.2515011874502347e-07 5.183476622382783e-07
3.2515011874502347e-07 5.183476622382783e-07
3.2515011874502347e-07 5.183476622382783e-07
3.2515011874502347e-07 5.183476622382783e-07
4.7607245922836493e-07 5.183420167993841e-07
4.7607245922836493e-07 5.183420167993841e-07
2.72941283063268e-07 5.183385857818223e-07
2.72941283063268e-07 5.183385857818223e-07
2.72941283063268e-07 5.183385857818223e-07
2.72941283063268e-07 5.183385857818223e-07
2.72941283063268e-07 5.183385857818223e-07
2.271263710477706e-07 5.183401021429969e-07
2.271263710477706e-07 5.183401021429969e-07
2.271263710477706e-07 5.183401021429969e-07
3.7538355620918887e-07 5.183513981700753e-07
1.4991314583667717e-07 5.183270017755669e-07
3.2154859935469226e-07 5.183310842209699e-07
3.2154859935469226e-07 5.183310842209699e-07
3.2154859935469226e-07 5.183310842209699e-07
3.2154859935469226e-07 5.183310842209699e-07
3.2154859935469226e-07 5.183310842209699e-07
3.2154859935469226e-07 5.183310842209699e-07
3.2154859935469226e-07 5.183310842209699e-07
3.2154859935469226e-07 5.183310842209699e-07
4.745142641147744e-07 5.183445739354282e-07
4.745142641147744e-07 5.183445739354282e-07
4.745142641147744e-07 5.183445739354282e-07
4.745142641147744e-07 5.183445739354282e-07
4.745142641147744e-07 5.183445739354282e-07
4.745142641147744e-07 5.183445739354282e-07
2.7483128194224604e-07 5.183432833681574e-07
2.7483128194224604e-07 5.183432833681574e-07
2.7483128194224604e-07 5.183432833681574e-07
2.7483128194224604e-07 5.183432833681574e-07
2.7483128194224604e-07 5.183432833681574e-07
2.7483128194224604e-07 5.183432833681574e-07
2.7483128194224604e-07 5.183432833681574e-07
2.7483128194224604e-07 5.183432833681574e-07
2.7483128194224604e-07 5.183432833681574e-07
2.7483128194224604e-07 5.183432833681574e-07
2.7483128194224604e-07 5.183432833681574e-07
2.7483128194224604e-07 5.183432833681574e-07
2.7483128194224604e-07 5.183432833681574e-07
2.7483128194224604e-07 5.183432833681574e-07
2.7483128194224604e-07 5.183432833681574e-07
2.271645032602566e-07 5.183497811607499e-07
2.271645032602566e-07 5.183497811607499e-07
2.271645032602566e-07 5.183497811607499e-07
2.271645032602566e-07 5.183497811607499e-07
2.271645032602566e-07 5.183497811607499e-07
2.271645032602566e-07 5.183497811607499e-07
2.271645032602566e-07 5.183497811607499e-07
2.271645032602566e-07 5.183497811607499e-07
2.271645032602566e-07 5.183497811607499e-07
3.7165944834783825e-07 5.183465969038978e-07
3.7165944834783825e-07 5.183465969038978e-07
3.7165944834783825e-07 5.183465969038978e-07
1.5008767569490882e-07 5.183433653168781e-07
1.5008767569490882e-07 5.183433653168781e-07
1.5008767569490882e-07 5.183433653168781e-07
3.225623448840899e-07 5.183498150216726e-07
3.225623448840899e-07 5.183498150216726e-07
3.225623448840899e-07 5.183498150216726e-07
3.225623448840899e-07 5.183498150216726e-07
3.225623448840899e-07 5.183498150216726e-07
3.225623448840899e-07 5.183498150216726e-07
3.225623448840899e-07 5.183498150216726e-07
3.225623448840899e-07 5.183498150216726e-07
3.225623448840899e-07 5.183498150216726e-07
3.225623448840899e-07 5.183498150216726e-07
3.225623448840899e-07 5.183498150216726e-07
3.225623448840899e-07 5.183498150216726e-07
3.225623448840899e-07 5.183498150216726e-07
3.225623448840899e-07 5.183498150216726e-07
3.225623448840899e-07 5.183498150216726e-07
3.225623448840899e-07 5.183498150216726e-07
3.225623448840899e-07 5.183498150216726e-07
3.225623448840899e-07 5.183498150216726e-07
3.225623448840899e-07 5.183498150216726e-07
3.225623448840899e-07 5.183498150216726e-07
3.225623448840899e-07 5.183498150216726e-07
3.225623448840899e-07 5.183498150216726e-07
3.225623448840899e-07 5.183498150216726e-07
3.225623448840899e-07 5.183498150216726e-07