4.226392938127632e-08 5.024823433718208e-07
4.226392938127632e-08 5.024823433718208e-07
4.226392938127632e-08 5.024823433718208e-07
4.226392938127632e-08 5.024823433718208e-07
4.226392938127632e-08 5.024823433718208e-07
6.460560414642047e-07 5.024581675302162e-07
6.460560414642047e-07 5.024581675302162e-07
6.460560414642047e-07 5.024581675302162e-07
6.037414965986395e-07 5.024595297764749e-07
6.037414965986395e-07 5.024595297764749e-07
6.037414965986395e-07 5.024595297764749e-07
6.037414965986395e-07 5.024595297764749e-07
6.037414965986395e-07 5.024595297764749e-07
6.037414965986395e-07 5.024595297764749e-07
6.037414965986395e-07 5.024595297764749e-07
6.037414965986395e-07 5.024595297764749e-07
1.8677113702623906e-07 5.024286581663631e-07
1.8677113702623906e-07 5.024286581663631e-07
1.8677113702623906e-07 5.024286581663631e-07
1.8677113702623906e-07 5.024286581663631e-07
3.903297430083144e-07 5.024866496276408e-07
3.903297430083144e-07 5.024866496276408e-07
3.903297430083144e-07 5.024866496276408e-07
2.3030045351473922e-08 5.0251719623066e-07
2.3030045351473922e-08 5.0251719623066e-07
2.3030045351473922e-08 5.0251719623066e-07
2.3030045351473922e-08 5.0251719623066e-07
2.3030045351473922e-08 5.0251719623066e-07
2.3030045351473922e-08 5.0251719623066e-07
2.3030045351473922e-08 5.0251719623066e-07
2.3030045351473922e-08 5.0251719623066e-07
2.3030045351473922e-08 5.0251719623066e-07
2.3030045351473922e-08 5.0251719623066e-07
2.3030045351473922e-08 5.0251719623066e-07
2.3030045351473922e-08 5.0251719623066e-07
3.040725218658892e-07 5.02481877533109e-07
3.040725218658892e-07 5.02481877533109e-07
3.040725218658892e-07 5.02481877533109e-07
3.040725218658892e-07 5.02481877533109e-07
3.040725218658892e-07 5.02481877533109e-07
3.040725218658892e-07 5.02481877533109e-07
3.040725218658892e-07 5.02481877533109e-07
3.040725218658892e-07 5.02481877533109e-07
3.040725218658892e-07 5.02481877533109e-07
3.040725218658892e-07 5.02481877533109e-07
3.040725218658892e-07 5.02481877533109e-07
3.040725218658892e-07 5.02481877533109e-07
3.040725218658892e-07 5.02481877533109e-07
3.040725218658892e-07 5.02481877533109e-07
3.040725218658892e-07 5.02481877533109e-07
3.040725218658892e-07 5.02481877533109e-07
3.040725218658892e-07 5.02481877533109e-07
3.040725218658892e-07 5.02481877533109e-07
3.040725218658892e-07 5.02481877533109e-07
3.040725218658892e-07 5.02481877533109e-07
3.040725218658892e-07 5.02481877533109e-07
3.040725218658892e-07 5.02481877533109e-07
3.040725218658892e-07 5.02481877533109e-07
3.040725218658892e-07 5.02481877533109e-07
3.040725218658892e-07 5.02481877533109e-07
3.040725218658892e-07 5.02481877533109e-07
3.040725218658892e-07 5.02481877533109e-07
3.040725218658892e-07 5.02481877533109e-07
4.3579931972789114e-07 5.024253972877626e-07
4.3579931972789114e-07 5.024253972877626e-07
4.3579931972789114e-07 5.024253972877626e-07
4.3579931972789114e-07 5.024253972877626e-07
4.3579931972789114e-07 5.024253972877626e-07
4.3579931972789114e-07 5.024253972877626e-07
4.3579931972789114e-07 5.024253972877626e-07
4.3579931972789114e-07 5.024253972877626e-07
7.778334548104957e-07 5.025442969401481e-07
7.778334548104957e-07 5.025442969401481e-07
7.778334548104957e-07 5.025442969401481e-07
7.778334548104957e-07 5.025442969401481e-07
7.778334548104957e-07 5.025442969401481e-07
7.778334548104957e-07 5.025442969401481e-07
7.778334548104957e-07 5.025442969401481e-07
7.778334548104957e-07 5.025442969401481e-07
7.778334548104957e-07 5.025442969401481e-07
7.778334548104957e-07 5.025442969401481e-07
7.778334548104957e-07 5.025442969401481e-07
7.778334548104957e-07 5.025442969401481e-07
7.778334548104957e-07 5.025442969401481e-07
7.778334548104957e-07 5.025442969401481e-07
7.778334548104957e-07 5.025442969401481e-07
7.778334548104957e-07 5.025442969401481e-07
7.778334548104957e-07 5.025442969401481e-07
7.778334548104957e-07 5.025442969401481e-07
7.778334548104957e-07 5.025442969401481e-07
7.778334548104957e-07 5.025442969401481e-07
7.778334548104957e-07 5.025442969401481e-07
7.778334548104957e-07 5.025442969401481e-07
7.778334548104957e-07 5.025442969401481e-07
7.778334548104957e-07 5.025442969401481e-07
4.7338131681243925e-07 5.025286870907574e-07
4.7338131681243925e-07 5.025286870907574e-07
4.7338131681243925e-07 5.025286870907574e-07
4.7338131681243925e-07 5.025286870907574e-07
4.7338131681243925e-07 5.025286870907574e-07
4.7338131681243925e-07 5.025286870907574e-07
4.7338131681243925e-07 5.025286870907574e-07
4.7338131681243925e-07 5.025286870907574e-07
6.087777372853903e-07 5.024363720015894e-07
6.087777372853903e-07 5.024363720015894e-07
6.087777372853903e-07 5.024363720015894e-07
6.087777372853903e-07 5.024363720015894e-07
6.087777372853903e-07 5.024363720015894e-07
6.087777372853903e-07 5.024363720015894e-07
6.087777372853903e-07 5.024363720015894e-07
6.087777372853903e-07 5.024363720015894e-07
6.087777372853903e-07 5.024363720015894e-07
6.087777372853903e-07 5.024363720015894e-07
1.0857021379980564e-07 5.02491253024655e-07
1.0857021379980564e-07 5.02491253024655e-07
1.0857021379980564e-07 5.02491253024655e-07
1.0857021379980564e-07 5.02491253024655e-07
1.0857021379980564e-07 5.02491253024655e-07
1.0857021379980564e-07 5.02491253024655e-07
1.0857021379980564e-07 5.02491253024655e-07
1.0857021379980564e-07 5.02491253024655e-07
1.0857021379980564e-07 5.02491253024655e-07
1.0857021379980564e-07 5.02491253024655e-07
1.0857021379980564e-07 5.02491253024655e-07
1.0857021379980564e-07 5.02491253024655e-07
1.0857021379980564e-07 5.02491253024655e-07
1.0857021379980564e-07 5.02491253024655e-07
6.089042759961127e-07 5.024199853433195e-07
6.089042759961127e-07 5.024199853433195e-07
6.089042759961127e-07 5.024199853433195e-07
6.089042759961127e-07 5.024199853433195e-07
6.668590055069647e-08 5.024741921465411e-07
6.668590055069647e-08 5.024741921465411e-07
6.668590055069647e-08 5.024741921465411e-07
6.668590055069647e-08 5.024741921465411e-07
6.668590055069647e-08 5.024741921465411e-07
6.668590055069647e-08 5.024741921465411e-07
6.668590055069647e-08 5.024741921465411e-07
6.668590055069647e-08 5.024741921465411e-07
6.668590055069647e-08 5.024741921465411e-07
6.668590055069647e-08 5.024741921465411e-07
6.668590055069647e-08 5.024741921465411e-07
6.668590055069647e-08 5.024741921465411e-07
6.668590055069647e-08 5.024741921465411e-07
6.668590055069647e-08 5.024741921465411e-07
6.668590055069647e-08 5.024741921465411e-07
6.668590055069647e-08 5.024741921465411e-07
6.668590055069647e-08 5.024741921465411e-07
6.668590055069647e-08 5.024741921465411e-07
6.668590055069647e-08 5.024741921465411e-07
6.668590055069647e-08 5.024741921465411e-07
6.668590055069647e-08 5.024741921465411e-07
6.668590055069647e-08 5.024741921465411e-07
6.668590055069647e-08 5.024741921465411e-07
6.668590055069647e-08 5.024741921465411e-07
6.973548347910593e-07 5.024989965301337e-07
6.973548347910593e-07 5.024989965301337e-07
6.973548347910593e-07 5.024989965301337e-07
6.973548347910593e-07 5.024989965301337e-07
1.4707594347262714e-06 5.024820107863755e-07
1.4707594347262714e-06 5.024820107863755e-07
1.4707594347262714e-06 5.024820107863755e-07
1.4707594347262714e-06 5.024820107863755e-07
1.4707594347262714e-06 5.024820107863755e-07
1.4707594347262714e-06 5.024820107863755e-07
7.375941448007774e-07 5.02491056226403e-07
7.375941448007774e-07 5.02491056226403e-07
7.375941448007774e-07 5.02491056226403e-07
7.375941448007774e-07 5.02491056226403e-07
7.375941448007774e-07 5.02491056226403e-07
7.375941448007774e-07 5.02491056226403e-07
7.375941448007774e-07 5.02491056226403e-07
7.375941448007774e-07 5.02491056226403e-07
7.375941448007774e-07 5.02491056226403e-07
7.375941448007774e-07 5.02491056226403e-07
7.375941448007774e-07 5.02491056226403e-07
7.375941448007774e-07 5.02491056226403e-07
7.375941448007774e-07 5.02491056226403e-07
7.375941448007774e-07 5.02491056226403e-07
7.375941448007774e-07 5.02491056226403e-07
7.375941448007774e-07 5.02491056226403e-07
7.375941448007774e-07 5.02491056226403e-07
7.375941448007774e-07 5.02491056226403e-07
7.375941448007774e-07 5.02491056226403e-07
7.375941448007774e-07 5.02491056226403e-07