1.3819978499958654e-05 1.388888888888889e-05
1.3819978499958654e-05 1.388888888888889e-05
1.3819978499958654e-05 1.388888888888889e-05
1.3819978499958654e-05 1.388888888888889e-05
1.3779730716712712e-05 1.388888888888889e-05
1.3779730716712712e-05 1.388888888888889e-05
1.3779730716712712e-05 1.388888888888889e-05
1.3779730716712712e-05 1.388888888888889e-05
1.3883217105400934e-05 1.388888888888889e-05
1.3883217105400934e-05 1.388888888888889e-05
1.3883217105400934e-05 1.388888888888889e-05
1.3883217105400934e-05 1.388888888888889e-05
1.3883217105400934e-05 1.388888888888889e-05
1.3883217105400934e-05 1.388888888888889e-05
1.3883217105400934e-05 1.388888888888889e-05
1.3883217105400934e-05 1.388888888888889e-05
1.3883217105400934e-05 1.388888888888889e-05
1.3883217105400934e-05 1.388888888888889e-05
1.3883217105400934e-05 1.388888888888889e-05
1.4208183801280699e-05 1.388888888888889e-05
1.4208183801280699e-05 1.388888888888889e-05
1.4208183801280699e-05 1.388888888888889e-05
1.4208183801280699e-05 1.388888888888889e-05
1.4208183801280699e-05 1.388888888888889e-05
1.4208183801280699e-05 1.388888888888889e-05
1.4208183801280699e-05 1.388888888888889e-05
1.4208183801280699e-05 1.388888888888889e-05
1.4208183801280699e-05 1.388888888888889e-05
1.3966916354556805e-05 1.388888888888889e-05
1.3966916354556805e-05 1.388888888888889e-05
1.3966916354556805e-05 1.388888888888889e-05