1.3630490956072351e-05 1.388888888888889e-05
1.3630490956072351e-05 1.388888888888889e-05
1.3789439213721199e-05 1.388888888888889e-05
1.3789439213721199e-05 1.388888888888889e-05
1.3968032867614987e-05 1.388888888888889e-05
1.3968032867614987e-05 1.388888888888889e-05
1.3506927980612191e-05 1.388888888888889e-05
1.3506927980612191e-05 1.388888888888889e-05
1.3806668690548472e-05 1.388888888888889e-05
1.3806668690548472e-05 1.388888888888889e-05
1.3856917535221775e-05 1.388888888888889e-05
1.3856917535221775e-05 1.388888888888889e-05
1.3663791524740871e-05 1.388888888888889e-05
1.3663791524740871e-05 1.388888888888889e-05
1.3882195200316353e-05 1.388888888888889e-05
1.3882195200316353e-05 1.388888888888889e-05
1.4006970386591668e-05 1.388888888888889e-05
1.4006970386591668e-05 1.388888888888889e-05
1.3840721753116204e-05 1.388888888888889e-05
1.3840721753116204e-05 1.388888888888889e-05
1.3915647040266792e-05 1.388888888888889e-05
1.3915647040266792e-05 1.388888888888889e-05
1.3969587245449315e-05 1.388888888888889e-05
1.3969587245449315e-05 1.388888888888889e-05
1.3748826830623072e-05 1.388888888888889e-05
1.3748826830623072e-05 1.388888888888889e-05
1.3920483754883816e-05 1.388888888888889e-05
1.3920483754883816e-05 1.388888888888889e-05
1.3826415193602693e-05 1.388888888888889e-05
1.3826415193602693e-05 1.388888888888889e-05
1.3757430269775948e-05 1.388888888888889e-05
1.3757430269775948e-05 1.388888888888889e-05
1.4069880751825059e-05 1.388888888888889e-05
1.4069880751825059e-05 1.388888888888889e-05
1.3941946648382146e-05 1.388888888888889e-05
1.3941946648382146e-05 1.388888888888889e-05
1.3859794594280062e-05 1.388888888888889e-05
1.3859794594280062e-05 1.388888888888889e-05
1.3831967213114754e-05 1.388888888888889e-05
1.3831967213114754e-05 1.388888888888889e-05
1.3772674878422265e-05 1.388888888888889e-05
1.3772674878422265e-05 1.388888888888889e-05
1.3949495974561937e-05 1.388888888888889e-05
1.3949495974561937e-05 1.388888888888889e-05
1.3829615260265115e-05 1.388888888888889e-05
1.3829615260265115e-05 1.388888888888889e-05
1.3928696260048934e-05 1.388888888888889e-05
1.3928696260048934e-05 1.388888888888889e-05
1.3889762953639606e-05 1.388888888888889e-05
1.3889762953639606e-05 1.388888888888889e-05
1.368011220739021e-05 1.388888888888889e-05
1.368011220739021e-05 1.388888888888889e-05
1.3715444551179422e-05 1.388888888888889e-05
1.3715444551179422e-05 1.388888888888889e-05
1.369305580988423e-05 1.388888888888889e-05
1.369305580988423e-05 1.388888888888889e-05
1.386844189610345e-05 1.388888888888889e-05
1.386844189610345e-05 1.388888888888889e-05
1.3820579969340827e-05 1.388888888888889e-05
1.3820579969340827e-05 1.388888888888889e-05
1.3973483450227637e-05 1.388888888888889e-05
1.3973483450227637e-05 1.388888888888889e-05
1.396255528940598e-05 1.388888888888889e-05
1.396255528940598e-05 1.388888888888889e-05
1.401996820981522e-05 1.388888888888889e-05
1.401996820981522e-05 1.388888888888889e-05
1.3851608285241355e-05 1.388888888888889e-05
1.3851608285241355e-05 1.388888888888889e-05
1.3968572977264746e-05 1.388888888888889e-05
1.3968572977264746e-05 1.388888888888889e-05
1.3902021900025682e-05 1.388888888888889e-05
1.3902021900025682e-05 1.388888888888889e-05
1.4113408521303257e-05 1.388888888888889e-05
1.4113408521303257e-05 1.388888888888889e-05
1.3957175144873978e-05 1.388888888888889e-05
1.3957175144873978e-05 1.388888888888889e-05
1.3967093785718583e-05 1.388888888888889e-05
1.3967093785718583e-05 1.388888888888889e-05
1.4072715507823661e-05 1.388888888888889e-05
1.4072715507823661e-05 1.388888888888889e-05
1.4166052299409091e-05 1.388888888888889e-05
1.4166052299409091e-05 1.388888888888889e-05
1.393615109028475e-05 1.388888888888889e-05
1.393615109028475e-05 1.388888888888889e-05
1.4014394814329265e-05 1.388888888888889e-05
1.4014394814329265e-05 1.388888888888889e-05
1.410354085038456e-05 1.388888888888889e-05
1.410354085038456e-05 1.388888888888889e-05
1.3939322826606064e-05 1.388888888888889e-05
1.3939322826606064e-05 1.388888888888889e-05
1.3823768916403659e-05 1.388888888888889e-05
1.3823768916403659e-05 1.388888888888889e-05
1.4002056701994705e-05 1.388888888888889e-05
1.4002056701994705e-05 1.388888888888889e-05
1.4098168002833318e-05 1.388888888888889e-05
1.4098168002833318e-05 1.388888888888889e-05
1.3996610364242216e-05 1.388888888888889e-05
1.3996610364242216e-05 1.388888888888889e-05
1.3761068550392995e-05 1.388888888888889e-05
1.3761068550392995e-05 1.388888888888889e-05
1.3719069681030179e-05 1.388888888888889e-05
1.3719069681030179e-05 1.388888888888889e-05
1.3810557078267388e-05 1.388888888888889e-05
1.3810557078267388e-05 1.388888888888889e-05
1.3912318188633978e-05 1.388888888888889e-05
1.3912318188633978e-05 1.388888888888889e-05
1.3912974363420908e-05 1.388888888888889e-05
1.3912974363420908e-05 1.388888888888889e-05
1.3934617519426784e-05 1.388888888888889e-05
1.3934617519426784e-05 1.388888888888889e-05
1.3921396840013984e-05 1.388888888888889e-05
1.3921396840013984e-05 1.388888888888889e-05
1.3980380414634841e-05 1.388888888888889e-05
1.3980380414634841e-05 1.388888888888889e-05
1.3937139972682463e-05 1.388888888888889e-05
1.3937139972682463e-05 1.388888888888889e-05
1.3893673486312862e-05 1.388888888888889e-05
1.3893673486312862e-05 1.388888888888889e-05
1.4108810990423347e-05 1.388888888888889e-05
1.4108810990423347e-05 1.388888888888889e-05
1.3983023270948968e-05 1.388888888888889e-05
1.3983023270948968e-05 1.388888888888889e-05
1.4003327081100393e-05 1.388888888888889e-05
1.4003327081100393e-05 1.388888888888889e-05
1.3969856047642526e-05 1.388888888888889e-05
1.3969856047642526e-05 1.388888888888889e-05
1.397372650715506e-05 1.388888888888889e-05
1.397372650715506e-05 1.388888888888889e-05
1.386586056292462e-05 1.388888888888889e-05
1.386586056292462e-05 1.388888888888889e-05
1.3947377306976162e-05 1.388888888888889e-05
1.3947377306976162e-05 1.388888888888889e-05
1.4006802449944864e-05 1.388888888888889e-05
1.4006802449944864e-05 1.388888888888889e-05
1.3854909678728834e-05 1.388888888888889e-05
1.3854909678728834e-05 1.388888888888889e-05
1.3872098345323025e-05 1.388888888888889e-05
1.3872098345323025e-05 1.388888888888889e-05
1.3993112664473684e-05 1.388888888888889e-05
1.3993112664473684e-05 1.388888888888889e-05
1.3886625085119022e-05 1.388888888888889e-05
1.3886625085119022e-05 1.388888888888889e-05
1.385623921141092e-05 1.388888888888889e-05
1.385623921141092e-05 1.388888888888889e-05
1.3840822133779393e-05 1.388888888888889e-05
1.3840822133779393e-05 1.388888888888889e-05
1.3868619479481567e-05 1.388888888888889e-05
1.3868619479481567e-05 1.388888888888889e-05
1.3881822749827272e-05 1.388888888888889e-05
1.3881822749827272e-05 1.388888888888889e-05
1.3881506679423125e-05 1.388888888888889e-05
1.3881506679423125e-05 1.388888888888889e-05
1.3869978474545502e-05 1.388888888888889e-05
1.3869978474545502e-05 1.388888888888889e-05
1.3878918878679599e-05 1.388888888888889e-05
1.3878918878679599e-05 1.388888888888889e-05
1.3832578234269484e-05 1.388888888888889e-05
1.3832578234269484e-05 1.388888888888889e-05
1.3863776195678106e-05 1.388888888888889e-05
1.3863776195678106e-05 1.388888888888889e-05
1.3937719738824711e-05 1.388888888888889e-05
1.3937719738824711e-05 1.388888888888889e-05
1.3871129388996406e-05 1.388888888888889e-05
1.3871129388996406e-05 1.388888888888889e-05
1.3952711614885162e-05 1.388888888888889e-05
1.3952711614885162e-05 1.388888888888889e-05
1.3758178721878642e-05 1.388888888888889e-05
1.3758178721878642e-05 1.388888888888889e-05
1.4045560390899373e-05 1.388888888888889e-05
1.4045560390899373e-05 1.388888888888889e-05
1.3816902259272684e-05 1.388888888888889e-05
1.3816902259272684e-05 1.388888888888889e-05
1.3753133731388985e-05 1.388888888888889e-05
1.3753133731388985e-05 1.388888888888889e-05
1.373892156262125e-05 1.388888888888889e-05
1.373892156262125e-05 1.388888888888889e-05
1.3951692076692076e-05 1.388888888888889e-05
1.3951692076692076e-05 1.388888888888889e-05
1.3872098892063724e-05 1.388888888888889e-05
1.3872098892063724e-05 1.388888888888889e-05
1.3776076515316549e-05 1.388888888888889e-05
1.3776076515316549e-05 1.388888888888889e-05
1.3791642355033203e-05 1.388888888888889e-05
1.3791642355033203e-05 1.388888888888889e-05
1.383275164455394e-05 1.388888888888889e-05
1.383275164455394e-05 1.388888888888889e-05
1.3961319237500591e-05 1.388888888888889e-05
1.3961319237500591e-05 1.388888888888889e-05
1.3789952268745091e-05 1.388888888888889e-05
1.3789952268745091e-05 1.388888888888889e-05
1.3717670786686512e-05 1.388888888888889e-05
1.3717670786686512e-05 1.388888888888889e-05
1.3990464581825569e-05 1.388888888888889e-05
1.3990464581825569e-05 1.388888888888889e-05
1.3588046530284797e-05 1.388888888888889e-05
1.3588046530284797e-05 1.388888888888889e-05
1.4054826821139796e-05 1.388888888888889e-05
1.4054826821139796e-05 1.388888888888889e-05
1.3843636416293786e-05 1.388888888888889e-05
1.3843636416293786e-05 1.388888888888889e-05