1.344941407812088e-05 1.3892783754443966e-05
1.344941407812088e-05 1.3892783754443966e-05
1.344941407812088e-05 1.3892783754443966e-05
1.344941407812088e-05 1.3892783754443966e-05
1.344941407812088e-05 1.3892783754443966e-05
1.344941407812088e-05 1.3892783754443966e-05
1.344941407812088e-05 1.3892783754443966e-05
1.344941407812088e-05 1.3892783754443966e-05
1.344941407812088e-05 1.3892783754443966e-05
1.344941407812088e-05 1.3892783754443966e-05
1.344941407812088e-05 1.3892783754443966e-05
1.344941407812088e-05 1.3892783754443966e-05
1.3950131717416317e-05 1.3888206607996575e-05
1.3950131717416317e-05 1.3888206607996575e-05
1.3950131717416317e-05 1.3888206607996575e-05
1.3950131717416317e-05 1.3888206607996575e-05
1.3950131717416317e-05 1.3888206607996575e-05
1.3950131717416317e-05 1.3888206607996575e-05
1.3948681642441748e-05 1.3891306871519921e-05
1.3948681642441748e-05 1.3891306871519921e-05
1.3948681642441748e-05 1.3891306871519921e-05
1.3948681642441748e-05 1.3891306871519921e-05
1.3948681642441748e-05 1.3891306871519921e-05
1.3948681642441748e-05 1.3891306871519921e-05
1.3948681642441748e-05 1.3891306871519921e-05
1.3948681642441748e-05 1.3891306871519921e-05
1.3948681642441748e-05 1.3891306871519921e-05
1.3948681642441748e-05 1.3891306871519921e-05
1.3948681642441748e-05 1.3891306871519921e-05
1.3948681642441748e-05 1.3891306871519921e-05
1.4077710567111177e-05 1.3885821606125814e-05
1.4077710567111177e-05 1.3885821606125814e-05
1.4077710567111177e-05 1.3885821606125814e-05
1.4077710567111177e-05 1.3885821606125814e-05
1.4077710567111177e-05 1.3885821606125814e-05
1.4077710567111177e-05 1.3885821606125814e-05
1.4077710567111177e-05 1.3885821606125814e-05
1.4077710567111177e-05 1.3885821606125814e-05
1.4077710567111177e-05 1.3885821606125814e-05
1.4077710567111177e-05 1.3885821606125814e-05
1.4077710567111177e-05 1.3885821606125814e-05
1.4077710567111177e-05 1.3885821606125814e-05
1.377283919481564e-05 1.3886250247015029e-05
1.377283919481564e-05 1.3886250247015029e-05
1.377283919481564e-05 1.3886250247015029e-05
1.377283919481564e-05 1.3886250247015029e-05
1.377283919481564e-05 1.3886250247015029e-05
1.377283919481564e-05 1.3886250247015029e-05
1.377283919481564e-05 1.3886250247015029e-05
1.377283919481564e-05 1.3886250247015029e-05
1.377283919481564e-05 1.3886250247015029e-05
1.377283919481564e-05 1.3886250247015029e-05
1.377283919481564e-05 1.3886250247015029e-05
1.377283919481564e-05 1.3886250247015029e-05
1.3626347175495535e-05 1.388347285809618e-05
1.3626347175495535e-05 1.388347285809618e-05
1.3626347175495535e-05 1.388347285809618e-05
1.3626347175495535e-05 1.388347285809618e-05
1.3626347175495535e-05 1.388347285809618e-05
1.3626347175495535e-05 1.388347285809618e-05
1.3969727006253414e-05 1.3891401548176811e-05
1.3969727006253414e-05 1.3891401548176811e-05
1.3969727006253414e-05 1.3891401548176811e-05
1.3969727006253414e-05 1.3891401548176811e-05
1.3969727006253414e-05 1.3891401548176811e-05
1.3969727006253414e-05 1.3891401548176811e-05
1.3899874921144992e-05 1.3887783347445234e-05
1.3899874921144992e-05 1.3887783347445234e-05
1.3899874921144992e-05 1.3887783347445234e-05
1.3899874921144992e-05 1.3887783347445234e-05
1.3899874921144992e-05 1.3887783347445234e-05
1.3899874921144992e-05 1.3887783347445234e-05
1.3899874921144992e-05 1.3887783347445234e-05
1.3899874921144992e-05 1.3887783347445234e-05
1.3899874921144992e-05 1.3887783347445234e-05
1.3899874921144992e-05 1.3887783347445234e-05
1.3899874921144992e-05 1.3887783347445234e-05
1.3899874921144992e-05 1.3887783347445234e-05
1.3525005963817793e-05 1.3889476642083376e-05
1.3525005963817793e-05 1.3889476642083376e-05
1.3525005963817793e-05 1.3889476642083376e-05
1.3525005963817793e-05 1.3889476642083376e-05
1.3525005963817793e-05 1.3889476642083376e-05
1.3525005963817793e-05 1.3889476642083376e-05
1.3525005963817793e-05 1.3889476642083376e-05
1.3525005963817793e-05 1.3889476642083376e-05
1.3525005963817793e-05 1.3889476642083376e-05
1.3525005963817793e-05 1.3889476642083376e-05
1.3525005963817793e-05 1.3889476642083376e-05
1.3525005963817793e-05 1.3889476642083376e-05
1.3743487569260663e-05 1.3892015656266827e-05
1.3743487569260663e-05 1.3892015656266827e-05
1.3743487569260663e-05 1.3892015656266827e-05
1.3743487569260663e-05 1.3892015656266827e-05
1.3743487569260663e-05 1.3892015656266827e-05
1.3743487569260663e-05 1.3892015656266827e-05
1.3743487569260663e-05 1.3892015656266827e-05
1.3743487569260663e-05 1.3892015656266827e-05
1.3743487569260663e-05 1.3892015656266827e-05
1.3743487569260663e-05 1.3892015656266827e-05
1.3743487569260663e-05 1.3892015656266827e-05
1.3743487569260663e-05 1.3892015656266827e-05
1.3976937227758114e-05 1.388650021181186e-05
1.3976937227758114e-05 1.388650021181186e-05
1.3976937227758114e-05 1.388650021181186e-05
1.3976937227758114e-05 1.388650021181186e-05
1.3976937227758114e-05 1.388650021181186e-05
1.3976937227758114e-05 1.388650021181186e-05
1.3976937227758114e-05 1.388650021181186e-05
1.3976937227758114e-05 1.388650021181186e-05
1.3976937227758114e-05 1.388650021181186e-05
1.3976937227758114e-05 1.388650021181186e-05
1.3976937227758114e-05 1.388650021181186e-05
1.3976937227758114e-05 1.388650021181186e-05
1.3712024631055696e-05 1.3886614438319469e-05
1.3712024631055696e-05 1.3886614438319469e-05
1.3712024631055696e-05 1.3886614438319469e-05
1.3712024631055696e-05 1.3886614438319469e-05
1.3712024631055696e-05 1.3886614438319469e-05
1.3712024631055696e-05 1.3886614438319469e-05
1.3712024631055696e-05 1.3886614438319469e-05
1.3712024631055696e-05 1.3886614438319469e-05
1.3712024631055696e-05 1.3886614438319469e-05
1.3712024631055696e-05 1.3886614438319469e-05
1.3712024631055696e-05 1.3886614438319469e-05
1.3712024631055696e-05 1.3886614438319469e-05
1.3793486658500858e-05 1.3889256297468795e-05
1.3793486658500858e-05 1.3889256297468795e-05
1.3793486658500858e-05 1.3889256297468795e-05
1.3793486658500858e-05 1.3889256297468795e-05
1.3793486658500858e-05 1.3889256297468795e-05
1.3793486658500858e-05 1.3889256297468795e-05
1.3828020784627283e-05 1.3887200015624327e-05
1.3828020784627283e-05 1.3887200015624327e-05
1.3828020784627283e-05 1.3887200015624327e-05
1.3828020784627283e-05 1.3887200015624327e-05
1.3828020784627283e-05 1.3887200015624327e-05
1.3828020784627283e-05 1.3887200015624327e-05
1.4151988906599228e-05 1.388887108713363e-05
1.4151988906599228e-05 1.388887108713363e-05
1.4151988906599228e-05 1.388887108713363e-05
1.4151988906599228e-05 1.388887108713363e-05
1.4151988906599228e-05 1.388887108713363e-05
1.4151988906599228e-05 1.388887108713363e-05
1.4151988906599228e-05 1.388887108713363e-05
1.4151988906599228e-05 1.388887108713363e-05
1.4151988906599228e-05 1.388887108713363e-05
1.4151988906599228e-05 1.388887108713363e-05
1.4151988906599228e-05 1.388887108713363e-05
1.4151988906599228e-05 1.388887108713363e-05
1.3971154075184898e-05 1.388969850112495e-05
1.3971154075184898e-05 1.388969850112495e-05
1.3971154075184898e-05 1.388969850112495e-05
1.3971154075184898e-05 1.388969850112495e-05
1.3971154075184898e-05 1.388969850112495e-05
1.3971154075184898e-05 1.388969850112495e-05
1.3971154075184898e-05 1.388969850112495e-05
1.3971154075184898e-05 1.388969850112495e-05
1.3971154075184898e-05 1.388969850112495e-05
1.3971154075184898e-05 1.388969850112495e-05
1.3971154075184898e-05 1.388969850112495e-05
1.3971154075184898e-05 1.388969850112495e-05
1.4275320636571611e-05 1.3891198625706157e-05
1.4275320636571611e-05 1.3891198625706157e-05
1.4275320636571611e-05 1.3891198625706157e-05
1.4275320636571611e-05 1.3891198625706157e-05
1.4275320636571611e-05 1.3891198625706157e-05
1.4275320636571611e-05 1.3891198625706157e-05
1.4275320636571611e-05 1.3891198625706157e-05
1.4275320636571611e-05 1.3891198625706157e-05
1.4275320636571611e-05 1.3891198625706157e-05
1.4275320636571611e-05 1.3891198625706157e-05
1.4275320636571611e-05 1.3891198625706157e-05
1.4275320636571611e-05 1.3891198625706157e-05
1.3518528320534485e-05 1.3886601851062403e-05
1.3518528320534485e-05 1.3886601851062403e-05
1.3518528320534485e-05 1.3886601851062403e-05
1.3518528320534485e-05 1.3886601851062403e-05
1.3518528320534485e-05 1.3886601851062403e-05
1.3518528320534485e-05 1.3886601851062403e-05
1.3518528320534485e-05 1.3886601851062403e-05
1.3518528320534485e-05 1.3886601851062403e-05
1.3518528320534485e-05 1.3886601851062403e-05
1.3518528320534485e-05 1.3886601851062403e-05
1.3518528320534485e-05 1.3886601851062403e-05
1.3518528320534485e-05 1.3886601851062403e-05
1.3652368445387717e-05 1.3884638249783213e-05
1.3652368445387717e-05 1.3884638249783213e-05
1.3652368445387717e-05 1.3884638249783213e-05
1.3652368445387717e-05 1.3884638249783213e-05
1.3652368445387717e-05 1.3884638249783213e-05
1.3652368445387717e-05 1.3884638249783213e-05
1.3771996980083565e-05 1.3886039001391801e-05
1.3771996980083565e-05 1.3886039001391801e-05
1.3771996980083565e-05 1.3886039001391801e-05
1.3771996980083565e-05 1.3886039001391801e-05
1.3771996980083565e-05 1.3886039001391801e-05
1.3771996980083565e-05 1.3886039001391801e-05
1.3889786015989289e-05 1.389196469200943e-05
1.3889786015989289e-05 1.389196469200943e-05
1.3889786015989289e-05 1.389196469200943e-05
1.3889786015989289e-05 1.389196469200943e-05
1.3889786015989289e-05 1.389196469200943e-05
1.3889786015989289e-05 1.389196469200943e-05
1.3579100349432956e-05 1.388856808903931e-05
1.3579100349432956e-05 1.388856808903931e-05
1.3579100349432956e-05 1.388856808903931e-05
1.3579100349432956e-05 1.388856808903931e-05
1.3579100349432956e-05 1.388856808903931e-05
1.3579100349432956e-05 1.388856808903931e-05
1.3579100349432956e-05 1.388856808903931e-05
1.3579100349432956e-05 1.388856808903931e-05
1.3579100349432956e-05 1.388856808903931e-05
1.3579100349432956e-05 1.388856808903931e-05
1.3579100349432956e-05 1.388856808903931e-05
1.3579100349432956e-05 1.388856808903931e-05
1.3303703075364566e-05 1.3892060442839822e-05
1.3303703075364566e-05 1.3892060442839822e-05
1.3303703075364566e-05 1.3892060442839822e-05
1.3303703075364566e-05 1.3892060442839822e-05
1.3303703075364566e-05 1.3892060442839822e-05
1.3303703075364566e-05 1.3892060442839822e-05
1.3534846519775045e-05 1.3889772615261145e-05
1.3534846519775045e-05 1.3889772615261145e-05
1.3534846519775045e-05 1.3889772615261145e-05
1.3534846519775045e-05 1.3889772615261145e-05
1.3534846519775045e-05 1.3889772615261145e-05
1.3534846519775045e-05 1.3889772615261145e-05
1.3896470777047476e-05 1.3887832662315685e-05
1.3896470777047476e-05 1.3887832662315685e-05
1.3896470777047476e-05 1.3887832662315685e-05
1.3896470777047476e-05 1.3887832662315685e-05
1.3896470777047476e-05 1.3887832662315685e-05
1.3896470777047476e-05 1.3887832662315685e-05
1.3896470777047476e-05 1.3887832662315685e-05
1.3896470777047476e-05 1.3887832662315685e-05
1.3896470777047476e-05 1.3887832662315685e-05
1.3896470777047476e-05 1.3887832662315685e-05
1.3896470777047476e-05 1.3887832662315685e-05
1.3896470777047476e-05 1.3887832662315685e-05
1.3526165785524186e-05 1.389088714680002e-05
1.3526165785524186e-05 1.389088714680002e-05
1.3526165785524186e-05 1.389088714680002e-05
1.3526165785524186e-05 1.389088714680002e-05
1.3526165785524186e-05 1.389088714680002e-05
1.3526165785524186e-05 1.389088714680002e-05
1.3526165785524186e-05 1.389088714680002e-05
1.3526165785524186e-05 1.389088714680002e-05
1.3526165785524186e-05 1.389088714680002e-05
1.3526165785524186e-05 1.389088714680002e-05
1.3526165785524186e-05 1.389088714680002e-05
1.3526165785524186e-05 1.389088714680002e-05
1.3831198328991573e-05 1.3891642809790681e-05
1.3831198328991573e-05 1.3891642809790681e-05
1.3831198328991573e-05 1.3891642809790681e-05
1.3831198328991573e-05 1.3891642809790681e-05
1.3831198328991573e-05 1.3891642809790681e-05
1.3831198328991573e-05 1.3891642809790681e-05
1.3831198328991573e-05 1.3891642809790681e-05
1.3831198328991573e-05 1.3891642809790681e-05
1.3831198328991573e-05 1.3891642809790681e-05
1.3831198328991573e-05 1.3891642809790681e-05
1.3831198328991573e-05 1.3891642809790681e-05
1.3831198328991573e-05 1.3891642809790681e-05
1.3751162073409629e-05 1.3892693525954738e-05
1.3751162073409629e-05 1.3892693525954738e-05
1.3751162073409629e-05 1.3892693525954738e-05
1.3751162073409629e-05 1.3892693525954738e-05
1.3751162073409629e-05 1.3892693525954738e-05
1.3751162073409629e-05 1.3892693525954738e-05
1.3679118654385099e-05 1.3886154635388111e-05
1.3679118654385099e-05 1.3886154635388111e-05
1.3679118654385099e-05 1.3886154635388111e-05
1.3679118654385099e-05 1.3886154635388111e-05
1.3679118654385099e-05 1.3886154635388111e-05
1.3679118654385099e-05 1.3886154635388111e-05
1.3537339265082291e-05 1.3897050219047383e-05
1.3537339265082291e-05 1.3897050219047383e-05
1.3537339265082291e-05 1.3897050219047383e-05
1.3537339265082291e-05 1.3897050219047383e-05
1.3537339265082291e-05 1.3897050219047383e-05
1.3537339265082291e-05 1.3897050219047383e-05
1.3857502023325074e-05 1.3893315172068925e-05
1.3857502023325074e-05 1.3893315172068925e-05
1.3857502023325074e-05 1.3893315172068925e-05
1.3857502023325074e-05 1.3893315172068925e-05
1.3857502023325074e-05 1.3893315172068925e-05
1.3857502023325074e-05 1.3893315172068925e-05
1.4161933773433307e-05 1.3895137715474053e-05
1.4161933773433307e-05 1.3895137715474053e-05
1.4161933773433307e-05 1.3895137715474053e-05
1.4161933773433307e-05 1.3895137715474053e-05
1.4161933773433307e-05 1.3895137715474053e-05
1.4161933773433307e-05 1.3895137715474053e-05
1.4131054011766982e-05 1.388887108713363e-05
1.4131054011766982e-05 1.388887108713363e-05
1.4131054011766982e-05 1.388887108713363e-05
1.4131054011766982e-05 1.388887108713363e-05
1.4131054011766982e-05 1.388887108713363e-05
1.4131054011766982e-05 1.388887108713363e-05
1.4131054011766982e-05 1.388887108713363e-05
1.4131054011766982e-05 1.388887108713363e-05
1.4131054011766982e-05 1.388887108713363e-05
1.4131054011766982e-05 1.388887108713363e-05
1.4131054011766982e-05 1.388887108713363e-05
1.4131054011766982e-05 1.388887108713363e-05
1.4026507093676619e-05 1.3883783140313331e-05
1.4026507093676619e-05 1.3883783140313331e-05
1.4026507093676619e-05 1.3883783140313331e-05
1.4026507093676619e-05 1.3883783140313331e-05
1.4026507093676619e-05 1.3883783140313331e-05
1.4026507093676619e-05 1.3883783140313331e-05
1.3793847404689108e-05 1.3888316675492815e-05
1.3793847404689108e-05 1.3888316675492815e-05
1.3793847404689108e-05 1.3888316675492815e-05
1.3793847404689108e-05 1.3888316675492815e-05
1.3793847404689108e-05 1.3888316675492815e-05
1.3793847404689108e-05 1.3888316675492815e-05
1.3793847404689108e-05 1.3888316675492815e-05
1.3793847404689108e-05 1.3888316675492815e-05
1.3793847404689108e-05 1.3888316675492815e-05
1.3793847404689108e-05 1.3888316675492815e-05
1.3793847404689108e-05 1.3888316675492815e-05
1.3793847404689108e-05 1.3888316675492815e-05
1.3573464074152259e-05 1.3890725772796838e-05
1.3573464074152259e-05 1.3890725772796838e-05
1.3573464074152259e-05 1.3890725772796838e-05
1.3573464074152259e-05 1.3890725772796838e-05
1.3573464074152259e-05 1.3890725772796838e-05
1.3573464074152259e-05 1.3890725772796838e-05
1.3796571487515391e-05 1.3887279019654348e-05
1.3796571487515391e-05 1.3887279019654348e-05
1.3796571487515391e-05 1.3887279019654348e-05
1.3796571487515391e-05 1.3887279019654348e-05
1.3796571487515391e-05 1.3887279019654348e-05
1.3796571487515391e-05 1.3887279019654348e-05
1.3728538366415504e-05 1.3892162506146116e-05
1.3728538366415504e-05 1.3892162506146116e-05
1.3728538366415504e-05 1.3892162506146116e-05
1.3728538366415504e-05 1.3892162506146116e-05
1.3728538366415504e-05 1.3892162506146116e-05
1.3728538366415504e-05 1.3892162506146116e-05
1.384262920799934e-05 1.3887974416866913e-05
1.384262920799934e-05 1.3887974416866913e-05
1.384262920799934e-05 1.3887974416866913e-05
1.384262920799934e-05 1.3887974416866913e-05
1.384262920799934e-05 1.3887974416866913e-05
1.384262920799934e-05 1.3887974416866913e-05
1.384262920799934e-05 1.3887974416866913e-05
1.384262920799934e-05 1.3887974416866913e-05
1.384262920799934e-05 1.3887974416866913e-05
1.384262920799934e-05 1.3887974416866913e-05
1.384262920799934e-05 1.3887974416866913e-05
1.384262920799934e-05 1.3887974416866913e-05
1.3832343146271764e-05 1.3881274879674644e-05
1.3832343146271764e-05 1.3881274879674644e-05
1.3832343146271764e-05 1.3881274879674644e-05
1.3832343146271764e-05 1.3881274879674644e-05
1.3832343146271764e-05 1.3881274879674644e-05
1.3832343146271764e-05 1.3881274879674644e-05
1.3763878143600652e-05 1.3886042183012893e-05
1.3763878143600652e-05 1.3886042183012893e-05
1.3763878143600652e-05 1.3886042183012893e-05
1.3763878143600652e-05 1.3886042183012893e-05
1.4099834294003508e-05 1.3896126454750737e-05
1.4099834294003508e-05 1.3896126454750737e-05
1.4229608320323787e-05 1.388512522367369e-05
1.4229608320323787e-05 1.388512522367369e-05
1.4229608320323787e-05 1.388512522367369e-05
1.4229608320323787e-05 1.388512522367369e-05
1.3989721480157936e-05 1.3886367938981953e-05
1.3989721480157936e-05 1.3886367938981953e-05
1.3989721480157936e-05 1.3886367938981953e-05
1.3989721480157936e-05 1.3886367938981953e-05
1.3986196520086262e-05 1.388812177361321e-05
1.3986196520086262e-05 1.388812177361321e-05
1.3986196520086262e-05 1.388812177361321e-05
1.3986196520086262e-05 1.388812177361321e-05
1.4469775102750797e-05 1.3880318820526748e-05
1.4469775102750797e-05 1.3880318820526748e-05
1.3834922181518909e-05 1.3890445291032524e-05
1.3834922181518909e-05 1.3890445291032524e-05
1.3227100728961526e-05 1.389186351236106e-05
1.3227100728961526e-05 1.389186351236106e-05
1.3227100728961526e-05 1.389186351236106e-05
1.3227100728961526e-05 1.389186351236106e-05
1.3615042445982785e-05 1.3888172978562914e-05
1.3615042445982785e-05 1.3888172978562914e-05
1.3615042445982785e-05 1.3888172978562914e-05
1.3615042445982785e-05 1.3888172978562914e-05
1.3701565878733525e-05 1.3889307943242028e-05
1.3701565878733525e-05 1.3889307943242028e-05
1.3701565878733525e-05 1.3889307943242028e-05
1.3701565878733525e-05 1.3889307943242028e-05
1.410950583052378e-05 1.3888761962989211e-05
1.410950583052378e-05 1.3888761962989211e-05
1.410950583052378e-05 1.3888761962989211e-05
1.410950583052378e-05 1.3888761962989211e-05
1.3764519152878365e-05 1.3885396608407747e-05
1.3764519152878365e-05 1.3885396608407747e-05
1.3764519152878365e-05 1.3885396608407747e-05
1.3764519152878365e-05 1.3885396608407747e-05
1.3305870017616971e-05 1.3885050061539254e-05
1.3305870017616971e-05 1.3885050061539254e-05
1.4196435730676088e-05 1.3892522687516623e-05
1.4196435730676088e-05 1.3892522687516623e-05
1.4008859882943302e-05 1.3887896590104751e-05
1.4008859882943302e-05 1.3887896590104751e-05
1.4008859882943302e-05 1.3887896590104751e-05
1.4008859882943302e-05 1.3887896590104751e-05
1.4259854735692858e-05 1.3892151590204185e-05
1.4259854735692858e-05 1.3892151590204185e-05
1.4259854735692858e-05 1.3892151590204185e-05
1.4259854735692858e-05 1.3892151590204185e-05
1.3786537179853376e-05 1.388457202588038e-05
1.3786537179853376e-05 1.388457202588038e-05
1.3786537179853376e-05 1.388457202588038e-05
1.3786537179853376e-05 1.388457202588038e-05
1.38570361029645e-05 1.3889412851216037e-05
1.38570361029645e-05 1.3889412851216037e-05
1.38570361029645e-05 1.3889412851216037e-05
1.38570361029645e-05 1.3889412851216037e-05
1.395093096735031e-05 1.3890152195741818e-05
1.395093096735031e-05 1.3890152195741818e-05
1.4259943798668538e-05 1.3890005583546154e-05
1.4259943798668538e-05 1.3890005583546154e-05
1.3905175269444259e-05 1.3882565950769522e-05
1.3905175269444259e-05 1.3882565950769522e-05
1.443817952464798e-05 1.3886775091053059e-05
1.443817952464798e-05 1.3886775091053059e-05
1.443817952464798e-05 1.3886775091053059e-05
1.443817952464798e-05 1.3886775091053059e-05
1.4352932856822948e-05 1.3888976402548654e-05
1.4352932856822948e-05 1.3888976402548654e-05
1.4091969178928145e-05 1.3890689785558739e-05
1.4091969178928145e-05 1.3890689785558739e-05
1.3228518096828439e-05 1.3884442491924434e-05
1.3228518096828439e-05 1.3884442491924434e-05
1.3228518096828439e-05 1.3884442491924434e-05
1.3228518096828439e-05 1.3884442491924434e-05
1.338458619985382e-05 1.3886529682337236e-05
1.338458619985382e-05 1.3886529682337236e-05
1.338458619985382e-05 1.3886529682337236e-05
1.338458619985382e-05 1.3886529682337236e-05
1.439528373511371e-05 1.3890038782530492e-05
1.439528373511371e-05 1.3890038782530492e-05
1.439528373511371e-05 1.3890038782530492e-05
1.439528373511371e-05 1.3890038782530492e-05
1.3507357972152605e-05 1.388682629710884e-05
1.3507357972152605e-05 1.388682629710884e-05
1.3383997823261892e-05 1.3887419608601145e-05
1.3383997823261892e-05 1.3887419608601145e-05
1.3465907296318522e-05 1.3894006850349465e-05
1.3465907296318522e-05 1.3894006850349465e-05
1.3548676442761547e-05 1.3880538305556137e-05
1.3548676442761547e-05 1.3880538305556137e-05
1.3800743706744197e-05 1.3880855986119143e-05
1.3800743706744197e-05 1.3880855986119143e-05
1.38419070566027e-05 1.3887896590104751e-05
1.38419070566027e-05 1.3887896590104751e-05
1.38419070566027e-05 1.3887896590104751e-05
1.38419070566027e-05 1.3887896590104751e-05
1.3590846131380107e-05 1.3882084805751817e-05
1.3590846131380107e-05 1.3882084805751817e-05
1.3389333429885224e-05 1.3887881510253643e-05
1.3389333429885224e-05 1.3887881510253643e-05
1.3389333429885224e-05 1.3887881510253643e-05
1.3389333429885224e-05 1.3887881510253643e-05
1.3760333365810517e-05 1.389417639490584e-05
1.3760333365810517e-05 1.389417639490584e-05
1.3980421178364624e-05 1.3884940198800043e-05
1.3980421178364624e-05 1.3884940198800043e-05
1.371170488963105e-05 1.3892718871019803e-05
1.371170488963105e-05 1.3892718871019803e-05
1.3400196533011562e-05 1.3887691977025845e-05
1.3400196533011562e-05 1.3887691977025845e-05
1.3400196533011562e-05 1.3887691977025845e-05
1.3400196533011562e-05 1.3887691977025845e-05
1.4168731357244809e-05 1.3891147548819262e-05
1.4168731357244809e-05 1.3891147548819262e-05
1.4557200604353676e-05 1.3886237003350055e-05
1.4557200604353676e-05 1.3886237003350055e-05
1.4557200604353676e-05 1.3886237003350055e-05
1.4557200604353676e-05 1.3886237003350055e-05
1.4557200604353676e-05 1.3886237003350055e-05
1.4557200604353676e-05 1.3886237003350055e-05
1.4557200604353676e-05 1.3886237003350055e-05
1.4557200604353676e-05 1.3886237003350055e-05
1.4557200604353676e-05 1.3886237003350055e-05
1.4557200604353676e-05 1.3886237003350055e-05
1.358484414410199e-05 1.389622258633652e-05
1.358484414410199e-05 1.389622258633652e-05
1.358484414410199e-05 1.389622258633652e-05
1.358484414410199e-05 1.389622258633652e-05
1.358484414410199e-05 1.389622258633652e-05
1.4449800873738095e-05 1.3885965188469523e-05
1.4449800873738095e-05 1.3885965188469523e-05
1.4449800873738095e-05 1.3885965188469523e-05
1.4449800873738095e-05 1.3885965188469523e-05
1.4449800873738095e-05 1.3885965188469523e-05
1.4449800873738095e-05 1.3885965188469523e-05
1.4449800873738095e-05 1.3885965188469523e-05
1.4449800873738095e-05 1.3885965188469523e-05
1.4449800873738095e-05 1.3885965188469523e-05
1.4449800873738095e-05 1.3885965188469523e-05
1.3898942724719348e-05 1.3888237325591967e-05
1.3898942724719348e-05 1.3888237325591967e-05
1.3898942724719348e-05 1.3888237325591967e-05
1.3898942724719348e-05 1.3888237325591967e-05
1.3898942724719348e-05 1.3888237325591967e-05
1.3898942724719348e-05 1.3888237325591967e-05
1.3898942724719348e-05 1.3888237325591967e-05
1.3898942724719348e-05 1.3888237325591967e-05
1.3898942724719348e-05 1.3888237325591967e-05
1.3898942724719348e-05 1.3888237325591967e-05
1.3992900731534712e-05 1.3886954860928806e-05
1.3992900731534712e-05 1.3886954860928806e-05
1.3992900731534712e-05 1.3886954860928806e-05
1.3992900731534712e-05 1.3886954860928806e-05
1.3992900731534712e-05 1.3886954860928806e-05
1.3992900731534712e-05 1.3886954860928806e-05
1.3992900731534712e-05 1.3886954860928806e-05
1.3992900731534712e-05 1.3886954860928806e-05
1.3992900731534712e-05 1.3886954860928806e-05
1.3992900731534712e-05 1.3886954860928806e-05
1.4400631287829661e-05 1.38832927068475e-05
1.4400631287829661e-05 1.38832927068475e-05
1.4400631287829661e-05 1.38832927068475e-05
1.4400631287829661e-05 1.38832927068475e-05
1.4400631287829661e-05 1.38832927068475e-05
1.3620656587164075e-05 1.3887110406520277e-05
1.3620656587164075e-05 1.3887110406520277e-05
1.3620656587164075e-05 1.3887110406520277e-05
1.3620656587164075e-05 1.3887110406520277e-05
1.3620656587164075e-05 1.3887110406520277e-05
1.3716944065440176e-05 1.3888428398630719e-05
1.3716944065440176e-05 1.3888428398630719e-05
1.3716944065440176e-05 1.3888428398630719e-05
1.3716944065440176e-05 1.3888428398630719e-05
1.3716944065440176e-05 1.3888428398630719e-05
1.3716944065440176e-05 1.3888428398630719e-05
1.3716944065440176e-05 1.3888428398630719e-05
1.3716944065440176e-05 1.3888428398630719e-05
1.3716944065440176e-05 1.3888428398630719e-05
1.3716944065440176e-05 1.3888428398630719e-05
1.3905445816948502e-05 1.3890246874288228e-05
1.3905445816948502e-05 1.3890246874288228e-05
1.3905445816948502e-05 1.3890246874288228e-05
1.3905445816948502e-05 1.3890246874288228e-05
1.3905445816948502e-05 1.3890246874288228e-05
1.3905445816948502e-05 1.3890246874288228e-05
1.3905445816948502e-05 1.3890246874288228e-05
1.3905445816948502e-05 1.3890246874288228e-05
1.3905445816948502e-05 1.3890246874288228e-05
1.3905445816948502e-05 1.3890246874288228e-05
1.4519603558978212e-05 1.388938176903361e-05
1.4519603558978212e-05 1.388938176903361e-05
1.4519603558978212e-05 1.388938176903361e-05
1.4519603558978212e-05 1.388938176903361e-05
1.4519603558978212e-05 1.388938176903361e-05
1.4519603558978212e-05 1.388938176903361e-05
1.4519603558978212e-05 1.388938176903361e-05
1.4519603558978212e-05 1.388938176903361e-05
1.4519603558978212e-05 1.388938176903361e-05
1.4519603558978212e-05 1.388938176903361e-05
1.4072553890783403e-05 1.3890071018562522e-05
1.4072553890783403e-05 1.3890071018562522e-05
1.4072553890783403e-05 1.3890071018562522e-05
1.4072553890783403e-05 1.3890071018562522e-05
1.4072553890783403e-05 1.3890071018562522e-05
1.4072553890783403e-05 1.3890071018562522e-05
1.4072553890783403e-05 1.3890071018562522e-05
1.4072553890783403e-05 1.3890071018562522e-05
1.4072553890783403e-05 1.3890071018562522e-05
1.4072553890783403e-05 1.3890071018562522e-05
1.340301897344442e-05 1.3889011281523274e-05
1.340301897344442e-05 1.3889011281523274e-05
1.340301897344442e-05 1.3889011281523274e-05
1.340301897344442e-05 1.3889011281523274e-05
1.340301897344442e-05 1.3889011281523274e-05
1.340301897344442e-05 1.3889011281523274e-05
1.340301897344442e-05 1.3889011281523274e-05
1.340301897344442e-05 1.3889011281523274e-05
1.340301897344442e-05 1.3889011281523274e-05
1.340301897344442e-05 1.3889011281523274e-05
1.350185863936056e-05 1.3892196970530862e-05
1.350185863936056e-05 1.3892196970530862e-05
1.350185863936056e-05 1.3892196970530862e-05
1.350185863936056e-05 1.3892196970530862e-05
1.350185863936056e-05 1.3892196970530862e-05
1.38765003514296e-05 1.38865601881936e-05
1.38765003514296e-05 1.38865601881936e-05
1.38765003514296e-05 1.38865601881936e-05
1.38765003514296e-05 1.38865601881936e-05
1.38765003514296e-05 1.38865601881936e-05
1.434289961274171e-05 1.3893433010088539e-05
1.434289961274171e-05 1.3893433010088539e-05
1.434289961274171e-05 1.3893433010088539e-05
1.434289961274171e-05 1.3893433010088539e-05
1.434289961274171e-05 1.3893433010088539e-05
1.434289961274171e-05 1.3893433010088539e-05
1.434289961274171e-05 1.3893433010088539e-05
1.434289961274171e-05 1.3893433010088539e-05
1.434289961274171e-05 1.3893433010088539e-05
1.434289961274171e-05 1.3893433010088539e-05
1.3815001569427287e-05 1.3886084232744051e-05
1.3815001569427287e-05 1.3886084232744051e-05
1.3815001569427287e-05 1.3886084232744051e-05
1.3815001569427287e-05 1.3886084232744051e-05
1.3815001569427287e-05 1.3886084232744051e-05
1.3815001569427287e-05 1.3886084232744051e-05
1.3815001569427287e-05 1.3886084232744051e-05
1.3815001569427287e-05 1.3886084232744051e-05
1.3815001569427287e-05 1.3886084232744051e-05
1.3815001569427287e-05 1.3886084232744051e-05
1.3224708807747677e-05 1.3886533059912467e-05
1.3224708807747677e-05 1.3886533059912467e-05
1.3224708807747677e-05 1.3886533059912467e-05
1.3224708807747677e-05 1.3886533059912467e-05
1.3224708807747677e-05 1.3886533059912467e-05
1.3224708807747677e-05 1.3886533059912467e-05
1.3224708807747677e-05 1.3886533059912467e-05
1.3224708807747677e-05 1.3886533059912467e-05
1.3224708807747677e-05 1.3886533059912467e-05
1.3224708807747677e-05 1.3886533059912467e-05
1.4001973506502098e-05 1.3891338092688457e-05
1.4001973506502098e-05 1.3891338092688457e-05
1.4001973506502098e-05 1.3891338092688457e-05
1.4001973506502098e-05 1.3891338092688457e-05
1.4001973506502098e-05 1.3891338092688457e-05
1.4001973506502098e-05 1.3891338092688457e-05
1.4001973506502098e-05 1.3891338092688457e-05
1.4001973506502098e-05 1.3891338092688457e-05
1.4001973506502098e-05 1.3891338092688457e-05
1.4001973506502098e-05 1.3891338092688457e-05
1.3901993565088531e-05 1.38907637121896e-05
1.3901993565088531e-05 1.38907637121896e-05
1.3901993565088531e-05 1.38907637121896e-05
1.3901993565088531e-05 1.38907637121896e-05
1.3901993565088531e-05 1.38907637121896e-05
1.4815212337447253e-05 1.3893227306397299e-05
1.4815212337447253e-05 1.3893227306397299e-05
1.4815212337447253e-05 1.3893227306397299e-05
1.4815212337447253e-05 1.3893227306397299e-05
1.4815212337447253e-05 1.3893227306397299e-05
1.4378387923885436e-05 1.388913610419383e-05
1.4378387923885436e-05 1.388913610419383e-05
1.4378387923885436e-05 1.388913610419383e-05
1.4378387923885436e-05 1.388913610419383e-05
1.4378387923885436e-05 1.388913610419383e-05
1.3726783464858496e-05 1.3892038937820418e-05
1.3726783464858496e-05 1.3892038937820418e-05
1.3726783464858496e-05 1.3892038937820418e-05
1.3726783464858496e-05 1.3892038937820418e-05
1.3726783464858496e-05 1.3892038937820418e-05
1.3726783464858496e-05 1.3892038937820418e-05
1.3726783464858496e-05 1.3892038937820418e-05
1.3726783464858496e-05 1.3892038937820418e-05
1.3726783464858496e-05 1.3892038937820418e-05
1.3726783464858496e-05 1.3892038937820418e-05
1.4913712875475448e-05 1.3891114815125192e-05
1.4913712875475448e-05 1.3891114815125192e-05
1.4913712875475448e-05 1.3891114815125192e-05
1.4913712875475448e-05 1.3891114815125192e-05
1.4913712875475448e-05 1.3891114815125192e-05
1.397504255971825e-05 1.3889336485446726e-05
1.397504255971825e-05 1.3889336485446726e-05
1.397504255971825e-05 1.3889336485446726e-05
1.397504255971825e-05 1.3889336485446726e-05
1.397504255971825e-05 1.3889336485446726e-05
1.3433293551722626e-05 1.389015383388344e-05
1.3433293551722626e-05 1.389015383388344e-05
1.3433293551722626e-05 1.389015383388344e-05
1.3433293551722626e-05 1.389015383388344e-05
1.3433293551722626e-05 1.389015383388344e-05
1.3433293551722626e-05 1.389015383388344e-05
1.3433293551722626e-05 1.389015383388344e-05
1.3433293551722626e-05 1.389015383388344e-05
1.3433293551722626e-05 1.389015383388344e-05
1.3433293551722626e-05 1.389015383388344e-05
1.3762965632230995e-05 1.3886114055366953e-05
1.3762965632230995e-05 1.3886114055366953e-05
1.3762965632230995e-05 1.3886114055366953e-05
1.3762965632230995e-05 1.3886114055366953e-05
1.3762965632230995e-05 1.3886114055366953e-05
1.3762965632230995e-05 1.3886114055366953e-05
1.3762965632230995e-05 1.3886114055366953e-05
1.3762965632230995e-05 1.3886114055366953e-05
1.3762965632230995e-05 1.3886114055366953e-05
1.3762965632230995e-05 1.3886114055366953e-05
1.4322198336538498e-05 1.3888732732502347e-05
1.4322198336538498e-05 1.3888732732502347e-05
1.4322198336538498e-05 1.3888732732502347e-05
1.4322198336538498e-05 1.3888732732502347e-05
1.4322198336538498e-05 1.3888732732502347e-05
1.4322198336538498e-05 1.3888732732502347e-05
1.4322198336538498e-05 1.3888732732502347e-05
1.4322198336538498e-05 1.3888732732502347e-05
1.4322198336538498e-05 1.3888732732502347e-05
1.4322198336538498e-05 1.3888732732502347e-05
1.397275096458876e-05 1.388977894653613e-05
1.397275096458876e-05 1.388977894653613e-05
1.397275096458876e-05 1.388977894653613e-05
1.397275096458876e-05 1.388977894653613e-05
1.397275096458876e-05 1.388977894653613e-05
1.3530666381709197e-05 1.3893152904434559e-05
1.3530666381709197e-05 1.3893152904434559e-05
1.3530666381709197e-05 1.3893152904434559e-05
1.3530666381709197e-05 1.3893152904434559e-05
1.3530666381709197e-05 1.3893152904434559e-05
1.3977557548887037e-05 1.388126762440649e-05
1.3977557548887037e-05 1.388126762440649e-05
1.3977557548887037e-05 1.388126762440649e-05
1.3977557548887037e-05 1.388126762440649e-05
1.3977557548887037e-05 1.388126762440649e-05
1.347900623224414e-05 1.3884820907388057e-05
1.347900623224414e-05 1.3884820907388057e-05
1.347900623224414e-05 1.3884820907388057e-05
1.347900623224414e-05 1.3884820907388057e-05
1.347900623224414e-05 1.3884820907388057e-05
1.4143439834249883e-05 1.388887808815627e-05
1.4143439834249883e-05 1.388887808815627e-05
1.4143439834249883e-05 1.388887808815627e-05
1.4143439834249883e-05 1.388887808815627e-05
1.4143439834249883e-05 1.388887808815627e-05
1.4102982019219485e-05 1.3893433010088539e-05
1.4102982019219485e-05 1.3893433010088539e-05
1.4102982019219485e-05 1.3893433010088539e-05
1.4102982019219485e-05 1.3893433010088539e-05
1.4102982019219485e-05 1.3893433010088539e-05
1.4102982019219485e-05 1.3893433010088539e-05
1.4102982019219485e-05 1.3893433010088539e-05
1.4102982019219485e-05 1.3893433010088539e-05
1.4102982019219485e-05 1.3893433010088539e-05
1.4102982019219485e-05 1.3893433010088539e-05
1.3275725693298938e-05 1.3885452015602723e-05
1.3275725693298938e-05 1.3885452015602723e-05
1.3275725693298938e-05 1.3885452015602723e-05
1.3275725693298938e-05 1.3885452015602723e-05
1.3275725693298938e-05 1.3885452015602723e-05
1.3930224456278305e-05 1.38904870248773e-05
1.3930224456278305e-05 1.38904870248773e-05
1.3930224456278305e-05 1.38904870248773e-05
1.3930224456278305e-05 1.38904870248773e-05
1.3930224456278305e-05 1.38904870248773e-05
1.3930224456278305e-05 1.38904870248773e-05
1.3930224456278305e-05 1.38904870248773e-05
1.3930224456278305e-05 1.38904870248773e-05
1.3930224456278305e-05 1.38904870248773e-05
1.3930224456278305e-05 1.38904870248773e-05
1.3258609854845522e-05 1.3893094829975233e-05
1.3258609854845522e-05 1.3893094829975233e-05
1.3258609854845522e-05 1.3893094829975233e-05
1.3258609854845522e-05 1.3893094829975233e-05
1.3258609854845522e-05 1.3893094829975233e-05
1.33133454688225e-05 1.3885538359910562e-05
1.33133454688225e-05 1.3885538359910562e-05
1.33133454688225e-05 1.3885538359910562e-05
1.33133454688225e-05 1.3885538359910562e-05
1.33133454688225e-05 1.3885538359910562e-05
1.3295229526982599e-05 1.3889511194366426e-05
1.3295229526982599e-05 1.3889511194366426e-05
1.3295229526982599e-05 1.3889511194366426e-05
1.3295229526982599e-05 1.3889511194366426e-05
1.3295229526982599e-05 1.3889511194366426e-05
1.3504000824510422e-05 1.3890276686712257e-05
1.3504000824510422e-05 1.3890276686712257e-05
1.3504000824510422e-05 1.3890276686712257e-05
1.3504000824510422e-05 1.3890276686712257e-05
1.3504000824510422e-05 1.3890276686712257e-05
1.3504000824510422e-05 1.3890276686712257e-05
1.3504000824510422e-05 1.3890276686712257e-05
1.3504000824510422e-05 1.3890276686712257e-05
1.3504000824510422e-05 1.3890276686712257e-05
1.3504000824510422e-05 1.3890276686712257e-05
1.3732229359558584e-05 1.3894656847742021e-05
1.3732229359558584e-05 1.3894656847742021e-05
1.3732229359558584e-05 1.3894656847742021e-05
1.3732229359558584e-05 1.3894656847742021e-05
1.3732229359558584e-05 1.3894656847742021e-05
1.4173694324056518e-05 1.3893179083783627e-05
1.4173694324056518e-05 1.3893179083783627e-05
1.4040222177495705e-05 1.388681235620011e-05
1.4112143083100293e-05 1.3889777321727798e-05
1.4112143083100293e-05 1.3889777321727798e-05
1.3422637564271434e-05 1.38879789475983e-05
1.3422637564271434e-05 1.38879789475983e-05
1.408081066288032e-05 1.3892434305299913e-05
1.408081066288032e-05 1.3892434305299913e-05
1.3474595385927719e-05 1.3882496845930732e-05
1.4443050629058202e-05 1.389161802188127e-05
1.4158818212383262e-05 1.3890823604539599e-05
1.4158818212383262e-05 1.3890823604539599e-05
1.3946940149058252e-05 1.3889180632573161e-05
1.3946940149058252e-05 1.3889180632573161e-05
1.3929369102598945e-05 1.3888213353475415e-05
1.3929369102598945e-05 1.3888213353475415e-05
1.4005445017669847e-05 1.3894140647752094e-05
1.4005445017669847e-05 1.3894140647752094e-05
1.4461090727942385e-05 1.3890656842348259e-05
1.4461090727942385e-05 1.3890656842348259e-05
1.4249249161723148e-05 1.3887846839292049e-05
1.4814034933539127e-05 1.3882504197094764e-05
1.3569434262098773e-05 1.3885159800203342e-05
1.3569434262098773e-05 1.3885159800203342e-05
1.4700881170817379e-05 1.388740633008134e-05
1.4700881170817379e-05 1.388740633008134e-05
1.3805579358278587e-05 1.3894006552045378e-05
1.3805579358278587e-05 1.3894006552045378e-05
1.3904688534567597e-05 1.3886715891733745e-05
1.3904688534567597e-05 1.3886715891733745e-05
1.3658698351458639e-05 1.3892057252823744e-05
1.3273073275883023e-05 1.3881357080605066e-05
1.3764828003525955e-05 1.388437436801647e-05
1.404454677289981e-05 1.38854399122244e-05
1.404454677289981e-05 1.38854399122244e-05
1.3485495873687705e-05 1.3891586992399223e-05
1.3790842085853508e-05 1.389351477978478e-05
1.4139176951320251e-05 1.3890886271228543e-05
1.4139176951320251e-05 1.3890886271228543e-05
1.4192118880780697e-05 1.3892692041299551e-05
1.4192118880780697e-05 1.3892692041299551e-05
1.3810319757848847e-05 1.388378003626907e-05
1.3810319757848847e-05 1.388378003626907e-05
1.407956597391291e-05 1.3894929734227245e-05
1.3031813683784567e-05 1.3878030028099078e-05
1.2619244061059093e-05 1.3896868779761535e-05
1.3466038278097437e-05 1.3899385691749384e-05
1.3836724481687015e-05 1.3883104262113009e-05
1.4093420405375556e-05 1.3885159800203342e-05
1.4093420405375556e-05 1.3885159800203342e-05
1.349445715172493e-05 1.388182894480067e-05
1.4206921046415596e-05 1.388940331123375e-05
1.4206921046415596e-05 1.388940331123375e-05
1.3668968977864479e-05 1.389333248234541e-05
1.4232173615207035e-05 1.3885898205413897e-05
1.4211431811778214e-05 1.3893317433468168e-05
1.388129260994656e-05 1.3884400658066143e-05
1.388129260994656e-05 1.3884400658066143e-05
1.433514566656008e-05 1.3884347822150818e-05
1.363583536611447e-05 1.3889532749334221e-05
1.363583536611447e-05 1.3889532749334221e-05
1.363583536611447e-05 1.3889532749334221e-05
1.363583536611447e-05 1.3889532749334221e-05
1.3547910437424984e-05 1.388639196667406e-05
1.3547910437424984e-05 1.388639196667406e-05
1.4026282449863229e-05 1.3888403400181643e-05
1.4026282449863229e-05 1.3888403400181643e-05
1.4026282449863229e-05 1.3888403400181643e-05
1.4026282449863229e-05 1.3888403400181643e-05
1.3879447938928571e-05 1.3890034234442586e-05
1.3879447938928571e-05 1.3890034234442586e-05
1.3879447938928571e-05 1.3890034234442586e-05
1.3879447938928571e-05 1.3890034234442586e-05
1.3709925869715093e-05 1.3887805052251213e-05
1.3709925869715093e-05 1.3887805052251213e-05
1.3709925869715093e-05 1.3887805052251213e-05
1.3709925869715093e-05 1.3887805052251213e-05
1.3767088793334458e-05 1.3892203077085667e-05
1.3767088793334458e-05 1.3892203077085667e-05
1.3605432494694349e-05 1.3889272772955807e-05
1.3605432494694349e-05 1.3889272772955807e-05
1.3645648398377042e-05 1.3889580214591405e-05
1.3645648398377042e-05 1.3889580214591405e-05
1.3645648398377042e-05 1.3889580214591405e-05
1.3645648398377042e-05 1.3889580214591405e-05
1.3743404355636836e-05 1.3890076113227274e-05
1.3743404355636836e-05 1.3890076113227274e-05
1.3743404355636836e-05 1.3890076113227274e-05
1.3743404355636836e-05 1.3890076113227274e-05
1.3785577043504289e-05 1.389001162906217e-05
1.3785577043504289e-05 1.389001162906217e-05
1.3785577043504289e-05 1.389001162906217e-05
1.3785577043504289e-05 1.389001162906217e-05
1.3341950882419722e-05 1.3887295263043191e-05
1.3341950882419722e-05 1.3887295263043191e-05
1.3341950882419722e-05 1.3887295263043191e-05
1.3341950882419722e-05 1.3887295263043191e-05
1.3602969629966545e-05 1.3889940452104149e-05
1.3602969629966545e-05 1.3889940452104149e-05
1.3602969629966545e-05 1.3889940452104149e-05
1.3602969629966545e-05 1.3889940452104149e-05
1.3589830663217265e-05 1.388991357803156e-05
1.3589830663217265e-05 1.388991357803156e-05
1.3962016957410866e-05 1.3887119031452347e-05
1.3962016957410866e-05 1.3887119031452347e-05
1.4200076859493455e-05 1.3889959202251563e-05
1.4200076859493455e-05 1.3889959202251563e-05
1.4200076859493455e-05 1.3889959202251563e-05
1.4200076859493455e-05 1.3889959202251563e-05
1.3802630318017259e-05 1.3890201153882036e-05
1.3802630318017259e-05 1.3890201153882036e-05
1.3802630318017259e-05 1.3890201153882036e-05
1.3802630318017259e-05 1.3890201153882036e-05
1.372565872606586e-05 1.3887071877029364e-05
1.372565872606586e-05 1.3887071877029364e-05
1.372565872606586e-05 1.3887071877029364e-05
1.372565872606586e-05 1.3887071877029364e-05
1.4139712005128453e-05 1.3887805052251213e-05
1.4139712005128453e-05 1.3887805052251213e-05
1.4139712005128453e-05 1.3887805052251213e-05
1.4139712005128453e-05 1.3887805052251213e-05
1.4000383720182768e-05 1.3890648233893978e-05
1.4000383720182768e-05 1.3890648233893978e-05
1.3897156762350906e-05 1.3890967689289228e-05
1.3897156762350906e-05 1.3890967689289228e-05
1.4267606885171068e-05 1.3889095755447324e-05
1.4267606885171068e-05 1.3889095755447324e-05
1.4469785361565525e-05 1.3890729576987316e-05
1.4469785361565525e-05 1.3890729576987316e-05
1.4469785361565525e-05 1.3890729576987316e-05
1.4469785361565525e-05 1.3890729576987316e-05
1.371973812576887e-05 1.3887124502675594e-05
1.371973812576887e-05 1.3887124502675594e-05
1.4197042320622313e-05 1.3886597627016275e-05
1.4197042320622313e-05 1.3886597627016275e-05
1.3655863006629196e-05 1.3889534973159566e-05
1.3655863006629196e-05 1.3889534973159566e-05
1.3655863006629196e-05 1.3889534973159566e-05
1.3655863006629196e-05 1.3889534973159566e-05
1.3714695401220128e-05 1.3890119077472582e-05
1.3714695401220128e-05 1.3890119077472582e-05
1.3714695401220128e-05 1.3890119077472582e-05
1.3714695401220128e-05 1.3890119077472582e-05
1.3667950119289681e-05 1.3886903714955507e-05
1.3667950119289681e-05 1.3886903714955507e-05
1.3667950119289681e-05 1.3886903714955507e-05
1.3667950119289681e-05 1.3886903714955507e-05
1.3702841039699737e-05 1.3890219231066402e-05
1.3702841039699737e-05 1.3890219231066402e-05
1.3701430342809954e-05 1.3890014990597436e-05
1.3701430342809954e-05 1.3890014990597436e-05
1.4079456006909621e-05 1.3884173620615482e-05
1.4079456006909621e-05 1.3884173620615482e-05
1.353522581011762e-05 1.3890367800966701e-05
1.353522581011762e-05 1.3890367800966701e-05
1.3524170614178782e-05 1.3886642284690586e-05
1.3524170614178782e-05 1.3886642284690586e-05
1.3701301413307268e-05 1.3889959202251563e-05
1.3701301413307268e-05 1.3889959202251563e-05
1.3701301413307268e-05 1.3889959202251563e-05
1.3701301413307268e-05 1.3889959202251563e-05
1.4059597488836817e-05 1.389084255018483e-05
1.4059597488836817e-05 1.389084255018483e-05
1.381098249786972e-05 1.3889651552460922e-05
1.381098249786972e-05 1.3889651552460922e-05
1.381098249786972e-05 1.3889651552460922e-05
1.381098249786972e-05 1.3889651552460922e-05
1.4214044639340725e-05 1.3889846748729232e-05
1.4214044639340725e-05 1.3889846748729232e-05
1.3834296058870606e-05 1.3887405782347747e-05
1.3834296058870606e-05 1.3887405782347747e-05
1.367957253443127e-05 1.3887221244850432e-05
1.367957253443127e-05 1.3887221244850432e-05
1.3842597088310753e-05 1.3890707492288102e-05
1.3842597088310753e-05 1.3890707492288102e-05
1.3842597088310753e-05 1.3890707492288102e-05
1.3842597088310753e-05 1.3890707492288102e-05
1.4212805921623459e-05 1.3882829127832635e-05
1.4212805921623459e-05 1.3882829127832635e-05
1.2583146096742342e-05 1.3890338042373284e-05
1.2583146096742342e-05 1.3890338042373284e-05
1.3069993219250702e-05 1.3886748807737012e-05
1.4525852715415525e-05 1.38947951557307e-05
1.4525852715415525e-05 1.38947951557307e-05
1.327986739794734e-05 1.3879267874871523e-05
1.327986739794734e-05 1.3879267874871523e-05
1.4139404107712413e-05 1.388061237432661e-05
1.4139404107712413e-05 1.388061237432661e-05
1.3585513865231246e-05 1.3905658559135391e-05
1.4544774813187607e-05 1.3882904666587616e-05
1.3661115272737262e-05 1.3894524886365745e-05
1.3661115272737262e-05 1.3894524886365745e-05
1.4228657802169431e-05 1.3892730704342114e-05
1.4228657802169431e-05 1.3892730704342114e-05
1.3280697502232817e-05 1.3891415869457385e-05
1.3280697502232817e-05 1.3891415869457385e-05
1.3611983814912148e-05 1.3897123625680632e-05
1.3611983814912148e-05 1.3897123625680632e-05
1.3938440120185235e-05 1.388904555510078e-05
1.3938440120185235e-05 1.388904555510078e-05
1.4325066084900453e-05 1.3888351743086985e-05
1.2560254792480903e-05 1.3891287476846572e-05
1.316677678735417e-05 1.3873454716285874e-05
1.316677678735417e-05 1.3873454716285874e-05
1.3205082613707672e-05 1.3878695616522219e-05
1.3205082613707672e-05 1.3878695616522219e-05
1.3127758225797442e-05 1.3879683745545546e-05
1.3127758225797442e-05 1.3879683745545546e-05
1.4742486458161808e-05 1.3896052432585038e-05
1.4742486458161808e-05 1.3896052432585038e-05
1.4350520597749503e-05 1.3888314385945267e-05
1.4430884152107634e-05 1.3893021160135612e-05
1.3275577445390397e-05 1.3900346569304875e-05
1.380217388691033e-05 1.3886456203336747e-05
1.380217388691033e-05 1.3886456203336747e-05
1.4708653946315388e-05 1.3885476370039872e-05
1.4307604063188205e-05 1.390327108267065e-05
1.4824037767791572e-05 1.3889734471526377e-05
1.4824037767791572e-05 1.3889734471526377e-05
1.4151142813863946e-05 1.3895156738597671e-05
1.4151142813863946e-05 1.3895156738597671e-05
1.3776312994797925e-05 1.3888859998904492e-05
1.3776312994797925e-05 1.3888859998904492e-05
1.257663206689561e-05 1.38936005859037e-05
1.2591877780944825e-05 1.3898906328065137e-05
1.2526621492053635e-05 1.3919014691282365e-05
1.2223740185848169e-05 1.389066746427545e-05
1.30390804058153e-05 1.3892183934471937e-05
1.421630247330269e-05 1.3873454716285874e-05
1.421630247330269e-05 1.3873454716285874e-05
1.2482279404796442e-05 1.3902860468561563e-05
1.4111820242723307e-05 1.3889165515631852e-05
1.4111820242723307e-05 1.3889165515631852e-05
1.3066451070224009e-05 1.389881500264952e-05
1.406001406001406e-05 1.3885332327736663e-05
1.421909875319507e-05 1.3884603012238426e-05
1.4825325935092829e-05 1.3883249396135805e-05
1.4825325935092829e-05 1.3883249396135805e-05
1.5043953417234018e-05 1.3875639027005104e-05
1.3456838044869268e-05 1.3892131090969989e-05
1.3456838044869268e-05 1.3892131090969989e-05
1.3456838044869268e-05 1.3892131090969989e-05
1.3456838044869268e-05 1.3892131090969989e-05
1.3224529990869162e-05 1.3883908114677346e-05
1.3224529990869162e-05 1.3883908114677346e-05
1.4384308864539872e-05 1.3889921433463618e-05
1.4384308864539872e-05 1.3889921433463618e-05
1.4384308864539872e-05 1.3889921433463618e-05
1.4384308864539872e-05 1.3889921433463618e-05
1.3682925788527849e-05 1.388670630243664e-05
1.3682925788527849e-05 1.388670630243664e-05
1.3682925788527849e-05 1.388670630243664e-05
1.3682925788527849e-05 1.388670630243664e-05
1.4163616686917437e-05 1.3886203402332435e-05
1.4163616686917437e-05 1.3886203402332435e-05
1.4163616686917437e-05 1.3886203402332435e-05
1.4163616686917437e-05 1.3886203402332435e-05
1.3316641090505128e-05 1.3895653990158716e-05
1.3316641090505128e-05 1.3895653990158716e-05
1.492728752388366e-05 1.3886358939506936e-05
1.492728752388366e-05 1.3886358939506936e-05
1.411637369522469e-05 1.3888315330143692e-05
1.411637369522469e-05 1.3888315330143692e-05
1.411637369522469e-05 1.3888315330143692e-05
1.411637369522469e-05 1.3888315330143692e-05
1.4112695491171912e-05 1.3890896659733775e-05
1.4112695491171912e-05 1.3890896659733775e-05
1.4112695491171912e-05 1.3890896659733775e-05
1.4112695491171912e-05 1.3890896659733775e-05
1.3699588966281973e-05 1.3882502842267316e-05
1.3699588966281973e-05 1.3882502842267316e-05
1.3699588966281973e-05 1.3882502842267316e-05
1.3699588966281973e-05 1.3882502842267316e-05
1.3812404642098965e-05 1.3883704141942723e-05
1.3812404642098965e-05 1.3883704141942723e-05
1.3812404642098965e-05 1.3883704141942723e-05
1.3812404642098965e-05 1.3883704141942723e-05
1.4504484508754364e-05 1.3887675336503077e-05
1.4504484508754364e-05 1.3887675336503077e-05
1.4504484508754364e-05 1.3887675336503077e-05
1.4504484508754364e-05 1.3887675336503077e-05
1.481342061052206e-05 1.3885283470799299e-05
1.481342061052206e-05 1.3885283470799299e-05
1.3384291976417423e-05 1.387861216699391e-05
1.3384291976417423e-05 1.387861216699391e-05
1.3117264039773264e-05 1.3891448596808383e-05
1.3117264039773264e-05 1.3891448596808383e-05
1.3117264039773264e-05 1.3891448596808383e-05
1.3117264039773264e-05 1.3891448596808383e-05
1.330239845298938e-05 1.3890889176930367e-05
1.330239845298938e-05 1.3890889176930367e-05
1.330239845298938e-05 1.3890889176930367e-05
1.330239845298938e-05 1.3890889176930367e-05
1.3664961581628248e-05 1.3890396373766662e-05
1.3664961581628248e-05 1.3890396373766662e-05
1.3664961581628248e-05 1.3890396373766662e-05
1.3664961581628248e-05 1.3890396373766662e-05
1.4372869287065855e-05 1.3893061499721228e-05
1.4372869287065855e-05 1.3893061499721228e-05
1.4372869287065855e-05 1.3893061499721228e-05
1.4372869287065855e-05 1.3893061499721228e-05
1.3987310107413901e-05 1.3886944239480783e-05
1.3987310107413901e-05 1.3886944239480783e-05
1.3982967113802418e-05 1.3897713998393586e-05
1.3982967113802418e-05 1.3897713998393586e-05
1.3597989467661197e-05 1.3897016214654662e-05
1.3597989467661197e-05 1.3897016214654662e-05
1.3632682382067406e-05 1.38936881870933e-05
1.3632682382067406e-05 1.38936881870933e-05
1.3632682382067406e-05 1.38936881870933e-05
1.3632682382067406e-05 1.38936881870933e-05
1.3507463838589666e-05 1.3886615057183619e-05
1.3507463838589666e-05 1.3886615057183619e-05
1.3632270093502698e-05 1.388858489797457e-05
1.3632270093502698e-05 1.388858489797457e-05
1.4491350605828093e-05 1.3882791349159062e-05
1.4491350605828093e-05 1.3882791349159062e-05
1.4491350605828093e-05 1.3882791349159062e-05
1.4491350605828093e-05 1.3882791349159062e-05
1.4312286272516137e-05 1.3884596066916509e-05
1.4312286272516137e-05 1.3884596066916509e-05
1.4312286272516137e-05 1.3884596066916509e-05
1.4312286272516137e-05 1.3884596066916509e-05
1.3687147082395886e-05 1.3885144580238039e-05
1.3687147082395886e-05 1.3885144580238039e-05
1.3687147082395886e-05 1.3885144580238039e-05
1.3687147082395886e-05 1.3885144580238039e-05
1.3444509942420978e-05 1.388092316542061e-05
1.3444509942420978e-05 1.388092316542061e-05
1.3901947391935131e-05 1.3875013875013875e-05
1.3901947391935131e-05 1.3875013875013875e-05
1.405796281433081e-05 1.3910992403975931e-05
1.405796281433081e-05 1.3910992403975931e-05
1.3389755154700255e-05 1.387642882645942e-05
1.3389755154700255e-05 1.387642882645942e-05
1.3476185942146608e-05 1.3896360050206204e-05
1.3476185942146608e-05 1.3896360050206204e-05
1.3568841982126115e-05 1.3891448596808383e-05
1.3568841982126115e-05 1.3891448596808383e-05
1.3568841982126115e-05 1.3891448596808383e-05
1.3568841982126115e-05 1.3891448596808383e-05
1.3492631602867823e-05 1.389158333857948e-05
1.3492631602867823e-05 1.389158333857948e-05
1.4548245182048e-05 1.389147871068854e-05
1.4548245182048e-05 1.389147871068854e-05
1.4548245182048e-05 1.389147871068854e-05
1.4548245182048e-05 1.389147871068854e-05
1.3443189463597627e-05 1.3881828714834609e-05
1.3443189463597627e-05 1.3881828714834609e-05
1.4936662663935391e-05 1.3882692741618079e-05
1.4936662663935391e-05 1.3882692741618079e-05
1.5053017294951207e-05 1.3889984463795156e-05
1.5053017294951207e-05 1.3889984463795156e-05
1.4818001169314623e-05 1.38899137405067e-05
1.4818001169314623e-05 1.38899137405067e-05
1.4818001169314623e-05 1.38899137405067e-05
1.4818001169314623e-05 1.38899137405067e-05
1.3831446228934224e-05 1.3884956557833662e-05
1.3831446228934224e-05 1.3884956557833662e-05
1.348651515113645e-05 1.3897310830495854e-05
1.348651515113645e-05 1.3897310830495854e-05
1.4195330205693027e-05 1.3887715279146989e-05
1.4322804978126916e-05 1.3893776673048831e-05
1.4322804978126916e-05 1.3893776673048831e-05
1.4248839614266018e-05 1.3885517508094742e-05
1.4248839614266018e-05 1.3885517508094742e-05
1.4303311882732932e-05 1.3892943340977265e-05
1.4303311882732932e-05 1.3892943340977265e-05
1.4591938347410959e-05 1.3873817088877147e-05
1.4622974158843444e-05 1.3879330067620353e-05
1.4538945575202462e-05 1.3886740196277347e-05
1.4538945575202462e-05 1.3886740196277347e-05
1.4459072427877421e-05 1.3893655372895971e-05
1.4459072427877421e-05 1.3893655372895971e-05
1.3841335736578245e-05 1.38884447062028e-05
1.3841335736578245e-05 1.38884447062028e-05
1.4000226520518983e-05 1.3883832649115009e-05
1.4000226520518983e-05 1.3883832649115009e-05
1.4150815702237306e-05 1.3892520878492594e-05
1.4150815702237306e-05 1.3892520878492594e-05
1.4253428612531482e-05 1.3884463418858571e-05
1.4920065289714512e-05 1.389583152909097e-05
1.4249710220445143e-05 1.3878969100535458e-05
1.4249710220445143e-05 1.3878969100535458e-05
1.4059703509521733e-05 1.389532449562765e-05
1.4059703509521733e-05 1.389532449562765e-05
1.3908901697086134e-05 1.3886847866181802e-05
1.3908901697086134e-05 1.3886847866181802e-05
1.4477730200191952e-05 1.3893850546367168e-05
1.4477730200191952e-05 1.3893850546367168e-05
1.3998827036279618e-05 1.389821496094714e-05
1.4305184198753628e-05 1.389367243909203e-05
1.4053580278639476e-05 1.3890912475727753e-05
1.462118477462888e-05 1.3887000718322274e-05
1.462118477462888e-05 1.3887000718322274e-05
1.429085781481911e-05 1.3894911325502005e-05
1.4490387167866958e-05 1.3895980136484312e-05
1.3953182857015438e-05 1.3888592416472774e-05
1.3953182857015438e-05 1.3888592416472774e-05
1.4194982809612947e-05 1.3891389563790138e-05
1.4194982809612947e-05 1.3891389563790138e-05
1.3910554920561222e-05 1.3884516187171406e-05
1.3910554920561222e-05 1.3884516187171406e-05
1.3965684167137058e-05 1.3879384715959172e-05
1.4242871056601685e-05 1.388036183464887e-05
1.4141504863382268e-05 1.3907168033664954e-05
1.4100118016156611e-05 1.3890866926764436e-05
1.4792263677238413e-05 1.3882126661328419e-05
1.4010442698086924e-05 1.3878969100535458e-05
1.4010442698086924e-05 1.3878969100535458e-05
1.3979700664218125e-05 1.3891847960888629e-05
1.3660855623655477e-05 1.3891620211742542e-05
1.3660855623655477e-05 1.3891620211742542e-05
1.4256937851303552e-05 1.3899518352142988e-05
1.4118126510057346e-05 1.3890588879172436e-05
1.429124016502836e-05 1.3881633306150712e-05
1.3874449433558764e-05 1.3882107874304284e-05
1.3874449433558764e-05 1.3882107874304284e-05
1.5170403554026332e-05 1.3906707769297164e-05