6.9430146428028685e-06 6.943106004447739e-06
6.943975256927084e-06 6.94302723842966e-06
6.943975256927084e-06 6.94302723842966e-06
6.943940090864341e-06 6.943007320448341e-06
6.943940090864341e-06 6.943007320448341e-06
6.943804678649907e-06 6.943116380867385e-06
6.943540955168862e-06 6.943110278591619e-06
6.943540955168862e-06 6.943110278591619e-06
6.942605274109946e-06 6.943176886228031e-06
6.9435634927346935e-06 6.943074654343252e-06
6.9435634927346935e-06 6.943074654343252e-06
6.943299400782294e-06 6.94305096527122e-06
6.943299400782294e-06 6.94305096527122e-06
6.943299400782294e-06 6.94305096527122e-06
6.943780523753754e-06 6.943096303126879e-06
6.943780523753754e-06 6.943096303126879e-06
6.944164561950311e-06 6.94299949137652e-06
6.944164561950311e-06 6.94299949137652e-06
6.943981255033325e-06 6.943071602551899e-06
6.943981255033325e-06 6.943071602551899e-06