0.15018055555555557 0.15130555555555555
0.15018055555555557 0.15130555555555555
0.13190277777777779 0.1304722222222222
0.13190277777777779 0.1304722222222222
0.132 0.13102777777777777
0.132 0.13102777777777777
0.10536111111111111 0.10430555555555555
0.10536111111111111 0.10430555555555555
0.11411111111111111 0.11152777777777778
0.11411111111111111 0.11152777777777778
0.13294444444444445 0.1337361111111111
0.13294444444444445 0.1337361111111111
0.13445833333333335 0.13333333333333333
0.13445833333333335 0.13333333333333333
0.12670833333333334 0.12566666666666668
0.12670833333333334 0.12566666666666668
0.1527361111111111 0.15213888888888888
0.1527361111111111 0.15213888888888888
0.11201388888888889 0.11143055555555556
0.11201388888888889 0.11143055555555556
0.12204166666666667 0.12040277777777778
0.12204166666666667 0.12040277777777778
0.07898611111111112 0.07780555555555556
0.07898611111111112 0.07780555555555556
0.1500138888888889 0.15369444444444444
0.1500138888888889 0.15369444444444444
0.08665277777777777 0.08659722222222223
0.08665277777777777 0.08659722222222223
0.15693055555555555 0.15859722222222222
0.15693055555555555 0.15859722222222222
0.11291666666666667 0.11219444444444444
0.11291666666666667 0.11219444444444444
0.14954166666666666 0.1495277777777778
0.14954166666666666 0.1495277777777778
0.13418055555555555 0.13352777777777777
0.13418055555555555 0.13352777777777777
0.1264861111111111 0.12680555555555556
0.1264861111111111 0.12680555555555556
0.1611388888888889 0.16206944444444443
0.1611388888888889 0.16206944444444443
0.16166666666666665 0.1634722222222222
0.16166666666666665 0.1634722222222222
0.15731944444444446 0.15940277777777778
0.15731944444444446 0.15940277777777778
0.11841666666666667 0.11923611111111111
0.11841666666666667 0.11923611111111111
0.1478611111111111 0.1478611111111111
0.1478611111111111 0.1478611111111111
0.12258333333333334 0.12356944444444444
0.12258333333333334 0.12356944444444444
0.152 0.15543055555555554
0.152 0.15543055555555554
0.14406944444444444 0.14252777777777778
0.14406944444444444 0.14252777777777778
0.11386111111111111 0.11576388888888889
0.11386111111111111 0.11576388888888889
0.09959722222222223 0.10209722222222223
0.09959722222222223 0.10209722222222223
0.13580555555555557 0.13497222222222222
0.13580555555555557 0.13497222222222222
0.18483333333333332 0.18719444444444444
0.18483333333333332 0.18719444444444444
0.2093611111111111 0.20666666666666667
0.2093611111111111 0.20666666666666667
0.12509722222222222 0.12383333333333334
0.12509722222222222 0.12383333333333334
0.14641666666666667 0.14380555555555555
0.14641666666666667 0.14380555555555555
0.15458333333333332 0.1540277777777778
0.15458333333333332 0.1540277777777778
0.1495277777777778 0.14747222222222223
0.1495277777777778 0.14747222222222223
0.14326388888888889 0.14280555555555555
0.14326388888888889 0.14280555555555555
0.152 0.15333333333333332
0.152 0.15333333333333332
0.12211111111111111 0.12443055555555556
0.12211111111111111 0.12443055555555556
0.18897222222222224 0.1902361111111111
0.18897222222222224 0.1902361111111111
0.18779166666666666 0.18880555555555556
0.18779166666666666 0.18880555555555556
0.08344444444444445 0.0835
0.08344444444444445 0.0835
0.11705555555555555 0.11580555555555555
0.11705555555555555 0.11580555555555555
0.18875 0.18933333333333333
0.18875 0.18933333333333333
0.10944444444444444 0.10876388888888888
0.10944444444444444 0.10876388888888888
0.11565277777777777 0.11452777777777778
0.11565277777777777 0.11452777777777778
0.18820833333333334 0.1882361111111111
0.18820833333333334 0.1882361111111111
0.14743055555555556 0.14430555555555555
0.14743055555555556 0.14430555555555555
0.17194444444444446 0.17226388888888888
0.17194444444444446 0.17226388888888888
0.22180555555555556 0.22130555555555556
0.22180555555555556 0.22130555555555556
0.19697222222222222 0.1912361111111111
0.19697222222222222 0.1912361111111111
0.12918055555555555 0.12709722222222222
0.12918055555555555 0.12709722222222222
0.18772222222222223 0.18793055555555555
0.18772222222222223 0.18793055555555555
0.21341666666666667 0.21080555555555555
0.21341666666666667 0.21080555555555555
0.21590277777777778 0.21380555555555555
0.21590277777777778 0.21380555555555555
0.14306944444444444 0.14159722222222224
0.14306944444444444 0.14159722222222224
0.140125 0.14
0.140125 0.14
0.20365277777777777 0.2046388888888889
0.20365277777777777 0.2046388888888889
0.1435 0.14333333333333334
0.1435 0.14333333333333334
0.19672222222222221 0.19780555555555557
0.19672222222222221 0.19780555555555557
0.194125 0.19519444444444445
0.194125 0.19519444444444445
0.13530555555555557 0.13152777777777777
0.13530555555555557 0.13152777777777777
0.20879166666666665 0.2080972222222222
0.20879166666666665 0.2080972222222222
0.13130555555555556 0.13143055555555555
0.13130555555555556 0.13143055555555555
0.203125 0.2038611111111111
0.203125 0.2038611111111111
0.12198611111111111 0.12090277777777778
0.12198611111111111 0.12090277777777778
0.17948611111111112 0.17919444444444443
0.17948611111111112 0.17919444444444443
0.20241666666666666 0.20323611111111112
0.20241666666666666 0.20323611111111112
0.11256944444444444 0.11290277777777778
0.11256944444444444 0.11290277777777778
0.11408333333333333 0.1155
0.11408333333333333 0.1155
0.20158333333333334 0.20247222222222222
0.20158333333333334 0.20247222222222222
0.18634722222222222 0.18609722222222222
0.18634722222222222 0.18609722222222222
0.18659722222222222 0.1872638888888889
0.18659722222222222 0.1872638888888889
0.10198611111111111 0.10309722222222223
0.10198611111111111 0.10309722222222223
0.12845833333333334 0.12552777777777777
0.12845833333333334 0.12552777777777777
0.09481944444444444 0.09383333333333334
0.09481944444444444 0.09383333333333334
0.17422222222222222 0.1751388888888889
0.17422222222222222 0.1751388888888889
0.12745833333333334 0.12563888888888888
0.12745833333333334 0.12563888888888888
0.19208333333333333 0.1932361111111111
0.19208333333333333 0.1932361111111111
0.1356527777777778 0.13430555555555557
0.1356527777777778 0.13430555555555557
0.12295833333333334 0.12140277777777778
0.12295833333333334 0.12140277777777778
0.18654166666666666 0.18556944444444445
0.18654166666666666 0.18556944444444445
0.11075 0.10786111111111112
0.11075 0.10786111111111112
0.12491666666666666 0.12619444444444444
0.12491666666666666 0.12619444444444444
0.12515277777777778 0.12483333333333334
0.12515277777777778 0.12483333333333334
0.22375 0.22219444444444444
0.22375 0.22219444444444444
0.1973888888888889 0.1999027777777778
0.1973888888888889 0.1999027777777778
0.15920833333333334 0.16190277777777778
0.15920833333333334 0.16190277777777778
0.1499861111111111 0.14947222222222223
0.1499861111111111 0.14947222222222223
0.12061111111111111 0.11952777777777777
0.12061111111111111 0.11952777777777777
0.058486111111111114 0.058
0.058486111111111114 0.058
0.1511111111111111 0.1505277777777778
0.1511111111111111 0.1505277777777778
0.11044444444444444 0.10969444444444444
0.11044444444444444 0.10969444444444444
0.1954861111111111 0.193
0.1954861111111111 0.193
0.1778472222222222 0.1786388888888889
0.1778472222222222 0.1786388888888889
0.2016111111111111 0.20397222222222222
0.2016111111111111 0.20397222222222222
0.12329166666666666 0.12319444444444444
0.12329166666666666 0.12319444444444444
0.16244444444444445 0.16352777777777777
0.16244444444444445 0.16352777777777777
0.18436111111111111 0.18866666666666668
0.18436111111111111 0.18866666666666668
0.17669444444444443 0.17980555555555555
0.17669444444444443 0.17980555555555555