1.4655593551538837e-05 1.3902753342635539e-05
1.4655593551538837e-05 1.3902753342635539e-05
1.4655593551538837e-05 1.3902753342635539e-05
1.4655593551538837e-05 1.3902753342635539e-05
1.4655593551538837e-05 1.3902753342635539e-05
1.4655593551538837e-05 1.3902753342635539e-05
1.4655593551538837e-05 1.3902753342635539e-05
1.4655593551538837e-05 1.3902753342635539e-05
1.4655593551538837e-05 1.3902753342635539e-05
1.4655593551538837e-05 1.3902753342635539e-05
1.4655593551538837e-05 1.3902753342635539e-05
1.4655593551538837e-05 1.3902753342635539e-05
1.5536536717712695e-05 1.3916113666816431e-05
1.5536536717712695e-05 1.3916113666816431e-05
1.5536536717712695e-05 1.3916113666816431e-05
1.5536536717712695e-05 1.3916113666816431e-05
1.5536536717712695e-05 1.3916113666816431e-05
1.5536536717712695e-05 1.3916113666816431e-05
1.4397281385563782e-05 1.3887405851103554e-05
1.4397281385563782e-05 1.3887405851103554e-05
1.4397281385563782e-05 1.3887405851103554e-05
1.4397281385563782e-05 1.3887405851103554e-05
1.4397281385563782e-05 1.3887405851103554e-05
1.4397281385563782e-05 1.3887405851103554e-05
1.496209078681698e-05 1.388583930786034e-05
1.496209078681698e-05 1.388583930786034e-05
1.496209078681698e-05 1.388583930786034e-05
1.496209078681698e-05 1.388583930786034e-05
1.496209078681698e-05 1.388583930786034e-05
1.496209078681698e-05 1.388583930786034e-05
1.2913629489861168e-05 1.3869350920563989e-05
1.2913629489861168e-05 1.3869350920563989e-05
1.2913629489861168e-05 1.3869350920563989e-05
1.2913629489861168e-05 1.3869350920563989e-05
1.2913629489861168e-05 1.3869350920563989e-05
1.2913629489861168e-05 1.3869350920563989e-05
1.2913629489861168e-05 1.3869350920563989e-05
1.2913629489861168e-05 1.3869350920563989e-05
1.2913629489861168e-05 1.3869350920563989e-05
1.2913629489861168e-05 1.3869350920563989e-05
1.2913629489861168e-05 1.3869350920563989e-05
1.2913629489861168e-05 1.3869350920563989e-05
1.4550957453000407e-05 1.3940227071321888e-05
1.4550957453000407e-05 1.3940227071321888e-05
1.4550957453000407e-05 1.3940227071321888e-05
1.4550957453000407e-05 1.3940227071321888e-05
1.4550957453000407e-05 1.3940227071321888e-05
1.4550957453000407e-05 1.3940227071321888e-05
1.4550957453000407e-05 1.3940227071321888e-05
1.4550957453000407e-05 1.3940227071321888e-05
1.4550957453000407e-05 1.3940227071321888e-05
1.4550957453000407e-05 1.3940227071321888e-05
1.4550957453000407e-05 1.3940227071321888e-05
1.4550957453000407e-05 1.3940227071321888e-05
1.4550957453000407e-05 1.3940227071321888e-05
1.4550957453000407e-05 1.3940227071321888e-05
1.4550957453000407e-05 1.3940227071321888e-05
1.4550957453000407e-05 1.3940227071321888e-05
1.4550957453000407e-05 1.3940227071321888e-05
1.4550957453000407e-05 1.3940227071321888e-05
1.4550957453000407e-05 1.3940227071321888e-05
1.4550957453000407e-05 1.3940227071321888e-05
1.4550957453000407e-05 1.3940227071321888e-05
1.4550957453000407e-05 1.3940227071321888e-05
1.4550957453000407e-05 1.3940227071321888e-05
1.4550957453000407e-05 1.3940227071321888e-05
1.4550957453000407e-05 1.3940227071321888e-05
1.4550957453000407e-05 1.3940227071321888e-05
1.4550957453000407e-05 1.3940227071321888e-05
1.4550957453000407e-05 1.3940227071321888e-05
1.4550957453000407e-05 1.3940227071321888e-05
1.4550957453000407e-05 1.3940227071321888e-05
1.4550957453000407e-05 1.3940227071321888e-05
1.4550957453000407e-05 1.3940227071321888e-05
1.4550957453000407e-05 1.3940227071321888e-05
1.4550957453000407e-05 1.3940227071321888e-05
1.4550957453000407e-05 1.3940227071321888e-05
1.4550957453000407e-05 1.3940227071321888e-05
1.391119305828162e-05 1.3874302214189375e-05
1.391119305828162e-05 1.3874302214189375e-05
1.391119305828162e-05 1.3874302214189375e-05
1.391119305828162e-05 1.3874302214189375e-05
1.391119305828162e-05 1.3874302214189375e-05
1.391119305828162e-05 1.3874302214189375e-05
1.3487978561413465e-05 1.388258684706056e-05
1.3487978561413465e-05 1.388258684706056e-05
1.3487978561413465e-05 1.388258684706056e-05
1.3487978561413465e-05 1.388258684706056e-05
1.3487978561413465e-05 1.388258684706056e-05
1.3487978561413465e-05 1.388258684706056e-05
1.3487978561413465e-05 1.388258684706056e-05
1.3487978561413465e-05 1.388258684706056e-05
1.3487978561413465e-05 1.388258684706056e-05
1.3487978561413465e-05 1.388258684706056e-05
1.3487978561413465e-05 1.388258684706056e-05
1.3487978561413465e-05 1.388258684706056e-05
1.3487978561413465e-05 1.388258684706056e-05
1.3487978561413465e-05 1.388258684706056e-05
1.3487978561413465e-05 1.388258684706056e-05
1.3487978561413465e-05 1.388258684706056e-05
1.3487978561413465e-05 1.388258684706056e-05
1.3487978561413465e-05 1.388258684706056e-05
1.2881728556215863e-05 1.3893605082674131e-05
1.2881728556215863e-05 1.3893605082674131e-05
1.2881728556215863e-05 1.3893605082674131e-05
1.2881728556215863e-05 1.3893605082674131e-05
1.2881728556215863e-05 1.3893605082674131e-05
1.2881728556215863e-05 1.3893605082674131e-05
1.5096618357487922e-05 1.3868528171755128e-05
1.5096618357487922e-05 1.3868528171755128e-05
1.5096618357487922e-05 1.3868528171755128e-05
1.5096618357487922e-05 1.3868528171755128e-05
1.5096618357487922e-05 1.3868528171755128e-05
1.5096618357487922e-05 1.3868528171755128e-05
1.5096618357487922e-05 1.3868528171755128e-05
1.5096618357487922e-05 1.3868528171755128e-05
1.5096618357487922e-05 1.3868528171755128e-05
1.5096618357487922e-05 1.3868528171755128e-05
1.5096618357487922e-05 1.3868528171755128e-05
1.5096618357487922e-05 1.3868528171755128e-05
1.5096618357487922e-05 1.3868528171755128e-05
1.5096618357487922e-05 1.3868528171755128e-05
1.5096618357487922e-05 1.3868528171755128e-05
1.5096618357487922e-05 1.3868528171755128e-05
1.5096618357487922e-05 1.3868528171755128e-05
1.5096618357487922e-05 1.3868528171755128e-05
1.5096618357487922e-05 1.3868528171755128e-05
1.5096618357487922e-05 1.3868528171755128e-05
1.5096618357487922e-05 1.3868528171755128e-05
1.5096618357487922e-05 1.3868528171755128e-05
1.5096618357487922e-05 1.3868528171755128e-05
1.5096618357487922e-05 1.3868528171755128e-05
6.123732196068782e-06 5.426703898196771e-06
6.123732196068782e-06 5.426703898196771e-06
6.123732196068782e-06 5.426703898196771e-06
6.123732196068782e-06 5.426703898196771e-06
6.123732196068782e-06 5.426703898196771e-06
6.123732196068782e-06 5.426703898196771e-06
6.123732196068782e-06 5.426703898196771e-06
6.123732196068782e-06 5.426703898196771e-06
6.123732196068782e-06 5.426703898196771e-06
6.123732196068782e-06 5.426703898196771e-06
6.123732196068782e-06 5.426703898196771e-06
6.123732196068782e-06 5.426703898196771e-06
6.123732196068782e-06 5.426703898196771e-06
6.123732196068782e-06 5.426703898196771e-06
6.123732196068782e-06 5.426703898196771e-06
6.123732196068782e-06 5.426703898196771e-06
3.274683747417093e-06 3.645319674651905e-06
3.274683747417093e-06 3.645319674651905e-06
3.274683747417093e-06 3.645319674651905e-06
3.274683747417093e-06 3.645319674651905e-06
3.274683747417093e-06 3.645319674651905e-06
3.274683747417093e-06 3.645319674651905e-06
3.274683747417093e-06 3.645319674651905e-06
3.274683747417093e-06 3.645319674651905e-06
7.112863982418962e-06 8.74541740128173e-06
7.112863982418962e-06 8.74541740128173e-06
7.112863982418962e-06 8.74541740128173e-06
7.112863982418962e-06 8.74541740128173e-06
7.112863982418962e-06 8.74541740128173e-06
7.112863982418962e-06 8.74541740128173e-06
7.112863982418962e-06 8.74541740128173e-06
7.112863982418962e-06 8.74541740128173e-06
0.00014704656221812916 0.00012173887380474561
0.00014704656221812916 0.00012173887380474561
0.00014704656221812916 0.00012173887380474561
0.00014704656221812916 0.00012173887380474561
0.00014704656221812916 0.00012173887380474561
0.00014704656221812916 0.00012173887380474561
0.00014704656221812916 0.00012173887380474561
0.00014704656221812916 0.00012173887380474561
1.2001148681373788e-05 1.3441991378423617e-05
1.2001148681373788e-05 1.3441991378423617e-05
1.2001148681373788e-05 1.3441991378423617e-05
1.2001148681373788e-05 1.3441991378423617e-05
1.2001148681373788e-05 1.3441991378423617e-05
1.2001148681373788e-05 1.3441991378423617e-05
1.2001148681373788e-05 1.3441991378423617e-05
1.2001148681373788e-05 1.3441991378423617e-05
1.2001148681373788e-05 1.3441991378423617e-05
1.2001148681373788e-05 1.3441991378423617e-05
1.2001148681373788e-05 1.3441991378423617e-05
1.2001148681373788e-05 1.3441991378423617e-05
1.2001148681373788e-05 1.3441991378423617e-05
1.2001148681373788e-05 1.3441991378423617e-05
1.2001148681373788e-05 1.3441991378423617e-05
1.2001148681373788e-05 1.3441991378423617e-05
3.322291599487976e-05 3.1995027058651456e-05
3.322291599487976e-05 3.1995027058651456e-05
3.322291599487976e-05 3.1995027058651456e-05
3.322291599487976e-05 3.1995027058651456e-05
3.322291599487976e-05 3.1995027058651456e-05
3.322291599487976e-05 3.1995027058651456e-05
3.322291599487976e-05 3.1995027058651456e-05
3.322291599487976e-05 3.1995027058651456e-05
3.322291599487976e-05 3.1995027058651456e-05
3.322291599487976e-05 3.1995027058651456e-05
3.322291599487976e-05 3.1995027058651456e-05
3.322291599487976e-05 3.1995027058651456e-05
3.322291599487976e-05 3.1995027058651456e-05
3.322291599487976e-05 3.1995027058651456e-05
3.322291599487976e-05 3.1995027058651456e-05
3.322291599487976e-05 3.1995027058651456e-05
3.322291599487976e-05 3.1995027058651456e-05
3.322291599487976e-05 3.1995027058651456e-05
3.322291599487976e-05 3.1995027058651456e-05
3.322291599487976e-05 3.1995027058651456e-05
3.322291599487976e-05 3.1995027058651456e-05
3.322291599487976e-05 3.1995027058651456e-05
3.322291599487976e-05 3.1995027058651456e-05
3.322291599487976e-05 3.1995027058651456e-05
3.322291599487976e-05 3.1995027058651456e-05
3.322291599487976e-05 3.1995027058651456e-05
3.322291599487976e-05 3.1995027058651456e-05
3.322291599487976e-05 3.1995027058651456e-05
3.322291599487976e-05 3.1995027058651456e-05
3.322291599487976e-05 3.1995027058651456e-05
3.322291599487976e-05 3.1995027058651456e-05
3.322291599487976e-05 3.1995027058651456e-05
3.322291599487976e-05 3.1995027058651456e-05
3.322291599487976e-05 3.1995027058651456e-05
3.322291599487976e-05 3.1995027058651456e-05
3.322291599487976e-05 3.1995027058651456e-05
3.322291599487976e-05 3.1995027058651456e-05
3.322291599487976e-05 3.1995027058651456e-05
3.322291599487976e-05 3.1995027058651456e-05
3.322291599487976e-05 3.1995027058651456e-05
3.322291599487976e-05 3.1995027058651456e-05
3.322291599487976e-05 3.1995027058651456e-05
3.322291599487976e-05 3.1995027058651456e-05
3.322291599487976e-05 3.1995027058651456e-05
3.322291599487976e-05 3.1995027058651456e-05
3.322291599487976e-05 3.1995027058651456e-05
3.322291599487976e-05 3.1995027058651456e-05
3.322291599487976e-05 3.1995027058651456e-05
1.4121463670626402e-05 1.4996308600959763e-05
1.4121463670626402e-05 1.4996308600959763e-05
1.4121463670626402e-05 1.4996308600959763e-05
1.4121463670626402e-05 1.4996308600959763e-05
1.4121463670626402e-05 1.4996308600959763e-05
1.4121463670626402e-05 1.4996308600959763e-05
1.4121463670626402e-05 1.4996308600959763e-05
1.4121463670626402e-05 1.4996308600959763e-05
1.191343514738294e-05 1.2407458516721622e-05
1.191343514738294e-05 1.2407458516721622e-05
1.191343514738294e-05 1.2407458516721622e-05
1.191343514738294e-05 1.2407458516721622e-05
1.191343514738294e-05 1.2407458516721622e-05
1.191343514738294e-05 1.2407458516721622e-05
1.191343514738294e-05 1.2407458516721622e-05
1.191343514738294e-05 1.2407458516721622e-05
1.191343514738294e-05 1.2407458516721622e-05
1.191343514738294e-05 1.2407458516721622e-05
1.191343514738294e-05 1.2407458516721622e-05
1.191343514738294e-05 1.2407458516721622e-05
1.191343514738294e-05 1.2407458516721622e-05
1.191343514738294e-05 1.2407458516721622e-05
1.191343514738294e-05 1.2407458516721622e-05
1.191343514738294e-05 1.2407458516721622e-05
1.191343514738294e-05 1.2407458516721622e-05
1.191343514738294e-05 1.2407458516721622e-05
1.191343514738294e-05 1.2407458516721622e-05
1.191343514738294e-05 1.2407458516721622e-05
1.191343514738294e-05 1.2407458516721622e-05
1.191343514738294e-05 1.2407458516721622e-05
1.191343514738294e-05 1.2407458516721622e-05
1.191343514738294e-05 1.2407458516721622e-05
3.3064148041128924e-05 2.9197173288939474e-05
3.3064148041128924e-05 2.9197173288939474e-05
3.3064148041128924e-05 2.9197173288939474e-05
3.3064148041128924e-05 2.9197173288939474e-05
3.3064148041128924e-05 2.9197173288939474e-05
3.3064148041128924e-05 2.9197173288939474e-05
3.3064148041128924e-05 2.9197173288939474e-05
3.3064148041128924e-05 2.9197173288939474e-05
2.8386050283860503e-06 4.29517840453021e-06
2.8386050283860503e-06 4.29517840453021e-06
2.8386050283860503e-06 4.29517840453021e-06
2.8386050283860503e-06 4.29517840453021e-06
2.8386050283860503e-06 4.29517840453021e-06
2.8386050283860503e-06 4.29517840453021e-06
2.8386050283860503e-06 4.29517840453021e-06
2.8386050283860503e-06 4.29517840453021e-06
2.8386050283860503e-06 4.29517840453021e-06
2.8386050283860503e-06 4.29517840453021e-06
2.8386050283860503e-06 4.29517840453021e-06
2.8386050283860503e-06 4.29517840453021e-06
2.8386050283860503e-06 4.29517840453021e-06
2.8386050283860503e-06 4.29517840453021e-06
2.8386050283860503e-06 4.29517840453021e-06
2.8386050283860503e-06 4.29517840453021e-06
2.8386050283860503e-06 4.29517840453021e-06
2.8386050283860503e-06 4.29517840453021e-06
2.8386050283860503e-06 4.29517840453021e-06
2.8386050283860503e-06 4.29517840453021e-06
2.8386050283860503e-06 4.29517840453021e-06
2.8386050283860503e-06 4.29517840453021e-06
2.8386050283860503e-06 4.29517840453021e-06
2.8386050283860503e-06 4.29517840453021e-06
2.8386050283860503e-06 4.29517840453021e-06
2.8386050283860503e-06 4.29517840453021e-06
2.8386050283860503e-06 4.29517840453021e-06
2.8386050283860503e-06 4.29517840453021e-06
2.8386050283860503e-06 4.29517840453021e-06
2.8386050283860503e-06 4.29517840453021e-06
2.8386050283860503e-06 4.29517840453021e-06
2.8386050283860503e-06 4.29517840453021e-06
1.1537949735017598e-05 9.971620012107314e-06
1.1537949735017598e-05 9.971620012107314e-06
1.1537949735017598e-05 9.971620012107314e-06
1.1537949735017598e-05 9.971620012107314e-06
1.1537949735017598e-05 9.971620012107314e-06
1.1537949735017598e-05 9.971620012107314e-06
1.1537949735017598e-05 9.971620012107314e-06
1.1537949735017598e-05 9.971620012107314e-06
1.1537949735017598e-05 9.971620012107314e-06
1.1537949735017598e-05 9.971620012107314e-06
1.1537949735017598e-05 9.971620012107314e-06
1.1537949735017598e-05 9.971620012107314e-06
1.1537949735017598e-05 9.971620012107314e-06
1.1537949735017598e-05 9.971620012107314e-06
1.9280249207720156e-05 2.004097222610302e-05
1.9280249207720156e-05 2.004097222610302e-05
1.9280249207720156e-05 2.004097222610302e-05
1.9280249207720156e-05 2.004097222610302e-05
1.9280249207720156e-05 2.004097222610302e-05
1.9280249207720156e-05 2.004097222610302e-05
1.9280249207720156e-05 2.004097222610302e-05
1.637095058460736e-05 1.7980435977987877e-05
1.637095058460736e-05 1.7980435977987877e-05
1.637095058460736e-05 1.7980435977987877e-05
1.637095058460736e-05 1.7980435977987877e-05
1.637095058460736e-05 1.7980435977987877e-05
1.637095058460736e-05 1.7980435977987877e-05
1.637095058460736e-05 1.7980435977987877e-05
4.1975768493474203e-05 3.7361378559788575e-05
4.1975768493474203e-05 3.7361378559788575e-05
4.1975768493474203e-05 3.7361378559788575e-05
4.1975768493474203e-05 3.7361378559788575e-05
4.1975768493474203e-05 3.7361378559788575e-05
4.1975768493474203e-05 3.7361378559788575e-05
4.1975768493474203e-05 3.7361378559788575e-05
6.746063952769557e-06 6.202134179859512e-06
6.746063952769557e-06 6.202134179859512e-06
6.746063952769557e-06 6.202134179859512e-06
6.746063952769557e-06 6.202134179859512e-06
6.746063952769557e-06 6.202134179859512e-06
6.746063952769557e-06 6.202134179859512e-06
6.746063952769557e-06 6.202134179859512e-06
6.746063952769557e-06 6.202134179859512e-06
6.746063952769557e-06 6.202134179859512e-06
6.746063952769557e-06 6.202134179859512e-06
6.746063952769557e-06 6.202134179859512e-06
6.746063952769557e-06 6.202134179859512e-06
6.746063952769557e-06 6.202134179859512e-06
6.746063952769557e-06 6.202134179859512e-06
1.4620095397071823e-05 1.5187591434046556e-05
1.4620095397071823e-05 1.5187591434046556e-05
1.4620095397071823e-05 1.5187591434046556e-05
1.4620095397071823e-05 1.5187591434046556e-05
1.4620095397071823e-05 1.5187591434046556e-05
1.4620095397071823e-05 1.5187591434046556e-05
1.4620095397071823e-05 1.5187591434046556e-05
1.4620095397071823e-05 1.5187591434046556e-05
1.4620095397071823e-05 1.5187591434046556e-05
1.4620095397071823e-05 1.5187591434046556e-05
1.4620095397071823e-05 1.5187591434046556e-05
1.4620095397071823e-05 1.5187591434046556e-05
1.4620095397071823e-05 1.5187591434046556e-05
1.4620095397071823e-05 1.5187591434046556e-05
1.4620095397071823e-05 1.5187591434046556e-05
1.4620095397071823e-05 1.5187591434046556e-05
1.4620095397071823e-05 1.5187591434046556e-05
1.4620095397071823e-05 1.5187591434046556e-05
1.4620095397071823e-05 1.5187591434046556e-05
1.4620095397071823e-05 1.5187591434046556e-05
1.4620095397071823e-05 1.5187591434046556e-05
1.4620095397071823e-05 1.5187591434046556e-05
1.4620095397071823e-05 1.5187591434046556e-05
1.4620095397071823e-05 1.5187591434046556e-05
1.4620095397071823e-05 1.5187591434046556e-05
1.4620095397071823e-05 1.5187591434046556e-05
1.4620095397071823e-05 1.5187591434046556e-05
1.4620095397071823e-05 1.5187591434046556e-05
1.4620095397071823e-05 1.5187591434046556e-05
1.4620095397071823e-05 1.5187591434046556e-05
1.4620095397071823e-05 1.5187591434046556e-05
1.4620095397071823e-05 1.5187591434046556e-05
1.4620095397071823e-05 1.5187591434046556e-05
1.4620095397071823e-05 1.5187591434046556e-05
1.4620095397071823e-05 1.5187591434046556e-05
1.4620095397071823e-05 1.5187591434046556e-05
1.4620095397071823e-05 1.5187591434046556e-05
1.4620095397071823e-05 1.5187591434046556e-05
1.4620095397071823e-05 1.5187591434046556e-05
1.4620095397071823e-05 1.5187591434046556e-05
1.4620095397071823e-05 1.5187591434046556e-05
1.4620095397071823e-05 1.5187591434046556e-05
3.059162818378894e-06 3.1023819585588848e-06
3.059162818378894e-06 3.1023819585588848e-06
3.059162818378894e-06 3.1023819585588848e-06
3.059162818378894e-06 3.1023819585588848e-06
3.059162818378894e-06 3.1023819585588848e-06
3.059162818378894e-06 3.1023819585588848e-06
3.059162818378894e-06 3.1023819585588848e-06
1.3666984034514166e-05 1.3637764606727782e-05
1.3666984034514166e-05 1.3637764606727782e-05
1.3666984034514166e-05 1.3637764606727782e-05
1.3666984034514166e-05 1.3637764606727782e-05
1.3666984034514166e-05 1.3637764606727782e-05
1.3666984034514166e-05 1.3637764606727782e-05
1.3666984034514166e-05 1.3637764606727782e-05
1.3666984034514166e-05 1.3637764606727782e-05
1.3666984034514166e-05 1.3637764606727782e-05
1.3666984034514166e-05 1.3637764606727782e-05
1.3666984034514166e-05 1.3637764606727782e-05
1.3666984034514166e-05 1.3637764606727782e-05
1.3666984034514166e-05 1.3637764606727782e-05
1.3666984034514166e-05 1.3637764606727782e-05
1.3666984034514166e-05 1.3637764606727782e-05
1.3666984034514166e-05 1.3637764606727782e-05
1.3666984034514166e-05 1.3637764606727782e-05
1.3666984034514166e-05 1.3637764606727782e-05
1.3666984034514166e-05 1.3637764606727782e-05
1.3666984034514166e-05 1.3637764606727782e-05
1.3666984034514166e-05 1.3637764606727782e-05
1.0737057629297482e-05 9.826587989481127e-06
1.0737057629297482e-05 9.826587989481127e-06
1.0737057629297482e-05 9.826587989481127e-06
1.0737057629297482e-05 9.826587989481127e-06
1.0737057629297482e-05 9.826587989481127e-06
1.0737057629297482e-05 9.826587989481127e-06
1.0737057629297482e-05 9.826587989481127e-06
1.53653405195849e-05 1.685883237974782e-05
1.53653405195849e-05 1.685883237974782e-05
1.53653405195849e-05 1.685883237974782e-05
1.53653405195849e-05 1.685883237974782e-05
1.53653405195849e-05 1.685883237974782e-05
1.53653405195849e-05 1.685883237974782e-05
1.53653405195849e-05 1.685883237974782e-05
1.53653405195849e-05 1.685883237974782e-05
1.53653405195849e-05 1.685883237974782e-05
1.53653405195849e-05 1.685883237974782e-05
1.53653405195849e-05 1.685883237974782e-05
1.53653405195849e-05 1.685883237974782e-05
1.53653405195849e-05 1.685883237974782e-05
1.53653405195849e-05 1.685883237974782e-05
1.53653405195849e-05 1.685883237974782e-05
1.53653405195849e-05 1.685883237974782e-05
1.53653405195849e-05 1.685883237974782e-05
1.53653405195849e-05 1.685883237974782e-05
1.53653405195849e-05 1.685883237974782e-05
1.53653405195849e-05 1.685883237974782e-05
1.53653405195849e-05 1.685883237974782e-05
1.53653405195849e-05 1.685883237974782e-05
1.53653405195849e-05 1.685883237974782e-05
1.53653405195849e-05 1.685883237974782e-05
1.53653405195849e-05 1.685883237974782e-05
1.53653405195849e-05 1.685883237974782e-05
1.53653405195849e-05 1.685883237974782e-05
1.53653405195849e-05 1.685883237974782e-05
3.5498335329352273e-06 3.5139503830205916e-06
3.5498335329352273e-06 3.5139503830205916e-06
3.5498335329352273e-06 3.5139503830205916e-06
3.5498335329352273e-06 3.5139503830205916e-06
3.5498335329352273e-06 3.5139503830205916e-06
3.5498335329352273e-06 3.5139503830205916e-06
3.5498335329352273e-06 3.5139503830205916e-06
3.5498335329352273e-06 3.5139503830205916e-06
3.5498335329352273e-06 3.5139503830205916e-06
3.5498335329352273e-06 3.5139503830205916e-06
3.5498335329352273e-06 3.5139503830205916e-06
3.5498335329352273e-06 3.5139503830205916e-06
3.5498335329352273e-06 3.5139503830205916e-06
3.5498335329352273e-06 3.5139503830205916e-06
3.5498335329352273e-06 3.5139503830205916e-06
3.5498335329352273e-06 3.5139503830205916e-06
3.5498335329352273e-06 3.5139503830205916e-06
3.5498335329352273e-06 3.5139503830205916e-06
3.5498335329352273e-06 3.5139503830205916e-06
3.5498335329352273e-06 3.5139503830205916e-06
2.265807307417612e-05 2.383363286034888e-05
2.265807307417612e-05 2.383363286034888e-05
2.265807307417612e-05 2.383363286034888e-05
2.265807307417612e-05 2.383363286034888e-05
2.265807307417612e-05 2.383363286034888e-05
2.265807307417612e-05 2.383363286034888e-05
2.265807307417612e-05 2.383363286034888e-05
2.265807307417612e-05 2.383363286034888e-05
2.265807307417612e-05 2.383363286034888e-05
2.265807307417612e-05 2.383363286034888e-05
2.421456170165821e-06 2.8230305359207462e-06
2.421456170165821e-06 2.8230305359207462e-06
2.421456170165821e-06 2.8230305359207462e-06
2.421456170165821e-06 2.8230305359207462e-06
2.421456170165821e-06 2.8230305359207462e-06
2.421456170165821e-06 2.8230305359207462e-06
2.421456170165821e-06 2.8230305359207462e-06
2.421456170165821e-06 2.8230305359207462e-06
2.421456170165821e-06 2.8230305359207462e-06
2.421456170165821e-06 2.8230305359207462e-06
8.320225173703726e-05 7.371603463720514e-05
8.320225173703726e-05 7.371603463720514e-05
8.320225173703726e-05 7.371603463720514e-05
8.320225173703726e-05 7.371603463720514e-05
8.320225173703726e-05 7.371603463720514e-05
8.320225173703726e-05 7.371603463720514e-05
8.320225173703726e-05 7.371603463720514e-05
8.320225173703726e-05 7.371603463720514e-05
8.320225173703726e-05 7.371603463720514e-05
8.320225173703726e-05 7.371603463720514e-05
1.6639139569054892e-05 1.6901613882384477e-05
1.6639139569054892e-05 1.6901613882384477e-05
1.6639139569054892e-05 1.6901613882384477e-05
1.6639139569054892e-05 1.6901613882384477e-05
1.6639139569054892e-05 1.6901613882384477e-05
1.6639139569054892e-05 1.6901613882384477e-05
1.6639139569054892e-05 1.6901613882384477e-05
1.6639139569054892e-05 1.6901613882384477e-05
1.6639139569054892e-05 1.6901613882384477e-05
1.6639139569054892e-05 1.6901613882384477e-05
1.6639139569054892e-05 1.6901613882384477e-05
1.6639139569054892e-05 1.6901613882384477e-05
1.6639139569054892e-05 1.6901613882384477e-05
1.6639139569054892e-05 1.6901613882384477e-05
1.6639139569054892e-05 1.6901613882384477e-05
1.6639139569054892e-05 1.6901613882384477e-05
1.6639139569054892e-05 1.6901613882384477e-05
1.6639139569054892e-05 1.6901613882384477e-05
1.6639139569054892e-05 1.6901613882384477e-05
1.6639139569054892e-05 1.6901613882384477e-05
4.986970109899741e-05 5.125477864101615e-05
4.986970109899741e-05 5.125477864101615e-05
4.986970109899741e-05 5.125477864101615e-05
4.986970109899741e-05 5.125477864101615e-05
4.986970109899741e-05 5.125477864101615e-05
4.986970109899741e-05 5.125477864101615e-05
4.986970109899741e-05 5.125477864101615e-05
4.986970109899741e-05 5.125477864101615e-05
4.986970109899741e-05 5.125477864101615e-05
4.986970109899741e-05 5.125477864101615e-05
4.986970109899741e-05 5.125477864101615e-05
4.986970109899741e-05 5.125477864101615e-05
4.986970109899741e-05 5.125477864101615e-05
4.986970109899741e-05 5.125477864101615e-05
4.986970109899741e-05 5.125477864101615e-05
4.986970109899741e-05 5.125477864101615e-05
4.986970109899741e-05 5.125477864101615e-05
4.986970109899741e-05 5.125477864101615e-05
4.986970109899741e-05 5.125477864101615e-05
4.986970109899741e-05 5.125477864101615e-05
4.986970109899741e-05 5.125477864101615e-05
4.986970109899741e-05 5.125477864101615e-05
4.986970109899741e-05 5.125477864101615e-05
4.986970109899741e-05 5.125477864101615e-05
4.986970109899741e-05 5.125477864101615e-05
4.986970109899741e-05 5.125477864101615e-05
4.986970109899741e-05 5.125477864101615e-05
4.986970109899741e-05 5.125477864101615e-05
4.986970109899741e-05 5.125477864101615e-05
4.986970109899741e-05 5.125477864101615e-05
4.986970109899741e-05 5.125477864101615e-05
4.986970109899741e-05 5.125477864101615e-05
4.986970109899741e-05 5.125477864101615e-05
4.986970109899741e-05 5.125477864101615e-05
4.986970109899741e-05 5.125477864101615e-05
4.986970109899741e-05 5.125477864101615e-05
4.986970109899741e-05 5.125477864101615e-05
4.986970109899741e-05 5.125477864101615e-05
4.986970109899741e-05 5.125477864101615e-05
4.986970109899741e-05 5.125477864101615e-05
4.986970109899741e-05 5.125477864101615e-05
4.986970109899741e-05 5.125477864101615e-05
4.986970109899741e-05 5.125477864101615e-05
4.986970109899741e-05 5.125477864101615e-05
4.986970109899741e-05 5.125477864101615e-05
4.986970109899741e-05 5.125477864101615e-05
4.986970109899741e-05 5.125477864101615e-05
4.986970109899741e-05 5.125477864101615e-05
4.986970109899741e-05 5.125477864101615e-05
4.986970109899741e-05 5.125477864101615e-05
4.986970109899741e-05 5.125477864101615e-05
4.986970109899741e-05 5.125477864101615e-05
4.986970109899741e-05 5.125477864101615e-05
4.986970109899741e-05 5.125477864101615e-05
4.986970109899741e-05 5.125477864101615e-05
4.986970109899741e-05 5.125477864101615e-05
4.986970109899741e-05 5.125477864101615e-05
4.986970109899741e-05 5.125477864101615e-05
4.986970109899741e-05 5.125477864101615e-05
4.986970109899741e-05 5.125477864101615e-05
1.2437513072161525e-05 1.2903309471936923e-05
1.2437513072161525e-05 1.2903309471936923e-05
1.2437513072161525e-05 1.2903309471936923e-05
1.2437513072161525e-05 1.2903309471936923e-05
1.2437513072161525e-05 1.2903309471936923e-05
1.2437513072161525e-05 1.2903309471936923e-05
1.2437513072161525e-05 1.2903309471936923e-05
1.2437513072161525e-05 1.2903309471936923e-05
1.2437513072161525e-05 1.2903309471936923e-05
1.2437513072161525e-05 1.2903309471936923e-05
4.968402341221592e-05 4.988201818308002e-05
4.968402341221592e-05 4.988201818308002e-05
4.968402341221592e-05 4.988201818308002e-05
4.968402341221592e-05 4.988201818308002e-05
4.968402341221592e-05 4.988201818308002e-05
4.968402341221592e-05 4.988201818308002e-05
4.968402341221592e-05 4.988201818308002e-05
4.968402341221592e-05 4.988201818308002e-05
4.968402341221592e-05 4.988201818308002e-05
4.968402341221592e-05 4.988201818308002e-05
4.968402341221592e-05 4.988201818308002e-05
4.968402341221592e-05 4.988201818308002e-05
4.968402341221592e-05 4.988201818308002e-05
4.968402341221592e-05 4.988201818308002e-05
4.968402341221592e-05 4.988201818308002e-05
4.968402341221592e-05 4.988201818308002e-05
4.968402341221592e-05 4.988201818308002e-05
4.968402341221592e-05 4.988201818308002e-05
4.968402341221592e-05 4.988201818308002e-05
4.968402341221592e-05 4.988201818308002e-05
4.968402341221592e-05 4.988201818308002e-05
4.968402341221592e-05 4.988201818308002e-05
4.968402341221592e-05 4.988201818308002e-05
4.968402341221592e-05 4.988201818308002e-05
4.968402341221592e-05 4.988201818308002e-05
4.968402341221592e-05 4.988201818308002e-05
4.968402341221592e-05 4.988201818308002e-05
4.968402341221592e-05 4.988201818308002e-05
4.968402341221592e-05 4.988201818308002e-05
4.968402341221592e-05 4.988201818308002e-05
5.62288517876024e-06 5.371030808232716e-06
5.62288517876024e-06 5.371030808232716e-06
5.62288517876024e-06 5.371030808232716e-06
5.62288517876024e-06 5.371030808232716e-06
5.62288517876024e-06 5.371030808232716e-06
5.62288517876024e-06 5.371030808232716e-06
5.62288517876024e-06 5.371030808232716e-06
5.62288517876024e-06 5.371030808232716e-06
5.62288517876024e-06 5.371030808232716e-06
5.62288517876024e-06 5.371030808232716e-06
1.4588931411665717e-05 1.4884056459463219e-05
1.4588931411665717e-05 1.4884056459463219e-05
1.4588931411665717e-05 1.4884056459463219e-05
1.4588931411665717e-05 1.4884056459463219e-05
1.4588931411665717e-05 1.4884056459463219e-05
1.4588931411665717e-05 1.4884056459463219e-05
1.4588931411665717e-05 1.4884056459463219e-05
1.4588931411665717e-05 1.4884056459463219e-05
1.4588931411665717e-05 1.4884056459463219e-05
1.4588931411665717e-05 1.4884056459463219e-05
1.4588931411665717e-05 1.4884056459463219e-05
1.4588931411665717e-05 1.4884056459463219e-05
1.4588931411665717e-05 1.4884056459463219e-05
1.4588931411665717e-05 1.4884056459463219e-05
1.4588931411665717e-05 1.4884056459463219e-05
1.4588931411665717e-05 1.4884056459463219e-05
1.4588931411665717e-05 1.4884056459463219e-05
1.4588931411665717e-05 1.4884056459463219e-05
1.4588931411665717e-05 1.4884056459463219e-05
1.4588931411665717e-05 1.4884056459463219e-05
1.4588931411665717e-05 1.4884056459463219e-05
1.4588931411665717e-05 1.4884056459463219e-05
1.4588931411665717e-05 1.4884056459463219e-05
1.4588931411665717e-05 1.4884056459463219e-05
1.4588931411665717e-05 1.4884056459463219e-05
1.4588931411665717e-05 1.4884056459463219e-05
1.4588931411665717e-05 1.4884056459463219e-05
1.4588931411665717e-05 1.4884056459463219e-05
1.4588931411665717e-05 1.4884056459463219e-05
1.4588931411665717e-05 1.4884056459463219e-05
1.4588931411665717e-05 1.4884056459463219e-05
1.4588931411665717e-05 1.4884056459463219e-05
1.4588931411665717e-05 1.4884056459463219e-05
1.4588931411665717e-05 1.4884056459463219e-05
1.4588931411665717e-05 1.4884056459463219e-05
1.4588931411665717e-05 1.4884056459463219e-05
1.4588931411665717e-05 1.4884056459463219e-05
1.4588931411665717e-05 1.4884056459463219e-05
1.4588931411665717e-05 1.4884056459463219e-05
1.4588931411665717e-05 1.4884056459463219e-05
1.9368162130885197e-06 2.617216398431066e-06
1.9368162130885197e-06 2.617216398431066e-06
1.9368162130885197e-06 2.617216398431066e-06
1.9368162130885197e-06 2.617216398431066e-06
1.9368162130885197e-06 2.617216398431066e-06
1.9368162130885197e-06 2.617216398431066e-06
1.9368162130885197e-06 2.617216398431066e-06
1.9368162130885197e-06 2.617216398431066e-06
1.9368162130885197e-06 2.617216398431066e-06
1.9368162130885197e-06 2.617216398431066e-06
1.9368162130885197e-06 2.617216398431066e-06
1.9368162130885197e-06 2.617216398431066e-06
1.9368162130885197e-06 2.617216398431066e-06
1.9368162130885197e-06 2.617216398431066e-06
2.75501027618833e-06 3.6996675034821272e-06
2.75501027618833e-06 3.6996675034821272e-06
2.75501027618833e-06 3.6996675034821272e-06
2.75501027618833e-06 3.6996675034821272e-06
2.75501027618833e-06 3.6996675034821272e-06
2.75501027618833e-06 3.6996675034821272e-06
2.75501027618833e-06 3.6996675034821272e-06
2.8237101292129754e-06 2.454793307519322e-06
2.8237101292129754e-06 2.454793307519322e-06
2.8237101292129754e-06 2.454793307519322e-06
2.8237101292129754e-06 2.454793307519322e-06
2.8237101292129754e-06 2.454793307519322e-06
2.8237101292129754e-06 2.454793307519322e-06
2.8237101292129754e-06 2.454793307519322e-06
5.235739155475274e-05 5.820760125376977e-05
5.235739155475274e-05 5.820760125376977e-05
5.235739155475274e-05 5.820760125376977e-05
5.235739155475274e-05 5.820760125376977e-05
5.235739155475274e-05 5.820760125376977e-05
5.235739155475274e-05 5.820760125376977e-05
5.235739155475274e-05 5.820760125376977e-05
2.1509123094560558e-06 2.6098498866542193e-06
2.1509123094560558e-06 2.6098498866542193e-06
2.1509123094560558e-06 2.6098498866542193e-06
2.1509123094560558e-06 2.6098498866542193e-06
2.1509123094560558e-06 2.6098498866542193e-06
2.1509123094560558e-06 2.6098498866542193e-06
2.1509123094560558e-06 2.6098498866542193e-06
2.1509123094560558e-06 2.6098498866542193e-06
2.1509123094560558e-06 2.6098498866542193e-06
2.1509123094560558e-06 2.6098498866542193e-06
2.1509123094560558e-06 2.6098498866542193e-06
2.1509123094560558e-06 2.6098498866542193e-06
2.1509123094560558e-06 2.6098498866542193e-06
2.1509123094560558e-06 2.6098498866542193e-06
6.345860350112654e-06 6.9980557068561115e-06
6.345860350112654e-06 6.9980557068561115e-06
6.345860350112654e-06 6.9980557068561115e-06
6.345860350112654e-06 6.9980557068561115e-06
6.345860350112654e-06 6.9980557068561115e-06
6.345860350112654e-06 6.9980557068561115e-06
6.345860350112654e-06 6.9980557068561115e-06
6.345860350112654e-06 6.9980557068561115e-06
6.345860350112654e-06 6.9980557068561115e-06
6.345860350112654e-06 6.9980557068561115e-06
6.345860350112654e-06 6.9980557068561115e-06
6.345860350112654e-06 6.9980557068561115e-06
6.345860350112654e-06 6.9980557068561115e-06
6.345860350112654e-06 6.9980557068561115e-06
6.345860350112654e-06 6.9980557068561115e-06
6.345860350112654e-06 6.9980557068561115e-06
6.345860350112654e-06 6.9980557068561115e-06
6.345860350112654e-06 6.9980557068561115e-06
6.345860350112654e-06 6.9980557068561115e-06
6.345860350112654e-06 6.9980557068561115e-06
6.345860350112654e-06 6.9980557068561115e-06
6.345860350112654e-06 6.9980557068561115e-06
6.345860350112654e-06 6.9980557068561115e-06
6.345860350112654e-06 6.9980557068561115e-06
6.345860350112654e-06 6.9980557068561115e-06
6.345860350112654e-06 6.9980557068561115e-06
6.345860350112654e-06 6.9980557068561115e-06
6.345860350112654e-06 6.9980557068561115e-06
6.345860350112654e-06 6.9980557068561115e-06
6.345860350112654e-06 6.9980557068561115e-06
6.345860350112654e-06 6.9980557068561115e-06
6.345860350112654e-06 6.9980557068561115e-06
6.345860350112654e-06 6.9980557068561115e-06
6.345860350112654e-06 6.9980557068561115e-06
6.345860350112654e-06 6.9980557068561115e-06
6.345860350112654e-06 6.9980557068561115e-06
6.345860350112654e-06 6.9980557068561115e-06
6.345860350112654e-06 6.9980557068561115e-06
6.345860350112654e-06 6.9980557068561115e-06
6.345860350112654e-06 6.9980557068561115e-06
6.345860350112654e-06 6.9980557068561115e-06
6.345860350112654e-06 6.9980557068561115e-06
4.9009045548837935e-06 5.151346561991305e-06
4.9009045548837935e-06 5.151346561991305e-06
4.9009045548837935e-06 5.151346561991305e-06
4.9009045548837935e-06 5.151346561991305e-06
4.9009045548837935e-06 5.151346561991305e-06
4.9009045548837935e-06 5.151346561991305e-06
4.9009045548837935e-06 5.151346561991305e-06
1.3255579889012923e-05 1.1892177946983048e-05
1.3255579889012923e-05 1.1892177946983048e-05
1.3255579889012923e-05 1.1892177946983048e-05
1.3255579889012923e-05 1.1892177946983048e-05
1.3255579889012923e-05 1.1892177946983048e-05
1.3255579889012923e-05 1.1892177946983048e-05
1.3255579889012923e-05 1.1892177946983048e-05
1.3255579889012923e-05 1.1892177946983048e-05
1.3255579889012923e-05 1.1892177946983048e-05
1.3255579889012923e-05 1.1892177946983048e-05
1.3255579889012923e-05 1.1892177946983048e-05
1.3255579889012923e-05 1.1892177946983048e-05
1.3255579889012923e-05 1.1892177946983048e-05
1.3255579889012923e-05 1.1892177946983048e-05
1.3255579889012923e-05 1.1892177946983048e-05
1.3255579889012923e-05 1.1892177946983048e-05
1.3255579889012923e-05 1.1892177946983048e-05
1.3255579889012923e-05 1.1892177946983048e-05
1.3255579889012923e-05 1.1892177946983048e-05
1.3255579889012923e-05 1.1892177946983048e-05
1.3255579889012923e-05 1.1892177946983048e-05
8.752506797515052e-06 8.1390523108745e-06
8.752506797515052e-06 8.1390523108745e-06
8.752506797515052e-06 8.1390523108745e-06
8.752506797515052e-06 8.1390523108745e-06
8.752506797515052e-06 8.1390523108745e-06
8.752506797515052e-06 8.1390523108745e-06
8.752506797515052e-06 8.1390523108745e-06
3.573224161459456e-05 3.893650779037044e-05
3.573224161459456e-05 3.893650779037044e-05
3.573224161459456e-05 3.893650779037044e-05
3.573224161459456e-05 3.893650779037044e-05
3.573224161459456e-05 3.893650779037044e-05
3.573224161459456e-05 3.893650779037044e-05
3.573224161459456e-05 3.893650779037044e-05
3.573224161459456e-05 3.893650779037044e-05
3.573224161459456e-05 3.893650779037044e-05
3.573224161459456e-05 3.893650779037044e-05
3.573224161459456e-05 3.893650779037044e-05
3.573224161459456e-05 3.893650779037044e-05
3.573224161459456e-05 3.893650779037044e-05
3.573224161459456e-05 3.893650779037044e-05
3.573224161459456e-05 3.893650779037044e-05
3.573224161459456e-05 3.893650779037044e-05
3.573224161459456e-05 3.893650779037044e-05
3.573224161459456e-05 3.893650779037044e-05
3.573224161459456e-05 3.893650779037044e-05
3.573224161459456e-05 3.893650779037044e-05
3.573224161459456e-05 3.893650779037044e-05
3.573224161459456e-05 3.893650779037044e-05
3.573224161459456e-05 3.893650779037044e-05
3.573224161459456e-05 3.893650779037044e-05
3.573224161459456e-05 3.893650779037044e-05
3.573224161459456e-05 3.893650779037044e-05
3.573224161459456e-05 3.893650779037044e-05
3.573224161459456e-05 3.893650779037044e-05
2.8568815802560113e-06 1.984207424968537e-06
2.8568815802560113e-06 1.984207424968537e-06
2.8568815802560113e-06 1.984207424968537e-06
2.8568815802560113e-06 1.984207424968537e-06
2.8568815802560113e-06 1.984207424968537e-06
2.8568815802560113e-06 1.984207424968537e-06
2.8568815802560113e-06 1.984207424968537e-06
2.8568815802560113e-06 1.984207424968537e-06
2.8568815802560113e-06 1.984207424968537e-06
2.8568815802560113e-06 1.984207424968537e-06
2.8568815802560113e-06 1.984207424968537e-06
2.8568815802560113e-06 1.984207424968537e-06
2.8568815802560113e-06 1.984207424968537e-06
2.8568815802560113e-06 1.984207424968537e-06
2.8568815802560113e-06 1.984207424968537e-06
2.8568815802560113e-06 1.984207424968537e-06
2.8568815802560113e-06 1.984207424968537e-06
2.8568815802560113e-06 1.984207424968537e-06
2.8568815802560113e-06 1.984207424968537e-06
2.8568815802560113e-06 1.984207424968537e-06
3.0782961015418745e-06 3.6023411615208722e-06
3.0782961015418745e-06 3.6023411615208722e-06
3.0782961015418745e-06 3.6023411615208722e-06
3.0782961015418745e-06 3.6023411615208722e-06
3.0782961015418745e-06 3.6023411615208722e-06
3.0782961015418745e-06 3.6023411615208722e-06
3.0782961015418745e-06 3.6023411615208722e-06
3.0782961015418745e-06 3.6023411615208722e-06
3.0782961015418745e-06 3.6023411615208722e-06
3.0782961015418745e-06 3.6023411615208722e-06
2.5002491266195627e-05 2.4846636834858233e-05
2.5002491266195627e-05 2.4846636834858233e-05
2.5002491266195627e-05 2.4846636834858233e-05
2.5002491266195627e-05 2.4846636834858233e-05
2.5002491266195627e-05 2.4846636834858233e-05
2.5002491266195627e-05 2.4846636834858233e-05
2.5002491266195627e-05 2.4846636834858233e-05
2.5002491266195627e-05 2.4846636834858233e-05
2.5002491266195627e-05 2.4846636834858233e-05
2.5002491266195627e-05 2.4846636834858233e-05
3.941967574818267e-05 3.311386033788897e-05
3.941967574818267e-05 3.311386033788897e-05
3.941967574818267e-05 3.311386033788897e-05
3.941967574818267e-05 3.311386033788897e-05
3.941967574818267e-05 3.311386033788897e-05
3.941967574818267e-05 3.311386033788897e-05
3.941967574818267e-05 3.311386033788897e-05
3.941967574818267e-05 3.311386033788897e-05
3.941967574818267e-05 3.311386033788897e-05
3.941967574818267e-05 3.311386033788897e-05
1.698841219357762e-05 1.6243422045760102e-05
1.698841219357762e-05 1.6243422045760102e-05
1.698841219357762e-05 1.6243422045760102e-05
1.698841219357762e-05 1.6243422045760102e-05
1.698841219357762e-05 1.6243422045760102e-05
1.698841219357762e-05 1.6243422045760102e-05
1.698841219357762e-05 1.6243422045760102e-05
1.698841219357762e-05 1.6243422045760102e-05
1.698841219357762e-05 1.6243422045760102e-05
1.698841219357762e-05 1.6243422045760102e-05
1.698841219357762e-05 1.6243422045760102e-05
1.698841219357762e-05 1.6243422045760102e-05
1.698841219357762e-05 1.6243422045760102e-05
1.698841219357762e-05 1.6243422045760102e-05
1.698841219357762e-05 1.6243422045760102e-05
1.698841219357762e-05 1.6243422045760102e-05
1.698841219357762e-05 1.6243422045760102e-05
1.698841219357762e-05 1.6243422045760102e-05
1.698841219357762e-05 1.6243422045760102e-05
1.698841219357762e-05 1.6243422045760102e-05
3.6582695859976076e-05 3.895765133918338e-05
3.6582695859976076e-05 3.895765133918338e-05
3.6582695859976076e-05 3.895765133918338e-05
3.6582695859976076e-05 3.895765133918338e-05
3.6582695859976076e-05 3.895765133918338e-05
3.6582695859976076e-05 3.895765133918338e-05
3.6582695859976076e-05 3.895765133918338e-05
3.6582695859976076e-05 3.895765133918338e-05
3.6582695859976076e-05 3.895765133918338e-05
3.6582695859976076e-05 3.895765133918338e-05
3.6582695859976076e-05 3.895765133918338e-05
3.6582695859976076e-05 3.895765133918338e-05
3.6582695859976076e-05 3.895765133918338e-05
3.6582695859976076e-05 3.895765133918338e-05
3.6582695859976076e-05 3.895765133918338e-05
3.6582695859976076e-05 3.895765133918338e-05
3.6582695859976076e-05 3.895765133918338e-05
3.6582695859976076e-05 3.895765133918338e-05
3.6582695859976076e-05 3.895765133918338e-05
3.6582695859976076e-05 3.895765133918338e-05
3.6582695859976076e-05 3.895765133918338e-05
3.6582695859976076e-05 3.895765133918338e-05
3.6582695859976076e-05 3.895765133918338e-05
3.6582695859976076e-05 3.895765133918338e-05
3.6582695859976076e-05 3.895765133918338e-05
3.6582695859976076e-05 3.895765133918338e-05
3.6582695859976076e-05 3.895765133918338e-05
3.6582695859976076e-05 3.895765133918338e-05
3.6582695859976076e-05 3.895765133918338e-05
3.6582695859976076e-05 3.895765133918338e-05
3.6582695859976076e-05 3.895765133918338e-05
3.6582695859976076e-05 3.895765133918338e-05
3.6582695859976076e-05 3.895765133918338e-05
3.6582695859976076e-05 3.895765133918338e-05
3.6582695859976076e-05 3.895765133918338e-05
3.6582695859976076e-05 3.895765133918338e-05
3.6582695859976076e-05 3.895765133918338e-05
3.6582695859976076e-05 3.895765133918338e-05
3.6582695859976076e-05 3.895765133918338e-05
3.6582695859976076e-05 3.895765133918338e-05
3.6582695859976076e-05 3.895765133918338e-05
3.6582695859976076e-05 3.895765133918338e-05
3.6582695859976076e-05 3.895765133918338e-05
3.6582695859976076e-05 3.895765133918338e-05
3.6582695859976076e-05 3.895765133918338e-05
3.6582695859976076e-05 3.895765133918338e-05
3.6582695859976076e-05 3.895765133918338e-05
3.6582695859976076e-05 3.895765133918338e-05
3.6582695859976076e-05 3.895765133918338e-05
3.6582695859976076e-05 3.895765133918338e-05
3.6582695859976076e-05 3.895765133918338e-05
3.6582695859976076e-05 3.895765133918338e-05
3.6582695859976076e-05 3.895765133918338e-05
3.6582695859976076e-05 3.895765133918338e-05
3.6582695859976076e-05 3.895765133918338e-05
3.6582695859976076e-05 3.895765133918338e-05
3.6582695859976076e-05 3.895765133918338e-05
3.6582695859976076e-05 3.895765133918338e-05
3.6582695859976076e-05 3.895765133918338e-05
3.6582695859976076e-05 3.895765133918338e-05
1.073987487230382e-05 1.163710841130196e-05
1.073987487230382e-05 1.163710841130196e-05
1.073987487230382e-05 1.163710841130196e-05
1.073987487230382e-05 1.163710841130196e-05
1.073987487230382e-05 1.163710841130196e-05
1.073987487230382e-05 1.163710841130196e-05
1.073987487230382e-05 1.163710841130196e-05
1.073987487230382e-05 1.163710841130196e-05
1.073987487230382e-05 1.163710841130196e-05
1.073987487230382e-05 1.163710841130196e-05
1.9429446291733546e-05 2.0298223897932605e-05
1.9429446291733546e-05 2.0298223897932605e-05
1.9429446291733546e-05 2.0298223897932605e-05
1.9429446291733546e-05 2.0298223897932605e-05
1.9429446291733546e-05 2.0298223897932605e-05
1.9429446291733546e-05 2.0298223897932605e-05
1.9429446291733546e-05 2.0298223897932605e-05
1.9429446291733546e-05 2.0298223897932605e-05
1.9429446291733546e-05 2.0298223897932605e-05
1.9429446291733546e-05 2.0298223897932605e-05
1.9429446291733546e-05 2.0298223897932605e-05
1.9429446291733546e-05 2.0298223897932605e-05
1.9429446291733546e-05 2.0298223897932605e-05
1.9429446291733546e-05 2.0298223897932605e-05
1.9429446291733546e-05 2.0298223897932605e-05
1.9429446291733546e-05 2.0298223897932605e-05
1.9429446291733546e-05 2.0298223897932605e-05
1.9429446291733546e-05 2.0298223897932605e-05
1.9429446291733546e-05 2.0298223897932605e-05
1.9429446291733546e-05 2.0298223897932605e-05
1.9429446291733546e-05 2.0298223897932605e-05
1.9429446291733546e-05 2.0298223897932605e-05
1.9429446291733546e-05 2.0298223897932605e-05
1.9429446291733546e-05 2.0298223897932605e-05
1.9429446291733546e-05 2.0298223897932605e-05
1.9429446291733546e-05 2.0298223897932605e-05
1.9429446291733546e-05 2.0298223897932605e-05
1.9429446291733546e-05 2.0298223897932605e-05
1.9429446291733546e-05 2.0298223897932605e-05
1.9429446291733546e-05 2.0298223897932605e-05
2.9857121934906473e-05 2.9158953059812443e-05
2.9857121934906473e-05 2.9158953059812443e-05
2.9857121934906473e-05 2.9158953059812443e-05
2.9857121934906473e-05 2.9158953059812443e-05
2.9857121934906473e-05 2.9158953059812443e-05
2.9857121934906473e-05 2.9158953059812443e-05
2.9857121934906473e-05 2.9158953059812443e-05
2.9857121934906473e-05 2.9158953059812443e-05
2.9857121934906473e-05 2.9158953059812443e-05
2.9857121934906473e-05 2.9158953059812443e-05
2.4059882373908394e-05 2.4830547430802357e-05
2.4059882373908394e-05 2.4830547430802357e-05
2.4059882373908394e-05 2.4830547430802357e-05
2.4059882373908394e-05 2.4830547430802357e-05
2.4059882373908394e-05 2.4830547430802357e-05
2.4059882373908394e-05 2.4830547430802357e-05
2.4059882373908394e-05 2.4830547430802357e-05
2.4059882373908394e-05 2.4830547430802357e-05
2.4059882373908394e-05 2.4830547430802357e-05
2.4059882373908394e-05 2.4830547430802357e-05
2.4059882373908394e-05 2.4830547430802357e-05
2.4059882373908394e-05 2.4830547430802357e-05
2.4059882373908394e-05 2.4830547430802357e-05
2.4059882373908394e-05 2.4830547430802357e-05
2.4059882373908394e-05 2.4830547430802357e-05
2.4059882373908394e-05 2.4830547430802357e-05
2.4059882373908394e-05 2.4830547430802357e-05
2.4059882373908394e-05 2.4830547430802357e-05
2.4059882373908394e-05 2.4830547430802357e-05
2.4059882373908394e-05 2.4830547430802357e-05
2.4059882373908394e-05 2.4830547430802357e-05
2.4059882373908394e-05 2.4830547430802357e-05
2.4059882373908394e-05 2.4830547430802357e-05
2.4059882373908394e-05 2.4830547430802357e-05
2.4059882373908394e-05 2.4830547430802357e-05
2.4059882373908394e-05 2.4830547430802357e-05
2.4059882373908394e-05 2.4830547430802357e-05
2.4059882373908394e-05 2.4830547430802357e-05
2.4059882373908394e-05 2.4830547430802357e-05
2.4059882373908394e-05 2.4830547430802357e-05
2.4059882373908394e-05 2.4830547430802357e-05
2.4059882373908394e-05 2.4830547430802357e-05
2.4059882373908394e-05 2.4830547430802357e-05
2.4059882373908394e-05 2.4830547430802357e-05
2.4059882373908394e-05 2.4830547430802357e-05
2.4059882373908394e-05 2.4830547430802357e-05
2.4059882373908394e-05 2.4830547430802357e-05
2.4059882373908394e-05 2.4830547430802357e-05
2.4059882373908394e-05 2.4830547430802357e-05
2.4059882373908394e-05 2.4830547430802357e-05
1.1899750671890683e-05 1.0290122658262087e-05
1.1899750671890683e-05 1.0290122658262087e-05
1.1899750671890683e-05 1.0290122658262087e-05
1.1899750671890683e-05 1.0290122658262087e-05
1.1899750671890683e-05 1.0290122658262087e-05
1.1899750671890683e-05 1.0290122658262087e-05
1.1899750671890683e-05 1.0290122658262087e-05
1.1899750671890683e-05 1.0290122658262087e-05
1.1899750671890683e-05 1.0290122658262087e-05
1.1899750671890683e-05 1.0290122658262087e-05
1.1899750671890683e-05 1.0290122658262087e-05
1.1899750671890683e-05 1.0290122658262087e-05
1.1899750671890683e-05 1.0290122658262087e-05
1.1899750671890683e-05 1.0290122658262087e-05
1.1899750671890683e-05 1.0290122658262087e-05
1.1899750671890683e-05 1.0290122658262087e-05
1.1899750671890683e-05 1.0290122658262087e-05
1.1899750671890683e-05 1.0290122658262087e-05
1.127235562657813e-05 1.3465440945812572e-05
1.127235562657813e-05 1.3465440945812572e-05
1.127235562657813e-05 1.3465440945812572e-05
1.127235562657813e-05 1.3465440945812572e-05
1.127235562657813e-05 1.3465440945812572e-05
1.127235562657813e-05 1.3465440945812572e-05
1.127235562657813e-05 1.3465440945812572e-05
1.127235562657813e-05 1.3465440945812572e-05
1.127235562657813e-05 1.3465440945812572e-05
1.134798851910384e-05 1.1281000895523455e-05
1.134798851910384e-05 1.1281000895523455e-05
1.134798851910384e-05 1.1281000895523455e-05
1.134798851910384e-05 1.1281000895523455e-05
1.134798851910384e-05 1.1281000895523455e-05
1.134798851910384e-05 1.1281000895523455e-05
1.134798851910384e-05 1.1281000895523455e-05
1.134798851910384e-05 1.1281000895523455e-05
1.134798851910384e-05 1.1281000895523455e-05
2.1322057331645525e-05 1.3879353259149733e-05
2.1322057331645525e-05 1.3879353259149733e-05
2.1322057331645525e-05 1.3879353259149733e-05
2.1322057331645525e-05 1.3879353259149733e-05
2.1322057331645525e-05 1.3879353259149733e-05
2.1322057331645525e-05 1.3879353259149733e-05
2.1322057331645525e-05 1.3879353259149733e-05
2.1322057331645525e-05 1.3879353259149733e-05
2.1322057331645525e-05 1.3879353259149733e-05
1.2374331786083552e-05 1.1653745667775019e-05
1.2374331786083552e-05 1.1653745667775019e-05
1.2374331786083552e-05 1.1653745667775019e-05
1.2374331786083552e-05 1.1653745667775019e-05
1.2374331786083552e-05 1.1653745667775019e-05
1.2374331786083552e-05 1.1653745667775019e-05
1.2374331786083552e-05 1.1653745667775019e-05
1.2374331786083552e-05 1.1653745667775019e-05
1.2374331786083552e-05 1.1653745667775019e-05
1.2374331786083552e-05 1.1653745667775019e-05
1.2374331786083552e-05 1.1653745667775019e-05
1.2374331786083552e-05 1.1653745667775019e-05
1.2374331786083552e-05 1.1653745667775019e-05
1.2374331786083552e-05 1.1653745667775019e-05
1.2374331786083552e-05 1.1653745667775019e-05
1.2374331786083552e-05 1.1653745667775019e-05
1.2374331786083552e-05 1.1653745667775019e-05
1.2374331786083552e-05 1.1653745667775019e-05
2.0253926368297397e-05 1.989872775887262e-05
2.0253926368297397e-05 1.989872775887262e-05
2.0253926368297397e-05 1.989872775887262e-05
2.0253926368297397e-05 1.989872775887262e-05
2.0253926368297397e-05 1.989872775887262e-05
2.0253926368297397e-05 1.989872775887262e-05
2.0253926368297397e-05 1.989872775887262e-05
2.0253926368297397e-05 1.989872775887262e-05
2.0253926368297397e-05 1.989872775887262e-05
2.0253926368297397e-05 1.989872775887262e-05
2.0253926368297397e-05 1.989872775887262e-05
2.0253926368297397e-05 1.989872775887262e-05
2.0253926368297397e-05 1.989872775887262e-05
2.0253926368297397e-05 1.989872775887262e-05
2.0253926368297397e-05 1.989872775887262e-05
2.0253926368297397e-05 1.989872775887262e-05
2.0253926368297397e-05 1.989872775887262e-05
2.0253926368297397e-05 1.989872775887262e-05
2.0253926368297397e-05 1.989872775887262e-05
2.0253926368297397e-05 1.989872775887262e-05
2.0253926368297397e-05 1.989872775887262e-05
2.0253926368297397e-05 1.989872775887262e-05
2.0253926368297397e-05 1.989872775887262e-05
2.0253926368297397e-05 1.989872775887262e-05
2.0253926368297397e-05 1.989872775887262e-05
2.0253926368297397e-05 1.989872775887262e-05
2.0253926368297397e-05 1.989872775887262e-05
2.0253926368297397e-05 1.989872775887262e-05
2.0253926368297397e-05 1.989872775887262e-05
2.0253926368297397e-05 1.989872775887262e-05
2.0253926368297397e-05 1.989872775887262e-05
2.0253926368297397e-05 1.989872775887262e-05
2.0253926368297397e-05 1.989872775887262e-05
2.0253926368297397e-05 1.989872775887262e-05
2.0253926368297397e-05 1.989872775887262e-05
2.0253926368297397e-05 1.989872775887262e-05
2.0253926368297397e-05 1.989872775887262e-05
2.0253926368297397e-05 1.989872775887262e-05
2.0253926368297397e-05 1.989872775887262e-05
2.0253926368297397e-05 1.989872775887262e-05
2.0253926368297397e-05 1.989872775887262e-05
2.0253926368297397e-05 1.989872775887262e-05
2.0253926368297397e-05 1.989872775887262e-05
2.0253926368297397e-05 1.989872775887262e-05
2.0253926368297397e-05 1.989872775887262e-05
2.0253926368297397e-05 1.989872775887262e-05
2.0253926368297397e-05 1.989872775887262e-05
2.0253926368297397e-05 1.989872775887262e-05
2.0253926368297397e-05 1.989872775887262e-05
2.0253926368297397e-05 1.989872775887262e-05
2.0253926368297397e-05 1.989872775887262e-05
2.0253926368297397e-05 1.989872775887262e-05
2.0253926368297397e-05 1.989872775887262e-05
2.0253926368297397e-05 1.989872775887262e-05
1.744645985195231e-05 1.736020693366665e-05
1.744645985195231e-05 1.736020693366665e-05
1.744645985195231e-05 1.736020693366665e-05
1.744645985195231e-05 1.736020693366665e-05
1.744645985195231e-05 1.736020693366665e-05
1.744645985195231e-05 1.736020693366665e-05
1.744645985195231e-05 1.736020693366665e-05
1.744645985195231e-05 1.736020693366665e-05
1.744645985195231e-05 1.736020693366665e-05
9.83680402915493e-06 1.1840940644324785e-05
9.83680402915493e-06 1.1840940644324785e-05
9.83680402915493e-06 1.1840940644324785e-05
9.83680402915493e-06 1.1840940644324785e-05
9.83680402915493e-06 1.1840940644324785e-05
9.83680402915493e-06 1.1840940644324785e-05
9.83680402915493e-06 1.1840940644324785e-05
9.83680402915493e-06 1.1840940644324785e-05
9.83680402915493e-06 1.1840940644324785e-05
9.83680402915493e-06 1.1840940644324785e-05
9.83680402915493e-06 1.1840940644324785e-05
9.83680402915493e-06 1.1840940644324785e-05
9.83680402915493e-06 1.1840940644324785e-05
9.83680402915493e-06 1.1840940644324785e-05
9.83680402915493e-06 1.1840940644324785e-05
9.83680402915493e-06 1.1840940644324785e-05
9.83680402915493e-06 1.1840940644324785e-05
9.83680402915493e-06 1.1840940644324785e-05
9.83680402915493e-06 1.1840940644324785e-05
9.83680402915493e-06 1.1840940644324785e-05
9.83680402915493e-06 1.1840940644324785e-05
9.83680402915493e-06 1.1840940644324785e-05
9.83680402915493e-06 1.1840940644324785e-05
9.83680402915493e-06 1.1840940644324785e-05
9.83680402915493e-06 1.1840940644324785e-05
9.83680402915493e-06 1.1840940644324785e-05
9.83680402915493e-06 1.1840940644324785e-05
2.6604914885556297e-06 2.862722217147733e-06
2.6604914885556297e-06 2.862722217147733e-06
2.6604914885556297e-06 2.862722217147733e-06
2.6604914885556297e-06 2.862722217147733e-06
2.6604914885556297e-06 2.862722217147733e-06
2.6604914885556297e-06 2.862722217147733e-06
2.6604914885556297e-06 2.862722217147733e-06
2.6604914885556297e-06 2.862722217147733e-06
2.6604914885556297e-06 2.862722217147733e-06
4.65297790585975e-06 5.171125469602832e-06
4.65297790585975e-06 5.171125469602832e-06
4.65297790585975e-06 5.171125469602832e-06
4.65297790585975e-06 5.171125469602832e-06
4.65297790585975e-06 5.171125469602832e-06
4.65297790585975e-06 5.171125469602832e-06
4.65297790585975e-06 5.171125469602832e-06
4.65297790585975e-06 5.171125469602832e-06
4.65297790585975e-06 5.171125469602832e-06
4.65297790585975e-06 5.171125469602832e-06
4.65297790585975e-06 5.171125469602832e-06
4.65297790585975e-06 5.171125469602832e-06
4.65297790585975e-06 5.171125469602832e-06
4.65297790585975e-06 5.171125469602832e-06
4.65297790585975e-06 5.171125469602832e-06
4.65297790585975e-06 5.171125469602832e-06
4.65297790585975e-06 5.171125469602832e-06
4.65297790585975e-06 5.171125469602832e-06
4.65297790585975e-06 5.171125469602832e-06
4.65297790585975e-06 5.171125469602832e-06
4.65297790585975e-06 5.171125469602832e-06
4.65297790585975e-06 5.171125469602832e-06
4.65297790585975e-06 5.171125469602832e-06
4.65297790585975e-06 5.171125469602832e-06
4.65297790585975e-06 5.171125469602832e-06
4.65297790585975e-06 5.171125469602832e-06
4.65297790585975e-06 5.171125469602832e-06
4.65297790585975e-06 5.171125469602832e-06
4.65297790585975e-06 5.171125469602832e-06
4.65297790585975e-06 5.171125469602832e-06
4.65297790585975e-06 5.171125469602832e-06
4.65297790585975e-06 5.171125469602832e-06
4.65297790585975e-06 5.171125469602832e-06
4.65297790585975e-06 5.171125469602832e-06
4.65297790585975e-06 5.171125469602832e-06
4.65297790585975e-06 5.171125469602832e-06
9.690683847987218e-06 9.960369007240625e-06
9.690683847987218e-06 9.960369007240625e-06
9.690683847987218e-06 9.960369007240625e-06
9.690683847987218e-06 9.960369007240625e-06
9.690683847987218e-06 9.960369007240625e-06
9.690683847987218e-06 9.960369007240625e-06
9.690683847987218e-06 9.960369007240625e-06
9.690683847987218e-06 9.960369007240625e-06
9.690683847987218e-06 9.960369007240625e-06
9.690683847987218e-06 9.960369007240625e-06
9.690683847987218e-06 9.960369007240625e-06
9.690683847987218e-06 9.960369007240625e-06
9.690683847987218e-06 9.960369007240625e-06
9.690683847987218e-06 9.960369007240625e-06
9.690683847987218e-06 9.960369007240625e-06
9.690683847987218e-06 9.960369007240625e-06
3.2647366092857344e-05 3.2899065666535074e-05
3.2647366092857344e-05 3.2899065666535074e-05
3.2647366092857344e-05 3.2899065666535074e-05
3.2647366092857344e-05 3.2899065666535074e-05
3.2647366092857344e-05 3.2899065666535074e-05
3.2647366092857344e-05 3.2899065666535074e-05
3.2647366092857344e-05 3.2899065666535074e-05
3.2647366092857344e-05 3.2899065666535074e-05
1.8284386983983757e-05 1.8027466359305576e-05
1.8284386983983757e-05 1.8027466359305576e-05
1.8284386983983757e-05 1.8027466359305576e-05
1.8284386983983757e-05 1.8027466359305576e-05
1.8284386983983757e-05 1.8027466359305576e-05
1.8284386983983757e-05 1.8027466359305576e-05
1.8284386983983757e-05 1.8027466359305576e-05
1.8284386983983757e-05 1.8027466359305576e-05
0.00028139046830635617 0.0002026340294575228
0.00028139046830635617 0.0002026340294575228
0.00028139046830635617 0.0002026340294575228
0.00028139046830635617 0.0002026340294575228
0.00028139046830635617 0.0002026340294575228
0.00028139046830635617 0.0002026340294575228
0.00028139046830635617 0.0002026340294575228
0.00028139046830635617 0.0002026340294575228
2.8230724061610732e-06 3.204583296227632e-06
2.8230724061610732e-06 3.204583296227632e-06
2.8230724061610732e-06 3.204583296227632e-06
2.8230724061610732e-06 3.204583296227632e-06
2.8230724061610732e-06 3.204583296227632e-06
2.8230724061610732e-06 3.204583296227632e-06
2.8230724061610732e-06 3.204583296227632e-06
2.8230724061610732e-06 3.204583296227632e-06
2.8230724061610732e-06 3.204583296227632e-06
2.8230724061610732e-06 3.204583296227632e-06
2.8230724061610732e-06 3.204583296227632e-06
2.8230724061610732e-06 3.204583296227632e-06
2.8230724061610732e-06 3.204583296227632e-06
2.8230724061610732e-06 3.204583296227632e-06
2.8230724061610732e-06 3.204583296227632e-06
2.8230724061610732e-06 3.204583296227632e-06
2.7499274487226296e-05 2.9396334955408022e-05
2.7499274487226296e-05 2.9396334955408022e-05
2.7499274487226296e-05 2.9396334955408022e-05
2.7499274487226296e-05 2.9396334955408022e-05
2.7499274487226296e-05 2.9396334955408022e-05
2.7499274487226296e-05 2.9396334955408022e-05
2.7499274487226296e-05 2.9396334955408022e-05
2.7499274487226296e-05 2.9396334955408022e-05
2.7499274487226296e-05 2.9396334955408022e-05
2.7499274487226296e-05 2.9396334955408022e-05
2.7499274487226296e-05 2.9396334955408022e-05
2.7499274487226296e-05 2.9396334955408022e-05
2.7499274487226296e-05 2.9396334955408022e-05
2.7499274487226296e-05 2.9396334955408022e-05
2.7499274487226296e-05 2.9396334955408022e-05
2.7499274487226296e-05 2.9396334955408022e-05
2.7499274487226296e-05 2.9396334955408022e-05
2.7499274487226296e-05 2.9396334955408022e-05
2.7499274487226296e-05 2.9396334955408022e-05
2.7499274487226296e-05 2.9396334955408022e-05
2.7499274487226296e-05 2.9396334955408022e-05
2.7499274487226296e-05 2.9396334955408022e-05
2.7499274487226296e-05 2.9396334955408022e-05
2.7499274487226296e-05 2.9396334955408022e-05
2.7499274487226296e-05 2.9396334955408022e-05
2.7499274487226296e-05 2.9396334955408022e-05
2.7499274487226296e-05 2.9396334955408022e-05
2.7499274487226296e-05 2.9396334955408022e-05
2.7499274487226296e-05 2.9396334955408022e-05
2.7499274487226296e-05 2.9396334955408022e-05
2.7499274487226296e-05 2.9396334955408022e-05
2.7499274487226296e-05 2.9396334955408022e-05
2.7499274487226296e-05 2.9396334955408022e-05
2.7499274487226296e-05 2.9396334955408022e-05
2.7499274487226296e-05 2.9396334955408022e-05
2.7499274487226296e-05 2.9396334955408022e-05
2.7499274487226296e-05 2.9396334955408022e-05
2.7499274487226296e-05 2.9396334955408022e-05
2.7499274487226296e-05 2.9396334955408022e-05
2.7499274487226296e-05 2.9396334955408022e-05
2.7499274487226296e-05 2.9396334955408022e-05
2.7499274487226296e-05 2.9396334955408022e-05
2.7499274487226296e-05 2.9396334955408022e-05
2.7499274487226296e-05 2.9396334955408022e-05
2.7499274487226296e-05 2.9396334955408022e-05
2.7499274487226296e-05 2.9396334955408022e-05
2.7499274487226296e-05 2.9396334955408022e-05
2.7499274487226296e-05 2.9396334955408022e-05
8.169934640522877e-06 7.82331948439331e-06
8.169934640522877e-06 7.82331948439331e-06
8.169934640522877e-06 7.82331948439331e-06
8.169934640522877e-06 7.82331948439331e-06
8.169934640522877e-06 7.82331948439331e-06
8.169934640522877e-06 7.82331948439331e-06
8.169934640522877e-06 7.82331948439331e-06
8.169934640522877e-06 7.82331948439331e-06
1.1248951926918028e-05 1.048002716423041e-05
1.1248951926918028e-05 1.048002716423041e-05
1.1248951926918028e-05 1.048002716423041e-05
1.1248951926918028e-05 1.048002716423041e-05
1.1248951926918028e-05 1.048002716423041e-05
1.1248951926918028e-05 1.048002716423041e-05
1.1248951926918028e-05 1.048002716423041e-05
1.1248951926918028e-05 1.048002716423041e-05
1.1248951926918028e-05 1.048002716423041e-05
1.1248951926918028e-05 1.048002716423041e-05
1.1248951926918028e-05 1.048002716423041e-05
1.1248951926918028e-05 1.048002716423041e-05
1.1248951926918028e-05 1.048002716423041e-05
1.1248951926918028e-05 1.048002716423041e-05
1.1248951926918028e-05 1.048002716423041e-05
1.1248951926918028e-05 1.048002716423041e-05
1.1248951926918028e-05 1.048002716423041e-05
1.1248951926918028e-05 1.048002716423041e-05
1.1248951926918028e-05 1.048002716423041e-05
1.1248951926918028e-05 1.048002716423041e-05
1.1248951926918028e-05 1.048002716423041e-05
1.1248951926918028e-05 1.048002716423041e-05
1.1248951926918028e-05 1.048002716423041e-05
1.1248951926918028e-05 1.048002716423041e-05
8.123646417590288e-06 8.426029875331527e-06
8.123646417590288e-06 8.426029875331527e-06
8.123646417590288e-06 8.426029875331527e-06
8.123646417590288e-06 8.426029875331527e-06
8.123646417590288e-06 8.426029875331527e-06
8.123646417590288e-06 8.426029875331527e-06
8.123646417590288e-06 8.426029875331527e-06
8.123646417590288e-06 8.426029875331527e-06
3.010878010878011e-05 3.371570914052707e-05
3.010878010878011e-05 3.371570914052707e-05
3.010878010878011e-05 3.371570914052707e-05
3.010878010878011e-05 3.371570914052707e-05
3.010878010878011e-05 3.371570914052707e-05
3.010878010878011e-05 3.371570914052707e-05
3.010878010878011e-05 3.371570914052707e-05
3.010878010878011e-05 3.371570914052707e-05
3.010878010878011e-05 3.371570914052707e-05
3.010878010878011e-05 3.371570914052707e-05
3.010878010878011e-05 3.371570914052707e-05
3.010878010878011e-05 3.371570914052707e-05
3.010878010878011e-05 3.371570914052707e-05
3.010878010878011e-05 3.371570914052707e-05
3.010878010878011e-05 3.371570914052707e-05
3.010878010878011e-05 3.371570914052707e-05
3.010878010878011e-05 3.371570914052707e-05
3.010878010878011e-05 3.371570914052707e-05
3.010878010878011e-05 3.371570914052707e-05
3.010878010878011e-05 3.371570914052707e-05
3.010878010878011e-05 3.371570914052707e-05
3.010878010878011e-05 3.371570914052707e-05
3.010878010878011e-05 3.371570914052707e-05
3.010878010878011e-05 3.371570914052707e-05
3.010878010878011e-05 3.371570914052707e-05
3.010878010878011e-05 3.371570914052707e-05
3.010878010878011e-05 3.371570914052707e-05
3.010878010878011e-05 3.371570914052707e-05
3.010878010878011e-05 3.371570914052707e-05
3.010878010878011e-05 3.371570914052707e-05
3.010878010878011e-05 3.371570914052707e-05
3.010878010878011e-05 3.371570914052707e-05
1.629411998253067e-05 1.5604417486137917e-05
1.629411998253067e-05 1.5604417486137917e-05
1.629411998253067e-05 1.5604417486137917e-05
1.629411998253067e-05 1.5604417486137917e-05
1.629411998253067e-05 1.5604417486137917e-05
1.629411998253067e-05 1.5604417486137917e-05
1.629411998253067e-05 1.5604417486137917e-05
1.629411998253067e-05 1.5604417486137917e-05
1.629411998253067e-05 1.5604417486137917e-05
1.629411998253067e-05 1.5604417486137917e-05
1.629411998253067e-05 1.5604417486137917e-05
1.629411998253067e-05 1.5604417486137917e-05
2.1353599436911767e-05 2.119213815520245e-05
2.1353599436911767e-05 2.119213815520245e-05
2.1353599436911767e-05 2.119213815520245e-05
2.1353599436911767e-05 2.119213815520245e-05
2.1353599436911767e-05 2.119213815520245e-05
2.1353599436911767e-05 2.119213815520245e-05
3.383962156616893e-06 4.040617759029311e-06
3.383962156616893e-06 4.040617759029311e-06
3.383962156616893e-06 4.040617759029311e-06
3.383962156616893e-06 4.040617759029311e-06
3.383962156616893e-06 4.040617759029311e-06
3.383962156616893e-06 4.040617759029311e-06
9.576962451702388e-05 8.243307735693523e-05
9.576962451702388e-05 8.243307735693523e-05
9.576962451702388e-05 8.243307735693523e-05
9.576962451702388e-05 8.243307735693523e-05
9.576962451702388e-05 8.243307735693523e-05
9.576962451702388e-05 8.243307735693523e-05
3.037665811112794e-05 2.903989634990841e-05
3.037665811112794e-05 2.903989634990841e-05
3.037665811112794e-05 2.903989634990841e-05
3.037665811112794e-05 2.903989634990841e-05
3.037665811112794e-05 2.903989634990841e-05
3.037665811112794e-05 2.903989634990841e-05
3.037665811112794e-05 2.903989634990841e-05
3.037665811112794e-05 2.903989634990841e-05
3.037665811112794e-05 2.903989634990841e-05
3.037665811112794e-05 2.903989634990841e-05
3.037665811112794e-05 2.903989634990841e-05
3.037665811112794e-05 2.903989634990841e-05
5.297988183594212e-05 4.713141505594336e-05
5.297988183594212e-05 4.713141505594336e-05
5.297988183594212e-05 4.713141505594336e-05
5.297988183594212e-05 4.713141505594336e-05
5.297988183594212e-05 4.713141505594336e-05
5.297988183594212e-05 4.713141505594336e-05
5.297988183594212e-05 4.713141505594336e-05
5.297988183594212e-05 4.713141505594336e-05
5.297988183594212e-05 4.713141505594336e-05
5.297988183594212e-05 4.713141505594336e-05
5.297988183594212e-05 4.713141505594336e-05
5.297988183594212e-05 4.713141505594336e-05
5.297988183594212e-05 4.713141505594336e-05
5.297988183594212e-05 4.713141505594336e-05
5.297988183594212e-05 4.713141505594336e-05
5.297988183594212e-05 4.713141505594336e-05
5.297988183594212e-05 4.713141505594336e-05
5.297988183594212e-05 4.713141505594336e-05
5.297988183594212e-05 4.713141505594336e-05
5.297988183594212e-05 4.713141505594336e-05
5.297988183594212e-05 4.713141505594336e-05
5.297988183594212e-05 4.713141505594336e-05
5.297988183594212e-05 4.713141505594336e-05
5.297988183594212e-05 4.713141505594336e-05
5.297988183594212e-05 4.713141505594336e-05
5.297988183594212e-05 4.713141505594336e-05
5.297988183594212e-05 4.713141505594336e-05
5.297988183594212e-05 4.713141505594336e-05
5.297988183594212e-05 4.713141505594336e-05
5.297988183594212e-05 4.713141505594336e-05
5.297988183594212e-05 4.713141505594336e-05
5.297988183594212e-05 4.713141505594336e-05
5.297988183594212e-05 4.713141505594336e-05
5.297988183594212e-05 4.713141505594336e-05
5.297988183594212e-05 4.713141505594336e-05
5.297988183594212e-05 4.713141505594336e-05
1.6711702348784037e-05 1.7382309048975715e-05
1.6711702348784037e-05 1.7382309048975715e-05
1.6711702348784037e-05 1.7382309048975715e-05
1.6711702348784037e-05 1.7382309048975715e-05
1.6711702348784037e-05 1.7382309048975715e-05
1.6711702348784037e-05 1.7382309048975715e-05
1.2909837429212168e-05 1.3613286567690066e-05
1.2909837429212168e-05 1.3613286567690066e-05
1.2909837429212168e-05 1.3613286567690066e-05
1.2909837429212168e-05 1.3613286567690066e-05
1.2909837429212168e-05 1.3613286567690066e-05
1.2909837429212168e-05 1.3613286567690066e-05
1.2909837429212168e-05 1.3613286567690066e-05
1.2909837429212168e-05 1.3613286567690066e-05
1.2909837429212168e-05 1.3613286567690066e-05
1.2909837429212168e-05 1.3613286567690066e-05
1.2909837429212168e-05 1.3613286567690066e-05
1.2909837429212168e-05 1.3613286567690066e-05
1.2909837429212168e-05 1.3613286567690066e-05
1.2909837429212168e-05 1.3613286567690066e-05
1.2909837429212168e-05 1.3613286567690066e-05
1.2909837429212168e-05 1.3613286567690066e-05
1.2909837429212168e-05 1.3613286567690066e-05
1.2909837429212168e-05 1.3613286567690066e-05
6.8635791869137905e-06 6.555411960817367e-06
6.8635791869137905e-06 6.555411960817367e-06
6.8635791869137905e-06 6.555411960817367e-06
6.8635791869137905e-06 6.555411960817367e-06
6.8635791869137905e-06 6.555411960817367e-06
6.8635791869137905e-06 6.555411960817367e-06
4.41696113074205e-06 4.86199511022206e-06
4.41696113074205e-06 4.86199511022206e-06
4.41696113074205e-06 4.86199511022206e-06
4.41696113074205e-06 4.86199511022206e-06
4.41696113074205e-06 4.86199511022206e-06
4.41696113074205e-06 4.86199511022206e-06
4.41696113074205e-06 4.86199511022206e-06
4.41696113074205e-06 4.86199511022206e-06
4.41696113074205e-06 4.86199511022206e-06
4.41696113074205e-06 4.86199511022206e-06
4.41696113074205e-06 4.86199511022206e-06
4.41696113074205e-06 4.86199511022206e-06
4.41696113074205e-06 4.86199511022206e-06
4.41696113074205e-06 4.86199511022206e-06
4.41696113074205e-06 4.86199511022206e-06
4.41696113074205e-06 4.86199511022206e-06
4.41696113074205e-06 4.86199511022206e-06
4.41696113074205e-06 4.86199511022206e-06
4.41696113074205e-06 4.86199511022206e-06
4.41696113074205e-06 4.86199511022206e-06
4.41696113074205e-06 4.86199511022206e-06
4.41696113074205e-06 4.86199511022206e-06
4.41696113074205e-06 4.86199511022206e-06
4.41696113074205e-06 4.86199511022206e-06
9.751307010196124e-06 9.081966092794313e-06
9.751307010196124e-06 9.081966092794313e-06
9.751307010196124e-06 9.081966092794313e-06
9.751307010196124e-06 9.081966092794313e-06
9.751307010196124e-06 9.081966092794313e-06
9.751307010196124e-06 9.081966092794313e-06
9.751307010196124e-06 9.081966092794313e-06
9.751307010196124e-06 9.081966092794313e-06
9.751307010196124e-06 9.081966092794313e-06
9.751307010196124e-06 9.081966092794313e-06
9.751307010196124e-06 9.081966092794313e-06
9.751307010196124e-06 9.081966092794313e-06
9.751307010196124e-06 9.081966092794313e-06
9.751307010196124e-06 9.081966092794313e-06
9.751307010196124e-06 9.081966092794313e-06
9.751307010196124e-06 9.081966092794313e-06
9.751307010196124e-06 9.081966092794313e-06
9.751307010196124e-06 9.081966092794313e-06
9.751307010196124e-06 9.081966092794313e-06
9.751307010196124e-06 9.081966092794313e-06
9.751307010196124e-06 9.081966092794313e-06
9.751307010196124e-06 9.081966092794313e-06
9.751307010196124e-06 9.081966092794313e-06
9.751307010196124e-06 9.081966092794313e-06
9.751307010196124e-06 9.081966092794313e-06
9.751307010196124e-06 9.081966092794313e-06
2.477277209395662e-05 2.3817973028719534e-05
2.477277209395662e-05 2.3817973028719534e-05
2.477277209395662e-05 2.3817973028719534e-05
2.477277209395662e-05 2.3817973028719534e-05
2.477277209395662e-05 2.3817973028719534e-05
2.477277209395662e-05 2.3817973028719534e-05
2.477277209395662e-05 2.3817973028719534e-05
2.477277209395662e-05 2.3817973028719534e-05
2.477277209395662e-05 2.3817973028719534e-05
2.477277209395662e-05 2.3817973028719534e-05
2.477277209395662e-05 2.3817973028719534e-05
2.477277209395662e-05 2.3817973028719534e-05
2.477277209395662e-05 2.3817973028719534e-05
3.6798241976946677e-06 4.0368209827744195e-06
3.6798241976946677e-06 4.0368209827744195e-06
3.6798241976946677e-06 4.0368209827744195e-06
3.6798241976946677e-06 4.0368209827744195e-06
3.6798241976946677e-06 4.0368209827744195e-06
3.6798241976946677e-06 4.0368209827744195e-06
3.6798241976946677e-06 4.0368209827744195e-06
3.6798241976946677e-06 4.0368209827744195e-06
3.6798241976946677e-06 4.0368209827744195e-06
3.6798241976946677e-06 4.0368209827744195e-06
3.6798241976946677e-06 4.0368209827744195e-06
3.6798241976946677e-06 4.0368209827744195e-06
3.6798241976946677e-06 4.0368209827744195e-06
0.0001563238273710849 0.00012225530473408198
0.0001563238273710849 0.00012225530473408198
0.0001563238273710849 0.00012225530473408198
0.0001563238273710849 0.00012225530473408198
0.0001563238273710849 0.00012225530473408198
0.0001563238273710849 0.00012225530473408198
0.0001563238273710849 0.00012225530473408198
0.0001563238273710849 0.00012225530473408198
0.0001563238273710849 0.00012225530473408198
0.0001563238273710849 0.00012225530473408198
0.0001563238273710849 0.00012225530473408198
0.0001563238273710849 0.00012225530473408198
0.0001563238273710849 0.00012225530473408198
1.4612048600156687e-05 1.3436654345698485e-05
1.4612048600156687e-05 1.3436654345698485e-05
1.4612048600156687e-05 1.3436654345698485e-05
1.4612048600156687e-05 1.3436654345698485e-05
1.4612048600156687e-05 1.3436654345698485e-05
1.4612048600156687e-05 1.3436654345698485e-05
1.4612048600156687e-05 1.3436654345698485e-05
1.4612048600156687e-05 1.3436654345698485e-05
1.4612048600156687e-05 1.3436654345698485e-05
1.4612048600156687e-05 1.3436654345698485e-05
1.4612048600156687e-05 1.3436654345698485e-05
1.4612048600156687e-05 1.3436654345698485e-05
1.4612048600156687e-05 1.3436654345698485e-05
1.4612048600156687e-05 1.3436654345698485e-05
1.4612048600156687e-05 1.3436654345698485e-05
1.4612048600156687e-05 1.3436654345698485e-05
1.4612048600156687e-05 1.3436654345698485e-05
1.4612048600156687e-05 1.3436654345698485e-05
1.4612048600156687e-05 1.3436654345698485e-05
1.4612048600156687e-05 1.3436654345698485e-05
1.4612048600156687e-05 1.3436654345698485e-05
1.4612048600156687e-05 1.3436654345698485e-05
1.4612048600156687e-05 1.3436654345698485e-05
1.4612048600156687e-05 1.3436654345698485e-05
1.4612048600156687e-05 1.3436654345698485e-05
1.4612048600156687e-05 1.3436654345698485e-05
2.9320366298097272e-05 2.5966894913869702e-05
2.9320366298097272e-05 2.5966894913869702e-05
2.9320366298097272e-05 2.5966894913869702e-05
2.9320366298097272e-05 2.5966894913869702e-05
2.9320366298097272e-05 2.5966894913869702e-05
2.9320366298097272e-05 2.5966894913869702e-05
2.9320366298097272e-05 2.5966894913869702e-05
2.9320366298097272e-05 2.5966894913869702e-05
2.9320366298097272e-05 2.5966894913869702e-05
2.9320366298097272e-05 2.5966894913869702e-05
2.9320366298097272e-05 2.5966894913869702e-05
2.9320366298097272e-05 2.5966894913869702e-05
2.9320366298097272e-05 2.5966894913869702e-05
2.9320366298097272e-05 2.5966894913869702e-05
2.9320366298097272e-05 2.5966894913869702e-05
2.9320366298097272e-05 2.5966894913869702e-05
2.9320366298097272e-05 2.5966894913869702e-05
2.9320366298097272e-05 2.5966894913869702e-05
2.9320366298097272e-05 2.5966894913869702e-05
2.9320366298097272e-05 2.5966894913869702e-05
2.9320366298097272e-05 2.5966894913869702e-05
2.9320366298097272e-05 2.5966894913869702e-05
2.9320366298097272e-05 2.5966894913869702e-05
2.9320366298097272e-05 2.5966894913869702e-05
2.9320366298097272e-05 2.5966894913869702e-05
2.9320366298097272e-05 2.5966894913869702e-05
2.9320366298097272e-05 2.5966894913869702e-05
2.9320366298097272e-05 2.5966894913869702e-05
2.9320366298097272e-05 2.5966894913869702e-05
2.9320366298097272e-05 2.5966894913869702e-05
2.9320366298097272e-05 2.5966894913869702e-05
2.9320366298097272e-05 2.5966894913869702e-05
2.9320366298097272e-05 2.5966894913869702e-05
2.9320366298097272e-05 2.5966894913869702e-05
2.9320366298097272e-05 2.5966894913869702e-05
2.9320366298097272e-05 2.5966894913869702e-05
2.9320366298097272e-05 2.5966894913869702e-05
2.9320366298097272e-05 2.5966894913869702e-05
2.9320366298097272e-05 2.5966894913869702e-05
2.9320366298097272e-05 2.5966894913869702e-05
2.9320366298097272e-05 2.5966894913869702e-05
2.9320366298097272e-05 2.5966894913869702e-05
2.9320366298097272e-05 2.5966894913869702e-05
2.9320366298097272e-05 2.5966894913869702e-05
2.9320366298097272e-05 2.5966894913869702e-05
2.9320366298097272e-05 2.5966894913869702e-05
2.9320366298097272e-05 2.5966894913869702e-05
2.9320366298097272e-05 2.5966894913869702e-05
2.9320366298097272e-05 2.5966894913869702e-05
2.9320366298097272e-05 2.5966894913869702e-05
2.9320366298097272e-05 2.5966894913869702e-05
2.9320366298097272e-05 2.5966894913869702e-05
2.9320366298097272e-05 2.5966894913869702e-05
2.9320366298097272e-05 2.5966894913869702e-05
2.9320366298097272e-05 2.5966894913869702e-05
2.9320366298097272e-05 2.5966894913869702e-05
2.9320366298097272e-05 2.5966894913869702e-05
2.9320366298097272e-05 2.5966894913869702e-05
2.9320366298097272e-05 2.5966894913869702e-05
2.9320366298097272e-05 2.5966894913869702e-05
2.9320366298097272e-05 2.5966894913869702e-05
2.9320366298097272e-05 2.5966894913869702e-05
2.9320366298097272e-05 2.5966894913869702e-05
2.9320366298097272e-05 2.5966894913869702e-05
2.9320366298097272e-05 2.5966894913869702e-05
2.9320366298097272e-05 2.5966894913869702e-05
2.9320366298097272e-05 2.5966894913869702e-05
2.9320366298097272e-05 2.5966894913869702e-05
2.9320366298097272e-05 2.5966894913869702e-05
2.9320366298097272e-05 2.5966894913869702e-05
2.9320366298097272e-05 2.5966894913869702e-05
2.9320366298097272e-05 2.5966894913869702e-05
2.9320366298097272e-05 2.5966894913869702e-05
2.9320366298097272e-05 2.5966894913869702e-05
2.9320366298097272e-05 2.5966894913869702e-05
2.9320366298097272e-05 2.5966894913869702e-05
2.9320366298097272e-05 2.5966894913869702e-05
2.9320366298097272e-05 2.5966894913869702e-05
6.089016583497152e-06 6.212218956825078e-06
6.089016583497152e-06 6.212218956825078e-06
6.089016583497152e-06 6.212218956825078e-06
6.089016583497152e-06 6.212218956825078e-06
6.089016583497152e-06 6.212218956825078e-06
6.089016583497152e-06 6.212218956825078e-06
6.089016583497152e-06 6.212218956825078e-06
6.089016583497152e-06 6.212218956825078e-06
6.089016583497152e-06 6.212218956825078e-06
6.089016583497152e-06 6.212218956825078e-06
6.089016583497152e-06 6.212218956825078e-06
6.089016583497152e-06 6.212218956825078e-06
6.089016583497152e-06 6.212218956825078e-06
6.777724524227945e-06 6.456075339265192e-06
6.777724524227945e-06 6.456075339265192e-06
6.777724524227945e-06 6.456075339265192e-06
6.777724524227945e-06 6.456075339265192e-06
6.777724524227945e-06 6.456075339265192e-06
6.777724524227945e-06 6.456075339265192e-06
6.777724524227945e-06 6.456075339265192e-06
6.777724524227945e-06 6.456075339265192e-06
6.777724524227945e-06 6.456075339265192e-06
6.777724524227945e-06 6.456075339265192e-06
6.777724524227945e-06 6.456075339265192e-06
6.777724524227945e-06 6.456075339265192e-06
6.777724524227945e-06 6.456075339265192e-06
6.777724524227945e-06 6.456075339265192e-06
6.777724524227945e-06 6.456075339265192e-06
6.777724524227945e-06 6.456075339265192e-06
6.777724524227945e-06 6.456075339265192e-06
6.777724524227945e-06 6.456075339265192e-06
6.777724524227945e-06 6.456075339265192e-06
6.777724524227945e-06 6.456075339265192e-06
6.777724524227945e-06 6.456075339265192e-06
6.777724524227945e-06 6.456075339265192e-06
6.777724524227945e-06 6.456075339265192e-06
6.777724524227945e-06 6.456075339265192e-06
6.777724524227945e-06 6.456075339265192e-06
6.777724524227945e-06 6.456075339265192e-06
6.777724524227945e-06 6.456075339265192e-06
6.777724524227945e-06 6.456075339265192e-06
6.777724524227945e-06 6.456075339265192e-06
6.777724524227945e-06 6.456075339265192e-06
6.777724524227945e-06 6.456075339265192e-06
6.777724524227945e-06 6.456075339265192e-06
6.777724524227945e-06 6.456075339265192e-06
6.777724524227945e-06 6.456075339265192e-06
6.777724524227945e-06 6.456075339265192e-06
6.777724524227945e-06 6.456075339265192e-06
6.777724524227945e-06 6.456075339265192e-06
6.777724524227945e-06 6.456075339265192e-06
6.777724524227945e-06 6.456075339265192e-06
8.353806487869893e-06 8.393145182719504e-06
8.353806487869893e-06 8.393145182719504e-06
8.353806487869893e-06 8.393145182719504e-06
8.353806487869893e-06 8.393145182719504e-06
8.353806487869893e-06 8.393145182719504e-06
8.353806487869893e-06 8.393145182719504e-06
8.353806487869893e-06 8.393145182719504e-06
8.353806487869893e-06 8.393145182719504e-06
8.353806487869893e-06 8.393145182719504e-06
8.353806487869893e-06 8.393145182719504e-06
8.353806487869893e-06 8.393145182719504e-06
8.353806487869893e-06 8.393145182719504e-06
8.353806487869893e-06 8.393145182719504e-06
3.1362467866323906e-05 3.104838566187329e-05
3.1362467866323906e-05 3.104838566187329e-05
3.1362467866323906e-05 3.104838566187329e-05
3.1362467866323906e-05 3.104838566187329e-05
3.1362467866323906e-05 3.104838566187329e-05
3.1362467866323906e-05 3.104838566187329e-05
3.1362467866323906e-05 3.104838566187329e-05
3.1362467866323906e-05 3.104838566187329e-05
3.1362467866323906e-05 3.104838566187329e-05
3.1362467866323906e-05 3.104838566187329e-05
3.1362467866323906e-05 3.104838566187329e-05
3.1362467866323906e-05 3.104838566187329e-05
3.1362467866323906e-05 3.104838566187329e-05
3.1362467866323906e-05 3.104838566187329e-05
3.1362467866323906e-05 3.104838566187329e-05
3.1362467866323906e-05 3.104838566187329e-05
3.1362467866323906e-05 3.104838566187329e-05
3.1362467866323906e-05 3.104838566187329e-05
3.1362467866323906e-05 3.104838566187329e-05
3.1362467866323906e-05 3.104838566187329e-05
3.1362467866323906e-05 3.104838566187329e-05
3.1362467866323906e-05 3.104838566187329e-05
3.1362467866323906e-05 3.104838566187329e-05
3.1362467866323906e-05 3.104838566187329e-05
3.1362467866323906e-05 3.104838566187329e-05
3.1362467866323906e-05 3.104838566187329e-05
3.1362467866323906e-05 3.104838566187329e-05
3.1362467866323906e-05 3.104838566187329e-05
3.1362467866323906e-05 3.104838566187329e-05
3.1362467866323906e-05 3.104838566187329e-05
3.1362467866323906e-05 3.104838566187329e-05
3.1362467866323906e-05 3.104838566187329e-05
3.1362467866323906e-05 3.104838566187329e-05
3.1362467866323906e-05 3.104838566187329e-05
3.1362467866323906e-05 3.104838566187329e-05
3.1362467866323906e-05 3.104838566187329e-05
3.1362467866323906e-05 3.104838566187329e-05
3.1362467866323906e-05 3.104838566187329e-05
3.1362467866323906e-05 3.104838566187329e-05
3.1362467866323906e-05 3.104838566187329e-05
3.1362467866323906e-05 3.104838566187329e-05
3.1362467866323906e-05 3.104838566187329e-05
3.1362467866323906e-05 3.104838566187329e-05
3.1362467866323906e-05 3.104838566187329e-05
3.1362467866323906e-05 3.104838566187329e-05
3.1362467866323906e-05 3.104838566187329e-05
3.1362467866323906e-05 3.104838566187329e-05
3.1362467866323906e-05 3.104838566187329e-05
3.1362467866323906e-05 3.104838566187329e-05
3.1362467866323906e-05 3.104838566187329e-05
3.1362467866323906e-05 3.104838566187329e-05
3.1362467866323906e-05 3.104838566187329e-05