1.3884393271473637e-05 1.388888888888889e-05
1.3884393271473637e-05 1.388888888888889e-05
1.390278216512817e-05 1.388888888888889e-05
1.390278216512817e-05 1.388888888888889e-05
1.3842124953236064e-05 1.388888888888889e-05
1.3842124953236064e-05 1.388888888888889e-05
1.3963954067434163e-05 1.388888888888889e-05
1.3963954067434163e-05 1.388888888888889e-05
1.384324624039814e-05 1.388888888888889e-05
1.384324624039814e-05 1.388888888888889e-05
1.3886712401912986e-05 1.388888888888889e-05
1.3886712401912986e-05 1.388888888888889e-05
1.4041679578555935e-05 1.388888888888889e-05
1.4041679578555935e-05 1.388888888888889e-05
1.3942173018134873e-05 1.388888888888889e-05
1.3942173018134873e-05 1.388888888888889e-05
1.3940039202610813e-05 1.388888888888889e-05
1.3940039202610813e-05 1.388888888888889e-05
1.398016119032858e-05 1.388888888888889e-05
1.398016119032858e-05 1.388888888888889e-05
1.3838309118268148e-05 1.388888888888889e-05
1.3838309118268148e-05 1.388888888888889e-05
1.4181954945978157e-05 1.388888888888889e-05
1.4181954945978157e-05 1.388888888888889e-05
1.3737153967225256e-05 1.388888888888889e-05
1.3737153967225256e-05 1.388888888888889e-05
1.3977934498049901e-05 1.388888888888889e-05
1.3977934498049901e-05 1.388888888888889e-05
1.382681358232292e-05 1.388888888888889e-05
1.382681358232292e-05 1.388888888888889e-05
1.4028119447861145e-05 1.388888888888889e-05
1.4028119447861145e-05 1.388888888888889e-05
1.38946936627349e-05 1.388888888888889e-05
1.38946936627349e-05 1.388888888888889e-05
1.3918360188156276e-05 1.388888888888889e-05
1.3918360188156276e-05 1.388888888888889e-05
1.378289594085136e-05 1.388888888888889e-05
1.378289594085136e-05 1.388888888888889e-05
1.3898465781761766e-05 1.388888888888889e-05
1.3898465781761766e-05 1.388888888888889e-05
1.3947355861015655e-05 1.388888888888889e-05
1.3947355861015655e-05 1.388888888888889e-05
1.4120022954003709e-05 1.388888888888889e-05
1.4120022954003709e-05 1.388888888888889e-05
1.4107175437224698e-05 1.388888888888889e-05
1.4107175437224698e-05 1.388888888888889e-05
1.4130241927067025e-05 1.388888888888889e-05
1.4130241927067025e-05 1.388888888888889e-05
1.3929016542034896e-05 1.388888888888889e-05
1.3929016542034896e-05 1.388888888888889e-05
1.4044352054905783e-05 1.388888888888889e-05
1.4044352054905783e-05 1.388888888888889e-05
1.3957175144873978e-05 1.388888888888889e-05
1.3957175144873978e-05 1.388888888888889e-05
1.3889735978965059e-05 1.388888888888889e-05
1.3889735978965059e-05 1.388888888888889e-05
1.383368970699887e-05 1.388888888888889e-05
1.383368970699887e-05 1.388888888888889e-05
1.3823549464784891e-05 1.388888888888889e-05
1.3823549464784891e-05 1.388888888888889e-05
1.3826269912834385e-05 1.388888888888889e-05
1.3826269912834385e-05 1.388888888888889e-05
1.3987937287161116e-05 1.388888888888889e-05
1.3987937287161116e-05 1.388888888888889e-05
1.4010707721155151e-05 1.388888888888889e-05
1.4010707721155151e-05 1.388888888888889e-05
1.3832237188810894e-05 1.388888888888889e-05
1.3832237188810894e-05 1.388888888888889e-05
1.4180892482779276e-05 1.388888888888889e-05
1.4180892482779276e-05 1.388888888888889e-05
1.4040472062253597e-05 1.388888888888889e-05
1.4040472062253597e-05 1.388888888888889e-05
1.40026660203587e-05 1.388888888888889e-05
1.40026660203587e-05 1.388888888888889e-05
1.3742309332358675e-05 1.388888888888889e-05
1.3742309332358675e-05 1.388888888888889e-05
1.3707221211202103e-05 1.388888888888889e-05
1.3707221211202103e-05 1.388888888888889e-05
1.3923085403498457e-05 1.388888888888889e-05
1.3923085403498457e-05 1.388888888888889e-05
1.392638200659057e-05 1.388888888888889e-05
1.392638200659057e-05 1.388888888888889e-05
1.4003319647876904e-05 1.388888888888889e-05
1.4003319647876904e-05 1.388888888888889e-05
1.3711734693877551e-05 1.388888888888889e-05
1.3711734693877551e-05 1.388888888888889e-05
1.3933856593900744e-05 1.388888888888889e-05
1.3933856593900744e-05 1.388888888888889e-05
1.4063381274675691e-05 1.388888888888889e-05
1.4063381274675691e-05 1.388888888888889e-05
1.3847190531470585e-05 1.388888888888889e-05
1.3847190531470585e-05 1.388888888888889e-05
1.4022642855385826e-05 1.388888888888889e-05
1.4022642855385826e-05 1.388888888888889e-05
1.389412257287905e-05 1.388888888888889e-05
1.389412257287905e-05 1.388888888888889e-05
1.4068389876144318e-05 1.388888888888889e-05
1.4068389876144318e-05 1.388888888888889e-05
1.398933764697697e-05 1.388888888888889e-05
1.398933764697697e-05 1.388888888888889e-05
1.3873709240194925e-05 1.388888888888889e-05
1.3873709240194925e-05 1.388888888888889e-05
1.414647767862476e-05 1.388888888888889e-05
1.414647767862476e-05 1.388888888888889e-05
1.3985482226825819e-05 1.388888888888889e-05
1.3985482226825819e-05 1.388888888888889e-05
1.4013623150678988e-05 1.388888888888889e-05
1.4013623150678988e-05 1.388888888888889e-05
1.4055519817018692e-05 1.388888888888889e-05
1.4055519817018692e-05 1.388888888888889e-05
1.3965068116364108e-05 1.388888888888889e-05
1.3965068116364108e-05 1.388888888888889e-05
1.399901983458332e-05 1.388888888888889e-05
1.399901983458332e-05 1.388888888888889e-05
1.3967507028272219e-05 1.388888888888889e-05
1.3967507028272219e-05 1.388888888888889e-05
1.3883511850991525e-05 1.388888888888889e-05
1.3883511850991525e-05 1.388888888888889e-05
1.3919286767705294e-05 1.388888888888889e-05
1.3919286767705294e-05 1.388888888888889e-05
1.395298228041306e-05 1.388888888888889e-05
1.395298228041306e-05 1.388888888888889e-05
1.3966587969616095e-05 1.388888888888889e-05
1.3966587969616095e-05 1.388888888888889e-05
1.3959566730969645e-05 1.388888888888889e-05
1.3959566730969645e-05 1.388888888888889e-05
1.393296194438568e-05 1.388888888888889e-05
1.393296194438568e-05 1.388888888888889e-05
1.394681861348528e-05 1.388888888888889e-05
1.394681861348528e-05 1.388888888888889e-05
1.3889679557731476e-05 1.388888888888889e-05
1.3889679557731476e-05 1.388888888888889e-05
1.4080730308579879e-05 1.388888888888889e-05
1.4080730308579879e-05 1.388888888888889e-05
1.393320296418279e-05 1.388888888888889e-05
1.393320296418279e-05 1.388888888888889e-05
1.4011412708204812e-05 1.388888888888889e-05
1.4011412708204812e-05 1.388888888888889e-05
1.3740936882828774e-05 1.388888888888889e-05
1.3740936882828774e-05 1.388888888888889e-05
1.3817119103394424e-05 1.388888888888889e-05
1.3817119103394424e-05 1.388888888888889e-05
1.395513983089447e-05 1.388888888888889e-05
1.395513983089447e-05 1.388888888888889e-05
1.3711078030021089e-05 1.388888888888889e-05
1.3711078030021089e-05 1.388888888888889e-05
1.4040204578812777e-05 1.388888888888889e-05
1.4040204578812777e-05 1.388888888888889e-05
1.4057075239365217e-05 1.388888888888889e-05
1.4057075239365217e-05 1.388888888888889e-05
1.3901095324121544e-05 1.388888888888889e-05
1.3901095324121544e-05 1.388888888888889e-05
1.3943695967970522e-05 1.388888888888889e-05
1.3943695967970522e-05 1.388888888888889e-05
1.3947913261414406e-05 1.388888888888889e-05
1.3947913261414406e-05 1.388888888888889e-05
1.3932071985217322e-05 1.388888888888889e-05
1.3932071985217322e-05 1.388888888888889e-05
1.3901687086902608e-05 1.388888888888889e-05
1.3901687086902608e-05 1.388888888888889e-05
1.38818291351331e-05 1.388888888888889e-05
1.38818291351331e-05 1.388888888888889e-05
1.39364571182753e-05 1.388888888888889e-05
1.39364571182753e-05 1.388888888888889e-05
1.4164959730234373e-05 1.388888888888889e-05
1.4164959730234373e-05 1.388888888888889e-05
1.3902014923529267e-05 1.388888888888889e-05
1.3902014923529267e-05 1.388888888888889e-05
1.387501695458637e-05 1.388888888888889e-05
1.387501695458637e-05 1.388888888888889e-05
1.3864749293054694e-05 1.388888888888889e-05
1.3864749293054694e-05 1.388888888888889e-05
1.388888888888889e-05 1.388888888888889e-05
1.388888888888889e-05 1.388888888888889e-05
1.379922843544932e-05 1.388888888888889e-05
1.379922843544932e-05 1.388888888888889e-05
1.3657385971952136e-05 1.388888888888889e-05
1.3657385971952136e-05 1.388888888888889e-05
1.3897685398433902e-05 1.388888888888889e-05
1.3897685398433902e-05 1.388888888888889e-05
1.377180136679068e-05 1.388888888888889e-05
1.377180136679068e-05 1.388888888888889e-05
1.398782169117647e-05 1.388888888888889e-05
1.398782169117647e-05 1.388888888888889e-05
1.3726455957970043e-05 1.388888888888889e-05
1.3726455957970043e-05 1.388888888888889e-05
1.3874087231103217e-05 1.388888888888889e-05
1.3874087231103217e-05 1.388888888888889e-05
1.384496073582368e-05 1.388888888888889e-05
1.384496073582368e-05 1.388888888888889e-05
1.3829567373932212e-05 1.388888888888889e-05
1.3829567373932212e-05 1.388888888888889e-05
1.3663587548345913e-05 1.388888888888889e-05
1.3663587548345913e-05 1.388888888888889e-05
1.3834858071135432e-05 1.388888888888889e-05
1.3834858071135432e-05 1.388888888888889e-05
1.3768561766527714e-05 1.388888888888889e-05
1.3768561766527714e-05 1.388888888888889e-05
1.3804826285175287e-05 1.388888888888889e-05
1.3804826285175287e-05 1.388888888888889e-05