1.4841043079925444e-05 1.324205973703429e-05
1.1527127751776737e-05 1.324205973703429e-05
1.5653151378580397e-05 1.324205973703429e-05
1.1721103764785511e-05 1.324205973703429e-05
1.186714135232076e-05 1.324205973703429e-05
1.3184365758468722e-05 1.324205973703429e-05
1.2291400746938968e-05 1.324205973703429e-05
1.3920556822272892e-05 1.3268636261037972e-05
1.1677660088859694e-05 1.324205973703429e-05
1.2147050767526885e-05 1.324205973703429e-05
1.443972131973964e-05 1.324205973703429e-05
1.1904878710871705e-05 1.324205973703429e-05
1.0701877350456337e-05 1.324205973703429e-05
1.3943695002702069e-05 1.3273590304342767e-05
1.2913849887328826e-05 1.324205973703429e-05
1.1320180698384399e-05 1.324205973703429e-05
1.1320180698384399e-05 1.324205973703429e-05
1.400317450606521e-05 1.324205973703429e-05
1.400317450606521e-05 1.324205973703429e-05
1.4245418301580548e-05 1.324205973703429e-05
1.3188501123638967e-05 1.3262687855791741e-05
1.3188501123638967e-05 1.3262687855791741e-05
1.327421517913348e-05 1.3262613604972743e-05
1.327421517913348e-05 1.3262613604972743e-05
1.3217407158326085e-05 1.3262570849602546e-05
1.3217407158326085e-05 1.3262570849602546e-05
1.318929100370255e-05 1.3262677399751358e-05
1.318929100370255e-05 1.3262677399751358e-05
1.3204920857876232e-05 1.326250390033706e-05
1.3204920857876232e-05 1.326250390033706e-05
1.3189799622636246e-05 1.326256659391333e-05
1.3189799622636246e-05 1.326256659391333e-05
1.3318313630410356e-05 1.3262532510004787e-05
1.3318313630410356e-05 1.3262532510004787e-05
1.3162191581508286e-05 1.3262441435832964e-05
1.3162191581508286e-05 1.3262441435832964e-05
1.3316848676961046e-05 1.3262466751276544e-05
1.3316848676961046e-05 1.3262466751276544e-05
1.3128603961892466e-05 1.3262665153568376e-05
1.3128603961892466e-05 1.3262665153568376e-05
1.3179846921768027e-05 1.3262425520879049e-05
1.3179846921768027e-05 1.3262425520879049e-05
1.3209293773222855e-05 1.3262378081499149e-05
1.3209293773222855e-05 1.3262378081499149e-05
1.3209293773222855e-05 1.3262378081499149e-05
1.3209293773222855e-05 1.3262378081499149e-05
1.3219691519798028e-05 1.3262385644759629e-05
1.3219691519798028e-05 1.3262385644759629e-05
1.3065734419935258e-05 1.3262555519922e-05
1.3065734419935258e-05 1.3262555519922e-05
1.314105794387714e-05 1.3262393116879331e-05
1.314105794387714e-05 1.3262393116879331e-05
1.3174036895250645e-05 1.3262324222774169e-05
1.3174036895250645e-05 1.3262324222774169e-05
1.334622462421234e-05 1.326243424372647e-05
1.334622462421234e-05 1.326243424372647e-05
1.346261610164031e-05 1.326207524842686e-05
1.346261610164031e-05 1.326207524842686e-05
1.3276501530902958e-05 1.3262559050163394e-05
1.3276501530902958e-05 1.3262559050163394e-05
1.326828289879322e-05 1.3262512482481281e-05
1.326828289879322e-05 1.3262512482481281e-05
1.314508378689704e-05 1.3262316999199472e-05
1.314508378689704e-05 1.3262316999199472e-05
1.324373629831886e-05 1.3262240150708709e-05
1.324373629831886e-05 1.3262240150708709e-05
1.3317337405441736e-05 1.3262343603925468e-05
1.3317337405441736e-05 1.3262343603925468e-05
1.3160187685413499e-05 1.3262538650910508e-05
1.3160187685413499e-05 1.3262538650910508e-05
1.3214592647769975e-05 1.3262705761422883e-05
1.3214592647769975e-05 1.3262705761422883e-05
1.3359960360580111e-05 1.3262300854319115e-05
1.3359960360580111e-05 1.3262300854319115e-05
1.316373001240396e-05 1.326265878321383e-05
1.316373001240396e-05 1.326265878321383e-05
1.3141621150297256e-05 1.3262520436967e-05
1.3141621150297256e-05 1.3262520436967e-05
1.3167525200939853e-05 1.3262501816415034e-05
1.3167525200939853e-05 1.3262501816415034e-05
1.3453780249613373e-05 1.3262505360737384e-05
1.3453780249613373e-05 1.3262505360737384e-05
1.3385197692369922e-05 1.3262285701290101e-05
1.3385197692369922e-05 1.3262285701290101e-05
1.3385197692369922e-05 1.3262285701290101e-05
1.3385197692369922e-05 1.3262285701290101e-05
1.3138663045042687e-05 1.3262669460720662e-05
1.3138663045042687e-05 1.3262669460720662e-05
1.3528593555892325e-05 1.3262570762127654e-05
1.3528593555892325e-05 1.3262570762127654e-05
1.329263517051175e-05 1.3262457195664153e-05
1.329263517051175e-05 1.3262457195664153e-05
1.3361057184989369e-05 1.3262587607047453e-05
1.3361057184989369e-05 1.3262587607047453e-05
1.3458885084420865e-05 1.3262251144869898e-05
1.3458885084420865e-05 1.3262251144869898e-05
1.3304231405283554e-05 1.3262372194918594e-05
1.3304231405283554e-05 1.3262372194918594e-05
1.3512638086007343e-05 1.326276913315155e-05
1.3512638086007343e-05 1.326276913315155e-05
1.3110466662890939e-05 1.3262478213545297e-05
1.3110466662890939e-05 1.3262478213545297e-05
1.3074888138535431e-05 1.3262677399751358e-05
1.3074888138535431e-05 1.3262677399751358e-05
1.3106031487636317e-05 1.3262338888927967e-05
1.3106031487636317e-05 1.3262338888927967e-05
1.3280884436260453e-05 1.326218653841695e-05
1.3280884436260453e-05 1.326218653841695e-05
1.3233314506164168e-05 1.3261863807885649e-05
1.3233314506164168e-05 1.3261863807885649e-05
1.3206849023257029e-05 1.3262379543128501e-05
1.3206849023257029e-05 1.3262379543128501e-05
1.3463184547485132e-05 1.326249700447229e-05
1.3463184547485132e-05 1.326249700447229e-05
1.3335686597011954e-05 1.3262367593857415e-05
1.3335686597011954e-05 1.3262367593857415e-05
1.3241903945163655e-05 1.326247198498541e-05
1.3241903945163655e-05 1.326247198498541e-05
1.3309557396048552e-05 1.3262415110727555e-05
1.3309557396048552e-05 1.3262415110727555e-05
1.3322064950440317e-05 1.3262315389640757e-05
1.3322064950440317e-05 1.3262315389640757e-05
1.3240865769084545e-05 1.3262607139610628e-05
1.3240865769084545e-05 1.3262607139610628e-05
1.3124268409932198e-05 1.3262269063630548e-05
1.3124268409932198e-05 1.3262269063630548e-05
1.3367490383623053e-05 1.3262184060127089e-05
1.3367490383623053e-05 1.3262184060127089e-05
1.3261831064420385e-05 1.326228434144366e-05
1.3261831064420385e-05 1.326228434144366e-05
1.3232681564804604e-05 1.3262835283356458e-05
1.3232681564804604e-05 1.3262835283356458e-05
1.33725610462327e-05 1.3262763384511814e-05
1.33725610462327e-05 1.3262763384511814e-05
1.3103945942017616e-05 1.326258868939944e-05
1.3103945942017616e-05 1.326258868939944e-05
1.3207887510154577e-05 1.3262339604782825e-05
1.3207887510154577e-05 1.3262339604782825e-05
1.3277067320423084e-05 1.3262357192179959e-05
1.3277067320423084e-05 1.3262357192179959e-05
1.3298640885762339e-05 1.3262528185581692e-05
1.3298640885762339e-05 1.3262528185581692e-05
1.3298640885762339e-05 1.3262528185581692e-05
1.3298640885762339e-05 1.3262528185581692e-05
1.3298640885762339e-05 1.3262528185581692e-05
1.3298640885762339e-05 1.3262528185581692e-05
1.3298640885762339e-05 1.3262528185581692e-05
1.3298640885762339e-05 1.3262528185581692e-05
1.3298640885762339e-05 1.3262528185581692e-05
1.3298640885762339e-05 1.3262528185581692e-05
1.3298640885762339e-05 1.3262528185581692e-05
1.3361361982450589e-05 1.326249994691083e-05
1.3361361982450589e-05 1.326249994691083e-05
1.3361361982450589e-05 1.326249994691083e-05
1.3361361982450589e-05 1.326249994691083e-05
1.3361361982450589e-05 1.326249994691083e-05
1.3361361982450589e-05 1.326249994691083e-05
1.3361361982450589e-05 1.326249994691083e-05
1.3361361982450589e-05 1.326249994691083e-05
1.3361361982450589e-05 1.326249994691083e-05
1.336485788460711e-05 1.3261633718531202e-05
1.3137993367691267e-05 1.32628973568782e-05
1.3137993367691267e-05 1.32628973568782e-05
1.3134994757039907e-05 1.3262031544768324e-05
1.3467070940902153e-05 1.3262215920230122e-05
1.3467070940902153e-05 1.3262215920230122e-05
1.359803411744313e-05 1.326246699417173e-05
1.3057650563559589e-05 1.3262506053595298e-05
1.3057650563559589e-05 1.3262506053595298e-05
1.3694320666599558e-05 1.326261526978834e-05
1.3280439104725962e-05 1.3262244775505306e-05
1.3280439104725962e-05 1.3262244775505306e-05
1.3779024742202995e-05 1.326196119380543e-05
1.3314007737614469e-05 1.3263017236948776e-05
1.3421789396828399e-05 1.3262468730911111e-05
1.3241578352272668e-05 1.32627496355733e-05
1.3241578352272668e-05 1.32627496355733e-05
1.3241578352272668e-05 1.32627496355733e-05
1.3024200385137446e-05 1.3264298687889545e-05
1.3413647657017392e-05 1.32636523299697e-05
1.3154115834094672e-05 1.3262417289144395e-05
1.3154115834094672e-05 1.3262417289144395e-05
1.3221545521368056e-05 1.3262752732331515e-05
1.3317399273788217e-05 1.3262628069776339e-05
1.3317399273788217e-05 1.3262628069776339e-05
1.3303080186863071e-05 1.3262478064665658e-05
1.3303080186863071e-05 1.3262478064665658e-05
1.324147835959661e-05 1.3262527428900536e-05
1.324147835959661e-05 1.3262527428900536e-05
1.3516144731735025e-05 1.3262320248964433e-05
1.3318257354642546e-05 1.3262626054627513e-05
1.3277121202088235e-05 1.3262610929827688e-05
1.3277121202088235e-05 1.3262610929827688e-05
1.3169947730328937e-05 1.3262613865944443e-05
1.3169947730328937e-05 1.3262613865944443e-05
1.315221843695294e-05 1.3262656773853552e-05
1.315221843695294e-05 1.3262656773853552e-05
1.3436267678751789e-05 1.326258484912532e-05
1.3436267678751789e-05 1.326258484912532e-05
1.3144353461774869e-05 1.326248941201974e-05
1.3144353461774869e-05 1.326248941201974e-05
1.3181356945252428e-05 1.3262445019929393e-05
1.311027953873112e-05 1.326244843246934e-05
1.3318161262735872e-05 1.3262557942846783e-05
1.3318161262735872e-05 1.3262557942846783e-05
1.3065613487419151e-05 1.3262645939348888e-05
1.3065613487419151e-05 1.3262645939348888e-05
1.3310927498828349e-05 1.3262516211414656e-05
1.3310927498828349e-05 1.3262516211414656e-05
1.326353725223471e-05 1.3262450125377295e-05
1.326353725223471e-05 1.3262450125377295e-05
1.3150128542313733e-05 1.3262521247277438e-05
1.3365304934617402e-05 1.326251556648389e-05
1.3034067010238796e-05 1.3262496833125338e-05
1.3177135042369781e-05 1.3262646765564271e-05
1.3177135042369781e-05 1.3262646765564271e-05
1.3271612542205882e-05 1.3262514893014895e-05
1.3128830874463165e-05 1.3262293663368861e-05
1.3304879480844688e-05 1.3262538473636603e-05
1.3304879480844688e-05 1.3262538473636603e-05
1.321073244887897e-05 1.3262605396788001e-05
1.321073244887897e-05 1.3262605396788001e-05
1.3320883472416487e-05 1.3262420424127454e-05
1.3320883472416487e-05 1.3262420424127454e-05
1.3025441145441345e-05 1.3262702975061486e-05
1.3286350824690936e-05 1.3262630198886597e-05
1.3096358436297297e-05 1.3262275457461251e-05
1.3114364889086548e-05 1.3262669333342101e-05
1.3288796086098901e-05 1.3262244775505306e-05
1.3574014055273158e-05 1.3262557942846783e-05
1.3574014055273158e-05 1.3262557942846783e-05
1.3408360356411507e-05 1.3262775596454687e-05
1.3147981318313765e-05 1.3262478472520632e-05
1.3147981318313765e-05 1.3262478472520632e-05
1.3152634948935373e-05 1.3262500749819496e-05
1.3175611199532156e-05 1.3262326964534945e-05
1.3221778505607521e-05 1.3262613224816715e-05
1.315584080781199e-05 1.3262497070057421e-05
1.315584080781199e-05 1.3262497070057421e-05
1.3348545270464926e-05 1.3262300466938061e-05