0.001236111111111111 0.0008472222222222222
0.0005555555555555556 0.0008472222222222222
0.0004583333333333333 0.0008472222222222222
0.000875 0.0008472222222222222
0.0003611111111111111 0.0008472222222222222
0.0009166666666666666 0.0008472222222222222
0.0009166666666666666 0.0008472222222222222
0.0018055555555555555 0.0019027777777777778
0.0005277777777777777 0.0008472222222222222
0.0018194444444444445 0.002138888888888889
0.0015138888888888888 0.0008472222222222222
0.0007361111111111111 0.0008472222222222222
0.00031944444444444446 0.0008472222222222222
0.001888888888888889 0.0008472222222222222
0.0005555555555555556 0.0008472222222222222
0.0006805555555555556 0.0008472222222222222
0.0006805555555555556 0.0008472222222222222
0.002125 0.002097222222222222
0.002125 0.002097222222222222
0.0007638888888888889 0.0008472222222222222
0.10655555555555556 0.10541666666666667
0.10655555555555556 0.10541666666666667
0.04961111111111111 0.049652777777777775
0.04961111111111111 0.049652777777777775
0.11366666666666667 0.11243055555555556
0.11366666666666667 0.11243055555555556
0.084875 0.085625
0.084875 0.085625
0.06913888888888889 0.06613888888888889
0.06913888888888889 0.06613888888888889
0.11116666666666666 0.11177777777777778
0.11116666666666666 0.11177777777777778
0.12859722222222222 0.12645833333333334
0.12859722222222222 0.12645833333333334
0.08830555555555555 0.08725
0.08830555555555555 0.08725
0.079875 0.08084722222222222
0.079875 0.08084722222222222
0.05638888888888889 0.05598611111111111
0.05638888888888889 0.05598611111111111
0.08847222222222222 0.08779166666666667
0.08847222222222222 0.08779166666666667
0.05598611111111111 0.05673611111111111
0.05598611111111111 0.05673611111111111
0.05598611111111111 0.05673611111111111
0.05598611111111111 0.05673611111111111
0.07354166666666667 0.070625
0.07354166666666667 0.070625
0.06109722222222222 0.059152777777777776
0.06109722222222222 0.059152777777777776
0.07897222222222222 0.07777777777777778
0.07897222222222222 0.07777777777777778
0.10905555555555556 0.10754166666666666
0.10905555555555556 0.10754166666666666
0.06413888888888888 0.06319444444444444
0.06413888888888888 0.06319444444444444
0.04438888888888889 0.04554166666666667
0.04438888888888889 0.04554166666666667
0.13106944444444443 0.1292638888888889
0.13106944444444443 0.1292638888888889
0.06568055555555556 0.06404166666666666
0.06568055555555556 0.06404166666666666
0.08834722222222222 0.08840277777777777
0.08834722222222222 0.08840277777777777
0.09275 0.09141666666666666
0.09275 0.09141666666666666
0.10061111111111111 0.09865277777777778
0.10061111111111111 0.09865277777777778
0.07818055555555556 0.07870833333333334
0.07818055555555556 0.07870833333333334
0.074 0.07366666666666667
0.074 0.07366666666666667
0.0922638888888889 0.09131944444444444
0.0922638888888889 0.09131944444444444
0.1368888888888889 0.13491666666666666
0.1368888888888889 0.13491666666666666
0.109625 0.10877777777777778
0.109625 0.10877777777777778
0.10184722222222223 0.10094444444444445
0.10184722222222223 0.10094444444444445
0.07104166666666667 0.07040277777777777
0.07104166666666667 0.07040277777777777
0.09719444444444444 0.09633333333333334
0.09719444444444444 0.09633333333333334
0.09719444444444444 0.09633333333333334
0.09719444444444444 0.09633333333333334
0.07825 0.0748888888888889
0.07825 0.0748888888888889
0.06995833333333333 0.06859722222222223
0.06995833333333333 0.06859722222222223
0.14229166666666668 0.13980555555555554
0.14229166666666668 0.13980555555555554
0.10911111111111112 0.10719444444444444
0.10911111111111112 0.10719444444444444
0.09504166666666666 0.09406944444444444
0.09504166666666666 0.09406944444444444
0.09211111111111112 0.08983333333333333
0.09211111111111112 0.08983333333333333
0.04630555555555556 0.04625
0.04630555555555556 0.04625
0.08977777777777778 0.08547222222222223
0.08977777777777778 0.08547222222222223
0.08659722222222223 0.08330555555555555
0.08659722222222223 0.08330555555555555
0.13416666666666666 0.13052777777777777
0.13416666666666666 0.13052777777777777
0.05452777777777778 0.05355555555555556
0.05452777777777778 0.05355555555555556
0.035472222222222224 0.034430555555555555
0.035472222222222224 0.034430555555555555
0.08056944444444444 0.07863888888888888
0.08056944444444444 0.07863888888888888
0.06816666666666667 0.06840277777777778
0.06816666666666667 0.06840277777777778
0.06105555555555556 0.06209722222222222
0.06105555555555556 0.06209722222222222
0.076 0.07398611111111111
0.076 0.07398611111111111
0.14306944444444444 0.13825
0.14306944444444444 0.13825
0.12365277777777778 0.12215277777777778
0.12365277777777778 0.12215277777777778
0.13883333333333334 0.1386388888888889
0.13883333333333334 0.1386388888888889
0.05204166666666667 0.05279166666666667
0.05204166666666667 0.05279166666666667
0.0768888888888889 0.07580555555555556
0.0768888888888889 0.07580555555555556
0.1119861111111111 0.11116666666666666
0.1119861111111111 0.11116666666666666
0.06859722222222223 0.06852777777777778
0.06859722222222223 0.06852777777777778
0.04604166666666667 0.04625
0.04604166666666667 0.04625
0.09159722222222222 0.08902777777777778
0.09159722222222222 0.08902777777777778
0.10669444444444444 0.10508333333333333
0.10669444444444444 0.10508333333333333
0.034430555555555555 0.03193055555555555
0.034430555555555555 0.03193055555555555
0.4421388888888889 0.4409722222222222
0.4421388888888889 0.4409722222222222
0.4421388888888889 0.4409722222222222
0.4421388888888889 0.4409722222222222
0.4421388888888889 0.4409722222222222
0.4421388888888889 0.4409722222222222
0.4421388888888889 0.4409722222222222
0.4421388888888889 0.4409722222222222
0.4421388888888889 0.4409722222222222
0.4421388888888889 0.4409722222222222
0.4421388888888889 0.4409722222222222
0.10965277777777778 0.10923611111111112
0.10965277777777778 0.10923611111111112
0.10965277777777778 0.10923611111111112
0.10965277777777778 0.10923611111111112
0.10965277777777778 0.10923611111111112
0.10965277777777778 0.10923611111111112
0.10965277777777778 0.10923611111111112
0.10965277777777778 0.10923611111111112
0.10965277777777778 0.10923611111111112
0.01936111111111111 0.019097222222222224
0.04859722222222222 0.04919444444444444
0.04859722222222222 0.04919444444444444
0.030972222222222224 0.030930555555555555
0.027555555555555555 0.02759722222222222
0.027555555555555555 0.02759722222222222
0.035416666666666666 0.035069444444444445
0.027180555555555555 0.02686111111111111
0.027180555555555555 0.02686111111111111
0.016430555555555556 0.017597222222222222
0.03216666666666667 0.03333333333333333
0.03216666666666667 0.03333333333333333
0.02838888888888889 0.028972222222222222
0.01175 0.01126388888888889
0.022916666666666665 0.022972222222222224
0.08034722222222222 0.0798611111111111
0.08034722222222222 0.0798611111111111
0.08034722222222222 0.0798611111111111
0.010166666666666666 0.011027777777777777
0.016666666666666666 0.016
0.09608333333333334 0.09419444444444444
0.09608333333333334 0.09419444444444444
0.06502777777777778 0.06686111111111111
0.12505555555555556 0.12659722222222222
0.12505555555555556 0.12659722222222222
0.1509861111111111 0.15256944444444445
0.1509861111111111 0.15256944444444445
0.18329166666666666 0.18436111111111111
0.18329166666666666 0.18436111111111111
0.07886111111111112 0.08006944444444444
0.12077777777777778 0.12216666666666667
0.18204166666666666 0.182
0.18204166666666666 0.182
0.20675 0.20693055555555556
0.20675 0.20693055555555556
0.1406111111111111 0.13956944444444444
0.1406111111111111 0.13956944444444444
0.143125 0.1415
0.143125 0.1415
0.19516666666666665 0.19390277777777779
0.19516666666666665 0.19390277777777779
0.12075 0.12076388888888889
0.0814861111111111 0.07856944444444444
0.09409722222222222 0.09326388888888888
0.09409722222222222 0.09326388888888888
0.14572222222222223 0.14097222222222222
0.14572222222222223 0.14097222222222222
0.15 0.15130555555555555
0.15 0.15130555555555555
0.18695833333333334 0.18863888888888888
0.18695833333333334 0.18863888888888888
0.11240277777777778 0.11380555555555555
0.11156944444444444 0.1118611111111111
0.11338888888888889 0.11213888888888889
0.14115277777777777 0.13940277777777776
0.14115277777777777 0.13940277777777776
0.10905555555555556 0.10897222222222222
0.10479166666666667 0.10597222222222222
0.14898611111111112 0.14909722222222221
0.14898611111111112 0.14909722222222221
0.1522638888888889 0.15147222222222223
0.1522638888888889 0.15147222222222223
0.14206944444444444 0.13869444444444445
0.14206944444444444 0.13869444444444445
0.11302777777777778 0.1125
0.06797222222222223 0.06886111111111111
0.04634722222222222 0.04676388888888889
0.06830555555555555 0.06716666666666667
0.06426388888888888 0.06330555555555556
0.09409722222222222 0.09366666666666666
0.09409722222222222 0.09366666666666666
0.07408333333333333 0.07390277777777778
0.19722222222222222 0.19490277777777779
0.19722222222222222 0.19490277777777779
0.09527777777777778 0.09680555555555556
0.1375 0.1343611111111111
0.14248611111111112 0.14083333333333334
0.14856944444444445 0.14909722222222221
0.14856944444444445 0.14909722222222221
0.03759722222222222 0.03780555555555556