6.781688894047822e-06 6.6249992813660905e-06
6.781688894047822e-06 6.6249992813660905e-06
6.780120640363485e-06 6.624996616171303e-06
6.780120640363485e-06 6.624996616171303e-06
6.779377043343573e-06 6.625008145710469e-06
6.779377043343573e-06 6.625008145710469e-06
6.77878219417198e-06 6.624991531496927e-06
6.77878219417198e-06 6.624991531496927e-06
6.778933177480675e-06 6.624995173449977e-06
6.778933177480675e-06 6.624995173449977e-06
6.779952912671752e-06 6.6249982597954535e-06
6.779952912671752e-06 6.6249982597954535e-06
6.78080109644167e-06 6.624994697580278e-06
6.78080109644167e-06 6.624994697580278e-06
6.78080109644167e-06 6.624994697580278e-06
6.78080109644167e-06 6.624994697580278e-06
6.780857488692558e-06 6.6250022164610964e-06
6.780857488692558e-06 6.6250022164610964e-06
6.783273226028541e-06 6.624991577594383e-06
6.783273226028541e-06 6.624991577594383e-06
6.783273226028541e-06 6.624991577594383e-06
6.783273226028541e-06 6.624991577594383e-06
6.782822637944759e-06 6.6249922799874606e-06
6.782822637944759e-06 6.6249922799874606e-06
6.782822637944759e-06 6.6249922799874606e-06
6.782822637944759e-06 6.6249922799874606e-06
6.7828585557270545e-06 6.624992242939225e-06
6.7828585557270545e-06 6.624992242939225e-06
6.782930837976449e-06 6.624993386315509e-06
6.782930837976449e-06 6.624993386315509e-06
6.7849900450881995e-06 6.6249924851205386e-06
6.7849900450881995e-06 6.6249924851205386e-06
6.783659427306389e-06 6.6249893708418e-06
6.783659427306389e-06 6.6249893708418e-06
6.780640181730452e-06 6.6249969631469265e-06
6.780640181730452e-06 6.6249969631469265e-06
6.783361660857124e-06 6.624987296226589e-06
6.783361660857124e-06 6.624987296226589e-06
6.7811614730878186e-06 6.625009771166885e-06
6.7811614730878186e-06 6.625009771166885e-06
6.780180458121959e-06 6.62500487796012e-06
6.780180458121959e-06 6.62500487796012e-06
6.777840792896651e-06 6.624998203945572e-06
6.777840792896651e-06 6.624998203945572e-06
6.778020517648905e-06 6.625006868886691e-06
6.778020517648905e-06 6.625006868886691e-06
6.7804984460497685e-06 6.625003030441418e-06
6.7804984460497685e-06 6.625003030441418e-06
6.780978067430073e-06 6.624998831073799e-06
6.780978067430073e-06 6.624998831073799e-06
6.78135634441281e-06 6.624992104790085e-06
6.78135634441281e-06 6.624992104790085e-06
6.781782845331671e-06 6.625005705678291e-06
6.781782845331671e-06 6.625005705678291e-06
6.781396806653474e-06 6.624991174453321e-06
6.781396806653474e-06 6.624991174453321e-06
6.780673520956207e-06 6.6250115886904405e-06
6.780673520956207e-06 6.6250115886904405e-06
6.777854757849561e-06 6.624993222828471e-06
6.777854757849561e-06 6.624993222828471e-06
6.780509572163995e-06 6.625001758198479e-06
6.780509572163995e-06 6.625001758198479e-06
6.776826783810024e-06 6.625009903765869e-06
6.776826783810024e-06 6.625009903765869e-06
6.774110929657377e-06 6.62498488066941e-06
6.774110929657377e-06 6.62498488066941e-06
6.776539782663702e-06 6.624991887838944e-06
6.776539782663702e-06 6.624991887838944e-06
6.776222312458441e-06 6.62499941511438e-06
6.776222312458441e-06 6.62499941511438e-06
6.77770853852912e-06 6.625014776338388e-06
6.77770853852912e-06 6.625014776338388e-06
6.781009879253568e-06 6.624997069807112e-06
6.781009879253568e-06 6.624997069807112e-06
6.781190615736014e-06 6.62500428297432e-06
6.781190615736014e-06 6.62500428297432e-06
6.77944552470643e-06 6.6250115679395605e-06
6.77944552470643e-06 6.6250115679395605e-06
6.77944552470643e-06 6.6250115679395605e-06
6.77944552470643e-06 6.6250115679395605e-06
6.77805839901857e-06 6.624982131552615e-06
6.77805839901857e-06 6.624982131552615e-06
6.775438007485607e-06 6.6249964123758685e-06
6.775438007485607e-06 6.6249964123758685e-06
6.775438007485607e-06 6.6249964123758685e-06
6.775438007485607e-06 6.6249964123758685e-06
6.77351997540897e-06 6.624974031082553e-06
6.77351997540897e-06 6.624974031082553e-06
6.773513270958076e-06 6.624978425671459e-06
6.773513270958076e-06 6.624978425671459e-06
6.774118409445086e-06 6.625015747681805e-06
6.774118409445086e-06 6.625015747681805e-06
6.778257890814683e-06 6.624962529432526e-06
6.778257890814683e-06 6.624962529432526e-06
6.780302694033119e-06 6.625018892639427e-06
6.780302694033119e-06 6.625018892639427e-06
6.780302694033119e-06 6.625018892639427e-06
6.780302694033119e-06 6.625018892639427e-06
6.780302694033119e-06 6.6249684790680115e-06
6.780302694033119e-06 6.6249684790680115e-06
6.777367028260913e-06 6.6250242812742815e-06
6.777367028260913e-06 6.6250242812742815e-06
6.78179662369324e-06 6.625000926578298e-06
6.78179662369324e-06 6.625000926578298e-06
6.778871115505726e-06 6.624992182480797e-06
6.778871115505726e-06 6.624992182480797e-06
6.778871115505726e-06 6.624992182480797e-06
6.778871115505726e-06 6.624992182480797e-06
6.778591294284541e-06 6.624968648106346e-06
6.778591294284541e-06 6.624968648106346e-06
6.780931913185178e-06 6.624971677348352e-06
6.780931913185178e-06 6.624971677348352e-06
6.780931913185178e-06 6.624933978261474e-06
6.780931913185178e-06 6.624933978261474e-06
6.783979612022341e-06 6.6250516086872115e-06
6.783979612022341e-06 6.6250516086872115e-06
6.783979612022341e-06 6.6249536822916246e-06
6.783979612022341e-06 6.6249536822916246e-06
6.778709144411336e-06 6.624997173032996e-06
6.778709144411336e-06 6.624997173032996e-06
6.778709144411336e-06 6.624986181657386e-06
6.778709144411336e-06 6.624986181657386e-06
6.769816153235731e-06 6.624951015381171e-06
6.769816153235731e-06 6.624951015381171e-06
6.769816153235731e-06 6.62488678528647e-06
6.769816153235731e-06 6.62488678528647e-06
6.7720061672042685e-06 6.625042080457835e-06
6.7720061672042685e-06 6.625042080457835e-06
6.77494349968508e-06 6.624962796037247e-06
6.77494349968508e-06 6.624962796037247e-06
6.77494349968508e-06 6.624962796037247e-06
6.77494349968508e-06 6.624962796037247e-06
6.77494349968508e-06 6.624962796037247e-06
6.77494349968508e-06 6.624962796037247e-06
6.7834256212354055e-06 6.624995792663394e-06
6.7834256212354055e-06 6.624995792663394e-06
6.7834256212354055e-06 6.624995792663394e-06
6.7834256212354055e-06 6.624995792663394e-06
6.783499586422653e-06 6.625006236320766e-06
6.783499586422653e-06 6.625006236320766e-06
6.783358552895054e-06 6.624996917635511e-06
6.783358552895054e-06 6.624996917635511e-06
6.782540262330842e-06 6.625001390696795e-06
6.782540262330842e-06 6.625001390696795e-06
6.781192768005452e-06 6.6250033767554726e-06
6.781192768005452e-06 6.6250033767554726e-06
6.781192768005452e-06 6.624995211681736e-06
6.781192768005452e-06 6.624995211681736e-06
6.781318227875493e-06 6.625003711942971e-06
6.781318227875493e-06 6.625003711942971e-06
6.779750325010212e-06 6.624997989038092e-06
6.779750325010212e-06 6.624997989038092e-06
6.779750325010212e-06 6.624997989038092e-06
6.779750325010212e-06 6.624997989038092e-06
6.779689057050324e-06 6.625005738419869e-06
6.779689057050324e-06 6.625005738419869e-06
6.779262641535856e-06 6.624994795857212e-06
6.779262641535856e-06 6.624994795857212e-06
6.779262641535856e-06 6.624994795857212e-06
6.779262641535856e-06 6.624994795857212e-06
6.780890177322826e-06 6.625005018305484e-06
6.780890177322826e-06 6.625005018305484e-06
6.781164483884566e-06 6.625004146555871e-06
6.781164483884566e-06 6.625004146555871e-06
6.780570314471594e-06 6.625e-06
6.780570314471594e-06 6.625e-06
6.781465013542778e-06 6.624997110658623e-06
6.781465013542778e-06 6.624997110658623e-06
6.781465013542778e-06 6.624997110658623e-06
6.781465013542778e-06 6.624997110658623e-06
6.782107968926145e-06 6.625005006718368e-06
6.782107968926145e-06 6.625005006718368e-06
6.782107968926145e-06 6.625005006718368e-06
6.782107968926145e-06 6.625005006718368e-06
6.782595166810963e-06 6.6249988968684446e-06
6.782595166810963e-06 6.6249988968684446e-06
6.782595166810963e-06 6.6249988968684446e-06
6.782595166810963e-06 6.6249988968684446e-06
6.781473819369134e-06 6.624996642729327e-06
6.781473819369134e-06 6.624996642729327e-06
6.783920471937001e-06 6.6250006697636534e-06
6.783920471937001e-06 6.6250006697636534e-06
6.783920471937001e-06 6.6250006697636534e-06
6.783920471937001e-06 6.6250006697636534e-06
6.78335856369624e-06 6.625005214743122e-06
6.78335856369624e-06 6.625005214743122e-06
6.782764519897603e-06 6.624997517196411e-06
6.782764519897603e-06 6.624997517196411e-06
6.782764519897603e-06 6.624997517196411e-06
6.782764519897603e-06 6.624997517196411e-06
6.7822292573798415e-06 6.625000810574711e-06
6.7822292573798415e-06 6.625000810574711e-06
6.7822292573798415e-06 6.625000810574711e-06
6.7822292573798415e-06 6.625000810574711e-06
6.7822292573798415e-06 6.625000810574711e-06
6.7822292573798415e-06 6.625000810574711e-06
6.7821528567151e-06 6.624993383629015e-06
6.7821528567151e-06 6.624993383629015e-06
6.7813778496915164e-06 6.625004584362184e-06
6.7813778496915164e-06 6.625004584362184e-06