0.09555555555555556 0.0963611111111111
0.09555555555555556 0.0963611111111111
0.17554166666666668 0.17633333333333334
0.17554166666666668 0.17633333333333334
0.10968055555555556 0.10852777777777778
0.10968055555555556 0.10852777777777778
0.11716666666666667 0.11833333333333333
0.11716666666666667 0.11833333333333333
0.122 0.11906944444444445
0.122 0.11906944444444445
0.14480555555555555 0.14373611111111112
0.14480555555555555 0.14373611111111112
0.12640277777777778 0.12390277777777778
0.12640277777777778 0.12390277777777778
0.18731944444444446 0.1865
0.18731944444444446 0.1865
0.10781944444444444 0.10643055555555556
0.10781944444444444 0.10643055555555556
0.09211111111111112 0.09159722222222222
0.09211111111111112 0.09159722222222222
0.13697222222222222 0.1353611111111111
0.13697222222222222 0.1353611111111111
0.21991666666666668 0.21766666666666667
0.21991666666666668 0.21766666666666667
0.1611388888888889 0.15797222222222224
0.1611388888888889 0.15797222222222224
0.1801111111111111 0.17997222222222223
0.1801111111111111 0.17997222222222223
0.20533333333333334 0.20593055555555556
0.20533333333333334 0.20593055555555556
0.151875 0.14963888888888888
0.151875 0.14963888888888888
0.14015277777777777 0.1366388888888889
0.14015277777777777 0.1366388888888889
0.18905555555555556 0.1885
0.18905555555555556 0.1885
0.10608333333333334 0.10683333333333334
0.10608333333333334 0.10683333333333334
0.15758333333333333 0.15443055555555554
0.15758333333333333 0.15443055555555554
0.18341666666666667 0.1797638888888889
0.18341666666666667 0.1797638888888889
0.20529166666666668 0.20580555555555555
0.20529166666666668 0.20580555555555555
0.14319444444444446 0.14173611111111112
0.14319444444444446 0.14173611111111112
0.19868055555555555 0.19859722222222223
0.19868055555555555 0.19859722222222223
0.11034722222222222 0.10966666666666666
0.11034722222222222 0.10966666666666666
0.11965277777777777 0.11993055555555555
0.11965277777777777 0.11993055555555555
0.130125 0.12969444444444445
0.130125 0.12969444444444445
0.07584722222222222 0.07673611111111112
0.07584722222222222 0.07673611111111112
0.089625 0.091
0.089625 0.091
0.10872222222222222 0.10816666666666666
0.10872222222222222 0.10816666666666666
0.112875 0.11159722222222222
0.112875 0.11159722222222222
0.1217638888888889 0.12380555555555556
0.1217638888888889 0.12380555555555556
0.13980555555555554 0.14073611111111112
0.13980555555555554 0.14073611111111112
0.10348611111111111 0.10513888888888889
0.10348611111111111 0.10513888888888889
0.2021388888888889 0.20476388888888888
0.2021388888888889 0.20476388888888888
0.13219444444444445 0.13280555555555557
0.13219444444444445 0.13280555555555557
0.07388888888888889 0.07469444444444444
0.07388888888888889 0.07469444444444444
0.14406944444444444 0.14252777777777778
0.14406944444444444 0.14252777777777778
0.1282638888888889 0.1304722222222222
0.1282638888888889 0.1304722222222222
0.09181944444444444 0.09059722222222222
0.09181944444444444 0.09059722222222222
0.1381527777777778 0.13493055555555555
0.1381527777777778 0.13493055555555555
0.12448611111111112 0.12609722222222222
0.12448611111111112 0.12609722222222222
0.14831944444444445 0.14723611111111112
0.14831944444444445 0.14723611111111112
0.19141666666666668 0.18993055555555555
0.19141666666666668 0.18993055555555555
0.18741666666666668 0.18790277777777778
0.18741666666666668 0.18790277777777778
0.15255555555555556 0.1515277777777778
0.15255555555555556 0.1515277777777778
0.15681944444444446 0.15616666666666668
0.15681944444444446 0.15616666666666668
0.0958611111111111 0.0945
0.0958611111111111 0.0945
0.14773611111111112 0.1480972222222222
0.14773611111111112 0.1480972222222222
0.13959722222222223 0.13856944444444444
0.13959722222222223 0.13856944444444444
0.1329027777777778 0.13293055555555555
0.1329027777777778 0.13293055555555555
0.13175 0.13269444444444445
0.13175 0.13269444444444445
0.18525 0.1877638888888889
0.18525 0.1877638888888889
0.16018055555555555 0.16230555555555556
0.16018055555555555 0.16230555555555556
0.1835 0.17806944444444445
0.1835 0.17806944444444445
0.1809861111111111 0.17619444444444443
0.1809861111111111 0.17619444444444443
0.16234722222222223 0.1615
0.16234722222222223 0.1615
0.15591666666666668 0.15530555555555556
0.15591666666666668 0.15530555555555556
0.24190277777777777 0.2390972222222222
0.24190277777777777 0.2390972222222222
0.19691666666666666 0.19593055555555555
0.19691666666666666 0.19593055555555555
0.1659861111111111 0.16416666666666666
0.1659861111111111 0.16416666666666666
0.20733333333333334 0.20916666666666667
0.20733333333333334 0.20916666666666667
0.159625 0.15690277777777778
0.159625 0.15690277777777778
0.22851388888888888 0.22686111111111112
0.22851388888888888 0.22686111111111112
0.17172222222222222 0.17233333333333334
0.17172222222222222 0.17233333333333334
0.15995833333333334 0.15913888888888889
0.15995833333333334 0.15913888888888889
0.11615277777777777 0.11397222222222222
0.11615277777777777 0.11397222222222222
0.21288888888888888 0.2132361111111111
0.21288888888888888 0.2132361111111111
0.15509722222222222 0.15606944444444446
0.15509722222222222 0.15606944444444446
0.20266666666666666 0.20316666666666666
0.20266666666666666 0.20316666666666666
0.2130277777777778 0.21547222222222223
0.2130277777777778 0.21547222222222223
0.20383333333333334 0.2025
0.20383333333333334 0.2025
0.16052777777777777 0.1587638888888889
0.16052777777777777 0.1587638888888889
0.1332361111111111 0.1338611111111111
0.1332361111111111 0.1338611111111111
0.12284722222222222 0.12159722222222222
0.12284722222222222 0.12159722222222222
0.13065277777777778 0.12843055555555555
0.13065277777777778 0.12843055555555555
0.1785138888888889 0.1785
0.1785138888888889 0.1785
0.1451111111111111 0.14319444444444446
0.1451111111111111 0.14319444444444446
0.17984722222222221 0.18240277777777777
0.17984722222222221 0.18240277777777777
0.12290277777777778 0.12406944444444444
0.12290277777777778 0.12406944444444444
0.1106111111111111 0.11219444444444444
0.1106111111111111 0.11219444444444444
0.20094444444444445 0.202
0.20094444444444445 0.202
0.18134722222222222 0.18140277777777777
0.18134722222222222 0.18140277777777777
0.15495833333333334 0.15266666666666667
0.15495833333333334 0.15266666666666667
0.12127777777777778 0.11997222222222222
0.12127777777777778 0.11997222222222222
0.19159722222222222 0.19202777777777777
0.19159722222222222 0.19202777777777777
0.16127777777777777 0.1605
0.16127777777777777 0.1605
0.15113888888888888 0.14990277777777777
0.15113888888888888 0.14990277777777777
0.13361111111111112 0.13226388888888888
0.13361111111111112 0.13226388888888888
0.18956944444444446 0.19086111111111112
0.18956944444444446 0.19086111111111112
0.1487638888888889 0.15190277777777778
0.1487638888888889 0.15190277777777778
0.11108333333333334 0.11280555555555556
0.11108333333333334 0.11280555555555556
0.18040277777777777 0.18356944444444445
0.18040277777777777 0.18356944444444445
0.19575 0.1968611111111111
0.19575 0.1968611111111111
0.12770833333333334 0.12786111111111112
0.12770833333333334 0.12786111111111112
0.14308333333333334 0.14040277777777777
0.14308333333333334 0.14040277777777777
0.12154166666666667 0.12216666666666667
0.12154166666666667 0.12216666666666667
0.09233333333333334 0.09502777777777778
0.09233333333333334 0.09502777777777778
0.1662361111111111 0.16609722222222223
0.1662361111111111 0.16609722222222223
0.10656944444444444 0.10686111111111112
0.10656944444444444 0.10686111111111112