0.02857142857142857 0.02773896293211162
0.02857142857142857 0.02773896293211162
0.02857142857142857 0.02773896293211162
0.02857142857142857 0.02773896293211162
0.02857142857142857 0.02773896293211162
0.02857142857142857 0.02773896293211162
0.02857142857142857 0.02773896293211162
0.02857142857142857 0.02773896293211162
0.02857142857142857 0.02773896293211162
0.02857142857142857 0.02773896293211162
0.02857142857142857 0.02773896293211162
0.02857142857142857 0.02773896293211162
0.02857142857142857 0.02773896293211162
0.02857142857142857 0.02773896293211162
0.02857142857142857 0.02773896293211162
0.02857142857142857 0.02773896293211162
0.02857142857142857 0.02773896293211162
0.02857142857142857 0.02773896293211162
0.02857142857142857 0.02773896293211162
0.02857142857142857 0.02773896293211162
0.02857142857142857 0.02773896293211162
0.02857142857142857 0.02773896293211162
0.02857142857142857 0.02773896293211162
0.02857142857142857 0.02773896293211162
0.02857142857142857 0.02773896293211162
0.02857142857142857 0.02773896293211162
0.02857142857142857 0.029247709287796752
0.02857142857142857 0.029247709287796752
0.02857142857142857 0.029247709287796752
0.02857142857142857 0.029247709287796752
0.02857142857142857 0.029247709287796752
0.02857142857142857 0.029247709287796752
0.02857142857142857 0.029247709287796752
0.02857142857142857 0.029247709287796752
0.02857142857142857 0.029247709287796752
0.02857142857142857 0.029247709287796752
0.02857142857142857 0.029247709287796752
0.02857142857142857 0.029247709287796752
0.02857142857142857 0.029247709287796752
0.02857142857142857 0.029247709287796752
0.02857142857142857 0.02874271137026239
0.02857142857142857 0.02874271137026239
0.02857142857142857 0.02874271137026239
0.02857142857142857 0.02874271137026239
0.02857142857142857 0.02874271137026239
0.02857142857142857 0.02874271137026239
0.02857142857142857 0.02874271137026239
0.02857142857142857 0.02874271137026239
0.02857142857142857 0.02874271137026239
0.02857142857142857 0.02874271137026239
0.02857142857142857 0.02874271137026239
0.02857142857142857 0.02874271137026239
0.02857142857142857 0.02874271137026239
0.02857142857142857 0.02874271137026239
0.02857142857142857 0.02874271137026239
0.02857142857142857 0.02874271137026239
0.02857142857142857 0.02874271137026239
0.02857142857142857 0.02874271137026239
0.02857142857142857 0.02874271137026239
0.02857142857142857 0.02874271137026239
0.02857142857142857 0.02874271137026239
0.02857142857142857 0.02874271137026239
0.02857142857142857 0.02874271137026239
0.02857142857142857 0.02874271137026239
0.02857142857142857 0.029470012494793835
0.02857142857142857 0.029470012494793835
0.02857142857142857 0.029470012494793835
0.02857142857142857 0.029470012494793835
0.02857142857142857 0.029470012494793835
0.02857142857142857 0.029470012494793835
0.02857142857142857 0.029470012494793835
0.02857142857142857 0.029470012494793835
0.02857142857142857 0.029470012494793835
0.02857142857142857 0.029470012494793835
0.02857142857142857 0.02915347771761766
0.02857142857142857 0.02915347771761766
0.02857142857142857 0.02915347771761766
0.02857142857142857 0.02915347771761766
0.02857142857142857 0.02915347771761766
0.02857142857142857 0.02915347771761766
0.02857142857142857 0.026833090379008745
0.02857142857142857 0.026833090379008745
0.02857142857142857 0.0282923781757601
0.02857142857142857 0.0282923781757601
0.02857142857142857 0.0282923781757601
0.02857142857142857 0.0282923781757601
0.02857142857142857 0.027803519366930447
0.02857142857142857 0.027803519366930447
0.02857142857142857 0.027803519366930447
0.02857142857142857 0.027803519366930447
0.02857142857142857 0.028201270304039985
0.02857142857142857 0.028201270304039985
0.02857142857142857 0.02698875468554769
0.02857142857142857 0.02698875468554769
0.02857142857142857 0.02698875468554769
0.02857142857142857 0.02698875468554769
0.02857142857142857 0.02845637234485631
0.02857142857142857 0.02845637234485631
0.02857142857142857 0.02845637234485631
0.02857142857142857 0.02845637234485631
0.02857142857142857 0.02796491045397751
0.02857142857142857 0.02796491045397751
0.02857142857142857 0.02796491045397751
0.02857142857142857 0.02796491045397751
0.02857142857142857 0.02914098292378176
0.02857142857142857 0.02914098292378176
0.02857142857142857 0.028419929196168262
0.02857142857142857 0.028419929196168262
0.02857142857142857 0.028419929196168262
0.02857142857142857 0.028419929196168262
0.02857142857142857 0.02761557684298209
0.02857142857142857 0.02761557684298209
0.02857142857142857 0.02761557684298209
0.02857142857142857 0.02761557684298209
0.02857142857142857 0.02761557684298209
0.02857142857142857 0.02761557684298209
0.02857142857142857 0.02761557684298209
0.02857142857142857 0.02761557684298209
0.02857142857142857 0.02761557684298209
0.02857142857142857 0.02761557684298209
0.02857142857142857 0.02761557684298209
0.02857142857142857 0.02761557684298209
0.02857142857142857 0.02761557684298209
0.02857142857142857 0.02761557684298209
0.02857142857142857 0.02761557684298209
0.02857142857142857 0.02761557684298209
0.02857142857142857 0.02761557684298209
0.02857142857142857 0.02761557684298209
0.02857142857142857 0.02761557684298209
0.02857142857142857 0.02761557684298209
0.02857142857142857 0.02761557684298209
0.02857142857142857 0.02761557684298209
0.02857142857142857 0.02761557684298209
0.02857142857142857 0.02761557684298209
0.02857142857142857 0.02761557684298209
0.02857142857142857 0.02761557684298209
0.02857142857142857 0.02761557684298209
0.02857142857142857 0.02761557684298209
0.02857142857142857 0.02911755518533944
0.02857142857142857 0.02911755518533944
0.02857142857142857 0.02911755518533944
0.02857142857142857 0.02911755518533944
0.02857142857142857 0.02911755518533944
0.02857142857142857 0.02911755518533944
0.02857142857142857 0.02911755518533944
0.02857142857142857 0.02911755518533944
0.02857142857142857 0.02911755518533944
0.02857142857142857 0.02911755518533944
0.02857142857142857 0.02911755518533944
0.02857142857142857 0.02911755518533944
0.02857142857142857 0.02911755518533944
0.02857142857142857 0.02911755518533944
0.02857142857142857 0.02911755518533944
0.02857142857142857 0.02911755518533944
0.02857142857142857 0.02911755518533944
0.02857142857142857 0.02911755518533944
0.02857142857142857 0.02911755518533944
0.02857142857142857 0.02911755518533944
0.02857142857142857 0.02911755518533944
0.02857142857142857 0.02911755518533944
0.02857142857142857 0.02911755518533944
0.02857142857142857 0.02911755518533944
0.02857142857142857 0.0286146397334444
0.02857142857142857 0.0286146397334444
0.02857142857142857 0.0286146397334444
0.02857142857142857 0.0286146397334444
0.02857142857142857 0.0286146397334444
0.02857142857142857 0.0286146397334444
0.02857142857142857 0.0286146397334444
0.02857142857142857 0.0286146397334444
0.02857142857142857 0.0286146397334444
0.02857142857142857 0.0286146397334444
0.02857142857142857 0.0286146397334444
0.02857142857142857 0.0286146397334444
0.02857142857142857 0.0286146397334444
0.02857142857142857 0.0286146397334444
0.02857142857142857 0.0286146397334444
0.02857142857142857 0.0286146397334444
0.02857142857142857 0.029338817159516868
0.02857142857142857 0.029338817159516868
0.02857142857142857 0.029338817159516868
0.02857142857142857 0.029338817159516868
0.02857142857142857 0.029338817159516868
0.02857142857142857 0.029338817159516868
0.02857142857142857 0.029338817159516868
0.02857142857142857 0.029338817159516868
0.02857142857142857 0.029338817159516868
0.02857142857142857 0.029338817159516868
0.02857142857142857 0.029338817159516868
0.02857142857142857 0.029338817159516868
0.02857142857142857 0.029338817159516868
0.02857142857142857 0.029338817159516868
0.02857142857142857 0.029338817159516868
0.02857142857142857 0.029338817159516868
0.02857142857142857 0.029338817159516868
0.02857142857142857 0.029338817159516868
0.02857142857142857 0.02902332361516035
0.02857142857142857 0.02902332361516035
0.02857142857142857 0.02902332361516035
0.02857142857142857 0.02902332361516035