0.08487453627017481 0.08580541828087995
0.08487453627017481 0.08580541828087995
0.08487453627017481 0.08580541828087995
0.08487453627017481 0.08580541828087995
0.08487453627017481 0.08580541828087995
0.08487453627017481 0.08580541828087995
0.08487453627017481 0.08580541828087995
0.08487453627017481 0.08580541828087995
0.08487453627017481 0.08580541828087995
0.08487453627017481 0.08580541828087995
0.08487453627017481 0.08580541828087995
0.08487453627017481 0.08580541828087995
0.08487453627017481 0.08580541828087995
0.08487453627017481 0.08580541828087995
0.08487453627017481 0.08580541828087995
0.08487453627017481 0.08580541828087995
0.08487453627017481 0.08580541828087995
0.08487453627017481 0.08580541828087995
0.08487453627017481 0.08420375364481375
0.08487453627017481 0.08420375364481375
0.08487453627017481 0.08420375364481375
0.08487453627017481 0.08420375364481375
0.08487453627017481 0.08420375364481375
0.08487453627017481 0.08420375364481375
0.08487453627017481 0.08420375364481375
0.08487453627017481 0.08420375364481375
0.08487453627017481 0.08420375364481375
0.08487453627017481 0.08420375364481375
0.08487453627017481 0.08420375364481375
0.08487453627017481 0.08420375364481375
0.08487453627017481 0.08420375364481375
0.08487453627017481 0.08420375364481375
0.08487453627017481 0.08420375364481375
0.08487453627017481 0.08420375364481375
0.08487453627017481 0.08420375364481375
0.08487453627017481 0.08420375364481375
0.08487453627017481 0.08420375364481375
0.08487453627017481 0.08420375364481375
0.08487453627017481 0.08420375364481375
0.08487453627017481 0.08420375364481375
0.08213664800339499 0.0818354802940492
0.08213664800339499 0.0818354802940492
0.08213664800339499 0.0818354802940492
0.08213664800339499 0.0818354802940492
0.08213664800339499 0.0818354802940492
0.08213664800339499 0.0818354802940492
0.08213664800339499 0.0818354802940492
0.08213664800339499 0.0818354802940492
0.08213664800339499 0.0818354802940492
0.08213664800339499 0.0818354802940492
0.08213664800339499 0.0818354802940492
0.08213664800339499 0.0818354802940492
0.08213664800339499 0.0818354802940492
0.08213664800339499 0.0818354802940492
0.08213664800339499 0.0818354802940492
0.08213664800339499 0.0818354802940492
0.08213664800339499 0.0818354802940492
0.08213664800339499 0.0818354802940492
0.08213664800339499 0.0818354802940492
0.08213664800339499 0.0818354802940492
0.08213664800339499 0.0818354802940492
0.08213664800339499 0.0818354802940492
0.08487453627017481 0.08527153006885789
0.08487453627017481 0.08527153006885789
0.08487453627017481 0.08527153006885789
0.08487453627017481 0.08527153006885789
0.08487453627017481 0.08527153006885789
0.08487453627017481 0.08527153006885789
0.08487453627017481 0.08527153006885789
0.08487453627017481 0.08527153006885789
0.08487453627017481 0.08527153006885789
0.08487453627017481 0.08527153006885789
0.08487453627017481 0.08527153006885789
0.08487453627017481 0.08527153006885789
0.08487453627017481 0.08527153006885789
0.08487453627017481 0.08527153006885789
0.08487453627017481 0.08527153006885789
0.08487453627017481 0.08527153006885789
0.08487453627017481 0.08527153006885789
0.08487453627017481 0.08527153006885789
0.08487453627017481 0.08527153006885789
0.08487453627017481 0.08527153006885789
0.07733165409519638 0.07823515722323372
0.07733165409519638 0.07823515722323372
0.07733165409519638 0.07823515722323372
0.07733165409519638 0.07823515722323372
0.07733165409519638 0.07823515722323372
0.07733165409519638 0.07823515722323372
0.07733165409519638 0.07823515722323372
0.07733165409519638 0.07823515722323372
0.08487453627017481 0.08276636230475434
0.08487453627017481 0.08276636230475434
0.08487453627017481 0.08276636230475434
0.08487453627017481 0.08276636230475434
0.08487453627017481 0.08276636230475434
0.08487453627017481 0.08276636230475434
0.08487453627017481 0.08276636230475434
0.08487453627017481 0.08276636230475434
0.08487453627017481 0.08276636230475434
0.08487453627017481 0.08276636230475434
0.08487453627017481 0.08276636230475434
0.08487453627017481 0.08276636230475434
0.08487453627017481 0.08276636230475434
0.08487453627017481 0.08276636230475434
0.08487453627017481 0.08276636230475434
0.08487453627017481 0.08276636230475434
0.08487453627017481 0.08276636230475434
0.08487453627017481 0.08276636230475434
0.08213664800339499 0.08225985297540007
0.08213664800339499 0.08225985297540007
0.08213664800339499 0.08225985297540007
0.08213664800339499 0.08225985297540007
0.08213664800339499 0.08225985297540007
0.08213664800339499 0.08225985297540007
0.08213664800339499 0.08225985297540007
0.08213664800339499 0.08225985297540007
0.08487453627017481 0.08473764185683583
0.08487453627017481 0.08473764185683583
0.08487453627017481 0.08473764185683583
0.08487453627017481 0.08473764185683583
0.08487453627017481 0.08473764185683583
0.08487453627017481 0.08473764185683583
0.08487453627017481 0.08473764185683583
0.08487453627017481 0.08473764185683583
0.08487453627017481 0.08473764185683583
0.08487453627017481 0.08473764185683583
0.08487453627017481 0.08473764185683583
0.08487453627017481 0.08473764185683583
0.08487453627017481 0.08473764185683583
0.08487453627017481 0.08473764185683583
0.08487453627017481 0.08473764185683583
0.08487453627017481 0.08473764185683583
0.08487453627017481 0.08473764185683583
0.08487453627017481 0.08473764185683583
0.08213664800339499 0.08327287163410861
0.08213664800339499 0.08327287163410861
0.08213664800339499 0.08327287163410861
0.08213664800339499 0.08327287163410861
0.08213664800339499 0.08327287163410861
0.08213664800339499 0.08327287163410861
0.08487453627017481 0.08680474749825459
0.08487453627017481 0.08680474749825459
0.08487453627017481 0.08680474749825459
0.08487453627017481 0.08680474749825459
0.08487453627017481 0.08680474749825459
0.08487453627017481 0.08680474749825459
0.08487453627017481 0.08680474749825459
0.08487453627017481 0.08680474749825459
0.08487453627017481 0.08680474749825459
0.08487453627017481 0.08680474749825459
0.08487453627017481 0.08680474749825459
0.08487453627017481 0.08680474749825459
0.08487453627017481 0.0833960766061137
0.08487453627017481 0.0833960766061137
0.08487453627017481 0.0833960766061137
0.08487453627017481 0.0833960766061137
0.08487453627017481 0.0833960766061137
0.08487453627017481 0.0833960766061137
0.08487453627017481 0.0833960766061137
0.08487453627017481 0.0833960766061137
0.08487453627017481 0.0833960766061137
0.08487453627017481 0.0833960766061137
0.08487453627017481 0.0833960766061137
0.08487453627017481 0.0833960766061137
0.08487453627017481 0.0833960766061137
0.08487453627017481 0.0833960766061137
0.08487453627017481 0.0833960766061137
0.08487453627017481 0.0833960766061137
0.08487453627017481 0.0833960766061137
0.08487453627017481 0.0833960766061137
0.08487453627017481 0.0833960766061137
0.08487453627017481 0.0833960766061137
0.08487453627017481 0.0833960766061137
0.08487453627017481 0.0833960766061137
0.08213664800339499 0.08143848649536613
0.08213664800339499 0.08143848649536613
0.08213664800339499 0.08143848649536613
0.08213664800339499 0.08143848649536613
0.08213664800339499 0.08143848649536613
0.08213664800339499 0.08143848649536613
0.08213664800339499 0.08143848649536613
0.08213664800339499 0.08143848649536613
0.08213664800339499 0.08143848649536613
0.08213664800339499 0.08143848649536613
0.08213664800339499 0.08143848649536613
0.08213664800339499 0.08143848649536613
0.08213664800339499 0.08143848649536613
0.08213664800339499 0.08143848649536613
0.08213664800339499 0.08143848649536613
0.08213664800339499 0.08143848649536613
0.08213664800339499 0.08143848649536613
0.08213664800339499 0.08143848649536613
0.08213664800339499 0.08143848649536613
0.08213664800339499 0.08143848649536613
0.08213664800339499 0.08143848649536613
0.08213664800339499 0.08143848649536613
0.08213664800339499 0.08143848649536613
0.08213664800339499 0.08143848649536613
0.08213664800339499 0.08143848649536613
0.08213664800339499 0.08143848649536613