0.0002785697644183558 1.3053379992223519e-05
0.0006450607007674256 1.3051026335535414e-05
0.0005408905033407129 1.3051026335535414e-05
0.00022004766120903638 1.3053379992223519e-05
0.0002891102881376516 1.305172682859735e-05
0.0004696480596818112 1.305172682859735e-05
0.0005505118615196921 1.305172682859735e-05
0.0005823838554873254 1.305172682859735e-05
0.0005914787566230893 1.305172682859735e-05
0.000608527427682026 1.305172682859735e-05
0.0006933410802008957 1.305172682859735e-05
0.0008061138702851222 1.305172682859735e-05
0.0002961392010930136 1.305172682859735e-05
0.00030616180491033543 1.305172682859735e-05
0.00031886791679118206 1.305172682859735e-05
0.0002908148706721706 1.3052260107186437e-05
0.0003024481484703567 1.3052260107186437e-05
0.0003235661901876608 1.3052260107186437e-05
0.00043462301488238 1.3052260107186437e-05
0.0004371158601248485 1.3052260107186437e-05
1.299066362242333e-05 1.3051970472566216e-05
1.299066362242333e-05 1.3051970472566216e-05
1.299066362242333e-05 1.3051970472566216e-05
1.299066362242333e-05 1.3051970472566216e-05
1.3031998187233188e-05 1.3051972121482722e-05
1.3031998187233188e-05 1.3051972121482722e-05
1.3031998187233188e-05 1.3051972121482722e-05
1.3031998187233188e-05 1.3051972121482722e-05
1.3031998187233188e-05 1.3051972121482722e-05
1.3068247567525122e-05 1.305196672086488e-05
1.3068247567525122e-05 1.305196672086488e-05
1.3068247567525122e-05 1.305196672086488e-05
1.3257859976639807e-05 1.305196634946364e-05
1.3257859976639807e-05 1.305196634946364e-05
1.3170088394851264e-05 1.3051967786999564e-05
1.3170088394851264e-05 1.3051967786999564e-05
1.3032132501186499e-05 1.3051974041240017e-05
1.3032132501186499e-05 1.3051974041240017e-05
1.3032132501186499e-05 1.3051974041240017e-05
0.00042280294521348117 1.3051929305410354e-05
0.00042280294521348117 1.3051929305410354e-05
0.00042287117865441517 1.3051929305410354e-05
0.00041506919310743917 1.3051929305410354e-05
0.00041506919310743917 1.3051929305410354e-05
0.0004012775718443963 1.3051949911757132e-05
0.0004268922111081344 1.3052054187731245e-05
0.00044416913877425035 1.3051959996950829e-05
0.00044416913877425035 1.3051959996950829e-05
0.0004812973762496801 1.3051969940895316e-05
0.0004780571360187111 1.3052081732145904e-05
0.0004775183228941916 1.305198941674239e-05
0.0004775183228941916 1.305198941674239e-05
0.0005170941350167887 1.305186233381261e-05
0.000524439471097722 1.3051882787430007e-05
0.0005082544001478385 1.3051902697068219e-05
0.0005154176619779681 1.3051902697068219e-05
0.0005219151047560342 1.3051902697068219e-05
0.0005219151047560342 1.3051902697068219e-05
0.0005085240568639242 1.3051902697068219e-05
1.1359969942080616e-05 1.3051982997875785e-05
1.1359969942080616e-05 1.3051982997875785e-05
1.1359969942080616e-05 1.3051982997875785e-05
1.1359969942080616e-05 1.3051982997875785e-05
1.1359969942080616e-05 1.3051982997875785e-05
1.1359969942080616e-05 1.3051982997875785e-05
1.1858505025603777e-05 1.3051973743089529e-05
1.1858505025603777e-05 1.3051973743089529e-05
1.6693200658118025e-05 1.305196173639503e-05
1.6693200658118025e-05 1.305196173639503e-05
1.6693200658118025e-05 1.305196173639503e-05
1.6693200658118025e-05 1.305196173639503e-05
1.6693200658118025e-05 1.305196173639503e-05
1.2484263709010643e-05 1.3051955987952145e-05
8.305922256521388e-06 1.3051962187883537e-05
8.305922256521388e-06 1.3051962187883537e-05
1.4902055270937858e-05 1.3051976425521281e-05
1.7219731043150252e-05 1.3051978706590808e-05
1.7219731043150252e-05 1.3051978706590808e-05
1.1039276316326228e-05 1.305197406698204e-05
0.0004296363888203208 1.3052044744679305e-05
0.0004296363888203208 1.3052044744679305e-05
0.0004296363888203208 1.3052044744679305e-05
0.0004296363888203208 1.3052044744679305e-05
0.0004296363888203208 1.3052044744679305e-05
0.0004296363888203208 1.3052044744679305e-05
0.0004296363888203208 1.3052044744679305e-05
0.0004296363888203208 1.3052044744679305e-05
0.0004296363888203208 1.3052044744679305e-05
0.0004296363888203208 1.3052044744679305e-05
0.0004296363888203208 1.3052044744679305e-05
0.0004296363888203208 1.3052044744679305e-05
0.0005136298868676377 1.304966037406464e-05
0.0005136298868676377 1.304966037406464e-05
0.0005136298868676377 1.304966037406464e-05
0.00018270772313345597 1.3052260107186437e-05
0.00018270772313345597 1.3052260107186437e-05
0.00018270772313345597 1.3052260107186437e-05
0.0003482693196373355 1.305181970295837e-05
0.0003482693196373355 1.305181970295837e-05
0.000469425374763205 1.3051090996433439e-05
0.000469425374763205 1.3051090996433439e-05
0.00043761670574433986 1.3052044744679305e-05
0.00043761670574433986 1.3052044744679305e-05
0.00043761670574433986 1.3052044744679305e-05
0.00043761670574433986 1.3052044744679305e-05
0.00043761670574433986 1.3052044744679305e-05
0.00043761670574433986 1.3052044744679305e-05
0.00022185175192748654 1.3052260107186437e-05
0.00022185175192748654 1.3052260107186437e-05
0.00022185175192748654 1.3052260107186437e-05
0.0005950460801383832 1.305181970295837e-05
0.0005950460801383832 1.305181970295837e-05
0.0005687766009198938 1.3052044744679305e-05
0.0005687766009198938 1.3052044744679305e-05
0.0005687766009198938 1.3052044744679305e-05
0.0005687766009198938 1.3052044744679305e-05
0.0005687766009198938 1.3052044744679305e-05
0.0005687766009198938 1.3052044744679305e-05
0.0004378406909554027 1.3052260107186437e-05
0.0004378406909554027 1.3052260107186437e-05
0.0004378406909554027 1.3052260107186437e-05
0.0003720574651542135 1.305181970295837e-05
0.0003720574651542135 1.305181970295837e-05
0.00047745884223478674 1.3052044744679305e-05
0.00047745884223478674 1.3052044744679305e-05
0.00047745884223478674 1.3052044744679305e-05
0.00047745884223478674 1.3052044744679305e-05
0.00047745884223478674 1.3052044744679305e-05
0.00047745884223478674 1.3052044744679305e-05
0.00047745884223478674 1.3052044744679305e-05
0.00047745884223478674 1.3052044744679305e-05
0.00047745884223478674 1.3052044744679305e-05
0.00047745884223478674 1.3052044744679305e-05
0.00047745884223478674 1.3052044744679305e-05
0.00047745884223478674 1.3052044744679305e-05
0.00047745884223478674 1.3052044744679305e-05
0.00047745884223478674 1.3052044744679305e-05
0.00047745884223478674 1.3052044744679305e-05
0.00047745884223478674 1.3052044744679305e-05
0.00047745884223478674 1.3052044744679305e-05
0.00047745884223478674 1.3052044744679305e-05
0.00047745884223478674 1.3052044744679305e-05
0.00047745884223478674 1.3052044744679305e-05
0.00047745884223478674 1.3052044744679305e-05
0.00047745884223478674 1.3052044744679305e-05
0.00047745884223478674 1.3052044744679305e-05
0.00047745884223478674 1.3052044744679305e-05
0.00047745884223478674 1.3052044744679305e-05
0.00047745884223478674 1.3052044744679305e-05
0.00047745884223478674 1.3052044744679305e-05
0.00047745884223478674 1.3052044744679305e-05
0.00047745884223478674 1.3052044744679305e-05
0.00047745884223478674 1.3052044744679305e-05
0.00047745884223478674 1.3052044744679305e-05
0.00047745884223478674 1.3052044744679305e-05
0.00047745884223478674 1.3052044744679305e-05
0.00047745884223478674 1.3052044744679305e-05
0.00047745884223478674 1.3052044744679305e-05
0.00047745884223478674 1.3052044744679305e-05
0.00047745884223478674 1.3052044744679305e-05
0.00047745884223478674 1.3052044744679305e-05
0.00047745884223478674 1.3052044744679305e-05
0.00047745884223478674 1.3052044744679305e-05
0.00047745884223478674 1.3052044744679305e-05
0.00047745884223478674 1.3052044744679305e-05
0.00047745884223478674 1.3052044744679305e-05
0.00047745884223478674 1.3052044744679305e-05
0.00047745884223478674 1.3052044744679305e-05
0.00047745884223478674 1.3052044744679305e-05
0.00047745884223478674 1.3052044744679305e-05
0.00047745884223478674 1.3052044744679305e-05
0.000255796710664063 1.3052260107186437e-05
0.000255796710664063 1.3052260107186437e-05
0.000255796710664063 1.3052260107186437e-05
0.00026082517865242425 1.3051210214964172e-05
0.00026082517865242425 1.3051210214964172e-05
0.00026082517865242425 1.3051210214964172e-05
0.00031679908289703303 1.304966037406464e-05
0.00031679908289703303 1.304966037406464e-05
0.00031679908289703303 1.304966037406464e-05
0.00031679908289703303 1.304966037406464e-05
0.00031679908289703303 1.304966037406464e-05
0.00031679908289703303 1.304966037406464e-05
0.00031679908289703303 1.304966037406464e-05
0.00031679908289703303 1.304966037406464e-05
0.00031679908289703303 1.304966037406464e-05
0.0005779882375174344 1.3052260107186437e-05
0.0005779882375174344 1.3052260107186437e-05
0.0005779882375174344 1.3052260107186437e-05
0.0008953528830724011 1.3052260107186437e-05
0.0008953528830724011 1.3052260107186437e-05
0.0008953528830724011 1.3052260107186437e-05
0.00029098068092650223 1.3053379992223519e-05
0.00029098068092650223 1.3053379992223519e-05
0.00029098068092650223 1.3053379992223519e-05
0.0003857523079415927 1.305181970295837e-05
0.0003857523079415927 1.305181970295837e-05
0.00026082517865242425 1.3051210214964172e-05
0.00026082517865242425 1.3051210214964172e-05
0.0004692293240949331 1.305181970295837e-05
0.0004692293240949331 1.305181970295837e-05
0.0004692293240949331 1.305181970295837e-05
0.0004692293240949331 1.305181970295837e-05
0.0004692293240949331 1.305181970295837e-05
0.0004692293240949331 1.305181970295837e-05
0.0005837575000720582 1.3052625287089833e-05
0.0005837575000720582 1.3052625287089833e-05
0.0005745007025694205 1.3051090996433439e-05
0.0005745007025694205 1.3051090996433439e-05
0.00028144234045237546 1.3051451301326323e-05
0.00028144234045237546 1.3051451301326323e-05
0.00043817266465281295 1.3052044744679305e-05
0.00043817266465281295 1.3052044744679305e-05
0.00043817266465281295 1.3052044744679305e-05
0.00043817266465281295 1.3052044744679305e-05
0.00043817266465281295 1.3052044744679305e-05
0.00043817266465281295 1.3052044744679305e-05
0.00043817266465281295 1.3052044744679305e-05
0.00043817266465281295 1.3052044744679305e-05
0.00043817266465281295 1.3052044744679305e-05
0.00043817266465281295 1.3052044744679305e-05
0.00043817266465281295 1.3052044744679305e-05
0.00043817266465281295 1.3052044744679305e-05
0.00043817266465281295 1.3052044744679305e-05
0.00043817266465281295 1.3052044744679305e-05
0.00043817266465281295 1.3052044744679305e-05
0.00043817266465281295 1.3052044744679305e-05
0.00043817266465281295 1.3052044744679305e-05
0.00043817266465281295 1.3052044744679305e-05
0.00043817266465281295 1.3052044744679305e-05
0.00043817266465281295 1.3052044744679305e-05
0.00043817266465281295 1.3052044744679305e-05
0.00043817266465281295 1.3052044744679305e-05
0.00043817266465281295 1.3052044744679305e-05
0.00043817266465281295 1.3052044744679305e-05
0.00043817266465281295 1.3052044744679305e-05
0.00043817266465281295 1.3052044744679305e-05
0.00043817266465281295 1.3052044744679305e-05
0.00043817266465281295 1.3052044744679305e-05
0.00043817266465281295 1.3052044744679305e-05
0.00043817266465281295 1.3052044744679305e-05
0.00043817266465281295 1.3052044744679305e-05
0.00043817266465281295 1.3052044744679305e-05
0.00043817266465281295 1.3052044744679305e-05
0.00043817266465281295 1.3052044744679305e-05
0.00043817266465281295 1.3052044744679305e-05
0.00043817266465281295 1.3052044744679305e-05
0.00043817266465281295 1.3052044744679305e-05
0.00043817266465281295 1.3052044744679305e-05
0.00043817266465281295 1.3052044744679305e-05
0.00043817266465281295 1.3052044744679305e-05
0.00043817266465281295 1.3052044744679305e-05
0.00043817266465281295 1.3052044744679305e-05
0.00043817266465281295 1.3052044744679305e-05
0.00043817266465281295 1.3052044744679305e-05
0.00043817266465281295 1.3052044744679305e-05
0.00043817266465281295 1.3052044744679305e-05
0.00043817266465281295 1.3052044744679305e-05
0.00043817266465281295 1.3052044744679305e-05
0.00024010654662910965 1.3052260107186437e-05
0.00024010654662910965 1.3052260107186437e-05
0.00024010654662910965 1.3052260107186437e-05
0.00024010654662910965 1.3052260107186437e-05
0.00024010654662910965 1.3052260107186437e-05
0.00024010654662910965 1.3052260107186437e-05
0.00024010654662910965 1.3052260107186437e-05
0.00024010654662910965 1.3052260107186437e-05
0.00024010654662910965 1.3052260107186437e-05
0.00032237071502222165 1.3051210214964172e-05
0.00032237071502222165 1.3051210214964172e-05
0.00032237071502222165 1.3051210214964172e-05
0.0003416098447317478 1.304966037406464e-05
0.0003416098447317478 1.304966037406464e-05
0.0003416098447317478 1.304966037406464e-05
0.00025845597508240684 1.3052260107186437e-05
0.00025845597508240684 1.3052260107186437e-05
0.00025845597508240684 1.3052260107186437e-05
0.00042569695942894464 1.3053379992223519e-05
0.00042569695942894464 1.3053379992223519e-05
0.00042569695942894464 1.3053379992223519e-05
0.0004643885380966282 1.3052260107186437e-05
0.0004643885380966282 1.3052260107186437e-05
0.0004643885380966282 1.3052260107186437e-05
0.000299937849516906 1.305181970295837e-05
0.000299937849516906 1.305181970295837e-05
0.000299937849516906 1.305181970295837e-05
0.000299937849516906 1.305181970295837e-05
0.000299937849516906 1.305181970295837e-05
0.000299937849516906 1.305181970295837e-05
0.00032237071502222165 1.3051210214964172e-05
0.00032237071502222165 1.3051210214964172e-05
0.00030679531194934093 1.305181970295837e-05
0.00030679531194934093 1.305181970295837e-05
0.00035889716485069625 1.3051090996433439e-05
0.00035889716485069625 1.3051090996433439e-05
0.0005636476452446813 1.3051090996433439e-05
0.0005636476452446813 1.3051090996433439e-05
0.0006659328047673028 1.3051090996433439e-05
0.0006659328047673028 1.3051090996433439e-05
0.0004336265472823303 1.3051979746537376e-05
0.0004336265472823303 1.3051979746537376e-05
0.0004336265472823303 1.3051979746537376e-05
0.0004336265472823303 1.3051979746537376e-05
0.0004336265472823303 1.3051979746537376e-05
0.0005032863659827157 1.3051979746537376e-05
0.0005032863659827157 1.3051979746537376e-05
0.0005032863659827157 1.3051979746537376e-05
0.0005032863659827157 1.3051979746537376e-05
0.0005231801824245941 1.3051979746537376e-05
0.0005231801824245941 1.3051979746537376e-05
0.0005231801824245941 1.3051979746537376e-05
0.0005231801824245941 1.3051979746537376e-05
0.0005231801824245941 1.3051979746537376e-05
0.0005231801824245941 1.3051979746537376e-05
0.0005231801824245941 1.3051979746537376e-05
0.0005231801824245941 1.3051979746537376e-05
0.0005231801824245941 1.3051979746537376e-05
0.0005231801824245941 1.3051979746537376e-05
0.0005231801824245941 1.3051979746537376e-05