0.000835055921367849 0.0007666087146983531
0.000835055921367849 0.0007666087146983531
0.000835055921367849 0.0007666087146983531
0.000835055921367849 0.000835055921367849
0.000835055921367849 0.000835055921367849
0.000835055921367849 0.000835055921367849
0.000835055921367849 0.000835055921367849
0.000835055921367849 0.000835055921367849
0.000835055921367849 0.000835055921367849
0.000835055921367849 0.000835055921367849
0.000835055921367849 0.000835055921367849
0.000835055921367849 0.000835055921367849
0.000835055921367849 0.000835055921367849
0.000835055921367849 0.000835055921367849
0.000835055921367849 0.000835055921367849
0.000835055921367849 0.000835055921367849
0.000835055921367849 0.000835055921367849
0.000835055921367849 0.000835055921367849
0.000835055921367849 0.000835055921367849
0.000835055921367849 0.000835055921367849
0.14286300976057167 0.14290407808457337
0.14286300976057167 0.14290407808457337
0.14286300976057167 0.14290407808457337
0.14286300976057167 0.14290407808457337
0.14286300976057167 0.14256184205122588
0.14286300976057167 0.14256184205122588
0.14286300976057167 0.14256184205122588
0.14286300976057167 0.14256184205122588
0.14286300976057167 0.14256184205122588
0.14284932031923778 0.14383496009527852
0.14284932031923778 0.14383496009527852
0.14284932031923778 0.14383496009527852
0.14287669920190557 0.1423701898725513
0.14287669920190557 0.1423701898725513
0.14284932031923778 0.1469698421607414
0.14284932031923778 0.1469698421607414
0.14284932031923778 0.13990609043244945
0.14284932031923778 0.13990609043244945
0.14284932031923778 0.13990609043244945
1.3689441333899163e-05 1.3689441333899163e-05
0.00999329217374639 0.009404646196388726
0.00999329217374639 0.009404646196388726
0.010006981615080289 0.009445714520390423
0.010006981615080289 0.00947309340305822
0.010006981615080289 0.00947309340305822
0.010006981615080289 0.009596298375063313
0.010006981615080289 0.00963736669906501
0.010006981615080289 0.00966474558173281
0.010006981615080289 0.00966474558173281
0.010006981615080289 0.009733192788402305
0.010006981615080289 0.0098290188777396
0.010006981615080289 0.009856397760407398
0.010006981615080289 0.009856397760407398
0.010006981615080289 0.009924844967076893
0.010006981615080289 0.00999329217374639
0.00999329217374639 0.010061739380415885
0.00999329217374639 0.010102807704417583
0.00999329217374639 0.010130186587085381
0.00999329217374639 0.010130186587085381
0.00999329217374639 0.010171254911087078
0.08487453627017481 0.08592862325288506
0.08487453627017481 0.08592862325288506
0.08487453627017481 0.08592862325288506
0.08487453627017481 0.08592862325288506
0.08487453627017481 0.08592862325288506
0.08487453627017481 0.08592862325288506
0.08487453627017481 0.08306753001410012
0.08487453627017481 0.08306753001410012
0.07733165409519638 0.07714000191652179
0.07733165409519638 0.07714000191652179
0.07733165409519638 0.07714000191652179
0.07733165409519638 0.07714000191652179
0.07733165409519638 0.07714000191652179
0.08487453627017481 0.08550425057153417
0.08213664800339499 0.08362879710879
0.08213664800339499 0.08362879710879
0.08213664800339499 0.08126052375802544
0.08487453627017481 0.08473764185683583
0.08487453627017481 0.08473764185683583
0.08213664800339499 0.08397103314213747
0.004996646086873195 0.004982956645539296
0.004996646086873195 0.004982956645539296
0.004996646086873195 0.004982956645539296
0.004996646086873195 0.004982956645539296
0.004996646086873195 0.004982956645539296
0.004996646086873195 0.004982956645539296
0.004996646086873195 0.004982956645539296
0.004996646086873195 0.004982956645539296
0.004996646086873195 0.004982956645539296
0.004996646086873195 0.004982956645539296
0.004996646086873195 0.004982956645539296
0.004996646086873195 0.004982956645539296
0.00038330435734917656 0.00038330435734917656
0.00038330435734917656 0.00038330435734917656
0.00038330435734917656 0.00038330435734917656
0.0004106832400169749 0.0004106832400169749
0.0004106832400169749 0.0004106832400169749
0.0004106832400169749 0.0004106832400169749
0.0012183602787170255 0.0012320497200509247
0.0012183602787170255 0.0012320497200509247
0.001245739161384824 0.001245739161384824
0.001245739161384824 0.001245739161384824
0.004996646086873195 0.004982956645539296
0.004996646086873195 0.004982956645539296
0.004996646086873195 0.004982956645539296
0.004996646086873195 0.004982956645539296
0.004996646086873195 0.004982956645539296
0.004996646086873195 0.004982956645539296
0.00042437268135087406 0.00042437268135087406
0.00042437268135087406 0.00042437268135087406
0.00042437268135087406 0.00042437268135087406
0.0012320497200509247 0.0012320497200509247
0.0012320497200509247 0.0012320497200509247
0.005010335528207094 0.004982956645539296
0.005010335528207094 0.004982956645539296
0.005010335528207094 0.004982956645539296
0.005010335528207094 0.004982956645539296
0.005010335528207094 0.004982956645539296
0.005010335528207094 0.004982956645539296
0.00042437268135087406 0.00042437268135087406
0.00042437268135087406 0.00042437268135087406
0.00042437268135087406 0.00042437268135087406
0.001245739161384824 0.0012320497200509247
0.001245739161384824 0.0012320497200509247
0.004996646086873195 0.004982956645539296
0.004996646086873195 0.004982956645539296
0.004996646086873195 0.004982956645539296
0.004996646086873195 0.004982956645539296
0.004996646086873195 0.004982956645539296
0.004996646086873195 0.004982956645539296
0.004996646086873195 0.004982956645539296
0.004996646086873195 0.004982956645539296
0.004996646086873195 0.004982956645539296
0.004996646086873195 0.004982956645539296
0.004996646086873195 0.004982956645539296
0.004996646086873195 0.004982956645539296
0.004996646086873195 0.004982956645539296
0.004996646086873195 0.004982956645539296
0.004996646086873195 0.004982956645539296
0.004996646086873195 0.004982956645539296
0.004996646086873195 0.004982956645539296
0.004996646086873195 0.004982956645539296
0.004996646086873195 0.004982956645539296
0.004996646086873195 0.004982956645539296
0.004996646086873195 0.004982956645539296
0.004996646086873195 0.004982956645539296
0.004996646086873195 0.004982956645539296
0.004996646086873195 0.004982956645539296
0.004996646086873195 0.004982956645539296
0.004996646086873195 0.004982956645539296
0.004996646086873195 0.004982956645539296
0.004996646086873195 0.004982956645539296
0.004996646086873195 0.004982956645539296
0.004996646086873195 0.004982956645539296
0.004996646086873195 0.004982956645539296
0.004996646086873195 0.004982956645539296
0.004996646086873195 0.004982956645539296
0.004996646086873195 0.004982956645539296
0.004996646086873195 0.004982956645539296
0.004996646086873195 0.004982956645539296
0.004996646086873195 0.004982956645539296
0.004996646086873195 0.004982956645539296
0.004996646086873195 0.004982956645539296
0.004996646086873195 0.004982956645539296
0.004996646086873195 0.004982956645539296
0.004996646086873195 0.004982956645539296
0.004996646086873195 0.004982956645539296
0.004996646086873195 0.004982956645539296
0.004996646086873195 0.004982956645539296
0.004996646086873195 0.004982956645539296
0.004996646086873195 0.004982956645539296
0.004996646086873195 0.004982956645539296
0.00042437268135087406 0.00042437268135087406
0.00042437268135087406 0.00042437268135087406
0.00042437268135087406 0.00042437268135087406
0.00042437268135087406 0.0004106832400169749
0.00042437268135087406 0.0004106832400169749
0.00042437268135087406 0.0004106832400169749
0.00038330435734917656 0.00038330435734917656
0.00038330435734917656 0.00038330435734917656
0.00038330435734917656 0.00038330435734917656
0.00038330435734917656 0.00038330435734917656
0.00038330435734917656 0.00038330435734917656
0.00038330435734917656 0.00038330435734917656
0.00038330435734917656 0.00038330435734917656
0.00038330435734917656 0.00038330435734917656
0.00038330435734917656 0.00038330435734917656
0.00042437268135087406 0.00042437268135087406
0.00042437268135087406 0.00042437268135087406
0.00042437268135087406 0.00042437268135087406
0.00042437268135087406 0.00042437268135087406
0.00042437268135087406 0.00042437268135087406
0.00042437268135087406 0.00042437268135087406
0.0004106832400169749 0.00042437268135087406
0.0004106832400169749 0.00042437268135087406
0.0004106832400169749 0.00042437268135087406
0.0012320497200509247 0.0012320497200509247
0.0012320497200509247 0.0012320497200509247
0.00042437268135087406 0.0004106832400169749
0.00042437268135087406 0.0004106832400169749
0.0012183602787170255 0.0012320497200509247
0.0012183602787170255 0.0012320497200509247
0.0012183602787170255 0.0012320497200509247
0.0012183602787170255 0.0012320497200509247
0.0012183602787170255 0.0012320497200509247
0.0012183602787170255 0.0012320497200509247
0.001259428602718723 0.001259428602718723
0.001259428602718723 0.001259428602718723
0.001259428602718723 0.001259428602718723
0.001259428602718723 0.001259428602718723
0.001245739161384824 0.001245739161384824
0.001245739161384824 0.001245739161384824
0.004996646086873195 0.004982956645539296
0.004996646086873195 0.004982956645539296
0.004996646086873195 0.004982956645539296
0.004996646086873195 0.004982956645539296
0.004996646086873195 0.004982956645539296
0.004996646086873195 0.004982956645539296
0.004996646086873195 0.004982956645539296
0.004996646086873195 0.004982956645539296
0.004996646086873195 0.004982956645539296
0.004996646086873195 0.004982956645539296
0.004996646086873195 0.004982956645539296
0.004996646086873195 0.004982956645539296
0.004996646086873195 0.004982956645539296
0.004996646086873195 0.004982956645539296
0.004996646086873195 0.004982956645539296
0.004996646086873195 0.004982956645539296
0.004996646086873195 0.004982956645539296
0.004996646086873195 0.004982956645539296
0.004996646086873195 0.004982956645539296
0.004996646086873195 0.004982956645539296
0.004996646086873195 0.004982956645539296
0.004996646086873195 0.004982956645539296
0.004996646086873195 0.004982956645539296
0.004996646086873195 0.004982956645539296
0.004996646086873195 0.004982956645539296
0.004996646086873195 0.004982956645539296
0.004996646086873195 0.004982956645539296
0.004996646086873195 0.004982956645539296
0.004996646086873195 0.004982956645539296
0.004996646086873195 0.004982956645539296
0.004996646086873195 0.004982956645539296
0.004996646086873195 0.004982956645539296
0.004996646086873195 0.004982956645539296
0.004996646086873195 0.004982956645539296
0.004996646086873195 0.004982956645539296
0.004996646086873195 0.004982956645539296
0.004996646086873195 0.004982956645539296
0.004996646086873195 0.004982956645539296
0.004996646086873195 0.004982956645539296
0.004996646086873195 0.004982956645539296
0.004996646086873195 0.004982956645539296
0.004996646086873195 0.004982956645539296
0.004996646086873195 0.004982956645539296
0.004996646086873195 0.004982956645539296
0.004996646086873195 0.004982956645539296
0.004996646086873195 0.004982956645539296
0.004996646086873195 0.004982956645539296
0.004996646086873195 0.004982956645539296
0.00042437268135087406 0.00042437268135087406
0.00042437268135087406 0.00042437268135087406
0.00042437268135087406 0.00042437268135087406
0.00042437268135087406 0.00042437268135087406
0.00042437268135087406 0.00042437268135087406
0.00042437268135087406 0.00042437268135087406
0.00042437268135087406 0.00042437268135087406
0.00042437268135087406 0.00042437268135087406
0.00042437268135087406 0.00042437268135087406
0.00042437268135087406 0.0004106832400169749
0.00042437268135087406 0.0004106832400169749
0.00042437268135087406 0.0004106832400169749
0.00038330435734917656 0.00038330435734917656
0.00038330435734917656 0.00038330435734917656
0.00038330435734917656 0.00038330435734917656
0.0004106832400169749 0.0004106832400169749
0.0004106832400169749 0.0004106832400169749
0.0004106832400169749 0.0004106832400169749
0.0004106832400169749 0.0004106832400169749
0.0004106832400169749 0.0004106832400169749
0.0004106832400169749 0.0004106832400169749
0.00042437268135087406 0.00042437268135087406
0.00042437268135087406 0.00042437268135087406
0.00042437268135087406 0.00042437268135087406
0.0012320497200509247 0.0012320497200509247
0.0012320497200509247 0.0012320497200509247
0.0012320497200509247 0.0012320497200509247
0.0012320497200509247 0.0012320497200509247
0.0012320497200509247 0.0012320497200509247
0.0012320497200509247 0.0012320497200509247
0.00042437268135087406 0.0004106832400169749
0.00042437268135087406 0.0004106832400169749
0.0012183602787170255 0.0012320497200509247
0.0012183602787170255 0.0012320497200509247
0.001245739161384824 0.001245739161384824
0.001245739161384824 0.001245739161384824
0.001259428602718723 0.001245739161384824
0.001259428602718723 0.001245739161384824
0.001259428602718723 0.001259428602718723
0.001259428602718723 0.001259428602718723
0.00999329217374639 0.009801639995071802
0.00999329217374639 0.009801639995071802
0.00999329217374639 0.009801639995071802
0.00999329217374639 0.009801639995071802
0.00999329217374639 0.009801639995071802
0.010006981615080289 0.009801639995071802
0.010006981615080289 0.009801639995071802
0.010006981615080289 0.009801639995071802
0.010006981615080289 0.009801639995071802
0.010006981615080289 0.009801639995071802
0.010006981615080289 0.009801639995071802
0.010006981615080289 0.009801639995071802
0.010006981615080289 0.009801639995071802
0.010006981615080289 0.009801639995071802
0.010006981615080289 0.009801639995071802
0.010006981615080289 0.009801639995071802
0.010006981615080289 0.009801639995071802
0.010006981615080289 0.009801639995071802
0.010006981615080289 0.009801639995071802
0.010006981615080289 0.009801639995071802