0.0004296363888203208 1.306216165261385e-05
0.0004296363888203208 1.306216165261385e-05
0.0004296363888203208 1.306216165261385e-05
0.0004296363888203208 1.306216165261385e-05
0.0004296363888203208 1.306216165261385e-05
0.0004296363888203208 1.306216165261385e-05
0.0004296363888203208 1.306216165261385e-05
0.0004296363888203208 1.306216165261385e-05
0.0004296363888203208 1.306216165261385e-05
0.0004296363888203208 1.306216165261385e-05
0.0004296363888203208 1.306216165261385e-05
0.0004296363888203208 1.306216165261385e-05
0.0004296363888203208 1.306216165261385e-05
0.0004296363888203208 1.306216165261385e-05
0.0004296363888203208 1.306216165261385e-05
0.0004296363888203208 1.306216165261385e-05
0.0004296363888203208 1.306216165261385e-05
0.0004296363888203208 1.306216165261385e-05
0.0004296363888203208 1.306216165261385e-05
0.0004296363888203208 1.306216165261385e-05
0.0004296363888203208 1.306216165261385e-05
0.0004296363888203208 1.306216165261385e-05
0.0004296363888203208 1.306216165261385e-05
0.0004296363888203208 1.306216165261385e-05
0.0004296363888203208 1.306216165261385e-05
0.0004296363888203208 1.306216165261385e-05
0.0004296363888203208 1.306216165261385e-05
0.0004296363888203208 1.306216165261385e-05
0.0004296363888203208 1.306216165261385e-05
0.0004296363888203208 1.306216165261385e-05
0.0004296363888203208 1.306216165261385e-05
0.0004296363888203208 1.306216165261385e-05
0.0004296363888203208 1.306216165261385e-05
0.0004296363888203208 1.306216165261385e-05
0.0004296363888203208 1.306216165261385e-05
0.0004296363888203208 1.306216165261385e-05
0.0004296363888203208 1.306216165261385e-05
0.0004296363888203208 1.306216165261385e-05
0.00043761670574433986 1.306216165261385e-05
0.00043761670574433986 1.306216165261385e-05
0.00043761670574433986 1.306216165261385e-05
0.00043761670574433986 1.306216165261385e-05
0.00043761670574433986 1.306216165261385e-05
0.00043761670574433986 1.306216165261385e-05
0.00043761670574433986 1.306216165261385e-05
0.00043761670574433986 1.306216165261385e-05
0.00043761670574433986 1.306216165261385e-05
0.00043761670574433986 1.306216165261385e-05
0.00043761670574433986 1.306216165261385e-05
0.00043761670574433986 1.306216165261385e-05
0.00043761670574433986 1.306216165261385e-05
0.00043761670574433986 1.306216165261385e-05
0.00043761670574433986 1.306216165261385e-05
0.00043761670574433986 1.306216165261385e-05
0.00043761670574433986 1.306216165261385e-05
0.00043761670574433986 1.306216165261385e-05
0.00043761670574433986 1.306216165261385e-05
0.00043761670574433986 1.306216165261385e-05
0.00043761670574433986 1.306216165261385e-05
0.00043761670574433986 1.306216165261385e-05
0.00043761670574433986 1.306216165261385e-05
0.00043761670574433986 1.306216165261385e-05
0.00043761670574433986 1.306216165261385e-05
0.00043761670574433986 1.306216165261385e-05
0.00043761670574433986 1.306216165261385e-05
0.00043761670574433986 1.306216165261385e-05
0.00043761670574433986 1.306216165261385e-05
0.00043761670574433986 1.306216165261385e-05
0.00043761670574433986 1.306216165261385e-05
0.00043761670574433986 1.306216165261385e-05
0.00043761670574433986 1.306216165261385e-05
0.00043761670574433986 1.306216165261385e-05
0.00043761670574433986 1.306216165261385e-05
0.00043761670574433986 1.306216165261385e-05
0.00043761670574433986 1.306216165261385e-05
0.00043761670574433986 1.306216165261385e-05
0.00043761670574433986 1.306216165261385e-05
0.00043761670574433986 1.306216165261385e-05
0.0005687766009198938 1.306216165261385e-05
0.0005687766009198938 1.306216165261385e-05
0.0005687766009198938 1.306216165261385e-05
0.0005687766009198938 1.306216165261385e-05
0.0005687766009198938 1.306216165261385e-05
0.0005687766009198938 1.306216165261385e-05
0.0005687766009198938 1.306216165261385e-05
0.0005687766009198938 1.306216165261385e-05
0.0005687766009198938 1.306216165261385e-05
0.0005687766009198938 1.306216165261385e-05
0.0005687766009198938 1.306216165261385e-05
0.0005687766009198938 1.306216165261385e-05
0.0005687766009198938 1.306216165261385e-05
0.0005687766009198938 1.306216165261385e-05
0.0005687766009198938 1.306216165261385e-05
0.0005687766009198938 1.306216165261385e-05
0.0005687766009198938 1.306216165261385e-05
0.0005687766009198938 1.306216165261385e-05
0.0005687766009198938 1.306216165261385e-05
0.0005687766009198938 1.306216165261385e-05
0.0005687766009198938 1.306216165261385e-05
0.0005687766009198938 1.306216165261385e-05
0.0005687766009198938 1.306216165261385e-05
0.0005687766009198938 1.306216165261385e-05
0.0005687766009198938 1.306216165261385e-05
0.0005687766009198938 1.306216165261385e-05
0.0005687766009198938 1.306216165261385e-05
0.0005687766009198938 1.306216165261385e-05
0.0005687766009198938 1.306216165261385e-05
0.0005687766009198938 1.306216165261385e-05
0.0005687766009198938 1.306216165261385e-05
0.0005687766009198938 1.306216165261385e-05
0.0005687766009198938 1.306216165261385e-05
0.0005687766009198938 1.306216165261385e-05
0.0005687766009198938 1.306216165261385e-05
0.0005687766009198938 1.306216165261385e-05
0.0005687766009198938 1.306216165261385e-05
0.0005687766009198938 1.306216165261385e-05
0.0005687766009198938 1.306216165261385e-05
0.0005687766009198938 1.306216165261385e-05
0.0005687766009198938 1.306216165261385e-05
0.0005687766009198938 1.306216165261385e-05
0.0005687766009198938 1.306216165261385e-05
0.0005687766009198938 1.306216165261385e-05
0.0005687766009198938 1.306216165261385e-05
0.0005687766009198938 1.306216165261385e-05
0.0005687766009198938 1.306216165261385e-05
0.0005687766009198938 1.306216165261385e-05
0.0005687766009198938 1.306216165261385e-05
0.0005687766009198938 1.306216165261385e-05
0.0005687766009198938 1.306216165261385e-05
0.0005687766009198938 1.306216165261385e-05
0.00047745884223478674 1.306216165261385e-05
0.00047745884223478674 1.306216165261385e-05
0.00047745884223478674 1.306216165261385e-05
0.00047745884223478674 1.306216165261385e-05
0.00047745884223478674 1.306216165261385e-05
0.00047745884223478674 1.306216165261385e-05
0.00047745884223478674 1.306216165261385e-05
0.00047745884223478674 1.306216165261385e-05
0.00047745884223478674 1.306216165261385e-05
0.00047745884223478674 1.306216165261385e-05
0.00047745884223478674 1.306216165261385e-05
0.00047745884223478674 1.306216165261385e-05
0.00047745884223478674 1.306216165261385e-05
0.00047745884223478674 1.306216165261385e-05
0.00047745884223478674 1.306216165261385e-05
0.00047745884223478674 1.306216165261385e-05
0.00047745884223478674 1.306216165261385e-05
0.00047745884223478674 1.306216165261385e-05
0.00047745884223478674 1.306216165261385e-05
0.00047745884223478674 1.306216165261385e-05
0.00047745884223478674 1.306216165261385e-05
0.00047745884223478674 1.306216165261385e-05
0.00047745884223478674 1.306216165261385e-05
0.00047745884223478674 1.306216165261385e-05
0.00047745884223478674 1.306216165261385e-05
0.00047745884223478674 1.306216165261385e-05
0.00047745884223478674 1.306216165261385e-05
0.00047745884223478674 1.306216165261385e-05
0.00047745884223478674 1.306216165261385e-05
0.00047745884223478674 1.306216165261385e-05
0.00047745884223478674 1.306216165261385e-05
0.00047745884223478674 1.306216165261385e-05
0.00047745884223478674 1.306216165261385e-05
0.00047745884223478674 1.306216165261385e-05
0.00043817266465281295 1.306216165261385e-05
0.00043817266465281295 1.306216165261385e-05
0.00043817266465281295 1.306216165261385e-05
0.00043817266465281295 1.306216165261385e-05
0.00043817266465281295 1.306216165261385e-05
0.00043817266465281295 1.306216165261385e-05
0.00043817266465281295 1.306216165261385e-05
0.00043817266465281295 1.306216165261385e-05
0.00043817266465281295 1.306216165261385e-05
0.00043817266465281295 1.306216165261385e-05
0.00043817266465281295 1.306216165261385e-05
0.00043817266465281295 1.306216165261385e-05
0.00043817266465281295 1.306216165261385e-05
0.00043817266465281295 1.306216165261385e-05
0.00043817266465281295 1.306216165261385e-05
0.00043817266465281295 1.306216165261385e-05
0.00043817266465281295 1.306216165261385e-05
0.00043817266465281295 1.306216165261385e-05
0.00043817266465281295 1.306216165261385e-05
0.00043817266465281295 1.306216165261385e-05
0.00043817266465281295 1.306216165261385e-05
0.00043817266465281295 1.306216165261385e-05
0.00043817266465281295 1.306216165261385e-05
0.00043817266465281295 1.306216165261385e-05
0.00043817266465281295 1.306216165261385e-05
0.00043817266465281295 1.306216165261385e-05
0.00043817266465281295 1.306216165261385e-05
0.00043817266465281295 1.306216165261385e-05
0.00043817266465281295 1.306216165261385e-05
0.00043817266465281295 1.306216165261385e-05
0.00043817266465281295 1.306216165261385e-05
0.00043817266465281295 1.306216165261385e-05
0.00043817266465281295 1.306216165261385e-05
0.00043817266465281295 1.306216165261385e-05
0.00043817266465281295 1.306216165261385e-05
0.00043817266465281295 1.306216165261385e-05