8.645250772203159e-05 1.3694655602622874e-05
0.0002501491134527446 1.3690721487252974e-05
0.0003869815156395516 1.3690721487252974e-05
0.00038260561846171993 1.3694655602622874e-05
0.00045703392176466614 1.3705708593424024e-05
0.00048739884305083747 1.3705708593424024e-05
0.0004950471502920911 1.3705708593424024e-05
0.00048347956123069255 1.3705708593424024e-05
0.0004839742278681866 1.3705708593424024e-05
0.00048275658691435515 1.3705708593424024e-05
0.0004808159716441863 1.3705708593424024e-05
0.00047579320270963165 1.3705708593424024e-05
0.0005313480712281906 1.3705708593424024e-05
0.0005375884811165768 1.3705708593424024e-05
0.0005666977101691094 1.3705708593424024e-05
0.0005702745304709892 1.3702143112520427e-05
0.0005635394539451091 1.3702143112520427e-05
0.0005563858133413495 1.3702143112520427e-05
0.0004903287915959943 1.3702143112520427e-05
0.0004872085866518013 1.3702143112520427e-05
1.3687671756192943e-05 1.3689513234648166e-05
1.3687671756192943e-05 1.3689513234648166e-05
1.3687671756192943e-05 1.3689513234648166e-05
1.3687671756192943e-05 1.3689513234648166e-05
1.366298363664764e-05 1.3689340042161254e-05
1.366298363664764e-05 1.3689340042161254e-05
1.366298363664764e-05 1.3689340042161254e-05
1.366298363664764e-05 1.3689340042161254e-05
1.366298363664764e-05 1.3689340042161254e-05
1.369320976338535e-05 1.3689411137178465e-05
1.369320976338535e-05 1.3689411137178465e-05
1.369320976338535e-05 1.3689411137178465e-05
1.3709266900321777e-05 1.3689380311558691e-05
1.3709266900321777e-05 1.3689380311558691e-05
1.3640937114028696e-05 1.3689503436862179e-05
1.3640937114028696e-05 1.3689503436862179e-05
1.377795818638486e-05 1.3689375138690418e-05
1.377795818638486e-05 1.3689375138690418e-05
1.377795818638486e-05 1.3689375138690418e-05
0.0003081345205002508 1.368930429871915e-05
0.0003081345205002508 1.368930429871915e-05
0.0003227415856527613 1.368930429871915e-05
0.00033710019184234616 1.368930429871915e-05
0.00033710019184234616 1.368930429871915e-05
0.0003599463155783177 1.3689380311558691e-05
0.00036057819585954886 1.3690387616075897e-05
0.00036135931419715127 1.3691054416621372e-05
0.00036135931419715127 1.3691054416621372e-05
0.00036833222423526016 1.3689454195187041e-05
0.00038056021902431176 1.3688868856746373e-05
0.000385031010159857 1.3689526037831181e-05
0.000385031010159857 1.3689526037831181e-05
0.00039278821381336337 1.368894791065179e-05
0.000408734458900514 1.3689024833724177e-05
0.00043021631800726383 1.368909971097017e-05
0.00044558981692499817 1.368909971097017e-05
0.0004577805087245004 1.368909971097017e-05
0.0004577805087245004 1.368909971097017e-05
0.00046734164858915956 1.368909971097017e-05
1.30990241902726e-05 1.368949586636863e-05
1.30990241902726e-05 1.368949586636863e-05
1.30990241902726e-05 1.368949586636863e-05
1.30990241902726e-05 1.368949586636863e-05
1.30990241902726e-05 1.368949586636863e-05
1.30990241902726e-05 1.368949586636863e-05
1.2731013078807914e-05 1.3689355560427642e-05
1.2731013078807914e-05 1.3689355560427642e-05
1.362558468241198e-05 1.3689295981861394e-05
1.362558468241198e-05 1.3689295981861394e-05
1.362558468241198e-05 1.3689295981861394e-05
1.362558468241198e-05 1.3689295981861394e-05
1.362558468241198e-05 1.3689295981861394e-05
1.4196693141253747e-05 1.368931189014411e-05
1.4647091819957833e-05 1.3689594893850595e-05
1.4647091819957833e-05 1.3689594893850595e-05
1.4581326524691e-05 1.368963252728647e-05
1.4292533267942414e-05 1.3689397144012628e-05
1.4292533267942414e-05 1.3689397144012628e-05
1.3039710632700825e-05 1.3689624086561657e-05
0.00021933070431133641 1.3690829567345554e-05
0.00021933070431133641 1.3690829567345554e-05
0.00021933070431133641 1.3690829567345554e-05
0.00021933070431133641 1.3690829567345554e-05
0.00021933070431133641 1.3690829567345554e-05
0.00021933070431133641 1.3690829567345554e-05
0.00021933070431133641 1.3690829567345554e-05
0.00021933070431133641 1.3690829567345554e-05
0.00021933070431133641 1.3690829567345554e-05
0.00021933070431133641 1.3690829567345554e-05
0.00021933070431133641 1.3690829567345554e-05
0.00021933070431133641 1.3690829567345554e-05
1.3926768409446991e-05 1.3678076116421151e-05
1.3926768409446991e-05 1.3678076116421151e-05
1.3926768409446991e-05 1.3678076116421151e-05
0.00012866786591616858 1.3702143112520427e-05
0.00012866786591616858 1.3702143112520427e-05
0.00012866786591616858 1.3702143112520427e-05
6.697367280048665e-05 1.3692047593557435e-05
6.697367280048665e-05 1.3692047593557435e-05
0.00020117293488151726 1.3697206292807755e-05
0.00020117293488151726 1.3697206292807755e-05
0.00036484953605260377 1.3690829567345554e-05
0.00036484953605260377 1.3690829567345554e-05
0.00036484953605260377 1.3690829567345554e-05
0.00036484953605260377 1.3690829567345554e-05
0.00036484953605260377 1.3690829567345554e-05
0.00036484953605260377 1.3690829567345554e-05
0.0003216634251988402 1.3702143112520427e-05
0.0003216634251988402 1.3702143112520427e-05
0.0003216634251988402 1.3702143112520427e-05
0.00035585472317324 1.3692047593557435e-05
0.00035585472317324 1.3692047593557435e-05
0.0003786482853617678 1.3690829567345554e-05
0.0003786482853617678 1.3690829567345554e-05
0.0003786482853617678 1.3690829567345554e-05
0.0003786482853617678 1.3690829567345554e-05
0.0003786482853617678 1.3690829567345554e-05
0.0003786482853617678 1.3690829567345554e-05
0.00037946700160794276 1.3702143112520427e-05
0.00037946700160794276 1.3702143112520427e-05
0.00037946700160794276 1.3702143112520427e-05
0.0003884191013535875 1.3692047593557435e-05
0.0003884191013535875 1.3692047593557435e-05
0.00045862946926452833 1.3690829567345554e-05
0.00045862946926452833 1.3690829567345554e-05
0.00045862946926452833 1.3690829567345554e-05
0.00045862946926452833 1.3690829567345554e-05
0.00045862946926452833 1.3690829567345554e-05
0.00045862946926452833 1.3690829567345554e-05
0.00045862946926452833 1.3690829567345554e-05
0.00045862946926452833 1.3690829567345554e-05
0.00045862946926452833 1.3690829567345554e-05
0.00045862946926452833 1.3690829567345554e-05
0.00045862946926452833 1.3690829567345554e-05
0.00045862946926452833 1.3690829567345554e-05
0.00045862946926452833 1.3690829567345554e-05
0.00045862946926452833 1.3690829567345554e-05
0.00045862946926452833 1.3690829567345554e-05
0.00045862946926452833 1.3690829567345554e-05
0.00045862946926452833 1.3690829567345554e-05
0.00045862946926452833 1.3690829567345554e-05
0.00045862946926452833 1.3690829567345554e-05
0.00045862946926452833 1.3690829567345554e-05
0.00045862946926452833 1.3690829567345554e-05
0.00045862946926452833 1.3690829567345554e-05
0.00045862946926452833 1.3690829567345554e-05
0.00045862946926452833 1.3690829567345554e-05
0.00045862946926452833 1.3690829567345554e-05
0.00045862946926452833 1.3690829567345554e-05
0.00045862946926452833 1.3690829567345554e-05
0.00045862946926452833 1.3690829567345554e-05
0.00045862946926452833 1.3690829567345554e-05
0.00045862946926452833 1.3690829567345554e-05
0.00045862946926452833 1.3690829567345554e-05
0.00045862946926452833 1.3690829567345554e-05
0.00045862946926452833 1.3690829567345554e-05
0.00045862946926452833 1.3690829567345554e-05
0.00045862946926452833 1.3690829567345554e-05
0.00045862946926452833 1.3690829567345554e-05
0.00045862946926452833 1.3690829567345554e-05
0.00045862946926452833 1.3690829567345554e-05
0.00045862946926452833 1.3690829567345554e-05
0.00045862946926452833 1.3690829567345554e-05
0.00045862946926452833 1.3690829567345554e-05
0.00045862946926452833 1.3690829567345554e-05
0.00045862946926452833 1.3690829567345554e-05
0.00045862946926452833 1.3690829567345554e-05
0.00045862946926452833 1.3690829567345554e-05
0.00045862946926452833 1.3690829567345554e-05
0.00045862946926452833 1.3690829567345554e-05
0.00045862946926452833 1.3690829567345554e-05
0.00042229555822194105 1.3702143112520427e-05
0.00042229555822194105 1.3702143112520427e-05
0.00042229555822194105 1.3702143112520427e-05
0.00048002425953206805 1.3709162653049382e-05
0.00048002425953206805 1.3709162653049382e-05
0.00048002425953206805 1.3709162653049382e-05
0.00047251535674909436 1.3678076116421151e-05
0.00047251535674909436 1.3678076116421151e-05
0.00047251535674909436 1.3678076116421151e-05
0.00047251535674909436 1.3678076116421151e-05
0.00047251535674909436 1.3678076116421151e-05
0.00047251535674909436 1.3678076116421151e-05
0.00047251535674909436 1.3678076116421151e-05
0.00047251535674909436 1.3678076116421151e-05
0.00047251535674909436 1.3678076116421151e-05
0.0004970209069995114 1.3702143112520427e-05
0.0004970209069995114 1.3702143112520427e-05
0.0004970209069995114 1.3702143112520427e-05
0.0004759810041873899 1.3702143112520427e-05
0.0004759810041873899 1.3702143112520427e-05
0.0004759810041873899 1.3702143112520427e-05
0.00040070407551403317 1.3694655602622874e-05
0.00040070407551403317 1.3694655602622874e-05
0.00040070407551403317 1.3694655602622874e-05
0.0004636582267871074 1.3692047593557435e-05
0.0004636582267871074 1.3692047593557435e-05
0.00048002425953206805 1.3709162653049382e-05
0.00048002425953206805 1.3709162653049382e-05
0.00048704569297082875 1.3692047593557435e-05
0.00048704569297082875 1.3692047593557435e-05
0.00048704569297082875 1.3692047593557435e-05
0.00048704569297082875 1.3692047593557435e-05
0.00048704569297082875 1.3692047593557435e-05
0.00048704569297082875 1.3692047593557435e-05
0.0004884460804472713 1.3699701533206008e-05
0.0004884460804472713 1.3699701533206008e-05
0.00043760832982220663 1.3697206292807755e-05
0.00043760832982220663 1.3697206292807755e-05
0.0004267049610286423 1.3694655602622874e-05
0.0004267049610286423 1.3694655602622874e-05
0.0005122634257783529 1.3690829567345554e-05
0.0005122634257783529 1.3690829567345554e-05
0.0005122634257783529 1.3690829567345554e-05
0.0005122634257783529 1.3690829567345554e-05
0.0005122634257783529 1.3690829567345554e-05
0.0005122634257783529 1.3690829567345554e-05
0.0005122634257783529 1.3690829567345554e-05
0.0005122634257783529 1.3690829567345554e-05
0.0005122634257783529 1.3690829567345554e-05
0.0005122634257783529 1.3690829567345554e-05
0.0005122634257783529 1.3690829567345554e-05
0.0005122634257783529 1.3690829567345554e-05
0.0005122634257783529 1.3690829567345554e-05
0.0005122634257783529 1.3690829567345554e-05
0.0005122634257783529 1.3690829567345554e-05
0.0005122634257783529 1.3690829567345554e-05
0.0005122634257783529 1.3690829567345554e-05
0.0005122634257783529 1.3690829567345554e-05
0.0005122634257783529 1.3690829567345554e-05
0.0005122634257783529 1.3690829567345554e-05
0.0005122634257783529 1.3690829567345554e-05
0.0005122634257783529 1.3690829567345554e-05
0.0005122634257783529 1.3690829567345554e-05
0.0005122634257783529 1.3690829567345554e-05
0.0005122634257783529 1.3690829567345554e-05
0.0005122634257783529 1.3690829567345554e-05
0.0005122634257783529 1.3690829567345554e-05
0.0005122634257783529 1.3690829567345554e-05
0.0005122634257783529 1.3690829567345554e-05
0.0005122634257783529 1.3690829567345554e-05
0.0005122634257783529 1.3690829567345554e-05
0.0005122634257783529 1.3690829567345554e-05
0.0005122634257783529 1.3690829567345554e-05
0.0005122634257783529 1.3690829567345554e-05
0.0005122634257783529 1.3690829567345554e-05
0.0005122634257783529 1.3690829567345554e-05
0.0005122634257783529 1.3690829567345554e-05
0.0005122634257783529 1.3690829567345554e-05
0.0005122634257783529 1.3690829567345554e-05
0.0005122634257783529 1.3690829567345554e-05
0.0005122634257783529 1.3690829567345554e-05
0.0005122634257783529 1.3690829567345554e-05
0.0005122634257783529 1.3690829567345554e-05
0.0005122634257783529 1.3690829567345554e-05
0.0005122634257783529 1.3690829567345554e-05
0.0005122634257783529 1.3690829567345554e-05
0.0005122634257783529 1.3690829567345554e-05
0.0005122634257783529 1.3690829567345554e-05
0.0005096747987263745 1.3702143112520427e-05
0.0005096747987263745 1.3702143112520427e-05
0.0005096747987263745 1.3702143112520427e-05
0.0005096747987263745 1.3702143112520427e-05
0.0005096747987263745 1.3702143112520427e-05
0.0005096747987263745 1.3702143112520427e-05
0.0005096747987263745 1.3702143112520427e-05
0.0005096747987263745 1.3702143112520427e-05
0.0005096747987263745 1.3702143112520427e-05
0.0005250241940163565 1.3709162653049382e-05
0.0005250241940163565 1.3709162653049382e-05
0.0005250241940163565 1.3709162653049382e-05
0.0005504389418971907 1.3678076116421151e-05
0.0005504389418971907 1.3678076116421151e-05
0.0005504389418971907 1.3678076116421151e-05
0.0005789667111549547 1.3702143112520427e-05
0.0005789667111549547 1.3702143112520427e-05
0.0005789667111549547 1.3702143112520427e-05
0.0005021373720961721 1.3694655602622874e-05
0.0005021373720961721 1.3694655602622874e-05
0.0005021373720961721 1.3694655602622874e-05
0.00046886786978471537 1.3702143112520427e-05
0.00046886786978471537 1.3702143112520427e-05
0.00046886786978471537 1.3702143112520427e-05
0.0005403328239746739 1.3692047593557435e-05
0.0005403328239746739 1.3692047593557435e-05
0.0005403328239746739 1.3692047593557435e-05
0.0005403328239746739 1.3692047593557435e-05
0.0005403328239746739 1.3692047593557435e-05
0.0005403328239746739 1.3692047593557435e-05
0.0005250241940163565 1.3709162653049382e-05
0.0005250241940163565 1.3709162653049382e-05
0.0005640341205826032 1.3692047593557435e-05
0.0005640341205826032 1.3692047593557435e-05
0.0005377620116783351 1.3697206292807755e-05
0.0005377620116783351 1.3697206292807755e-05
0.00048640247856110246 1.3697206292807755e-05
0.00048640247856110246 1.3697206292807755e-05
0.00047656291392399316 1.3697206292807755e-05
0.00047656291392399316 1.3697206292807755e-05
0.00029209012018197007 1.368787622996181e-05
0.00029209012018197007 1.368787622996181e-05
0.00029209012018197007 1.368787622996181e-05
0.00029209012018197007 1.368787622996181e-05
0.00029209012018197007 1.368787622996181e-05
0.00037175834897620706 1.368787622996181e-05
0.00037175834897620706 1.368787622996181e-05
0.00037175834897620706 1.368787622996181e-05
0.00037175834897620706 1.368787622996181e-05
0.0004185841706210121 1.368787622996181e-05
0.0004185841706210121 1.368787622996181e-05
0.0004185841706210121 1.368787622996181e-05
0.0004185841706210121 1.368787622996181e-05
0.0004185841706210121 1.368787622996181e-05
0.0004185841706210121 1.368787622996181e-05
0.0004185841706210121 1.368787622996181e-05
0.0004185841706210121 1.368787622996181e-05
0.0004185841706210121 1.368787622996181e-05
0.0004185841706210121 1.368787622996181e-05
0.0004185841706210121 1.368787622996181e-05