1.299066362242333e-05 1.3107634760592972e-05
1.299066362242333e-05 1.3107634760592972e-05
1.299066362242333e-05 1.3107634760592972e-05
1.299066362242333e-05 1.3107634760592972e-05
1.299066362242333e-05 1.3107634760592972e-05
1.299066362242333e-05 1.3107634760592972e-05
1.299066362242333e-05 1.3107634760592972e-05
1.299066362242333e-05 1.3107634760592972e-05
1.299066362242333e-05 1.3107634760592972e-05
1.299066362242333e-05 1.3107634760592972e-05
1.299066362242333e-05 1.3107634760592972e-05
1.299066362242333e-05 1.3107634760592972e-05
1.299066362242333e-05 1.3107634760592972e-05
1.299066362242333e-05 1.3107634760592972e-05
1.299066362242333e-05 1.3107634760592972e-05
1.299066362242333e-05 1.3107634760592972e-05
1.299066362242333e-05 1.3107634760592972e-05
1.299066362242333e-05 1.3107634760592972e-05
1.299066362242333e-05 1.3107634760592972e-05
1.299066362242333e-05 1.3107634760592972e-05
1.299066362242333e-05 1.3107634760592972e-05
1.299066362242333e-05 1.3107634760592972e-05
1.299066362242333e-05 1.3107634760592972e-05
1.299066362242333e-05 1.3107634760592972e-05
1.299066362242333e-05 1.3107634760592972e-05
1.299066362242333e-05 1.3107634760592972e-05
1.3031998187233188e-05 1.3107637572539887e-05
1.3031998187233188e-05 1.3107637572539887e-05
1.3031998187233188e-05 1.3107637572539887e-05
1.3031998187233188e-05 1.3107637572539887e-05
1.3031998187233188e-05 1.3107637572539887e-05
1.3031998187233188e-05 1.3107637572539887e-05
1.3031998187233188e-05 1.3107637572539887e-05
1.3031998187233188e-05 1.3107637572539887e-05
1.3031998187233188e-05 1.3107637572539887e-05
1.3031998187233188e-05 1.3107637572539887e-05
1.3031998187233188e-05 1.3107637572539887e-05
1.3031998187233188e-05 1.3107637572539887e-05
1.3031998187233188e-05 1.3107637572539887e-05
1.3031998187233188e-05 1.3107637572539887e-05
1.3031998187233188e-05 1.3107637572539887e-05
1.3031998187233188e-05 1.3107637572539887e-05
1.3031998187233188e-05 1.3107637572539887e-05
1.3031998187233188e-05 1.3107637572539887e-05
1.3031998187233188e-05 1.3107637572539887e-05
1.3031998187233188e-05 1.3107637572539887e-05
1.3031998187233188e-05 1.3107637572539887e-05
1.3031998187233188e-05 1.3107637572539887e-05
1.3031998187233188e-05 1.3107637572539887e-05
1.3031998187233188e-05 1.3107637572539887e-05
1.3031998187233188e-05 1.3107637572539887e-05
1.3031998187233188e-05 1.3107637572539887e-05
1.3031998187233188e-05 1.3107637572539887e-05
1.3031998187233188e-05 1.3107637572539887e-05
1.3031998187233188e-05 1.3107637572539887e-05
1.3031998187233188e-05 1.3107637572539887e-05
1.3031998187233188e-05 1.3107637572539887e-05
1.3031998187233188e-05 1.3107637572539887e-05
1.3031998187233188e-05 1.3107637572539887e-05
1.3031998187233188e-05 1.3107637572539887e-05
1.3068247567525122e-05 1.3107639396680457e-05
1.3068247567525122e-05 1.3107639396680457e-05
1.3068247567525122e-05 1.3107639396680457e-05
1.3068247567525122e-05 1.3107639396680457e-05
1.3068247567525122e-05 1.3107639396680457e-05
1.3068247567525122e-05 1.3107639396680457e-05
1.3068247567525122e-05 1.3107639396680457e-05
1.3068247567525122e-05 1.3107639396680457e-05
1.3068247567525122e-05 1.3107639396680457e-05
1.3068247567525122e-05 1.3107639396680457e-05
1.3068247567525122e-05 1.3107639396680457e-05
1.3068247567525122e-05 1.3107639396680457e-05
1.3068247567525122e-05 1.3107639396680457e-05
1.3068247567525122e-05 1.3107639396680457e-05
1.3068247567525122e-05 1.3107639396680457e-05
1.3068247567525122e-05 1.3107639396680457e-05
1.3068247567525122e-05 1.3107639396680457e-05
1.3068247567525122e-05 1.3107639396680457e-05
1.3068247567525122e-05 1.3107639396680457e-05
1.3068247567525122e-05 1.3107639396680457e-05
1.3068247567525122e-05 1.3107639396680457e-05
1.3068247567525122e-05 1.3107639396680457e-05
1.3068247567525122e-05 1.3107639396680457e-05
1.3068247567525122e-05 1.3107639396680457e-05
1.3068247567525122e-05 1.3107639396680457e-05
1.3068247567525122e-05 1.3107639396680457e-05
1.3068247567525122e-05 1.3107639396680457e-05
1.3068247567525122e-05 1.3107639396680457e-05
1.3068247567525122e-05 1.3107639396680457e-05
1.3068247567525122e-05 1.3107639396680457e-05
1.3068247567525122e-05 1.3107639396680457e-05
1.3068247567525122e-05 1.3107639396680457e-05
1.3068247567525122e-05 1.3107639396680457e-05
1.3068247567525122e-05 1.3107639396680457e-05
1.3068247567525122e-05 1.3107639396680457e-05
1.3068247567525122e-05 1.3107639396680457e-05
1.3068247567525122e-05 1.3107639396680457e-05
1.3068247567525122e-05 1.3107639396680457e-05
1.3257859976639807e-05 1.3107639832289344e-05
1.3257859976639807e-05 1.3107639832289344e-05
1.3257859976639807e-05 1.3107639832289344e-05
1.3257859976639807e-05 1.3107639832289344e-05
1.3257859976639807e-05 1.3107639832289344e-05
1.3257859976639807e-05 1.3107639832289344e-05
1.3257859976639807e-05 1.3107639832289344e-05
1.3257859976639807e-05 1.3107639832289344e-05
1.3257859976639807e-05 1.3107639832289344e-05
1.3257859976639807e-05 1.3107639832289344e-05
1.3257859976639807e-05 1.3107639832289344e-05
1.3257859976639807e-05 1.3107639832289344e-05
1.3257859976639807e-05 1.3107639832289344e-05
1.3257859976639807e-05 1.3107639832289344e-05
1.3257859976639807e-05 1.3107639832289344e-05
1.3257859976639807e-05 1.3107639832289344e-05
1.3170088394851264e-05 1.310763702914356e-05
1.3170088394851264e-05 1.310763702914356e-05
1.3170088394851264e-05 1.310763702914356e-05
1.3170088394851264e-05 1.310763702914356e-05
1.3170088394851264e-05 1.310763702914356e-05
1.3170088394851264e-05 1.310763702914356e-05
1.3170088394851264e-05 1.310763702914356e-05
1.3170088394851264e-05 1.310763702914356e-05
1.3170088394851264e-05 1.310763702914356e-05
1.3170088394851264e-05 1.310763702914356e-05
1.3170088394851264e-05 1.310763702914356e-05
1.3170088394851264e-05 1.310763702914356e-05
1.3170088394851264e-05 1.310763702914356e-05
1.3170088394851264e-05 1.310763702914356e-05
1.3170088394851264e-05 1.310763702914356e-05
1.3170088394851264e-05 1.310763702914356e-05
1.3170088394851264e-05 1.310763702914356e-05
1.3170088394851264e-05 1.310763702914356e-05
1.3170088394851264e-05 1.310763702914356e-05
1.3170088394851264e-05 1.310763702914356e-05
1.3170088394851264e-05 1.310763702914356e-05
1.3170088394851264e-05 1.310763702914356e-05
1.3170088394851264e-05 1.310763702914356e-05
1.3170088394851264e-05 1.310763702914356e-05
1.3170088394851264e-05 1.310763702914356e-05
1.3170088394851264e-05 1.310763702914356e-05
1.3170088394851264e-05 1.310763702914356e-05
1.3170088394851264e-05 1.310763702914356e-05
1.3170088394851264e-05 1.310763702914356e-05
1.3170088394851264e-05 1.310763702914356e-05
1.3032132501186499e-05 1.3107638128307758e-05
1.3032132501186499e-05 1.3107638128307758e-05
1.3032132501186499e-05 1.3107638128307758e-05
1.3032132501186499e-05 1.3107638128307758e-05
1.3032132501186499e-05 1.3107638128307758e-05
1.3032132501186499e-05 1.3107638128307758e-05
1.3032132501186499e-05 1.3107638128307758e-05
1.3032132501186499e-05 1.3107638128307758e-05
1.3032132501186499e-05 1.3107638128307758e-05
1.3032132501186499e-05 1.3107638128307758e-05
1.3032132501186499e-05 1.3107638128307758e-05
1.3032132501186499e-05 1.3107638128307758e-05
1.3032132501186499e-05 1.3107638128307758e-05
1.3032132501186499e-05 1.3107638128307758e-05
1.3032132501186499e-05 1.3107638128307758e-05
1.3032132501186499e-05 1.3107638128307758e-05
1.3032132501186499e-05 1.3107638128307758e-05
1.3032132501186499e-05 1.3107638128307758e-05
1.3032132501186499e-05 1.3107638128307758e-05
1.3032132501186499e-05 1.3107638128307758e-05
1.3032132501186499e-05 1.3107638128307758e-05
1.3032132501186499e-05 1.3107638128307758e-05
1.3032132501186499e-05 1.3107638128307758e-05
1.3032132501186499e-05 1.3107638128307758e-05
1.3032132501186499e-05 1.3107638128307758e-05
1.3032132501186499e-05 1.3107638128307758e-05
1.3032132501186499e-05 1.3107638128307758e-05
1.3032132501186499e-05 1.3107638128307758e-05