1.3687590732450437e-05 1.3684407201776707e-05
1.3687590732450437e-05 1.3684407201776707e-05
1.3687686868985271e-05 1.3684436025763582e-05
1.3687686868985271e-05 1.3684436025763582e-05
1.3688417186168447e-05 1.3684464441099811e-05
1.3688417186168447e-05 1.3684464441099811e-05
1.3687686868985271e-05 1.3684436025763582e-05
1.3687686868985271e-05 1.3684436025763582e-05
1.3687686868985271e-05 1.3684436025763582e-05
1.3687686868985271e-05 1.3684436025763582e-05
1.3687730247307474e-05 1.3684412836830405e-05
1.3687730247307474e-05 1.3684412836830405e-05
1.3687889812991437e-05 1.3684443021187396e-05
1.3687889812991437e-05 1.3684443021187396e-05
1.3687889812991437e-05 1.3684443021187396e-05
1.3687889812991437e-05 1.3684443021187396e-05
1.368765184678942e-05 1.3684422950972929e-05
1.368765184678942e-05 1.3684422950972929e-05
1.368765184678942e-05 1.3684422950972929e-05
1.368765184678942e-05 1.3684422950972929e-05
1.3687889812991437e-05 1.3684443021187396e-05
1.3687889812991437e-05 1.3684443021187396e-05
1.3687889812991437e-05 1.3684443021187396e-05
1.3687889812991437e-05 1.3684443021187396e-05
1.368756885743993e-05 1.3684364503897717e-05
1.368756885743993e-05 1.3684364503897717e-05
1.368756885743993e-05 1.3684364503897717e-05
1.368756885743993e-05 1.3684364503897717e-05
1.368783048651251e-05 1.3684397831381399e-05
1.368783048651251e-05 1.3684397831381399e-05
1.368783048651251e-05 1.3684397831381399e-05
1.368783048651251e-05 1.3684397831381399e-05
1.368783048651251e-05 1.3684397831381399e-05
1.368783048651251e-05 1.3684397831381399e-05
1.368783048651251e-05 1.3684397831381399e-05
1.368783048651251e-05 1.3684397831381399e-05
1.368783048651251e-05 1.3684397831381399e-05
1.368783048651251e-05 1.3684397831381399e-05
1.368783048651251e-05 1.3684397831381399e-05
1.368783048651251e-05 1.3684397831381399e-05
1.3687102071534418e-05 1.3684459930517467e-05
1.3687102071534418e-05 1.3684459930517467e-05
1.368765184678942e-05 1.3684422950972929e-05
1.368765184678942e-05 1.3684422950972929e-05
1.368765184678942e-05 1.3684422950972929e-05
1.368765184678942e-05 1.3684422950972929e-05
1.3687102071534418e-05 1.3684459930517467e-05
1.3687102071534418e-05 1.3684459930517467e-05
1.3687102071534418e-05 1.3684459930517467e-05
1.3687102071534418e-05 1.3684459930517467e-05
1.3687102071534418e-05 1.3684459930517467e-05
1.3687102071534418e-05 1.3684459930517467e-05
1.3687102071534418e-05 1.3684459930517467e-05
1.3687102071534418e-05 1.3684459930517467e-05
1.3687102071534418e-05 1.3684459930517467e-05
1.3687102071534418e-05 1.3684459930517467e-05
1.3687102071534418e-05 1.3684459930517467e-05
1.3687102071534418e-05 1.3684459930517467e-05
1.3687102071534418e-05 1.3684459930517467e-05
1.3687102071534418e-05 1.3684459930517467e-05
1.3687064461540919e-05 1.3684381711322532e-05
1.3687064461540919e-05 1.3684381711322532e-05
1.3687248896621581e-05 1.3684405931297571e-05
1.3687248896621581e-05 1.3684405931297571e-05
1.3687629625126505e-05 1.3684437378586531e-05
1.3687629625126505e-05 1.3684437378586531e-05
1.368765184678942e-05 1.3684422950972929e-05
1.368765184678942e-05 1.3684422950972929e-05
1.3687629625126505e-05 1.3684437378586531e-05
1.3687629625126505e-05 1.3684437378586531e-05
1.3687629625126505e-05 1.3684437378586531e-05
1.3687629625126505e-05 1.3684437378586531e-05
1.3687391391213074e-05 1.3684428581453086e-05
1.3687391391213074e-05 1.3684428581453086e-05
1.3687325037899399e-05 1.368440312574389e-05
1.3687325037899399e-05 1.368440312574389e-05
1.3687325037899399e-05 1.368440312574389e-05
1.3687325037899399e-05 1.368440312574389e-05
1.3687664087462677e-05 1.3684418971565154e-05
1.3687664087462677e-05 1.3684418971565154e-05
1.3687785656085792e-05 1.3684415184742687e-05
1.3687785656085792e-05 1.3684415184742687e-05
1.3687785656085792e-05 1.3684415184742687e-05
1.3687785656085792e-05 1.3684415184742687e-05
1.3687785656085792e-05 1.3684415184742687e-05
1.3687785656085792e-05 1.3684415184742687e-05
1.3687785656085792e-05 1.3684415184742687e-05
1.3687785656085792e-05 1.3684415184742687e-05
1.368765184678942e-05 1.3684422950972929e-05
1.368765184678942e-05 1.3684422950972929e-05
1.368765184678942e-05 1.3684422950972929e-05
1.368765184678942e-05 1.3684422950972929e-05
1.368788269592068e-05 1.3684421243607416e-05
1.368788269592068e-05 1.3684421243607416e-05
1.368788269592068e-05 1.3684421243607416e-05
1.368788269592068e-05 1.3684421243607416e-05
1.368788269592068e-05 1.3684421243607416e-05
1.368788269592068e-05 1.3684421243607416e-05
1.368788269592068e-05 1.3684421243607416e-05
1.368788269592068e-05 1.3684421243607416e-05
1.368788269592068e-05 1.3684421243607416e-05
1.368788269592068e-05 1.3684421243607416e-05
1.368788269592068e-05 1.3684421243607416e-05
1.368788269592068e-05 1.3684421243607416e-05
1.368788269592068e-05 1.3684421243607416e-05
1.368788269592068e-05 1.3684421243607416e-05
1.368788269592068e-05 1.3684421243607416e-05
1.368788269592068e-05 1.3684421243607416e-05
1.3687872947474463e-05 1.3684396627525255e-05
1.3687872947474463e-05 1.3684396627525255e-05
1.368765184678942e-05 1.3684422950972929e-05
1.368765184678942e-05 1.3684422950972929e-05
1.368793292429427e-05 1.3684420819666534e-05
1.368793292429427e-05 1.3684420819666534e-05
1.368793292429427e-05 1.3684420819666534e-05
1.368793292429427e-05 1.3684420819666534e-05
1.368793292429427e-05 1.3684420819666534e-05
1.368793292429427e-05 1.3684420819666534e-05
1.368828954110127e-05 1.3684453902469692e-05
1.368828954110127e-05 1.3684453902469692e-05
1.3688228551462197e-05 1.368441994302574e-05
1.3688228551462197e-05 1.368441994302574e-05
1.3688228551462197e-05 1.368441994302574e-05
1.3688228551462197e-05 1.368441994302574e-05
1.3688228551462197e-05 1.368441994302574e-05
1.3688228551462197e-05 1.368441994302574e-05
1.3688228551462197e-05 1.368441994302574e-05
1.3688228551462197e-05 1.368441994302574e-05
1.3688289966755083e-05 1.368442986953861e-05
1.3688289966755083e-05 1.368442986953861e-05
1.3688289966755083e-05 1.368442986953861e-05
1.3688289966755083e-05 1.368442986953861e-05
1.3688340390074476e-05 1.3684440771322291e-05
1.3688340390074476e-05 1.3684440771322291e-05
1.3688340390074476e-05 1.3684440771322291e-05
1.3688340390074476e-05 1.3684440771322291e-05
1.3688262517184321e-05 1.3684433994012043e-05
1.3688262517184321e-05 1.3684433994012043e-05
1.3688262517184321e-05 1.3684433994012043e-05
1.3688262517184321e-05 1.3684433994012043e-05
1.3688262517184321e-05 1.3684433994012043e-05
1.3688262517184321e-05 1.3684433994012043e-05
1.3688262517184321e-05 1.3684433994012043e-05
1.3688262517184321e-05 1.3684433994012043e-05
1.3688262517184321e-05 1.3684433994012043e-05
1.3688262517184321e-05 1.3684433994012043e-05
1.3687973744057618e-05 1.3684406180766184e-05
1.3687973744057618e-05 1.3684406180766184e-05
1.3687973744057618e-05 1.3684406180766184e-05
1.3687973744057618e-05 1.3684406180766184e-05
1.3687973744057618e-05 1.3684406180766184e-05
1.3687973744057618e-05 1.3684406180766184e-05
1.3687973744057618e-05 1.3684406180766184e-05
1.3687973744057618e-05 1.3684406180766184e-05
1.3687686868985271e-05 1.3684436025763582e-05
1.3687686868985271e-05 1.3684436025763582e-05
1.368799671585735e-05 1.3684442176099512e-05
1.368799671585735e-05 1.3684442176099512e-05
1.368799671585735e-05 1.3684442176099512e-05
1.368799671585735e-05 1.3684442176099512e-05
1.368799671585735e-05 1.3684442176099512e-05
1.368799671585735e-05 1.3684442176099512e-05
1.368799671585735e-05 1.3684442176099512e-05
1.368799671585735e-05 1.3684442176099512e-05
1.368799671585735e-05 1.3684442176099512e-05
1.368799671585735e-05 1.3684442176099512e-05
1.368799671585735e-05 1.3684442176099512e-05
1.368799671585735e-05 1.3684442176099512e-05
1.368799671585735e-05 1.3684442176099512e-05
1.368799671585735e-05 1.3684442176099512e-05
1.368799671585735e-05 1.3684442176099512e-05
1.368799671585735e-05 1.3684442176099512e-05
1.368799671585735e-05 1.3684442176099512e-05
1.368799671585735e-05 1.3684442176099512e-05
1.368799671585735e-05 1.3684442176099512e-05
1.368799671585735e-05 1.3684442176099512e-05
1.368799671585735e-05 1.3684442176099512e-05
1.368799671585735e-05 1.3684442176099512e-05
1.368799671585735e-05 1.3684442176099512e-05
1.368799671585735e-05 1.3684442176099512e-05
1.368799671585735e-05 1.3684442176099512e-05
1.368799671585735e-05 1.3684442176099512e-05
1.368799671585735e-05 1.3684442176099512e-05
1.368799671585735e-05 1.3684442176099512e-05
1.368799671585735e-05 1.3684442176099512e-05
1.368799671585735e-05 1.3684442176099512e-05
1.368799671585735e-05 1.3684442176099512e-05
1.368799671585735e-05 1.3684442176099512e-05
1.368799671585735e-05 1.3684442176099512e-05
1.368799671585735e-05 1.3684442176099512e-05
1.368799671585735e-05 1.3684442176099512e-05
1.368799671585735e-05 1.3684442176099512e-05
1.3687686868985271e-05 1.3684436025763582e-05
1.3687686868985271e-05 1.3684436025763582e-05
1.3687686868985271e-05 1.3684436025763582e-05
1.3687686868985271e-05 1.3684436025763582e-05
1.3687686868985271e-05 1.3684436025763582e-05
1.3687686868985271e-05 1.3684436025763582e-05
1.3687686868985271e-05 1.3684436025763582e-05
1.3687686868985271e-05 1.3684436025763582e-05