0.0004540545740367406 1.3633681721353008e-05
0.00033992760479509726 1.36293661477311e-05
0.0004172834906800815 1.36293661477311e-05
0.0005271129107058924 1.3633681721353008e-05
0.00028315441820077553 1.3629272737046644e-05
0.0002599134997262803 1.3629272737046644e-05
0.0003860622225359212 1.3629272737046644e-05
0.0005983554616798779 1.3629272737046644e-05
0.0005997215700398776 1.3629272737046644e-05
0.0005839373263637141 1.3629272737046644e-05
0.0004758098496697362 1.3629272737046644e-05
0.00035479541744642756 1.3629272737046644e-05
0.0005623414300393852 1.3629272737046644e-05
0.0005170492457872278 1.3629272737046644e-05
0.00030294022094810483 1.3629272737046644e-05
0.0003277293955639331 1.3630694990048697e-05
0.00043010783290957887 1.3630694990048697e-05
0.00046774981034573783 1.3630694990048697e-05
0.0006330033849603708 1.3630694990048697e-05
0.000635007010555037 1.3630694990048697e-05
1.5936409602179192e-05 1.3631007571858088e-05
1.5936409602179192e-05 1.3631007571858088e-05
1.5936409602179192e-05 1.3631007571858088e-05
1.5936409602179192e-05 1.3631007571858088e-05
1.5936409602179192e-05 1.3631007571858088e-05
1.5936409602179192e-05 1.3631007571858088e-05
1.4910992876125908e-05 1.3631017299182256e-05
1.4910992876125908e-05 1.3631017299182256e-05
1.2719753966578774e-05 1.363100931301456e-05
1.2719753966578774e-05 1.363100931301456e-05
1.2719753966578774e-05 1.363100931301456e-05
1.2719753966578774e-05 1.363100931301456e-05
1.2719753966578774e-05 1.363100931301456e-05
1.4567301863139068e-05 1.363104726745205e-05
1.4901722496621846e-05 1.3631030304822529e-05
1.4901722496621846e-05 1.3631030304822529e-05
1.1165412337277165e-05 1.3631025679976704e-05
1.1621258888041687e-05 1.3631052368555116e-05
1.1621258888041687e-05 1.3631052368555116e-05
1.3917529651073631e-05 1.3631060113057248e-05
0.00036598331469011935 1.3630756529842054e-05
0.00036598331469011935 1.3630756529842054e-05
0.00036598331469011935 1.3630756529842054e-05
0.00036598331469011935 1.3630756529842054e-05
0.00036598331469011935 1.3630756529842054e-05
0.00036598331469011935 1.3630756529842054e-05
0.00036598331469011935 1.3630756529842054e-05
0.00036598331469011935 1.3630756529842054e-05
0.00036598331469011935 1.3630756529842054e-05
0.00036598331469011935 1.3630756529842054e-05
0.00036598331469011935 1.3630756529842054e-05
0.00036598331469011935 1.3630756529842054e-05
0.0004922948337502031 1.3627894929450905e-05
0.0004922948337502031 1.3627894929450905e-05
0.0004922948337502031 1.3627894929450905e-05
0.00019659551566392653 1.3630694990048697e-05
0.00019659551566392653 1.3630694990048697e-05
0.00019659551566392653 1.3630694990048697e-05
0.0004543968046469634 1.3630820835468823e-05
0.0004543968046469634 1.3630820835468823e-05
0.00028912294812764427 1.3632664263436155e-05
0.00028912294812764427 1.3632664263436155e-05
0.00035890289670002627 1.3630756529842054e-05
0.00035890289670002627 1.3630756529842054e-05
0.00035890289670002627 1.3630756529842054e-05
0.00035890289670002627 1.3630756529842054e-05
0.00035890289670002627 1.3630756529842054e-05
0.00035890289670002627 1.3630756529842054e-05
0.0005113978905313042 1.3630694990048697e-05
0.0005113978905313042 1.3630694990048697e-05
0.0005113978905313042 1.3630694990048697e-05
0.0003655292344105809 1.3630820835468823e-05
0.0003655292344105809 1.3630820835468823e-05
0.0004310062388935509 1.3630756529842054e-05
0.0004310062388935509 1.3630756529842054e-05
0.0004310062388935509 1.3630756529842054e-05
0.0004310062388935509 1.3630756529842054e-05
0.0004310062388935509 1.3630756529842054e-05
0.0004310062388935509 1.3630756529842054e-05
0.00026282253934287647 1.3630694990048697e-05
0.00026282253934287647 1.3630694990048697e-05
0.00026282253934287647 1.3630694990048697e-05
0.0004016028935951506 1.3630820835468823e-05
0.0004016028935951506 1.3630820835468823e-05
0.00045703941163942997 1.3630756529842054e-05
0.00045703941163942997 1.3630756529842054e-05
0.00045703941163942997 1.3630756529842054e-05
0.00045703941163942997 1.3630756529842054e-05
0.00045703941163942997 1.3630756529842054e-05
0.00045703941163942997 1.3630756529842054e-05
0.00045703941163942997 1.3630756529842054e-05
0.00045703941163942997 1.3630756529842054e-05
0.00045703941163942997 1.3630756529842054e-05
0.00045703941163942997 1.3630756529842054e-05
0.00045703941163942997 1.3630756529842054e-05
0.00045703941163942997 1.3630756529842054e-05
0.00045703941163942997 1.3630756529842054e-05
0.00045703941163942997 1.3630756529842054e-05
0.00045703941163942997 1.3630756529842054e-05
0.00045703941163942997 1.3630756529842054e-05
0.00045703941163942997 1.3630756529842054e-05
0.00045703941163942997 1.3630756529842054e-05
0.00045703941163942997 1.3630756529842054e-05
0.00045703941163942997 1.3630756529842054e-05
0.00045703941163942997 1.3630756529842054e-05
0.00045703941163942997 1.3630756529842054e-05
0.00045703941163942997 1.3630756529842054e-05
0.00045703941163942997 1.3630756529842054e-05
0.00045703941163942997 1.3630756529842054e-05
0.00045703941163942997 1.3630756529842054e-05
0.00045703941163942997 1.3630756529842054e-05
0.00045703941163942997 1.3630756529842054e-05
0.00045703941163942997 1.3630756529842054e-05
0.00045703941163942997 1.3630756529842054e-05
0.00045703941163942997 1.3630756529842054e-05
0.00045703941163942997 1.3630756529842054e-05
0.00045703941163942997 1.3630756529842054e-05
0.00045703941163942997 1.3630756529842054e-05
0.00045703941163942997 1.3630756529842054e-05
0.00045703941163942997 1.3630756529842054e-05
0.00045703941163942997 1.3630756529842054e-05
0.00045703941163942997 1.3630756529842054e-05
0.00045703941163942997 1.3630756529842054e-05
0.00045703941163942997 1.3630756529842054e-05
0.00045703941163942997 1.3630756529842054e-05
0.00045703941163942997 1.3630756529842054e-05
0.00045703941163942997 1.3630756529842054e-05
0.00045703941163942997 1.3630756529842054e-05
0.00045703941163942997 1.3630756529842054e-05
0.00045703941163942997 1.3630756529842054e-05
0.00045703941163942997 1.3630756529842054e-05
0.00045703941163942997 1.3630756529842054e-05
0.0003960091072238116 1.3630694990048697e-05
0.0003960091072238116 1.3630694990048697e-05
0.0003960091072238116 1.3630694990048697e-05
0.0004052832202677452 1.3627894929450905e-05
0.0004052832202677452 1.3627894929450905e-05
0.0004052832202677452 1.3627894929450905e-05
0.00027907743856390137 1.3627894929450905e-05
0.00027907743856390137 1.3627894929450905e-05
0.00027907743856390137 1.3627894929450905e-05
0.00027907743856390137 1.3627894929450905e-05
0.00027907743856390137 1.3627894929450905e-05
0.00027907743856390137 1.3627894929450905e-05
0.00027907743856390137 1.3627894929450905e-05
0.00027907743856390137 1.3627894929450905e-05
0.00027907743856390137 1.3627894929450905e-05
0.00021757203608503621 1.3630694990048697e-05
0.00021757203608503621 1.3630694990048697e-05
0.00021757203608503621 1.3630694990048697e-05
0.00042051606294860234 1.3630694990048697e-05
0.00042051606294860234 1.3630694990048697e-05
0.00042051606294860234 1.3630694990048697e-05
0.0004558872463491347 1.3633681721353008e-05
0.0004558872463491347 1.3633681721353008e-05
0.0004558872463491347 1.3633681721353008e-05
0.00029816870802626134 1.3630820835468823e-05
0.00029816870802626134 1.3630820835468823e-05
0.0004052832202677452 1.3627894929450905e-05
0.0004052832202677452 1.3627894929450905e-05
0.0003983969786467014 1.3630820835468823e-05
0.0003983969786467014 1.3630820835468823e-05
0.0003983969786467014 1.3630820835468823e-05
0.0003983969786467014 1.3630820835468823e-05
0.0003983969786467014 1.3630820835468823e-05
0.0003983969786467014 1.3630820835468823e-05
0.00047033483631444927 1.3631668924169667e-05
0.00047033483631444927 1.3631668924169667e-05
0.0004165837932415291 1.3632664263436155e-05
0.0004165837932415291 1.3632664263436155e-05
0.0006409323179142885 1.362982386008494e-05
0.0006409323179142885 1.362982386008494e-05
0.0005560910632315905 1.3630756529842054e-05
0.0005560910632315905 1.3630756529842054e-05
0.0005560910632315905 1.3630756529842054e-05
0.0005560910632315905 1.3630756529842054e-05
0.0005560910632315905 1.3630756529842054e-05
0.0005560910632315905 1.3630756529842054e-05
0.0005560910632315905 1.3630756529842054e-05
0.0005560910632315905 1.3630756529842054e-05
0.0005560910632315905 1.3630756529842054e-05
0.0005560910632315905 1.3630756529842054e-05
0.0005560910632315905 1.3630756529842054e-05
0.0005560910632315905 1.3630756529842054e-05
0.0005560910632315905 1.3630756529842054e-05
0.0005560910632315905 1.3630756529842054e-05
0.0005560910632315905 1.3630756529842054e-05
0.0005560910632315905 1.3630756529842054e-05
0.0005560910632315905 1.3630756529842054e-05
0.0005560910632315905 1.3630756529842054e-05
0.0005560910632315905 1.3630756529842054e-05
0.0005560910632315905 1.3630756529842054e-05
0.0005560910632315905 1.3630756529842054e-05
0.0005560910632315905 1.3630756529842054e-05
0.0005560910632315905 1.3630756529842054e-05
0.0005560910632315905 1.3630756529842054e-05
0.0005560910632315905 1.3630756529842054e-05
0.0005560910632315905 1.3630756529842054e-05
0.0005560910632315905 1.3630756529842054e-05
0.0005560910632315905 1.3630756529842054e-05
0.0005560910632315905 1.3630756529842054e-05
0.0005560910632315905 1.3630756529842054e-05
0.0005560910632315905 1.3630756529842054e-05
0.0005560910632315905 1.3630756529842054e-05
0.0005560910632315905 1.3630756529842054e-05
0.0005560910632315905 1.3630756529842054e-05
0.0005560910632315905 1.3630756529842054e-05
0.0005560910632315905 1.3630756529842054e-05
0.0005560910632315905 1.3630756529842054e-05
0.0005560910632315905 1.3630756529842054e-05
0.0005560910632315905 1.3630756529842054e-05
0.0005560910632315905 1.3630756529842054e-05
0.0005560910632315905 1.3630756529842054e-05
0.0005560910632315905 1.3630756529842054e-05
0.0005560910632315905 1.3630756529842054e-05
0.0005560910632315905 1.3630756529842054e-05
0.0005560910632315905 1.3630756529842054e-05
0.0005560910632315905 1.3630756529842054e-05
0.0005560910632315905 1.3630756529842054e-05
0.0005560910632315905 1.3630756529842054e-05
0.0008274009718217611 1.3630694990048697e-05
0.0008274009718217611 1.3630694990048697e-05
0.0008274009718217611 1.3630694990048697e-05
0.0008274009718217611 1.3630694990048697e-05
0.0008274009718217611 1.3630694990048697e-05
0.0008274009718217611 1.3630694990048697e-05
0.0008274009718217611 1.3630694990048697e-05
0.0008274009718217611 1.3630694990048697e-05
0.0008274009718217611 1.3630694990048697e-05
0.0008403488881004897 1.3627894929450905e-05
0.0008403488881004897 1.3627894929450905e-05
0.0008403488881004897 1.3627894929450905e-05
0.00034840967402316697 1.3627894929450905e-05
0.00034840967402316697 1.3627894929450905e-05
0.00034840967402316697 1.3627894929450905e-05
0.0003554714513473552 1.3630694990048697e-05
0.0003554714513473552 1.3630694990048697e-05
0.0003554714513473552 1.3630694990048697e-05
0.0006241959705210892 1.3633681721353008e-05
0.0006241959705210892 1.3633681721353008e-05
0.0006241959705210892 1.3633681721353008e-05
0.000636531212906698 1.3630694990048697e-05
0.000636531212906698 1.3630694990048697e-05
0.000636531212906698 1.3630694990048697e-05
0.0004970250065344726 1.3630820835468823e-05
0.0004970250065344726 1.3630820835468823e-05
0.0004970250065344726 1.3630820835468823e-05
0.0004970250065344726 1.3630820835468823e-05
0.0004970250065344726 1.3630820835468823e-05
0.0004970250065344726 1.3630820835468823e-05
0.0008403488881004897 1.3627894929450905e-05
0.0008403488881004897 1.3627894929450905e-05
0.00033423555058481564 1.3630820835468823e-05
0.00033423555058481564 1.3630820835468823e-05
0.0005218895478528642 1.3632664263436155e-05
0.0005218895478528642 1.3632664263436155e-05
0.00047379570603063153 1.3632664263436155e-05
0.00047379570603063153 1.3632664263436155e-05
0.00042371310937442796 1.3632664263436155e-05
0.00042371310937442796 1.3632664263436155e-05
0.0003624431056950728 1.3630913075436008e-05
0.0003624431056950728 1.3630913075436008e-05
0.0003624431056950728 1.3630913075436008e-05
0.0003624431056950728 1.3630913075436008e-05
0.0003624431056950728 1.3630913075436008e-05
0.0003950038860883026 1.3630913075436008e-05
0.0003950038860883026 1.3630913075436008e-05
0.0003950038860883026 1.3630913075436008e-05
0.0003950038860883026 1.3630913075436008e-05
0.00044400501871878464 1.3630913075436008e-05
0.00044400501871878464 1.3630913075436008e-05
0.00044400501871878464 1.3630913075436008e-05
0.00044400501871878464 1.3630913075436008e-05
0.00044400501871878464 1.3630913075436008e-05
0.00044400501871878464 1.3630913075436008e-05
0.00044400501871878464 1.3630913075436008e-05
0.00044400501871878464 1.3630913075436008e-05
0.00044400501871878464 1.3630913075436008e-05
0.00044400501871878464 1.3630913075436008e-05
0.00044400501871878464 1.3630913075436008e-05