0.000835055921367849 0.0008487453627017481
0.000835055921367849 0.0008487453627017481
0.000835055921367849 0.0008487453627017481
0.000835055921367849 0.0008487453627017481
0.000835055921367849 0.0008487453627017481
0.000835055921367849 0.0008487453627017481
0.000835055921367849 0.0008487453627017481
0.000835055921367849 0.0008487453627017481
0.000835055921367849 0.0008487453627017481
0.000835055921367849 0.0008487453627017481
0.000835055921367849 0.0008487453627017481
0.000835055921367849 0.0008487453627017481
0.000835055921367849 0.0008487453627017481
0.000835055921367849 0.0008487453627017481
0.000835055921367849 0.000835055921367849
0.000835055921367849 0.000835055921367849
0.000835055921367849 0.000835055921367849
0.000835055921367849 0.000835055921367849
0.000835055921367849 0.000835055921367849
0.000835055921367849 0.000835055921367849
0.000835055921367849 0.000835055921367849
0.000835055921367849 0.000835055921367849
0.000835055921367849 0.000835055921367849
0.000835055921367849 0.000835055921367849
0.000835055921367849 0.0008213664800339498
0.000835055921367849 0.0008213664800339498
0.000835055921367849 0.0008213664800339498
0.000835055921367849 0.0008213664800339498
0.000835055921367849 0.0008213664800339498
0.000835055921367849 0.0008213664800339498
0.000835055921367849 0.0008213664800339498
0.000835055921367849 0.0008213664800339498
0.000835055921367849 0.0008213664800339498
0.000835055921367849 0.0008213664800339498
0.000835055921367849 0.0008213664800339498
0.000835055921367849 0.0008213664800339498
0.000835055921367849 0.0008213664800339498
0.000835055921367849 0.0008213664800339498
0.000835055921367849 0.0008213664800339498
0.000835055921367849 0.0008213664800339498
0.000835055921367849 0.0008213664800339498
0.000835055921367849 0.0008213664800339498
0.000835055921367849 0.0008213664800339498
0.000835055921367849 0.0008213664800339498
0.000835055921367849 0.0008213664800339498
0.000835055921367849 0.0008213664800339498
0.000835055921367849 0.0008213664800339498
0.000835055921367849 0.0008213664800339498
0.000835055921367849 0.0008213664800339498
0.000835055921367849 0.0008213664800339498
0.000835055921367849 0.0008213664800339498
0.000835055921367849 0.0008213664800339498
0.000835055921367849 0.0008213664800339498
0.000835055921367849 0.0008213664800339498
0.000835055921367849 0.0008213664800339498
0.000835055921367849 0.0008213664800339498
0.000835055921367849 0.0008213664800339498
0.000835055921367849 0.0008213664800339498
0.000835055921367849 0.0008213664800339498
0.000835055921367849 0.0008213664800339498
0.000835055921367849 0.0008213664800339498
0.000835055921367849 0.0008213664800339498
0.000835055921367849 0.0008213664800339498
0.000835055921367849 0.0008213664800339498
0.000835055921367849 0.0008213664800339498
0.000835055921367849 0.0008213664800339498
0.000835055921367849 0.0008213664800339498
0.000835055921367849 0.0008213664800339498
0.000835055921367849 0.0008213664800339498
0.000835055921367849 0.0008213664800339498
0.000835055921367849 0.0008213664800339498
0.000835055921367849 0.0008213664800339498
0.000835055921367849 0.0008213664800339498
0.000835055921367849 0.0008213664800339498
0.000835055921367849 0.0008213664800339498
0.000835055921367849 0.0008213664800339498
0.000835055921367849 0.0008213664800339498
0.000835055921367849 0.0008213664800339498
0.000835055921367849 0.0008213664800339498
0.000835055921367849 0.0008213664800339498
0.000835055921367849 0.0008213664800339498
0.000835055921367849 0.0008213664800339498
0.000835055921367849 0.0008213664800339498
0.000835055921367849 0.0008213664800339498
0.000835055921367849 0.0008213664800339498
0.000835055921367849 0.0008213664800339498
0.000835055921367849 0.0008213664800339498
0.000835055921367849 0.0008213664800339498
0.000835055921367849 0.0008213664800339498
0.000835055921367849 0.0008213664800339498
0.000835055921367849 0.0008213664800339498
0.000835055921367849 0.0008213664800339498
0.000835055921367849 0.0008213664800339498
0.000835055921367849 0.0008213664800339498
0.000835055921367849 0.0008213664800339498
0.000835055921367849 0.0008213664800339498
0.000835055921367849 0.0008213664800339498
0.000835055921367849 0.0008213664800339498
0.000835055921367849 0.0008213664800339498
0.000835055921367849 0.0008213664800339498
0.000835055921367849 0.0008213664800339498
0.000835055921367849 0.0008213664800339498
0.000835055921367849 0.0008213664800339498
0.000835055921367849 0.0008213664800339498
0.000835055921367849 0.0008487453627017481
0.000835055921367849 0.0008487453627017481
0.000835055921367849 0.0008624348040356473
0.000835055921367849 0.0008624348040356473
0.000835055921367849 0.0008761242453695464
0.000835055921367849 0.0008761242453695464
0.000835055921367849 0.0008898136867034457
0.000835055921367849 0.0008898136867034457
0.000835055921367849 0.0008898136867034457
0.000835055921367849 0.0008898136867034457
0.000835055921367849 0.0009035031280373448
0.000835055921367849 0.0009035031280373448
0.000835055921367849 0.000917192569371244
0.000835055921367849 0.000917192569371244
0.000835055921367849 0.000917192569371244
0.000835055921367849 0.000917192569371244
0.000835055921367849 0.000917192569371244
0.000835055921367849 0.000917192569371244
0.000835055921367849 0.000917192569371244
0.000835055921367849 0.000917192569371244
0.000835055921367849 0.000917192569371244
0.000835055921367849 0.000917192569371244
0.000835055921367849 0.000917192569371244
0.000835055921367849 0.000917192569371244
0.000835055921367849 0.000917192569371244
0.000835055921367849 0.000917192569371244
0.000835055921367849 0.000917192569371244
0.000835055921367849 0.000917192569371244
0.000835055921367849 0.000917192569371244
0.000835055921367849 0.000917192569371244
0.000835055921367849 0.000917192569371244
0.000835055921367849 0.000917192569371244
0.000835055921367849 0.000917192569371244
0.000835055921367849 0.000917192569371244
0.000835055921367849 0.000917192569371244
0.000835055921367849 0.000917192569371244
0.000835055921367849 0.000917192569371244
0.000835055921367849 0.000917192569371244
0.000835055921367849 0.000917192569371244
0.000835055921367849 0.000917192569371244
0.000835055921367849 0.000917192569371244
0.000835055921367849 0.000917192569371244
0.000835055921367849 0.000917192569371244
0.000835055921367849 0.000917192569371244
0.000835055921367849 0.000917192569371244
0.000835055921367849 0.000917192569371244
0.000835055921367849 0.000917192569371244
0.000835055921367849 0.000917192569371244
0.000835055921367849 0.000917192569371244
0.000835055921367849 0.000917192569371244
0.000835055921367849 0.000917192569371244
0.000835055921367849 0.000917192569371244
0.000835055921367849 0.000917192569371244
0.000835055921367849 0.000917192569371244
0.000835055921367849 0.0009035031280373448
0.000835055921367849 0.0009035031280373448
0.000835055921367849 0.0009035031280373448
0.000835055921367849 0.0009035031280373448
0.000835055921367849 0.0008898136867034457
0.000835055921367849 0.0008898136867034457
0.000835055921367849 0.0008898136867034457
0.000835055921367849 0.0008898136867034457
0.000835055921367849 0.0008761242453695464
0.000835055921367849 0.0008761242453695464
0.000835055921367849 0.0008761242453695464
0.000835055921367849 0.0008761242453695464
0.000835055921367849 0.0008624348040356473
0.000835055921367849 0.0008624348040356473
0.000835055921367849 0.0008624348040356473
0.000835055921367849 0.0008624348040356473
0.000835055921367849 0.0008624348040356473
0.000835055921367849 0.0008624348040356473
0.000835055921367849 0.0008624348040356473
0.000835055921367849 0.0008624348040356473
0.000835055921367849 0.0008624348040356473
0.000835055921367849 0.0008624348040356473
0.000835055921367849 0.0008624348040356473
0.000835055921367849 0.0008624348040356473
0.000835055921367849 0.0008624348040356473
0.000835055921367849 0.0008624348040356473
0.000835055921367849 0.0008624348040356473
0.000835055921367849 0.0008624348040356473
0.000835055921367849 0.0008624348040356473
0.000835055921367849 0.0008624348040356473
0.000835055921367849 0.0008624348040356473
0.000835055921367849 0.0008624348040356473
0.000835055921367849 0.0008624348040356473
0.000835055921367849 0.0008624348040356473
0.000835055921367849 0.0008624348040356473
0.000835055921367849 0.0008624348040356473
0.000835055921367849 0.0008624348040356473
0.000835055921367849 0.0008624348040356473
0.000835055921367849 0.0008624348040356473
0.000835055921367849 0.0008624348040356473
0.000835055921367849 0.0008624348040356473
0.000835055921367849 0.0008624348040356473