1.3686622795159593e-05 1.368538219636502e-05
1.3688252177066082e-05 1.3685317286928737e-05
1.3688252177066082e-05 1.3685317286928737e-05
1.368745289010021e-05 1.3685320645684873e-05
1.368745289010021e-05 1.3685320645684873e-05
1.368649863369841e-05 1.3685514357039181e-05
1.3688328190190114e-05 1.368527714527996e-05
1.3688328190190114e-05 1.368527714527996e-05
1.3684262021223178e-05 1.3685443395350221e-05
1.3687897687595338e-05 1.368529453795858e-05
1.3687897687595338e-05 1.368529453795858e-05
1.3687184132741726e-05 1.368540172066324e-05
1.3687184132741726e-05 1.368540172066324e-05
1.3687184132741726e-05 1.368540172066324e-05
1.3688132560617402e-05 1.3685288891066924e-05
1.3688132560617402e-05 1.3685288891066924e-05
1.3688613743942656e-05 1.368529819726423e-05
1.3688613743942656e-05 1.368529819726423e-05
1.3688223899479323e-05 1.3685231603664251e-05
1.3688223899479323e-05 1.3685231603664251e-05