0.00047639632757817495 1.3623784724850267e-05
0.00047639632757817495 1.3623784724850267e-05
0.00047639632757817495 1.3623784724850267e-05
0.00047639632757817495 1.3623784724850267e-05
0.0003655292344105809 1.3623784724850267e-05
0.0003655292344105809 1.3623784724850267e-05
0.0003655292344105809 1.3623784724850267e-05
0.0003655292344105809 1.3623784724850267e-05
0.0003655292344105809 1.3623784724850267e-05
0.0003655292344105809 1.3623784724850267e-05
0.0003655292344105809 1.3623784724850267e-05
0.0003655292344105809 1.3623784724850267e-05
0.0004016028935951506 1.3623784724850267e-05
0.0004016028935951506 1.3623784724850267e-05
0.0004016028935951506 1.3623784724850267e-05
0.0004016028935951506 1.3623784724850267e-05
0.00029816870802626134 1.3623784724850267e-05
0.00029816870802626134 1.3623784724850267e-05
0.00029816870802626134 1.3623784724850267e-05
0.00029816870802626134 1.3623784724850267e-05
0.0004970250065344726 1.3623784724850267e-05
0.0004970250065344726 1.3623784724850267e-05
0.0004715840706394834 1.3621984066018011e-05
0.0004715840706394834 1.3621984066018011e-05
0.0003695695576314064 1.3621984066018011e-05
0.0003695695576314064 1.3621984066018011e-05
0.0003695695576314064 1.3621984066018011e-05
0.0003695695576314064 1.3621984066018011e-05
0.0005534259024774468 1.3621984066018011e-05
0.0005534259024774468 1.3621984066018011e-05
0.0005534259024774468 1.3621984066018011e-05
0.0005534259024774468 1.3621984066018011e-05
0.0005534259024774468 1.3621984066018011e-05
0.0005534259024774468 1.3621984066018011e-05
0.0005534259024774468 1.3621984066018011e-05
0.0005534259024774468 1.3621984066018011e-05
0.0005534259024774468 1.3621984066018011e-05
0.0005534259024774468 1.3621984066018011e-05
0.0004543968046469634 1.3623784724850267e-05
0.0004543968046469634 1.3623784724850267e-05
0.0004543968046469634 1.3623784724850267e-05
0.0004543968046469634 1.3623784724850267e-05
0.0004543968046469634 1.3623784724850267e-05
0.0004543968046469634 1.3623784724850267e-05
0.0003977610603216323 1.3623784724850267e-05
0.0003977610603216323 1.3623784724850267e-05
0.0003977610603216323 1.3623784724850267e-05
0.0003977610603216323 1.3623784724850267e-05
0.0004736262898952459 1.3623784724850267e-05
0.0004736262898952459 1.3623784724850267e-05
0.0003983969786467014 1.3623784724850267e-05
0.0003983969786467014 1.3623784724850267e-05
0.0003983969786467014 1.3623784724850267e-05
0.0003983969786467014 1.3623784724850267e-05
0.00033423555058481564 1.3623784724850267e-05
0.00033423555058481564 1.3623784724850267e-05
0.0003936522290152222 1.3621984066018011e-05
0.0003936522290152222 1.3621984066018011e-05
0.0003936522290152222 1.3621984066018011e-05
0.0003936522290152222 1.3621984066018011e-05
0.0003825110213792679 1.3621984066018011e-05
0.0003825110213792679 1.3621984066018011e-05
0.0003825110213792679 1.3621984066018011e-05
0.0003825110213792679 1.3621984066018011e-05
0.00046525486833409887 1.3621984066018011e-05
0.00046525486833409887 1.3621984066018011e-05
0.00047033483631444927 1.3621984066018011e-05
0.00047033483631444927 1.3621984066018011e-05
0.00047033483631444927 1.3621984066018011e-05
0.00047033483631444927 1.3621984066018011e-05
0.00047033483631444927 1.3621984066018011e-05
0.00047033483631444927 1.3621984066018011e-05
0.00047033483631444927 1.3621984066018011e-05
0.00047033483631444927 1.3621984066018011e-05
0.00041405890573866546 1.3621984066018011e-05
0.00041405890573866546 1.3621984066018011e-05
0.00041405890573866546 1.3621984066018011e-05
0.00041405890573866546 1.3621984066018011e-05
0.00041405890573866546 1.3621984066018011e-05
0.00041405890573866546 1.3621984066018011e-05
0.00028912294812764427 1.3621984066018011e-05
0.00028912294812764427 1.3621984066018011e-05
0.00028912294812764427 1.3621984066018011e-05
0.00028912294812764427 1.3621984066018011e-05
0.00030491569870568316 1.3621984066018011e-05
0.00030491569870568316 1.3621984066018011e-05
0.00031896090645580665 1.3621984066018011e-05
0.00031896090645580665 1.3621984066018011e-05
0.00031896090645580665 1.3621984066018011e-05
0.00031896090645580665 1.3621984066018011e-05
0.0004884229580195761 1.3621984066018011e-05
0.0004884229580195761 1.3621984066018011e-05
0.0004884229580195761 1.3621984066018011e-05
0.0004884229580195761 1.3621984066018011e-05
0.0005218895478528642 1.3621984066018011e-05
0.0005218895478528642 1.3621984066018011e-05
0.00030615298855724005 1.3621984066018011e-05
0.00030615298855724005 1.3621984066018011e-05
0.00016225327150315346 1.3621984066018011e-05
0.00016225327150315346 1.3621984066018011e-05
0.00016225327150315346 1.3621984066018011e-05
0.00016225327150315346 1.3621984066018011e-05
0.00016225327150315346 1.3621984066018011e-05
0.00016225327150315346 1.3621984066018011e-05
0.00016225327150315346 1.3621984066018011e-05
0.00016225327150315346 1.3621984066018011e-05
0.00016225327150315346 1.3621984066018011e-05
0.00016225327150315346 1.3621984066018011e-05
0.00016225327150315346 1.3621984066018011e-05
0.00016225327150315346 1.3621984066018011e-05
0.0002826062424729858 1.3621984066018011e-05
0.0002826062424729858 1.3621984066018011e-05
0.0002826062424729858 1.3621984066018011e-05
0.0002826062424729858 1.3621984066018011e-05
0.0006147855751554089 1.3621984066018011e-05
0.0006147855751554089 1.3621984066018011e-05
0.0006147855751554089 1.3621984066018011e-05
0.0006147855751554089 1.3621984066018011e-05
0.0006147855751554089 1.3621984066018011e-05
0.0006147855751554089 1.3621984066018011e-05
0.00026856650927320605 1.3623994479015315e-05
0.00026856650927320605 1.3623994479015315e-05
0.00020565189840215004 1.3623994479015315e-05
0.00020565189840215004 1.3623994479015315e-05
0.00020565189840215004 1.3623994479015315e-05
0.00020565189840215004 1.3623994479015315e-05
0.00020565189840215004 1.3623994479015315e-05
0.00020565189840215004 1.3623994479015315e-05
0.00036243269325485173 1.3623994479015315e-05
0.00036243269325485173 1.3623994479015315e-05
0.00036243269325485173 1.3623994479015315e-05
0.00036243269325485173 1.3623994479015315e-05
0.00036243269325485173 1.3623994479015315e-05
0.00036243269325485173 1.3623994479015315e-05
0.00035401640157863967 1.3623994479015315e-05
0.00035401640157863967 1.3623994479015315e-05
0.00047379570603063153 1.3623994479015315e-05
0.00047379570603063153 1.3623994479015315e-05
0.00047379570603063153 1.3623994479015315e-05
0.00047379570603063153 1.3623994479015315e-05
0.00047379570603063153 1.3623994479015315e-05
0.00047379570603063153 1.3623994479015315e-05
0.00047379570603063153 1.3623994479015315e-05
0.00047379570603063153 1.3623994479015315e-05
0.00022839475653706206 1.36211130951698e-05
0.00022839475653706206 1.36211130951698e-05
0.00022839475653706206 1.36211130951698e-05
0.00022839475653706206 1.36211130951698e-05
0.00022839475653706206 1.36211130951698e-05
0.00022839475653706206 1.36211130951698e-05
0.00022839475653706206 1.36211130951698e-05
0.00022839475653706206 1.36211130951698e-05
0.0003951543295027255 1.36211130951698e-05
0.0003951543295027255 1.36211130951698e-05
0.0003951543295027255 1.36211130951698e-05
0.0003951543295027255 1.36211130951698e-05
0.0003951543295027255 1.36211130951698e-05
0.0003951543295027255 1.36211130951698e-05
0.0004484977674182327 1.36211130951698e-05
0.0004484977674182327 1.36211130951698e-05
0.00042371310937442796 1.36211130951698e-05
0.00042371310937442796 1.36211130951698e-05
0.00042371310937442796 1.36211130951698e-05
0.00042371310937442796 1.36211130951698e-05
0.0002704082807252202 1.36211130951698e-05
0.0002704082807252202 1.36211130951698e-05
0.0002704082807252202 1.36211130951698e-05
0.0002704082807252202 1.36211130951698e-05
0.0005635518713416965 1.36211130951698e-05
0.0005635518713416965 1.36211130951698e-05
0.0005635518713416965 1.36211130951698e-05
0.0005635518713416965 1.36211130951698e-05
0.0005635518713416965 1.36211130951698e-05
0.0005635518713416965 1.36211130951698e-05
0.0005635518713416965 1.36211130951698e-05
0.0005635518713416965 1.36211130951698e-05
0.00042703433658297803 1.36211130951698e-05
0.00042703433658297803 1.36211130951698e-05
0.00042703433658297803 1.36211130951698e-05
0.00042703433658297803 1.36211130951698e-05
0.0004449198999253856 1.36211130951698e-05
0.0004449198999253856 1.36211130951698e-05
0.0005216224561542744 1.362287439177396e-05
0.0005216224561542744 1.362287439177396e-05
0.0005216224561542744 1.362287439177396e-05
0.0005216224561542744 1.362287439177396e-05
0.0005216224561542744 1.362287439177396e-05
0.0005216224561542744 1.362287439177396e-05
0.00042464909158774664 1.362287439177396e-05
0.00042464909158774664 1.362287439177396e-05
0.00042464909158774664 1.362287439177396e-05
0.00042464909158774664 1.362287439177396e-05
0.00042464909158774664 1.362287439177396e-05
0.00042464909158774664 1.362287439177396e-05
0.0006409323179142885 1.362287439177396e-05
0.0006409323179142885 1.362287439177396e-05
0.0006409323179142885 1.362287439177396e-05
0.0006409323179142885 1.362287439177396e-05
0.0006575263435880965 1.362287439177396e-05
0.0006575263435880965 1.362287439177396e-05