0.00014599497103583473 1.3195237221237454e-05
0.00014599497103583473 1.3195237221237454e-05
0.00014599497103583473 1.3195237221237454e-05
0.00014599497103583473 1.3195237221237454e-05
0.00039505247405217215 1.3195237221237454e-05
0.00039505247405217215 1.3195237221237454e-05
0.00039505247405217215 1.3195237221237454e-05
0.00039505247405217215 1.3195237221237454e-05
0.00039505247405217215 1.3195237221237454e-05
0.00039505247405217215 1.3195237221237454e-05
0.00039505247405217215 1.3195237221237454e-05
0.00039505247405217215 1.3195237221237454e-05
0.00036406178143380254 1.3195237221237454e-05
0.00036406178143380254 1.3195237221237454e-05
0.00036406178143380254 1.3195237221237454e-05
0.00036406178143380254 1.3195237221237454e-05
0.0007090831761059036 1.3195237221237454e-05
0.0007090831761059036 1.3195237221237454e-05
0.0007090831761059036 1.3195237221237454e-05
0.0007090831761059036 1.3195237221237454e-05
0.0003112235513772197 1.3195237221237454e-05
0.0003112235513772197 1.3195237221237454e-05
0.00040191510578845566 1.3195065823357044e-05
0.00040191510578845566 1.3195065823357044e-05
0.0004397346880484236 1.3195065823357044e-05
0.0004397346880484236 1.3195065823357044e-05
0.0004397346880484236 1.3195065823357044e-05
0.0004397346880484236 1.3195065823357044e-05
0.0006576065643870655 1.3195065823357044e-05
0.0006576065643870655 1.3195065823357044e-05
0.0006576065643870655 1.3195065823357044e-05
0.0006576065643870655 1.3195065823357044e-05
0.0006576065643870655 1.3195065823357044e-05
0.0006576065643870655 1.3195065823357044e-05
0.0006576065643870655 1.3195065823357044e-05
0.0006576065643870655 1.3195065823357044e-05
0.0006576065643870655 1.3195065823357044e-05
0.0006576065643870655 1.3195065823357044e-05
0.00022408507465427718 1.3195237221237454e-05
0.00022408507465427718 1.3195237221237454e-05
0.00022408507465427718 1.3195237221237454e-05
0.00022408507465427718 1.3195237221237454e-05
0.00022408507465427718 1.3195237221237454e-05
0.00022408507465427718 1.3195237221237454e-05
0.0004526621449583373 1.3195237221237454e-05
0.0004526621449583373 1.3195237221237454e-05
0.0004526621449583373 1.3195237221237454e-05
0.0004526621449583373 1.3195237221237454e-05
0.00033755986885053733 1.3195237221237454e-05
0.00033755986885053733 1.3195237221237454e-05
0.0006452486598392233 1.3195237221237454e-05
0.0006452486598392233 1.3195237221237454e-05
0.0006452486598392233 1.3195237221237454e-05
0.0006452486598392233 1.3195237221237454e-05
0.00028419671088435893 1.3195237221237454e-05
0.00028419671088435893 1.3195237221237454e-05
0.0002771474514067783 1.3195065823357044e-05
0.0002771474514067783 1.3195065823357044e-05
0.0002771474514067783 1.3195065823357044e-05
0.0002771474514067783 1.3195065823357044e-05
0.0004974712256577462 1.3195065823357044e-05
0.0004974712256577462 1.3195065823357044e-05
0.0004974712256577462 1.3195065823357044e-05
0.0004974712256577462 1.3195065823357044e-05
0.00032956525662167094 1.3195065823357044e-05
0.00032956525662167094 1.3195065823357044e-05
0.0006087572136722656 1.3195065823357044e-05
0.0006087572136722656 1.3195065823357044e-05
0.0006087572136722656 1.3195065823357044e-05
0.0006087572136722656 1.3195065823357044e-05
0.0006087572136722656 1.3195065823357044e-05
0.0006087572136722656 1.3195065823357044e-05
0.0006087572136722656 1.3195065823357044e-05
0.0006087572136722656 1.3195065823357044e-05
0.00029143635800968657 1.3195065823357044e-05
0.00029143635800968657 1.3195065823357044e-05
0.00029143635800968657 1.3195065823357044e-05
0.00029143635800968657 1.3195065823357044e-05
0.00029143635800968657 1.3195065823357044e-05
0.00029143635800968657 1.3195065823357044e-05
0.00034647344513977864 1.3195065823357044e-05
0.00034647344513977864 1.3195065823357044e-05
0.00034647344513977864 1.3195065823357044e-05
0.00034647344513977864 1.3195065823357044e-05
0.0004948988676383497 1.3195065823357044e-05
0.0004948988676383497 1.3195065823357044e-05
0.0003339800822388198 1.3195065823357044e-05
0.0003339800822388198 1.3195065823357044e-05
0.0003339800822388198 1.3195065823357044e-05
0.0003339800822388198 1.3195065823357044e-05
0.0005763726786933209 1.3195065823357044e-05
0.0005763726786933209 1.3195065823357044e-05
0.0005763726786933209 1.3195065823357044e-05
0.0005763726786933209 1.3195065823357044e-05
0.0002976517015933576 1.3195065823357044e-05
0.0002976517015933576 1.3195065823357044e-05
0.00041544203796322574 1.3195065823357044e-05
0.00041544203796322574 1.3195065823357044e-05
0.0004925674298330944 1.3195065823357044e-05
0.0004925674298330944 1.3195065823357044e-05
0.0004925674298330944 1.3195065823357044e-05
0.0004925674298330944 1.3195065823357044e-05
0.0004925674298330944 1.3195065823357044e-05
0.0004925674298330944 1.3195065823357044e-05
0.0004925674298330944 1.3195065823357044e-05
0.0004925674298330944 1.3195065823357044e-05
0.0004925674298330944 1.3195065823357044e-05
0.0004925674298330944 1.3195065823357044e-05
0.0004925674298330944 1.3195065823357044e-05
0.0004925674298330944 1.3195065823357044e-05
0.0003425112775987515 1.3195065823357044e-05
0.0003425112775987515 1.3195065823357044e-05
0.0003425112775987515 1.3195065823357044e-05
0.0003425112775987515 1.3195065823357044e-05
0.0003177131593285512 1.3195065823357044e-05
0.0003177131593285512 1.3195065823357044e-05
0.0003177131593285512 1.3195065823357044e-05
0.0003177131593285512 1.3195065823357044e-05
0.0003177131593285512 1.3195065823357044e-05
0.0003177131593285512 1.3195065823357044e-05
0.0004601872887878556 1.319490179742848e-05
0.0004601872887878556 1.319490179742848e-05
0.000490696443118458 1.319490179742848e-05
0.000490696443118458 1.319490179742848e-05
0.000490696443118458 1.319490179742848e-05
0.000490696443118458 1.319490179742848e-05
0.000490696443118458 1.319490179742848e-05
0.000490696443118458 1.319490179742848e-05
0.00036767906663111793 1.319490179742848e-05
0.00036767906663111793 1.319490179742848e-05
0.00036767906663111793 1.319490179742848e-05
0.00036767906663111793 1.319490179742848e-05
0.00036767906663111793 1.319490179742848e-05
0.00036767906663111793 1.319490179742848e-05
0.0006064411131827763 1.319490179742848e-05
0.0006064411131827763 1.319490179742848e-05
0.00035414459015507913 1.319490179742848e-05
0.00035414459015507913 1.319490179742848e-05
0.00035414459015507913 1.319490179742848e-05
0.00035414459015507913 1.319490179742848e-05
0.00035414459015507913 1.319490179742848e-05
0.00035414459015507913 1.319490179742848e-05
0.00035414459015507913 1.319490179742848e-05
0.00035414459015507913 1.319490179742848e-05
0.00045357848087647883 1.3194982918947497e-05
0.00045357848087647883 1.3194982918947497e-05
0.00045357848087647883 1.3194982918947497e-05
0.00045357848087647883 1.3194982918947497e-05
0.00045357848087647883 1.3194982918947497e-05
0.00045357848087647883 1.3194982918947497e-05
0.00045357848087647883 1.3194982918947497e-05
0.00045357848087647883 1.3194982918947497e-05
0.0004867432292536619 1.3194982918947497e-05
0.0004867432292536619 1.3194982918947497e-05
0.0004867432292536619 1.3194982918947497e-05
0.0004867432292536619 1.3194982918947497e-05
0.0004867432292536619 1.3194982918947497e-05
0.0004867432292536619 1.3194982918947497e-05
0.0004135936841523955 1.3194982918947497e-05
0.0004135936841523955 1.3194982918947497e-05
0.00041020629288275145 1.3194982918947497e-05
0.00041020629288275145 1.3194982918947497e-05
0.00041020629288275145 1.3194982918947497e-05
0.00041020629288275145 1.3194982918947497e-05
0.0004279278565629159 1.3194982918947497e-05
0.0004279278565629159 1.3194982918947497e-05
0.0004279278565629159 1.3194982918947497e-05
0.0004279278565629159 1.3194982918947497e-05
0.0004761208530673394 1.3194982918947497e-05
0.0004761208530673394 1.3194982918947497e-05
0.0004761208530673394 1.3194982918947497e-05
0.0004761208530673394 1.3194982918947497e-05
0.0004761208530673394 1.3194982918947497e-05
0.0004761208530673394 1.3194982918947497e-05
0.0004761208530673394 1.3194982918947497e-05
0.0004761208530673394 1.3194982918947497e-05
0.0004867055077473184 1.3194982918947497e-05
0.0004867055077473184 1.3194982918947497e-05
0.0004867055077473184 1.3194982918947497e-05
0.0004867055077473184 1.3194982918947497e-05
0.00048300125582438917 1.3194982918947497e-05
0.00048300125582438917 1.3194982918947497e-05
0.00045770861275124637 1.3195150570086803e-05
0.00045770861275124637 1.3195150570086803e-05
0.00045770861275124637 1.3195150570086803e-05
0.00045770861275124637 1.3195150570086803e-05
0.00045770861275124637 1.3195150570086803e-05
0.00045770861275124637 1.3195150570086803e-05
0.0005667700267444154 1.3195150570086803e-05
0.0005667700267444154 1.3195150570086803e-05
0.0005667700267444154 1.3195150570086803e-05
0.0005667700267444154 1.3195150570086803e-05
0.0005667700267444154 1.3195150570086803e-05
0.0005667700267444154 1.3195150570086803e-05
0.0006161866923337392 1.3195150570086803e-05
0.0006161866923337392 1.3195150570086803e-05
0.0006161866923337392 1.3195150570086803e-05
0.0006161866923337392 1.3195150570086803e-05
0.0005461079265620603 1.3195150570086803e-05
0.0005461079265620603 1.3195150570086803e-05