0.000692719062254108 1.3062544132366497e-05
0.000692719062254108 1.3062544132366497e-05
0.000692719062254108 1.3062544132366497e-05
0.000692719062254108 1.3062544132366497e-05
0.00022185175192748654 1.3062544132366497e-05
0.00022185175192748654 1.3062544132366497e-05
0.00022185175192748654 1.3062544132366497e-05
0.00022185175192748654 1.3062544132366497e-05
0.00022185175192748654 1.3062544132366497e-05
0.00022185175192748654 1.3062544132366497e-05
0.00022185175192748654 1.3062544132366497e-05
0.00022185175192748654 1.3062544132366497e-05
0.0004378406909554027 1.3062544132366497e-05
0.0004378406909554027 1.3062544132366497e-05
0.0004378406909554027 1.3062544132366497e-05
0.0004378406909554027 1.3062544132366497e-05
0.000255796710664063 1.3062544132366497e-05
0.000255796710664063 1.3062544132366497e-05
0.000255796710664063 1.3062544132366497e-05
0.000255796710664063 1.3062544132366497e-05
0.00024010654662910965 1.3062544132366497e-05
0.00024010654662910965 1.3062544132366497e-05
0.00018878033551405522 1.3061051227525517e-05
0.00018878033551405522 1.3061051227525517e-05
0.00020976215016036865 1.3061051227525517e-05
0.00020976215016036865 1.3061051227525517e-05
0.00020976215016036865 1.3061051227525517e-05
0.00020976215016036865 1.3061051227525517e-05
0.0007724633970227628 1.3061051227525517e-05
0.0007724633970227628 1.3061051227525517e-05
0.0007724633970227628 1.3061051227525517e-05
0.0007724633970227628 1.3061051227525517e-05
0.0007724633970227628 1.3061051227525517e-05
0.0007724633970227628 1.3061051227525517e-05
0.0007724633970227628 1.3061051227525517e-05
0.0007724633970227628 1.3061051227525517e-05
0.0007724633970227628 1.3061051227525517e-05
0.0007724633970227628 1.3061051227525517e-05
0.0005136298868676377 1.3059651629237098e-05
0.0005136298868676377 1.3059651629237098e-05
0.0005136298868676377 1.3059651629237098e-05
0.0005136298868676377 1.3059651629237098e-05
0.0005136298868676377 1.3059651629237098e-05
0.0005136298868676377 1.3059651629237098e-05
0.0010130441123442208 1.3059651629237098e-05
0.0010130441123442208 1.3059651629237098e-05
0.0010130441123442208 1.3059651629237098e-05
0.0010130441123442208 1.3059651629237098e-05
0.0005122178766493133 1.3059651629237098e-05
0.0005122178766493133 1.3059651629237098e-05
0.00031679908289703303 1.3059651629237098e-05
0.00031679908289703303 1.3059651629237098e-05
0.00031679908289703303 1.3059651629237098e-05
0.00031679908289703303 1.3059651629237098e-05
0.0003416098447317478 1.3059651629237098e-05
0.0003416098447317478 1.3059651629237098e-05
0.0003591322877879136 1.3061051227525517e-05
0.0003591322877879136 1.3061051227525517e-05
0.0003591322877879136 1.3061051227525517e-05
0.0003591322877879136 1.3061051227525517e-05
0.0005906937986149751 1.3061051227525517e-05
0.0005906937986149751 1.3061051227525517e-05
0.0005906937986149751 1.3061051227525517e-05
0.0005906937986149751 1.3061051227525517e-05
0.00017515643505115674 1.3061051227525517e-05
0.00017515643505115674 1.3061051227525517e-05
0.0005779882375174344 1.3061051227525517e-05
0.0005779882375174344 1.3061051227525517e-05
0.0005779882375174344 1.3061051227525517e-05
0.0005779882375174344 1.3061051227525517e-05
0.0005779882375174344 1.3061051227525517e-05
0.0005779882375174344 1.3061051227525517e-05
0.0005779882375174344 1.3061051227525517e-05
0.0005779882375174344 1.3061051227525517e-05
0.0003221299309203291 1.3061051227525517e-05
0.0003221299309203291 1.3061051227525517e-05
0.0003221299309203291 1.3061051227525517e-05
0.0003221299309203291 1.3061051227525517e-05
0.0003221299309203291 1.3061051227525517e-05
0.0003221299309203291 1.3061051227525517e-05
0.00018270772313345597 1.3062544132366497e-05
0.00018270772313345597 1.3062544132366497e-05
0.00018270772313345597 1.3062544132366497e-05
0.00018270772313345597 1.3062544132366497e-05
0.00015224872089838782 1.3062544132366497e-05
0.00015224872089838782 1.3062544132366497e-05
0.0002360225496140635 1.3062544132366497e-05
0.0002360225496140635 1.3062544132366497e-05
0.0002360225496140635 1.3062544132366497e-05
0.0002360225496140635 1.3062544132366497e-05
0.0004991133386763885 1.3062544132366497e-05
0.0004991133386763885 1.3062544132366497e-05
0.0004991133386763885 1.3062544132366497e-05
0.0004991133386763885 1.3062544132366497e-05
0.00025845597508240684 1.3062544132366497e-05
0.00025845597508240684 1.3062544132366497e-05
0.0005220591303150381 1.3062544132366497e-05
0.0005220591303150381 1.3062544132366497e-05
0.0004732023561519518 1.3062544132366497e-05
0.0004732023561519518 1.3062544132366497e-05
0.0004732023561519518 1.3062544132366497e-05
0.0004732023561519518 1.3062544132366497e-05
0.0004732023561519518 1.3062544132366497e-05
0.0004732023561519518 1.3062544132366497e-05
0.0004732023561519518 1.3062544132366497e-05
0.0004732023561519518 1.3062544132366497e-05
0.0004732023561519518 1.3062544132366497e-05
0.0004732023561519518 1.3062544132366497e-05
0.0004732023561519518 1.3062544132366497e-05
0.0004732023561519518 1.3062544132366497e-05
0.00031755503298437014 1.3062544132366497e-05
0.00031755503298437014 1.3062544132366497e-05
0.00031755503298437014 1.3062544132366497e-05
0.00031755503298437014 1.3062544132366497e-05
0.00039145335374428435 1.3062544132366497e-05
0.00039145335374428435 1.3062544132366497e-05
0.00039145335374428435 1.3062544132366497e-05
0.00039145335374428435 1.3062544132366497e-05
0.00039145335374428435 1.3062544132366497e-05
0.00039145335374428435 1.3062544132366497e-05
0.0007017548123227263 1.3061051227525517e-05
0.0007017548123227263 1.3061051227525517e-05
0.0004522212881230085 1.3061051227525517e-05
0.0004522212881230085 1.3061051227525517e-05
0.0004522212881230085 1.3061051227525517e-05
0.0004522212881230085 1.3061051227525517e-05
0.0004522212881230085 1.3061051227525517e-05
0.0004522212881230085 1.3061051227525517e-05
0.00034395411661458143 1.3061051227525517e-05
0.00034395411661458143 1.3061051227525517e-05
0.00034395411661458143 1.3061051227525517e-05
0.00034395411661458143 1.3061051227525517e-05
0.00034395411661458143 1.3061051227525517e-05
0.00034395411661458143 1.3061051227525517e-05
0.0008648412443127332 1.3061051227525517e-05
0.0008648412443127332 1.3061051227525517e-05
0.00042569695942894464 1.3061051227525517e-05
0.00042569695942894464 1.3061051227525517e-05
0.00042569695942894464 1.3061051227525517e-05
0.00042569695942894464 1.3061051227525517e-05
0.00042569695942894464 1.3061051227525517e-05
0.00042569695942894464 1.3061051227525517e-05
0.00042569695942894464 1.3061051227525517e-05
0.00042569695942894464 1.3061051227525517e-05
0.0005317072932815709 1.3061051227525517e-05
0.0005317072932815709 1.3061051227525517e-05
0.0005317072932815709 1.3061051227525517e-05
0.0005317072932815709 1.3061051227525517e-05
0.0005317072932815709 1.3061051227525517e-05
0.0005317072932815709 1.3061051227525517e-05
0.0005317072932815709 1.3061051227525517e-05
0.0005317072932815709 1.3061051227525517e-05
0.0004894132858026263 1.3061051227525517e-05
0.0004894132858026263 1.3061051227525517e-05
0.0004894132858026263 1.3061051227525517e-05
0.0004894132858026263 1.3061051227525517e-05
0.0004894132858026263 1.3061051227525517e-05
0.0004894132858026263 1.3061051227525517e-05
0.0007056598078232647 1.3061051227525517e-05
0.0007056598078232647 1.3061051227525517e-05
0.0004643885380966282 1.3061051227525517e-05
0.0004643885380966282 1.3061051227525517e-05
0.0004643885380966282 1.3061051227525517e-05
0.0004643885380966282 1.3061051227525517e-05
0.00026646400634093174 1.3059651629237098e-05
0.00026646400634093174 1.3059651629237098e-05
0.00026646400634093174 1.3059651629237098e-05
0.00026646400634093174 1.3059651629237098e-05
0.000763117614091165 1.3059651629237098e-05
0.000763117614091165 1.3059651629237098e-05
0.000763117614091165 1.3059651629237098e-05
0.000763117614091165 1.3059651629237098e-05
0.000763117614091165 1.3059651629237098e-05
0.000763117614091165 1.3059651629237098e-05
0.000763117614091165 1.3059651629237098e-05
0.000763117614091165 1.3059651629237098e-05
0.0008704737257535939 1.3059651629237098e-05
0.0008704737257535939 1.3059651629237098e-05
0.0008704737257535939 1.3059651629237098e-05
0.0008704737257535939 1.3059651629237098e-05
0.0007964074160853826 1.3059651629237098e-05
0.0007964074160853826 1.3059651629237098e-05
0.0003610410150948543 1.3062544132366497e-05
0.0003610410150948543 1.3062544132366497e-05
0.0003610410150948543 1.3062544132366497e-05
0.0003610410150948543 1.3062544132366497e-05
0.0003610410150948543 1.3062544132366497e-05
0.0003610410150948543 1.3062544132366497e-05
0.0005971098549858708 1.3062544132366497e-05
0.0005971098549858708 1.3062544132366497e-05
0.0005971098549858708 1.3062544132366497e-05
0.0005971098549858708 1.3062544132366497e-05
0.0005971098549858708 1.3062544132366497e-05
0.0005971098549858708 1.3062544132366497e-05
0.00029098068092650223 1.3062544132366497e-05
0.00029098068092650223 1.3062544132366497e-05
0.00029098068092650223 1.3062544132366497e-05
0.00029098068092650223 1.3062544132366497e-05
0.0007393714486316508 1.3062544132366497e-05
0.0007393714486316508 1.3062544132366497e-05