0.000785905007324075 1.3118745202317123e-05
0.000785905007324075 1.3118745202317123e-05
0.000785905007324075 1.3118745202317123e-05
0.000785905007324075 1.3118745202317123e-05
0.0009918859337060472 1.3118745202317123e-05
0.0009918859337060472 1.3118745202317123e-05
0.00043427400135727514 1.3109888665471676e-05
0.00043427400135727514 1.3109888665471676e-05
0.00043427400135727514 1.3109888665471676e-05
0.00043427400135727514 1.3109888665471676e-05
0.0006087470269492421 1.3109888665471676e-05
0.0006087470269492421 1.3109888665471676e-05
0.00017963262822868402 1.3109888665471676e-05
0.00017963262822868402 1.3109888665471676e-05
0.0005116974620846301 1.3109888665471676e-05
0.0005116974620846301 1.3109888665471676e-05
0.0005116974620846301 1.3109888665471676e-05
0.00046474344358069316 1.3119694116979134e-05
0.00046474344358069316 1.3119694116979134e-05
0.00046474344358069316 1.3119694116979134e-05
0.0002750226207985293 1.3109888665471676e-05
0.0002750226207985293 1.3109888665471676e-05
0.00021467651857648188 1.3119694116979134e-05
0.00021467651857648188 1.3119694116979134e-05
0.0003295171778972038 1.3109888665471676e-05
0.00015459620889000608 1.4380060456801542e-05
0.00015459620889000608 1.4380060456801542e-05
0.00015459620889000608 1.4380060456801542e-05
0.00015459620889000608 1.4380060456801542e-05
0.00015459620889000608 1.4380060456801542e-05
0.00015459620889000608 1.4380060456801542e-05
0.00015459620889000608 1.4380060456801542e-05
0.00015459620889000608 1.4380060456801542e-05
0.0004209322092688646 1.2695469333678781e-05
0.0004209322092688646 1.2695469333678781e-05
0.0004209322092688646 1.2695469333678781e-05
0.0004209322092688646 1.2695469333678781e-05
0.0004997982910856793 1.528827480144164e-05
0.0004997982910856793 1.528827480144164e-05
0.0004997982910856793 1.528827480144164e-05
0.0004997982910856793 1.528827480144164e-05
0.0004997982910856793 1.528827480144164e-05
0.0004997982910856793 1.528827480144164e-05
0.0004997982910856793 1.528827480144164e-05
0.0004997982910856793 1.528827480144164e-05
0.000708053898239622 1.3547530640881453e-05
0.000708053898239622 1.3547530640881453e-05
0.000708053898239622 1.3547530640881453e-05
0.000708053898239622 1.3547530640881453e-05
0.00017348042934302578 1.3118651644801406e-05
0.00017348042934302578 1.3118651644801406e-05
0.00017348042934302578 1.3118651644801406e-05
0.00017348042934302578 1.3118651644801406e-05
0.0007600482888107667 1.3118651644801406e-05
0.0007600482888107667 1.3118651644801406e-05
0.0007600482888107667 1.3118651644801406e-05
0.0007600482888107667 1.3118651644801406e-05
0.0007600482888107667 1.3118651644801406e-05
0.0007600482888107667 1.3118651644801406e-05
0.0002724586951708156 1.161216912075553e-05
0.0002724586951708156 1.161216912075553e-05
0.0002724586951708156 1.161216912075553e-05
0.0002724586951708156 1.161216912075553e-05
0.0002724586951708156 1.161216912075553e-05
0.0002724586951708156 1.161216912075553e-05
0.0008104804096760398 1.3118651644801406e-05
0.0008104804096760398 1.3118651644801406e-05
0.0008104804096760398 1.3118651644801406e-05
0.0008104804096760398 1.3118651644801406e-05
0.00026932029428464665 1.124455855268692e-05
0.00026932029428464665 1.124455855268692e-05
0.00026932029428464665 1.124455855268692e-05
0.00026932029428464665 1.124455855268692e-05
0.000594730637142835 1.3118651644801406e-05
0.000594730637142835 1.3118651644801406e-05
0.0005868409274973178 1.2694080217148995e-05
0.0005868409274973178 1.2694080217148995e-05
0.0005868409274973178 1.2694080217148995e-05
0.0005868409274973178 1.2694080217148995e-05
0.0005868409274973178 1.2694080217148995e-05
0.0005868409274973178 1.2694080217148995e-05
0.0005868409274973178 1.2694080217148995e-05
0.0005868409274973178 1.2694080217148995e-05
0.0002887222855576021 1.2694080217148995e-05
0.0002887222855576021 1.2694080217148995e-05
0.0002887222855576021 1.2694080217148995e-05
0.0002887222855576021 1.2694080217148995e-05
0.0004105003077909046 1.3556082194719955e-05
0.0004105003077909046 1.3556082194719955e-05
0.0004105003077909046 1.3556082194719955e-05
0.0004105003077909046 1.3556082194719955e-05
0.0004105003077909046 1.3556082194719955e-05
0.0004105003077909046 1.3556082194719955e-05
0.0004105003077909046 1.3556082194719955e-05
0.0004105003077909046 1.3556082194719955e-05
0.0005182692875273006 1.5726030603586998e-05
0.0005182692875273006 1.5726030603586998e-05
0.0005182692875273006 1.5726030603586998e-05
0.0005182692875273006 1.5726030603586998e-05
0.0005900352223468205 1.3117216224387294e-05
0.0005900352223468205 1.3117216224387294e-05
0.0005900352223468205 1.3117216224387294e-05
0.0005900352223468205 1.3117216224387294e-05
0.0004611201661468554 1.3556082194719955e-05
0.0004611201661468554 1.3556082194719955e-05
0.0004611201661468554 1.3556082194719955e-05
0.0004611201661468554 1.3556082194719955e-05
0.0004611201661468554 1.3556082194719955e-05
0.0004611201661468554 1.3556082194719955e-05
0.00018612013603032854 1.1243328192331966e-05
0.00018612013603032854 1.1243328192331966e-05
0.00018612013603032854 1.1243328192331966e-05
0.00018612013603032854 1.1243328192331966e-05
0.00018612013603032854 1.1243328192331966e-05
0.00018612013603032854 1.1243328192331966e-05
0.0007836747750849199 1.5287164633254337e-05
0.0007836747750849199 1.5287164633254337e-05
0.0007836747750849199 1.5287164633254337e-05
0.0007836747750849199 1.5287164633254337e-05
0.00033316262120104787 1.1243328192331966e-05
0.00033316262120104787 1.1243328192331966e-05
0.00033316262120104787 1.1243328192331966e-05
0.00033316262120104787 1.1243328192331966e-05
0.00020047114683229125 1.4848298662921677e-05
0.00020047114683229125 1.4848298662921677e-05
0.0002335215037016345 1.2683573492645056e-05
0.0002335215037016345 1.2683573492645056e-05
0.0002335215037016345 1.2683573492645056e-05
0.0002335215037016345 1.2683573492645056e-05
0.00046378928593541574 1.3098809529606651e-05
0.00046378928593541574 1.3098809529606651e-05
0.0005088954352488853 1.3106359275733224e-05
0.0005088954352488853 1.3106359275733224e-05
0.0005088954352488853 1.3106359275733224e-05
0.0005088954352488853 1.3106359275733224e-05
0.0009653211029133279 1.441309450114115e-05
0.0009653211029133279 1.441309450114115e-05
0.0002602020197380314 1.3535436513926872e-05
0.0002602020197380314 1.3535436513926872e-05
0.00034448488947825905 1.3106359275733224e-05
0.00034448488947825905 1.3106359275733224e-05
0.00034448488947825905 1.3106359275733224e-05
0.0007578746678612291 1.1234022236342765e-05
0.0007578746678612291 1.1234022236342765e-05
0.0007578746678612291 1.1234022236342765e-05
0.00027070962612539285 1.3106359275733224e-05
0.00027070962612539285 1.3106359275733224e-05
0.0006019767506289491 1.3106359275733224e-05
0.0006019767506289491 1.3106359275733224e-05
0.00041906018552145623 1.3106359275733224e-05
0.0001500822175292098 1.4383504843899831e-05
0.0001500822175292098 1.4383504843899831e-05
0.0001500822175292098 1.4383504843899831e-05
0.0001500822175292098 1.4383504843899831e-05
0.0001500822175292098 1.4383504843899831e-05
0.0001500822175292098 1.4383504843899831e-05
0.0001500822175292098 1.4383504843899831e-05
0.0001500822175292098 1.4383504843899831e-05
0.0001500822175292098 1.4383504843899831e-05
0.0001500822175292098 1.4383504843899831e-05
0.0001500822175292098 1.4383504843899831e-05
0.0001500822175292098 1.4383504843899831e-05
0.0005884383887530153 1.2696943435212462e-05
0.0005884383887530153 1.2696943435212462e-05
0.0005884383887530153 1.2696943435212462e-05
0.0005884383887530153 1.2696943435212462e-05
0.0005884383887530153 1.2696943435212462e-05
0.0005884383887530153 1.2696943435212462e-05
0.0008105438422177439 1.5290429374986437e-05
0.0008105438422177439 1.5290429374986437e-05
0.0008105438422177439 1.5290429374986437e-05
0.0008105438422177439 1.5290429374986437e-05
0.0008105438422177439 1.5290429374986437e-05
0.0008105438422177439 1.5290429374986437e-05
0.0008105438422177439 1.5290429374986437e-05
0.0008105438422177439 1.5290429374986437e-05
0.0008105438422177439 1.5290429374986437e-05
0.0008105438422177439 1.5290429374986437e-05
0.0008105438422177439 1.5290429374986437e-05
0.0008105438422177439 1.5290429374986437e-05
0.00020700568644846417 1.4862955005363159e-05
0.00020700568644846417 1.4862955005363159e-05
0.00020700568644846417 1.4862955005363159e-05
0.00020700568644846417 1.4862955005363159e-05
0.00020700568644846417 1.4862955005363159e-05
0.00020700568644846417 1.4862955005363159e-05
0.0005486786164235885 1.397512362229943e-05
0.0005486786164235885 1.397512362229943e-05
0.0005486786164235885 1.397512362229943e-05
0.0005486786164235885 1.397512362229943e-05
0.0005486786164235885 1.397512362229943e-05
0.0005486786164235885 1.397512362229943e-05
0.00033980665494741656 1.3120174883052877e-05
0.00033980665494741656 1.3120174883052877e-05
0.00033980665494741656 1.3120174883052877e-05
0.00033980665494741656 1.3120174883052877e-05
0.00033980665494741656 1.3120174883052877e-05
0.00033980665494741656 1.3120174883052877e-05
0.00033980665494741656 1.3120174883052877e-05
0.00033980665494741656 1.3120174883052877e-05
0.00033980665494741656 1.3120174883052877e-05
0.000331583185552751 1.1612270788008132e-05
0.000331583185552751 1.1612270788008132e-05
0.000331583185552751 1.1612270788008132e-05
0.000331583185552751 1.1612270788008132e-05
0.000331583185552751 1.1612270788008132e-05
0.000331583185552751 1.1612270788008132e-05
0.000331583185552751 1.1612270788008132e-05
0.000331583185552751 1.1612270788008132e-05
0.000331583185552751 1.1612270788008132e-05
0.0006858716769888632 1.3547649252676153e-05
0.0006858716769888632 1.3547649252676153e-05
0.0006858716769888632 1.3547649252676153e-05
0.0006858716769888632 1.3547649252676153e-05
0.0006858716769888632 1.3547649252676153e-05
0.0006858716769888632 1.3547649252676153e-05
0.0004702825818148601 1.0851272459667793e-05
0.0004702825818148601 1.0851272459667793e-05
0.0004702825818148601 1.0851272459667793e-05
0.0004702825818148601 1.0851272459667793e-05
0.0004702825818148601 1.0851272459667793e-05
0.0004702825818148601 1.0851272459667793e-05
0.0004195685864967137 1.3120174883052877e-05
0.0004195685864967137 1.3120174883052877e-05
0.0004195685864967137 1.3120174883052877e-05
0.0005354186246526759 1.3114973950064048e-05
0.0005354186246526759 1.3114973950064048e-05
0.0005354186246526759 1.3114973950064048e-05
0.0005354186246526759 1.3114973950064048e-05
0.0004855379190516172 1.4798997842484723e-05
0.0004855379190516172 1.4798997842484723e-05
0.00019935749083262001 1.3552139748399517e-05
0.00019935749083262001 1.3552139748399517e-05
0.00019935749083262001 1.3552139748399517e-05
0.00019935749083262001 1.3552139748399517e-05
0.0003280442570459373 1.26820607373155e-05
0.0003280442570459373 1.26820607373155e-05
0.0007777912997413668 1.5292297770567547e-05
0.0007777912997413668 1.5292297770567547e-05
0.0008921155248391086 1.3103917227538054e-05
0.0008921155248391086 1.3103917227538054e-05
0.0008921155248391086 1.3103917227538054e-05
0.0010297319003688087 1.1616119784342442e-05
0.0010297319003688087 1.1616119784342442e-05
0.0010297319003688087 1.1616119784342442e-05
0.00017418618516658774 1.3103917227538054e-05
0.00017418618516658774 1.3103917227538054e-05
0.000733765377114497 1.1231929052175474e-05
0.000733765377114497 1.1231929052175474e-05
0.0004984491216802869 1.574052029142901e-05
0.000273496923975666 1.2694080217148995e-05
0.000273496923975666 1.2694080217148995e-05
0.000273496923975666 1.2694080217148995e-05
0.000273496923975666 1.2694080217148995e-05
0.0002616290693888276 1.311878922069673e-05
0.0002616290693888276 1.311878922069673e-05
0.00034426804190774946 1.3117216224387294e-05
0.00034426804190774946 1.3117216224387294e-05
0.00034426804190774946 1.3117216224387294e-05
0.00034426804190774946 1.3117216224387294e-05
0.0005660702389686174 1.3970566722256356e-05
0.0005660702389686174 1.3970566722256356e-05
0.00015146087111218468 1.4848298662921677e-05
0.00015146087111218468 1.4848298662921677e-05
0.00027509640300249727 1.3556082194719955e-05
0.00027509640300249727 1.3556082194719955e-05
0.00027509640300249727 1.3556082194719955e-05
0.0004371233175402266 1.1243328192331966e-05
0.0004371233175402266 1.1243328192331966e-05
0.0004371233175402266 1.1243328192331966e-05
0.0009345527456771223 1.4409432692589017e-05
0.0009345527456771223 1.4409432692589017e-05
0.0006583045312471401 1.1619499024045675e-05
0.0006583045312471401 1.1619499024045675e-05
0.0003303180666635346 1.3117216224387294e-05
0.0003458018340151197 1.2693475512276563e-05
0.0003458018340151197 1.2693475512276563e-05
0.0003458018340151197 1.2693475512276563e-05
0.0003458018340151197 1.2693475512276563e-05
0.0003458018340151197 1.2693475512276563e-05
0.0003458018340151197 1.2693475512276563e-05
0.0003458018340151197 1.2693475512276563e-05
0.0003458018340151197 1.2693475512276563e-05
0.0006539006861276706 1.3106576786344734e-05
0.0006539006861276706 1.3106576786344734e-05
0.0006539006861276706 1.3106576786344734e-05
0.0006539006861276706 1.3106576786344734e-05
0.0002987551232642075 1.311659136268578e-05
0.0002987551232642075 1.311659136268578e-05
0.0002987551232642075 1.311659136268578e-05
0.0002987551232642075 1.311659136268578e-05
0.0002987551232642075 1.311659136268578e-05
0.0002987551232642075 1.311659136268578e-05
0.0002987551232642075 1.311659136268578e-05
0.0002987551232642075 1.311659136268578e-05
0.001025838074264391 1.3543462679222892e-05
0.001025838074264391 1.3543462679222892e-05
0.001025838074264391 1.3543462679222892e-05
0.001025838074264391 1.3543462679222892e-05
0.0008140736092446675 1.311659136268578e-05
0.0008140736092446675 1.311659136268578e-05
0.0008140736092446675 1.311659136268578e-05
0.0008140736092446675 1.311659136268578e-05
0.00032674190983054995 1.268972004614867e-05
0.00032674190983054995 1.268972004614867e-05
0.00032674190983054995 1.268972004614867e-05
0.00032674190983054995 1.268972004614867e-05
0.00032674190983054995 1.268972004614867e-05
0.00032674190983054995 1.268972004614867e-05
0.0005566770661283416 1.1608682296476765e-05
0.0005566770661283416 1.1608682296476765e-05
0.0005566770661283416 1.1608682296476765e-05
0.0005566770661283416 1.1608682296476765e-05
0.0005566770661283416 1.1608682296476765e-05
0.0005566770661283416 1.1608682296476765e-05
0.0007288626501459279 1.311659136268578e-05
0.0007288626501459279 1.311659136268578e-05
0.0007288626501459279 1.311659136268578e-05
0.0007288626501459279 1.311659136268578e-05
0.00017767391471652094 1.1242792596587812e-05
0.00017767391471652094 1.1242792596587812e-05
0.00017767391471652094 1.1242792596587812e-05
0.00017767391471652094 1.1242792596587812e-05
0.0004629437777869867 1.3543462679222892e-05
0.0004629437777869867 1.3543462679222892e-05
0.00017999970925584033 1.2688446082261009e-05
0.00017999970925584033 1.2688446082261009e-05
0.00017999970925584033 1.2688446082261009e-05
0.00017999970925584033 1.2688446082261009e-05
0.0007380249749233162 1.2688446082261009e-05
0.0007380249749233162 1.2688446082261009e-05
0.0008473786991137149 1.3111394285003042e-05
0.0008473786991137149 1.3111394285003042e-05
0.0008473786991137149 1.3111394285003042e-05
0.0008473786991137149 1.3111394285003042e-05
0.00047811326423313804 1.3534342487745076e-05
0.00047811326423313804 1.3534342487745076e-05
0.00059651979240867 1.3111394285003042e-05
0.00059651979240867 1.3111394285003042e-05
0.0003348655550548295 1.3534342487745076e-05
0.0003348655550548295 1.3534342487745076e-05
0.0003348655550548295 1.3534342487745076e-05
0.0005083370887787291 1.1238337958574035e-05
0.0005083370887787291 1.1238337958574035e-05
0.0005083370887787291 1.1238337958574035e-05
0.0006854875052697379 1.3534342487745076e-05
0.0006854875052697379 1.3534342487745076e-05
0.00017278925409585836 1.1238337958574035e-05
0.00017278925409585836 1.1238337958574035e-05
0.0006537673174490107 1.3534342487745076e-05
0.0006021765892824747 1.4786338553148375e-05
0.0006021765892824747 1.4786338553148375e-05
0.0006021765892824747 1.4786338553148375e-05
0.0006021765892824747 1.4786338553148375e-05
0.0006021765892824747 1.4786338553148375e-05
0.0006021765892824747 1.4786338553148375e-05
0.0006021765892824747 1.4786338553148375e-05
0.0006021765892824747 1.4786338553148375e-05
0.00015047936371302738 1.4379141622252722e-05
0.00015047936371302738 1.4379141622252722e-05
0.00015047936371302738 1.4379141622252722e-05
0.00015047936371302738 1.4379141622252722e-05
0.0003237634210796202 1.267570112800591e-05
0.0003237634210796202 1.267570112800591e-05
0.0003237634210796202 1.267570112800591e-05
0.0003237634210796202 1.267570112800591e-05
0.0003237634210796202 1.267570112800591e-05
0.0003237634210796202 1.267570112800591e-05
0.0003237634210796202 1.267570112800591e-05
0.0003237634210796202 1.267570112800591e-05
0.00020939789536371102 1.485844634299448e-05
0.00020939789536371102 1.485844634299448e-05
0.00020939789536371102 1.485844634299448e-05
0.00020939789536371102 1.485844634299448e-05
0.00034410461008184786 1.3096471289931417e-05
0.00034410461008184786 1.3096471289931417e-05
0.00034410461008184786 1.3096471289931417e-05
0.00034410461008184786 1.3096471289931417e-05
0.00045681944947633123 1.5279216504919987e-05
0.00045681944947633123 1.5279216504919987e-05
0.00045681944947633123 1.5279216504919987e-05
0.00045681944947633123 1.5279216504919987e-05
0.00045681944947633123 1.5279216504919987e-05
0.00045681944947633123 1.5279216504919987e-05
0.00028464189612739747 1.1225546819941215e-05
0.00028464189612739747 1.1225546819941215e-05
0.00028464189612739747 1.1225546819941215e-05
0.00028464189612739747 1.1225546819941215e-05
0.00028464189612739747 1.1225546819941215e-05
0.00028464189612739747 1.1225546819941215e-05
0.0006853846548727159 1.3543539586977268e-05
0.0006853846548727159 1.3543539586977268e-05
0.0006853846548727159 1.3543539586977268e-05
0.0006853846548727159 1.3543539586977268e-05
0.0002869395547433016 1.1225546819941215e-05
0.0002869395547433016 1.1225546819941215e-05
0.0002869395547433016 1.1225546819941215e-05
0.0002869395547433016 1.1225546819941215e-05
0.0005904637130299711 1.3096471289931417e-05
0.0005904637130299711 1.3096471289931417e-05