0.0012320497200509247 0.0012183602787170255
0.0012320497200509247 0.0012183602787170255
0.0012320497200509247 0.0012183602787170255
0.0012320497200509247 0.0012183602787170255
0.0012320497200509247 0.0012183602787170255
0.0012320497200509247 0.0012183602787170255
0.0012320497200509247 0.0012183602787170255
0.0012320497200509247 0.0012183602787170255
0.0012320497200509247 0.0012183602787170255
0.0012320497200509247 0.0012183602787170255
0.0012320497200509247 0.0012183602787170255
0.0012320497200509247 0.0012183602787170255
0.001245739161384824 0.0012183602787170255
0.001245739161384824 0.0012183602787170255
0.001245739161384824 0.0012183602787170255
0.001245739161384824 0.0012183602787170255
0.0012320497200509247 0.0012183602787170255
0.0012320497200509247 0.0012183602787170255
0.0012320497200509247 0.0012183602787170255
0.0012320497200509247 0.0012183602787170255
0.0012320497200509247 0.0012183602787170255
0.0012320497200509247 0.0012183602787170255
0.001259428602718723 0.001245739161384824
0.001259428602718723 0.001245739161384824
0.001259428602718723 0.001245739161384824
0.001259428602718723 0.001245739161384824
0.001259428602718723 0.001245739161384824
0.001259428602718723 0.001245739161384824
0.001259428602718723 0.001245739161384824
0.001259428602718723 0.001245739161384824
0.001259428602718723 0.001245739161384824
0.001259428602718723 0.001245739161384824
0.001259428602718723 0.001245739161384824
0.001259428602718723 0.001245739161384824
0.001259428602718723 0.001245739161384824
0.001259428602718723 0.001245739161384824
0.001259428602718723 0.001245739161384824
0.001259428602718723 0.001245739161384824
0.0012183602787170255 0.0012183602787170255
0.0012183602787170255 0.0012183602787170255
0.0012183602787170255 0.0012183602787170255
0.0012183602787170255 0.0012183602787170255
0.0012183602787170255 0.0012183602787170255
0.0012183602787170255 0.0012183602787170255
0.0012183602787170255 0.0012183602787170255
0.0012183602787170255 0.0012183602787170255
0.0012183602787170255 0.0012183602787170255
0.0012183602787170255 0.0012183602787170255
0.0012320497200509247 0.0012183602787170255
0.0012320497200509247 0.0012183602787170255
0.0012183602787170255 0.0012183602787170255
0.0012183602787170255 0.0012183602787170255
0.0012183602787170255 0.0012183602787170255
0.0012183602787170255 0.0012183602787170255
0.0012183602787170255 0.0012183602787170255
0.0012183602787170255 0.0012183602787170255
0.001259428602718723 0.001245739161384824
0.001259428602718723 0.001245739161384824
0.001259428602718723 0.001245739161384824
0.001259428602718723 0.001245739161384824
0.001259428602718723 0.001245739161384824
0.001259428602718723 0.001245739161384824
0.001259428602718723 0.001245739161384824
0.001259428602718723 0.001245739161384824
0.001259428602718723 0.001245739161384824
0.001259428602718723 0.001245739161384824
0.001259428602718723 0.001245739161384824
0.001259428602718723 0.001245739161384824
0.001259428602718723 0.001245739161384824
0.001259428602718723 0.001245739161384824
0.001259428602718723 0.001245739161384824
0.001259428602718723 0.001245739161384824
0.001259428602718723 0.001245739161384824
0.001259428602718723 0.001245739161384824
0.001259428602718723 0.001245739161384824
0.001259428602718723 0.001245739161384824
0.001259428602718723 0.001245739161384824
0.001259428602718723 0.001245739161384824
0.001259428602718723 0.001245739161384824
0.001259428602718723 0.001245739161384824
0.001245739161384824 0.001245739161384824
0.001245739161384824 0.001245739161384824
0.001245739161384824 0.001245739161384824
0.001245739161384824 0.001245739161384824
0.001245739161384824 0.001245739161384824
0.001245739161384824 0.001245739161384824
0.001245739161384824 0.001245739161384824
0.001245739161384824 0.001245739161384824
0.001245739161384824 0.001245739161384824
0.001245739161384824 0.001245739161384824
0.001245739161384824 0.001245739161384824
0.001245739161384824 0.001245739161384824
0.001245739161384824 0.001245739161384824
0.001245739161384824 0.001245739161384824
0.001245739161384824 0.001245739161384824
0.001245739161384824 0.001245739161384824
0.001259428602718723 0.001245739161384824
0.001259428602718723 0.001245739161384824
0.001259428602718723 0.001245739161384824
0.001259428602718723 0.001245739161384824
0.001259428602718723 0.001245739161384824
0.001259428602718723 0.001245739161384824
0.001259428602718723 0.001245739161384824
0.001259428602718723 0.001245739161384824
0.001259428602718723 0.001245739161384824
0.001259428602718723 0.001245739161384824
0.001259428602718723 0.001245739161384824
0.001259428602718723 0.001245739161384824
0.001259428602718723 0.001245739161384824
0.001259428602718723 0.001245739161384824
0.001259428602718723 0.001245739161384824
0.001259428602718723 0.001245739161384824
0.001259428602718723 0.001245739161384824
0.001259428602718723 0.001245739161384824
0.001259428602718723 0.001245739161384824
0.001259428602718723 0.001245739161384824
0.001259428602718723 0.001245739161384824
0.001259428602718723 0.001245739161384824
0.001259428602718723 0.001245739161384824
0.001259428602718723 0.001245739161384824
0.001259428602718723 0.0012731180440526222
0.001259428602718723 0.0012731180440526222
0.001259428602718723 0.0012731180440526222
0.001259428602718723 0.0012731180440526222
0.001259428602718723 0.0012731180440526222
0.001259428602718723 0.0012731180440526222
0.001259428602718723 0.0012731180440526222
0.001259428602718723 0.0012731180440526222
0.001259428602718723 0.0012731180440526222
0.001259428602718723 0.0012731180440526222
0.001259428602718723 0.0012731180440526222
0.001259428602718723 0.0012731180440526222
0.001259428602718723 0.0012731180440526222
0.001259428602718723 0.0012731180440526222
0.001259428602718723 0.0012731180440526222
0.001259428602718723 0.0012731180440526222
0.001259428602718723 0.0012731180440526222
0.001259428602718723 0.0012731180440526222
0.001259428602718723 0.0012731180440526222
0.001259428602718723 0.0012731180440526222
0.001259428602718723 0.0012731180440526222
0.001259428602718723 0.0012731180440526222
0.001259428602718723 0.0012731180440526222
0.001259428602718723 0.0012731180440526222
0.001259428602718723 0.001259428602718723
0.001259428602718723 0.001259428602718723
0.001259428602718723 0.001259428602718723
0.001259428602718723 0.001259428602718723
0.001259428602718723 0.001259428602718723
0.001259428602718723 0.001259428602718723
0.001259428602718723 0.001259428602718723
0.001259428602718723 0.001259428602718723
0.001259428602718723 0.001259428602718723
0.001259428602718723 0.001259428602718723
0.001259428602718723 0.001259428602718723
0.001259428602718723 0.001259428602718723
0.001259428602718723 0.001259428602718723
0.001259428602718723 0.001259428602718723
0.001259428602718723 0.001259428602718723
0.001259428602718723 0.001259428602718723
0.001259428602718723 0.001259428602718723
0.001259428602718723 0.001259428602718723
0.001259428602718723 0.001259428602718723
0.001259428602718723 0.001259428602718723
0.001259428602718723 0.001259428602718723
0.001259428602718723 0.001259428602718723
0.001259428602718723 0.001259428602718723
0.001259428602718723 0.001259428602718723
0.001259428602718723 0.001259428602718723
0.001259428602718723 0.001259428602718723
0.001259428602718723 0.001259428602718723
0.001259428602718723 0.001259428602718723
0.001259428602718723 0.001259428602718723
0.001259428602718723 0.001259428602718723
0.001259428602718723 0.001259428602718723
0.001259428602718723 0.001259428602718723
0.001259428602718723 0.001259428602718723
0.001259428602718723 0.001259428602718723
0.001259428602718723 0.001259428602718723
0.001259428602718723 0.001259428602718723
0.001259428602718723 0.001259428602718723
0.001259428602718723 0.001259428602718723
0.001245739161384824 0.0012320497200509247
0.001245739161384824 0.0012320497200509247
0.001245739161384824 0.0012320497200509247
0.001245739161384824 0.0012320497200509247
0.001245739161384824 0.0012320497200509247
0.001245739161384824 0.0012320497200509247
0.001245739161384824 0.0012320497200509247
0.001245739161384824 0.0012320497200509247
0.001245739161384824 0.0012320497200509247
0.001245739161384824 0.0012320497200509247
0.001245739161384824 0.0012320497200509247
0.001245739161384824 0.0012320497200509247
0.001245739161384824 0.0012320497200509247
0.001245739161384824 0.0012320497200509247
0.001245739161384824 0.0012320497200509247
0.001245739161384824 0.0012320497200509247
0.001245739161384824 0.0012320497200509247
0.001245739161384824 0.0012320497200509247