1.3191692630136118e-05 1.321988344617257e-05
1.3191692630136118e-05 1.321988344617257e-05
1.3191692630136118e-05 1.321988344617257e-05
1.3191692630136118e-05 1.321988344617257e-05
1.3191692630136118e-05 1.321988344617257e-05
1.3191692630136118e-05 1.321988344617257e-05
1.3191692630136118e-05 1.321988344617257e-05
1.3191692630136118e-05 1.321988344617257e-05
1.3191692630136118e-05 1.321988344617257e-05
1.3191692630136118e-05 1.321988344617257e-05
1.3191692630136118e-05 1.321988344617257e-05
1.3191692630136118e-05 1.321988344617257e-05
1.3191692630136118e-05 1.321988344617257e-05
1.3191692630136118e-05 1.321988344617257e-05
1.3191692630136118e-05 1.321988344617257e-05
1.3191692630136118e-05 1.321988344617257e-05
1.3191692630136118e-05 1.321988344617257e-05
1.3191692630136118e-05 1.321988344617257e-05
1.434508974454991e-05 1.321993639144166e-05
1.434508974454991e-05 1.321993639144166e-05
1.434508974454991e-05 1.321993639144166e-05
1.434508974454991e-05 1.321993639144166e-05
1.434508974454991e-05 1.321993639144166e-05
1.434508974454991e-05 1.321993639144166e-05
1.434508974454991e-05 1.321993639144166e-05
1.434508974454991e-05 1.321993639144166e-05
1.434508974454991e-05 1.321993639144166e-05
1.434508974454991e-05 1.321993639144166e-05
1.434508974454991e-05 1.321993639144166e-05
1.434508974454991e-05 1.321993639144166e-05
1.434508974454991e-05 1.321993639144166e-05
1.434508974454991e-05 1.321993639144166e-05
1.434508974454991e-05 1.321993639144166e-05
1.434508974454991e-05 1.321993639144166e-05
1.434508974454991e-05 1.321993639144166e-05
1.434508974454991e-05 1.321993639144166e-05
1.434508974454991e-05 1.321993639144166e-05
1.434508974454991e-05 1.321993639144166e-05
1.434508974454991e-05 1.321993639144166e-05
1.434508974454991e-05 1.321993639144166e-05
1.4376621678992295e-05 1.3219948018930322e-05
1.4376621678992295e-05 1.3219948018930322e-05
1.4376621678992295e-05 1.3219948018930322e-05
1.4376621678992295e-05 1.3219948018930322e-05
1.4376621678992295e-05 1.3219948018930322e-05
1.4376621678992295e-05 1.3219948018930322e-05
1.4376621678992295e-05 1.3219948018930322e-05
1.4376621678992295e-05 1.3219948018930322e-05
1.4376621678992295e-05 1.3219948018930322e-05
1.4376621678992295e-05 1.3219948018930322e-05
1.4376621678992295e-05 1.3219948018930322e-05
1.4376621678992295e-05 1.3219948018930322e-05
1.4376621678992295e-05 1.3219948018930322e-05
1.4376621678992295e-05 1.3219948018930322e-05
1.4376621678992295e-05 1.3219948018930322e-05
1.4376621678992295e-05 1.3219948018930322e-05
1.4376621678992295e-05 1.3219948018930322e-05
1.4376621678992295e-05 1.3219948018930322e-05
1.4376621678992295e-05 1.3219948018930322e-05
1.4376621678992295e-05 1.3219948018930322e-05
1.4376621678992295e-05 1.3219948018930322e-05
1.4376621678992295e-05 1.3219948018930322e-05
1.391453890479106e-05 1.3219863731431492e-05
1.391453890479106e-05 1.3219863731431492e-05
1.391453890479106e-05 1.3219863731431492e-05
1.391453890479106e-05 1.3219863731431492e-05
1.391453890479106e-05 1.3219863731431492e-05
1.391453890479106e-05 1.3219863731431492e-05
1.391453890479106e-05 1.3219863731431492e-05
1.391453890479106e-05 1.3219863731431492e-05
1.391453890479106e-05 1.3219863731431492e-05
1.391453890479106e-05 1.3219863731431492e-05
1.391453890479106e-05 1.3219863731431492e-05
1.391453890479106e-05 1.3219863731431492e-05
1.391453890479106e-05 1.3219863731431492e-05
1.391453890479106e-05 1.3219863731431492e-05
1.391453890479106e-05 1.3219863731431492e-05
1.391453890479106e-05 1.3219863731431492e-05
1.391453890479106e-05 1.3219863731431492e-05
1.391453890479106e-05 1.3219863731431492e-05
1.391453890479106e-05 1.3219863731431492e-05
1.391453890479106e-05 1.3219863731431492e-05
1.19896081764852e-05 1.3219865252213224e-05
1.19896081764852e-05 1.3219865252213224e-05
1.19896081764852e-05 1.3219865252213224e-05
1.19896081764852e-05 1.3219865252213224e-05
1.19896081764852e-05 1.3219865252213224e-05
1.19896081764852e-05 1.3219865252213224e-05
1.19896081764852e-05 1.3219865252213224e-05
1.19896081764852e-05 1.3219865252213224e-05
1.2339770661710519e-05 1.3219926779741612e-05
1.2339770661710519e-05 1.3219926779741612e-05
1.2339770661710519e-05 1.3219926779741612e-05
1.2339770661710519e-05 1.3219926779741612e-05
1.2339770661710519e-05 1.3219926779741612e-05
1.2339770661710519e-05 1.3219926779741612e-05
1.2339770661710519e-05 1.3219926779741612e-05
1.2339770661710519e-05 1.3219926779741612e-05
1.2339770661710519e-05 1.3219926779741612e-05
1.2339770661710519e-05 1.3219926779741612e-05
1.2339770661710519e-05 1.3219926779741612e-05
1.2339770661710519e-05 1.3219926779741612e-05
1.2339770661710519e-05 1.3219926779741612e-05
1.2339770661710519e-05 1.3219926779741612e-05
1.2339770661710519e-05 1.3219926779741612e-05
1.2339770661710519e-05 1.3219926779741612e-05
1.2339770661710519e-05 1.3219926779741612e-05
1.2339770661710519e-05 1.3219926779741612e-05
1.232551225679876e-05 1.3219895811288106e-05
1.232551225679876e-05 1.3219895811288106e-05
1.232551225679876e-05 1.3219895811288106e-05
1.232551225679876e-05 1.3219895811288106e-05
1.232551225679876e-05 1.3219895811288106e-05
1.232551225679876e-05 1.3219895811288106e-05
1.232551225679876e-05 1.3219895811288106e-05
1.232551225679876e-05 1.3219895811288106e-05
1.218573063167719e-05 1.3219843768265566e-05
1.218573063167719e-05 1.3219843768265566e-05
1.218573063167719e-05 1.3219843768265566e-05
1.218573063167719e-05 1.3219843768265566e-05
1.218573063167719e-05 1.3219843768265566e-05
1.218573063167719e-05 1.3219843768265566e-05
1.218573063167719e-05 1.3219843768265566e-05
1.218573063167719e-05 1.3219843768265566e-05
1.218573063167719e-05 1.3219843768265566e-05
1.218573063167719e-05 1.3219843768265566e-05
1.218573063167719e-05 1.3219843768265566e-05
1.218573063167719e-05 1.3219843768265566e-05
1.218573063167719e-05 1.3219843768265566e-05
1.218573063167719e-05 1.3219843768265566e-05
1.218573063167719e-05 1.3219843768265566e-05
1.218573063167719e-05 1.3219843768265566e-05
1.218573063167719e-05 1.3219843768265566e-05
1.218573063167719e-05 1.3219843768265566e-05
1.2455073057253149e-05 1.3219843270571859e-05
1.2455073057253149e-05 1.3219843270571859e-05
1.2455073057253149e-05 1.3219843270571859e-05
1.2455073057253149e-05 1.3219843270571859e-05
1.2455073057253149e-05 1.3219843270571859e-05
1.2455073057253149e-05 1.3219843270571859e-05
1.3161802595238664e-05 1.3219947762587464e-05
1.3161802595238664e-05 1.3219947762587464e-05
1.3161802595238664e-05 1.3219947762587464e-05
1.3161802595238664e-05 1.3219947762587464e-05
1.3161802595238664e-05 1.3219947762587464e-05
1.3161802595238664e-05 1.3219947762587464e-05
1.3161802595238664e-05 1.3219947762587464e-05
1.3161802595238664e-05 1.3219947762587464e-05
1.3161802595238664e-05 1.3219947762587464e-05
1.3161802595238664e-05 1.3219947762587464e-05
1.3161802595238664e-05 1.3219947762587464e-05
1.3161802595238664e-05 1.3219947762587464e-05
1.405581689745244e-05 1.32199093299679e-05
1.405581689745244e-05 1.32199093299679e-05
1.405581689745244e-05 1.32199093299679e-05
1.405581689745244e-05 1.32199093299679e-05
1.405581689745244e-05 1.32199093299679e-05
1.405581689745244e-05 1.32199093299679e-05
1.405581689745244e-05 1.32199093299679e-05
1.405581689745244e-05 1.32199093299679e-05
1.405581689745244e-05 1.32199093299679e-05
1.405581689745244e-05 1.32199093299679e-05
1.405581689745244e-05 1.32199093299679e-05
1.405581689745244e-05 1.32199093299679e-05
1.405581689745244e-05 1.32199093299679e-05
1.405581689745244e-05 1.32199093299679e-05
1.405581689745244e-05 1.32199093299679e-05
1.405581689745244e-05 1.32199093299679e-05
1.405581689745244e-05 1.32199093299679e-05
1.405581689745244e-05 1.32199093299679e-05
1.405581689745244e-05 1.32199093299679e-05
1.405581689745244e-05 1.32199093299679e-05
1.405581689745244e-05 1.32199093299679e-05
1.405581689745244e-05 1.32199093299679e-05
1.4123515400961757e-05 1.3219873152768421e-05
1.4123515400961757e-05 1.3219873152768421e-05
1.4123515400961757e-05 1.3219873152768421e-05
1.4123515400961757e-05 1.3219873152768421e-05
1.4123515400961757e-05 1.3219873152768421e-05
1.4123515400961757e-05 1.3219873152768421e-05
1.4123515400961757e-05 1.3219873152768421e-05
1.4123515400961757e-05 1.3219873152768421e-05
1.4123515400961757e-05 1.3219873152768421e-05
1.4123515400961757e-05 1.3219873152768421e-05
1.4123515400961757e-05 1.3219873152768421e-05
1.4123515400961757e-05 1.3219873152768421e-05
1.4123515400961757e-05 1.3219873152768421e-05
1.4123515400961757e-05 1.3219873152768421e-05
1.4123515400961757e-05 1.3219873152768421e-05
1.4123515400961757e-05 1.3219873152768421e-05
1.4123515400961757e-05 1.3219873152768421e-05
1.4123515400961757e-05 1.3219873152768421e-05
1.4123515400961757e-05 1.3219873152768421e-05
1.4123515400961757e-05 1.3219873152768421e-05
1.4123515400961757e-05 1.3219873152768421e-05
1.4123515400961757e-05 1.3219873152768421e-05
1.4123515400961757e-05 1.3219873152768421e-05
1.4123515400961757e-05 1.3219873152768421e-05
1.4123515400961757e-05 1.3219873152768421e-05
1.4123515400961757e-05 1.3219873152768421e-05