0.00045401461759762607 1.361674736136836e-05
0.0004596415028855418 1.3621820665154264e-05
0.00038221556132382156 1.361674736136836e-05
0.00047911052598173016 1.3614437872331493e-05
0.00041548920965969646 1.361674736136836e-05
0.0005253635230483974 1.3636089332052121e-05
0.00025733622050067874 1.361674736136836e-05
0.00032429615542687576 1.361674736136836e-05
0.000317581405649963 1.361674736136836e-05
0.00025350993850489605 1.3626730313979333e-05
0.00029508510109623566 1.4077693944827651e-05
0.0005290594813350089 1.4280670768444563e-05
0.00038500087532022703 1.4315149023415106e-05
0.000341859973634708 1.2211975470211939e-05
0.00037883312662484757 1.3636705941736665e-05
0.0005325934346415507 1.3611264326173724e-05
0.00034509387430201505 1.3636705941736665e-05
0.0003858010156915195 1.4315149023415106e-05
0.0005491630081637321 1.4756137026506092e-05
0.00046161431587148105 1.3393779547974385e-05
0.00041777391548307094 1.3631160538945422e-05
0.00045918336165126904 1.4068787279833034e-05
0.00034142005214181007 1.3631160538945422e-05
0.00042355294461698614 1.280889588163903e-05
0.00037890059001392915 1.5206410216019239e-05
0.00045864287691212586 1.2779213005261333e-05
0.0004281470648997029 1.4303267067830252e-05
0.0004508058481945502 1.5206410216019239e-05
0.0003794410747530723 1.3631160538945422e-05
0.00048132244808155565 1.4715880854212168e-05
0.0004484453389272925 1.4315149023415106e-05
0.0003374258624104622 1.3413153385314753e-05
0.0004919863107984577 1.4315149023415106e-05
0.00042347429150653995 1.2211975470211939e-05
0.0003938357585865814 1.3636705941736665e-05
0.0005520968561918046 1.3833878462349463e-05
0.0004544797308941232 1.3840238866240198e-05
0.00038133356528513655 1.519712502959708e-05
0.00039920336691066834 1.519712502959708e-05
0.00040790489344847395 1.4706895189932657e-05
0.0003813963014988391 1.4297235867732239e-05
0.0003813963014988391 1.4297235867732239e-05
0.0003813963014988391 1.4297235867732239e-05
0.00029576989752684433 1.3852513104297104e-05
0.00029576989752684433 1.3852513104297104e-05
0.00029576989752684433 1.3852513104297104e-05
0.00037786907747158364 1.5213725346433023e-05
0.00037786907747158364 1.5213725346433023e-05
0.00037786907747158364 1.5213725346433023e-05
0.0003904576183964437 1.22016211194194e-05
0.0003904576183964437 1.22016211194194e-05
0.0003904576183964437 1.22016211194194e-05
0.0003418670667106313 1.3625143583351664e-05
0.0003418670667106313 1.3625143583351664e-05
0.0003418670667106313 1.3625143583351664e-05
0.000565389685886105 1.4033745142605763e-05
0.000565389685886105 1.4033745142605763e-05
0.000565389685886105 1.4033745142605763e-05
0.00041429678768410135 1.3625143583351664e-05
0.00041429678768410135 1.3625143583351664e-05
0.00041429678768410135 1.3625143583351664e-05
0.000382278107505653 1.4297235867732239e-05
0.000382278107505653 1.4297235867732239e-05
0.000382278107505653 1.4297235867732239e-05
0.00036920305292186114 1.3625143583351664e-05
0.00036920305292186114 1.3625143583351664e-05
0.00036920305292186114 1.3625143583351664e-05
0.00037945024686311196 1.3185622822598384e-05
0.00037945024686311196 1.3185622822598384e-05
0.00037945024686311196 1.3185622822598384e-05
0.00025450814791029526 1.3635383114431812e-05
0.00025450814791029526 1.3635383114431812e-05
0.00037982479999122904 1.4074910107437073e-05
0.00037982479999122904 1.4074910107437073e-05
0.0002562503257196659 1.3635383114431812e-05
0.0002562503257196659 1.3635383114431812e-05
0.0004510738648847992 1.3006550252370978e-05
0.0004510738648847992 1.3006550252370978e-05
0.0004434142900332561 1.384987228701838e-05
0.0004434142900332561 1.384987228701838e-05
0.00033804257011477195 1.2783171669779825e-05
0.00033804257011477195 1.2783171669779825e-05
0.0004022027735771101 1.4064361459604948e-05
0.0004022027735771101 1.4064361459604948e-05
0.0004827935160347192 1.5198089943276806e-05
0.0004827935160347192 1.5198089943276806e-05
0.00029478850036488113 1.3635383114431812e-05
0.00029478850036488113 1.3635383114431812e-05
0.00041493869411457794 1.3195532046224335e-05
0.00041493869411457794 1.3195532046224335e-05
0.0004227237963399156 1.4307223542340106e-05
0.0004227237963399156 1.4307223542340106e-05
0.0003832847974179495 1.4072678894105021e-05
0.0003832847974179495 1.4072678894105021e-05
0.00038245450270380285 1.5199195084880013e-05
0.00038245450270380285 1.5199195084880013e-05
0.00042210107530430563 1.2812438993140393e-05
0.00042210107530430563 1.2812438993140393e-05
0.00042227405336975283 1.5199195084880013e-05
0.00042227405336975283 1.5199195084880013e-05
0.00025635349299277965 1.2777492346884165e-05
0.00025635349299277965 1.2777492346884165e-05
0.00032672097001670863 1.3629325170009775e-05
0.00032672097001670863 1.3629325170009775e-05
0.0003443301370792356 1.3629325170009775e-05
0.0003443301370792356 1.3629325170009775e-05
0.00033412443121784966 1.4093150372130528e-05
0.00033412443121784966 1.4093150372130528e-05
0.00029523896210531466 1.31896695193643e-05
0.00029523896210531466 1.31896695193643e-05
0.00031749320849743456 1.3631160538945422e-05
0.0005296542564857025 1.4296036413574831e-05
0.00041033185638256143 1.3631160538945422e-05
0.00042712845904516384 1.280889588163903e-05
0.0004505563936995611 1.4303267067830252e-05
0.0003919761631262768 1.4256009577518036e-05
0.0004804077815999288 1.5206410216019239e-05
0.00042355294461698614 1.4303267067830252e-05
0.00047951390299288434 1.5206410216019239e-05
0.00031959278383025987 1.319144568285041e-05
0.000555561929959234 1.4974056377750092e-05
0.000555561929959234 1.4974056377750092e-05
0.000555561929959234 1.4974056377750092e-05
0.000555561929959234 1.4974056377750092e-05
0.00045224061999502425 1.4279709032833343e-05
0.00045224061999502425 1.4279709032833343e-05
0.00045224061999502425 1.4279709032833343e-05
0.00045224061999502425 1.4279709032833343e-05
0.00046438619110132623 1.4289528086195803e-05
0.00046438619110132623 1.4289528086195803e-05
0.00046438619110132623 1.4289528086195803e-05
0.00046438619110132623 1.4289528086195803e-05
0.0003995445130983268 1.3613939529792409e-05
0.0003995445130983268 1.3613939529792409e-05
0.0003995445130983268 1.3613939529792409e-05
0.0003995445130983268 1.3613939529792409e-05
0.00042750171479232613 1.4289528086195803e-05
0.00042750171479232613 1.4289528086195803e-05
0.00042750171479232613 1.4289528086195803e-05
0.00042750171479232613 1.4289528086195803e-05
0.0004679962802089598 1.4038177854140712e-05
0.0004679962802089598 1.4038177854140712e-05
0.0004679962802089598 1.4038177854140712e-05
0.0004679962802089598 1.4038177854140712e-05
0.0005513921371139829 1.4974056377750092e-05
0.0005513921371139829 1.4974056377750092e-05
0.0005513921371139829 1.4974056377750092e-05
0.0005513921371139829 1.4974056377750092e-05
0.0005456271886165215 1.474588028056533e-05
0.0005456271886165215 1.474588028056533e-05
0.0005456271886165215 1.474588028056533e-05
0.0005456271886165215 1.474588028056533e-05
0.0003406636799009548 1.3633521806789607e-05
0.0003406636799009548 1.3633521806789607e-05
0.0003406636799009548 1.3633521806789607e-05
0.0003406636799009548 1.3633521806789607e-05
0.00038787469016899977 1.3193730780764136e-05
0.00038787469016899977 1.3193730780764136e-05
0.00038787469016899977 1.3193730780764136e-05
0.00038787469016899977 1.3193730780764136e-05
0.0004029224991833514 1.361674736136836e-05
0.0004516513257767015 1.4953562908954262e-05
0.00040828679649116436 1.4313058305983786e-05
0.000317581405649963 1.2194102114658232e-05
0.00047911052598173016 1.5202788957436833e-05
0.000356969602665373 1.425261464759703e-05
0.00037580091209559764 1.5202788957436833e-05
0.00042918129719362474 1.4313058305983786e-05
0.0004630926591954634 1.5202788957436833e-05
0.00044508662627413317 1.3402113880232421e-05