0.00042437268135087406 0.0004106832400169749
0.00042437268135087406 0.0004106832400169749
0.00042437268135087406 0.0004106832400169749
0.00042437268135087406 0.0004106832400169749
0.00042437268135087406 0.0004106832400169749
0.00042437268135087406 0.0004106832400169749
0.00042437268135087406 0.0004106832400169749
0.00042437268135087406 0.0004106832400169749
0.00042437268135087406 0.0004106832400169749
0.00042437268135087406 0.0004106832400169749
0.00042437268135087406 0.0004106832400169749
0.00042437268135087406 0.0004106832400169749
0.00042437268135087406 0.0004106832400169749
0.00042437268135087406 0.0004106832400169749
0.00042437268135087406 0.0004106832400169749
0.00042437268135087406 0.0004106832400169749
0.00042437268135087406 0.0004106832400169749
0.00042437268135087406 0.0004106832400169749
0.00042437268135087406 0.0004106832400169749
0.00042437268135087406 0.0004106832400169749
0.00042437268135087406 0.0004106832400169749
0.00042437268135087406 0.0004106832400169749
0.00042437268135087406 0.00042437268135087406
0.00042437268135087406 0.00042437268135087406
0.00042437268135087406 0.00042437268135087406
0.00042437268135087406 0.00042437268135087406
0.00042437268135087406 0.00042437268135087406
0.00042437268135087406 0.00042437268135087406
0.00042437268135087406 0.00042437268135087406
0.00042437268135087406 0.00042437268135087406
0.00042437268135087406 0.00042437268135087406
0.00042437268135087406 0.00042437268135087406
0.00042437268135087406 0.00042437268135087406
0.00042437268135087406 0.00042437268135087406
0.00042437268135087406 0.00042437268135087406
0.00042437268135087406 0.00042437268135087406
0.00042437268135087406 0.00042437268135087406
0.00042437268135087406 0.00042437268135087406
0.00038330435734917656 0.00038330435734917656
0.00038330435734917656 0.00038330435734917656
0.00038330435734917656 0.00038330435734917656
0.00038330435734917656 0.00038330435734917656
0.00038330435734917656 0.00038330435734917656
0.00038330435734917656 0.00038330435734917656
0.00038330435734917656 0.00038330435734917656
0.00038330435734917656 0.00038330435734917656
0.00038330435734917656 0.00038330435734917656
0.00038330435734917656 0.00038330435734917656
0.00039699379868307573 0.00038330435734917656
0.00039699379868307573 0.00038330435734917656
0.00038330435734917656 0.00038330435734917656
0.00038330435734917656 0.00038330435734917656
0.00038330435734917656 0.00038330435734917656
0.00038330435734917656 0.00038330435734917656
0.00038330435734917656 0.00038330435734917656
0.00038330435734917656 0.00038330435734917656
0.00042437268135087406 0.00042437268135087406
0.00042437268135087406 0.00042437268135087406
0.00042437268135087406 0.00042437268135087406
0.00042437268135087406 0.00042437268135087406
0.00042437268135087406 0.00042437268135087406
0.00042437268135087406 0.00042437268135087406
0.00042437268135087406 0.00042437268135087406
0.00042437268135087406 0.00042437268135087406
0.00042437268135087406 0.00042437268135087406
0.00042437268135087406 0.00042437268135087406
0.00042437268135087406 0.00042437268135087406
0.00042437268135087406 0.00042437268135087406
0.00042437268135087406 0.00042437268135087406
0.00042437268135087406 0.00042437268135087406
0.00042437268135087406 0.00042437268135087406
0.00042437268135087406 0.00042437268135087406
0.00042437268135087406 0.00042437268135087406
0.00042437268135087406 0.00042437268135087406
0.00042437268135087406 0.00042437268135087406
0.00042437268135087406 0.00042437268135087406
0.00042437268135087406 0.00042437268135087406
0.00042437268135087406 0.00042437268135087406
0.00042437268135087406 0.00042437268135087406
0.00042437268135087406 0.00042437268135087406
0.0004106832400169749 0.0004106832400169749
0.0004106832400169749 0.0004106832400169749
0.0004106832400169749 0.0004106832400169749
0.0004106832400169749 0.0004106832400169749
0.0004106832400169749 0.0004106832400169749
0.0004106832400169749 0.0004106832400169749
0.0004106832400169749 0.0004106832400169749
0.0004106832400169749 0.0004106832400169749
0.0004106832400169749 0.0004106832400169749
0.0004106832400169749 0.0004106832400169749
0.0004106832400169749 0.0004106832400169749
0.0004106832400169749 0.0004106832400169749
0.0004106832400169749 0.0004106832400169749
0.0004106832400169749 0.0004106832400169749
0.0004106832400169749 0.0004106832400169749
0.0004106832400169749 0.0004106832400169749
0.00042437268135087406 0.0004106832400169749
0.00042437268135087406 0.0004106832400169749
0.00042437268135087406 0.0004106832400169749
0.00042437268135087406 0.0004106832400169749
0.00042437268135087406 0.0004106832400169749
0.00042437268135087406 0.0004106832400169749
0.00042437268135087406 0.0004106832400169749
0.00042437268135087406 0.0004106832400169749
0.00042437268135087406 0.0004106832400169749
0.00042437268135087406 0.0004106832400169749
0.00042437268135087406 0.0004106832400169749
0.00042437268135087406 0.0004106832400169749
0.00042437268135087406 0.0004106832400169749
0.00042437268135087406 0.0004106832400169749
0.00042437268135087406 0.0004106832400169749
0.00042437268135087406 0.0004106832400169749
0.00042437268135087406 0.0004106832400169749
0.00042437268135087406 0.0004106832400169749
0.00042437268135087406 0.0004106832400169749
0.00042437268135087406 0.0004106832400169749
0.00042437268135087406 0.0004106832400169749
0.00042437268135087406 0.0004106832400169749
0.00042437268135087406 0.0004106832400169749
0.00042437268135087406 0.0004106832400169749
0.0004106832400169749 0.00042437268135087406
0.0004106832400169749 0.00042437268135087406
0.0004106832400169749 0.00042437268135087406
0.0004106832400169749 0.00042437268135087406
0.0004106832400169749 0.00042437268135087406
0.0004106832400169749 0.00042437268135087406
0.0004106832400169749 0.00042437268135087406
0.0004106832400169749 0.00042437268135087406
0.0004106832400169749 0.00042437268135087406
0.0004106832400169749 0.00042437268135087406
0.0004106832400169749 0.00042437268135087406
0.0004106832400169749 0.00042437268135087406
0.0004106832400169749 0.00042437268135087406
0.0004106832400169749 0.00042437268135087406
0.0004106832400169749 0.00042437268135087406
0.0004106832400169749 0.00042437268135087406
0.0004106832400169749 0.00042437268135087406
0.0004106832400169749 0.00042437268135087406
0.0004106832400169749 0.00042437268135087406
0.0004106832400169749 0.00042437268135087406
0.0004106832400169749 0.00042437268135087406
0.0004106832400169749 0.00042437268135087406
0.0004106832400169749 0.00042437268135087406
0.0004106832400169749 0.00042437268135087406
0.00042437268135087406 0.00042437268135087406
0.00042437268135087406 0.00042437268135087406
0.00042437268135087406 0.00042437268135087406
0.00042437268135087406 0.00042437268135087406
0.00042437268135087406 0.00042437268135087406
0.00042437268135087406 0.00042437268135087406
0.00042437268135087406 0.00042437268135087406
0.00042437268135087406 0.00042437268135087406
0.00042437268135087406 0.00042437268135087406
0.00042437268135087406 0.00042437268135087406
0.00042437268135087406 0.00042437268135087406
0.00042437268135087406 0.00042437268135087406
0.00042437268135087406 0.00042437268135087406
0.00042437268135087406 0.00042437268135087406
0.00042437268135087406 0.00042437268135087406
0.00042437268135087406 0.00042437268135087406
0.00042437268135087406 0.00042437268135087406
0.00042437268135087406 0.00042437268135087406
0.00042437268135087406 0.00042437268135087406
0.00042437268135087406 0.00042437268135087406
0.00042437268135087406 0.0004380621226847732
0.00042437268135087406 0.0004380621226847732
0.00042437268135087406 0.0004380621226847732
0.00042437268135087406 0.0004380621226847732
0.00042437268135087406 0.0004380621226847732
0.00042437268135087406 0.0004380621226847732
0.00042437268135087406 0.0004380621226847732
0.00042437268135087406 0.0004380621226847732
0.00042437268135087406 0.0004380621226847732
0.00042437268135087406 0.0004380621226847732
0.00042437268135087406 0.0004380621226847732
0.00042437268135087406 0.0004380621226847732
0.00042437268135087406 0.0004380621226847732
0.00042437268135087406 0.0004380621226847732
0.00042437268135087406 0.0004380621226847732
0.00042437268135087406 0.0004380621226847732
0.00042437268135087406 0.0004380621226847732
0.00042437268135087406 0.0004380621226847732
0.0004106832400169749 0.0004106832400169749
0.0004106832400169749 0.0004106832400169749
0.0004106832400169749 0.0004106832400169749
0.0004106832400169749 0.0004106832400169749
0.0004106832400169749 0.0004106832400169749
0.0004106832400169749 0.0004106832400169749
0.0004106832400169749 0.0004106832400169749
0.0004106832400169749 0.0004106832400169749
0.0004106832400169749 0.0004106832400169749
0.0004106832400169749 0.0004106832400169749
0.0004106832400169749 0.0004106832400169749
0.0004106832400169749 0.0004106832400169749
0.0004106832400169749 0.0004106832400169749
0.0004106832400169749 0.0004106832400169749
0.0004106832400169749 0.0004106832400169749
0.0004106832400169749 0.0004106832400169749
0.0004106832400169749 0.0004106832400169749
0.0004106832400169749 0.0004106832400169749