0.14286300976057167 0.14172678612985803
0.14286300976057167 0.14172678612985803
0.14286300976057167 0.14172678612985803
0.14286300976057167 0.14172678612985803
0.14286300976057167 0.14172678612985803
0.14286300976057167 0.14172678612985803
0.14286300976057167 0.14172678612985803
0.14286300976057167 0.14172678612985803
0.14286300976057167 0.14172678612985803
0.14286300976057167 0.14172678612985803
0.14286300976057167 0.14172678612985803
0.14286300976057167 0.14172678612985803
0.14286300976057167 0.14172678612985803
0.14286300976057167 0.14172678612985803
0.14286300976057167 0.14172678612985803
0.14286300976057167 0.14172678612985803
0.14286300976057167 0.14172678612985803
0.14286300976057167 0.14172678612985803
0.14286300976057167 0.14172678612985803
0.14286300976057167 0.14172678612985803
0.14286300976057167 0.14172678612985803
0.14286300976057167 0.14172678612985803
0.14286300976057167 0.14172678612985803
0.14286300976057167 0.14172678612985803
0.14286300976057167 0.14172678612985803
0.14286300976057167 0.14172678612985803
0.14286300976057167 0.1423017426658818
0.14286300976057167 0.1423017426658818
0.14286300976057167 0.1423017426658818
0.14286300976057167 0.1423017426658818
0.14286300976057167 0.1423017426658818
0.14286300976057167 0.1423017426658818
0.14286300976057167 0.1423017426658818
0.14286300976057167 0.1423017426658818
0.14286300976057167 0.1423017426658818
0.14286300976057167 0.1423017426658818
0.14286300976057167 0.1423017426658818
0.14286300976057167 0.1423017426658818
0.14286300976057167 0.1423017426658818
0.14286300976057167 0.1423017426658818
0.14286300976057167 0.1423017426658818
0.14286300976057167 0.1423017426658818
0.14286300976057167 0.1423017426658818
0.14286300976057167 0.1423017426658818
0.14286300976057167 0.1423017426658818
0.14286300976057167 0.1423017426658818
0.14286300976057167 0.1423017426658818
0.14286300976057167 0.1423017426658818
0.14286300976057167 0.1423017426658818
0.14286300976057167 0.1423017426658818
0.14286300976057167 0.1423017426658818
0.14286300976057167 0.1423017426658818
0.14286300976057167 0.1423017426658818
0.14286300976057167 0.1423017426658818
0.14286300976057167 0.1423017426658818
0.14286300976057167 0.1423017426658818
0.14286300976057167 0.1423017426658818
0.14286300976057167 0.1423017426658818
0.14286300976057167 0.1423017426658818
0.14286300976057167 0.1423017426658818
0.14284932031923778 0.1443962271899684
0.14284932031923778 0.1443962271899684
0.14284932031923778 0.1443962271899684
0.14284932031923778 0.1443962271899684
0.14284932031923778 0.1443962271899684
0.14284932031923778 0.1443962271899684
0.14284932031923778 0.1443962271899684
0.14284932031923778 0.1443962271899684
0.14284932031923778 0.1443962271899684
0.14284932031923778 0.1443962271899684
0.14284932031923778 0.1443962271899684
0.14284932031923778 0.1443962271899684
0.14284932031923778 0.1443962271899684
0.14284932031923778 0.1443962271899684
0.14284932031923778 0.1443962271899684
0.14284932031923778 0.1443962271899684
0.14284932031923778 0.1443962271899684
0.14284932031923778 0.1443962271899684
0.14284932031923778 0.1443962271899684
0.14284932031923778 0.1443962271899684
0.14284932031923778 0.1443962271899684
0.14284932031923778 0.1443962271899684
0.14284932031923778 0.1443962271899684
0.14284932031923778 0.1443962271899684
0.14284932031923778 0.1443962271899684
0.14284932031923778 0.1443962271899684
0.14284932031923778 0.1443962271899684
0.14284932031923778 0.1443962271899684
0.14284932031923778 0.1443962271899684
0.14284932031923778 0.1443962271899684
0.14284932031923778 0.1443962271899684
0.14284932031923778 0.1443962271899684
0.14284932031923778 0.1443962271899684
0.14284932031923778 0.1443962271899684
0.14284932031923778 0.1443962271899684
0.14284932031923778 0.1443962271899684
0.14284932031923778 0.1443962271899684
0.14284932031923778 0.1443962271899684
0.14287669920190557 0.14276718367123437
0.14287669920190557 0.14276718367123437
0.14287669920190557 0.14276718367123437
0.14287669920190557 0.14276718367123437
0.14287669920190557 0.14276718367123437
0.14287669920190557 0.14276718367123437
0.14287669920190557 0.14276718367123437
0.14287669920190557 0.14276718367123437
0.14287669920190557 0.14276718367123437
0.14287669920190557 0.14276718367123437
0.14287669920190557 0.14276718367123437
0.14287669920190557 0.14276718367123437
0.14287669920190557 0.14276718367123437
0.14287669920190557 0.14276718367123437
0.14287669920190557 0.14276718367123437
0.14287669920190557 0.14276718367123437
0.14284932031923778 0.143903407301948
0.14284932031923778 0.143903407301948
0.14284932031923778 0.143903407301948
0.14284932031923778 0.143903407301948
0.14284932031923778 0.143903407301948
0.14284932031923778 0.143903407301948
0.14284932031923778 0.143903407301948
0.14284932031923778 0.143903407301948
0.14284932031923778 0.143903407301948
0.14284932031923778 0.143903407301948
0.14284932031923778 0.143903407301948
0.14284932031923778 0.143903407301948
0.14284932031923778 0.143903407301948
0.14284932031923778 0.143903407301948
0.14284932031923778 0.143903407301948
0.14284932031923778 0.143903407301948
0.14284932031923778 0.143903407301948
0.14284932031923778 0.143903407301948
0.14284932031923778 0.143903407301948
0.14284932031923778 0.143903407301948
0.14284932031923778 0.143903407301948
0.14284932031923778 0.143903407301948
0.14284932031923778 0.143903407301948
0.14284932031923778 0.143903407301948
0.14284932031923778 0.143903407301948
0.14284932031923778 0.143903407301948
0.14284932031923778 0.143903407301948
0.14284932031923778 0.143903407301948
0.14284932031923778 0.143903407301948
0.14284932031923778 0.143903407301948
0.14284932031923778 0.1407000780298156
0.14284932031923778 0.1407000780298156
0.14284932031923778 0.1407000780298156
0.14284932031923778 0.1407000780298156
0.14284932031923778 0.1407000780298156
0.14284932031923778 0.1407000780298156
0.14284932031923778 0.1407000780298156
0.14284932031923778 0.1407000780298156
0.14284932031923778 0.1407000780298156
0.14284932031923778 0.1407000780298156
0.14284932031923778 0.1407000780298156
0.14284932031923778 0.1407000780298156
0.14284932031923778 0.1407000780298156
0.14284932031923778 0.1407000780298156
0.14284932031923778 0.1407000780298156
0.14284932031923778 0.1407000780298156
0.14284932031923778 0.1407000780298156
0.14284932031923778 0.1407000780298156
0.14284932031923778 0.1407000780298156
0.14284932031923778 0.1407000780298156
0.14284932031923778 0.1407000780298156
0.14284932031923778 0.1407000780298156
0.14284932031923778 0.1407000780298156
0.14284932031923778 0.1407000780298156
0.14284932031923778 0.1407000780298156
0.14284932031923778 0.1407000780298156
0.14284932031923778 0.1407000780298156
0.14284932031923778 0.1407000780298156
1.3689441333899163e-05 1.3689441333899163e-05
1.3689441333899163e-05 1.3689441333899163e-05
1.3689441333899163e-05 1.3689441333899163e-05
1.3689441333899163e-05 1.3689441333899163e-05
1.3689441333899163e-05 1.3689441333899163e-05
1.3689441333899163e-05 1.3689441333899163e-05
1.3689441333899163e-05 1.3689441333899163e-05
1.3689441333899163e-05 1.3689441333899163e-05
1.3689441333899163e-05 1.3689441333899163e-05
1.3689441333899163e-05 1.3689441333899163e-05
1.3689441333899163e-05 1.3689441333899163e-05
1.3689441333899163e-05 1.3689441333899163e-05
1.3689441333899163e-05 1.3689441333899163e-05
1.3689441333899163e-05 1.3689441333899163e-05
1.3689441333899163e-05 1.3689441333899163e-05
1.3689441333899163e-05 1.3689441333899163e-05
1.3689441333899163e-05 1.3689441333899163e-05
1.3689441333899163e-05 1.3689441333899163e-05
1.3689441333899163e-05 1.3689441333899163e-05
1.3689441333899163e-05 1.3689441333899163e-05
1.3689441333899163e-05 1.3689441333899163e-05
1.3689441333899163e-05 1.3689441333899163e-05
1.3689441333899163e-05 1.3689441333899163e-05
1.3689441333899163e-05 1.3689441333899163e-05
1.3689441333899163e-05 1.3689441333899163e-05
1.3689441333899163e-05 1.3689441333899163e-05
1.3689441333899163e-05 1.3689441333899163e-05
1.3689441333899163e-05 1.3689441333899163e-05