0.000249742096824359 1.3233710332126798e-05
0.0004005385799995938 1.3234494598473374e-05
0.0004737692572587662 1.3234494598473374e-05
0.0003248615702962446 1.3233710332126798e-05
0.0007206667814736172 1.3231506917153084e-05
0.0006531252494334607 1.3231506917153084e-05
0.0006354320078023213 1.3231506917153084e-05
0.000594458783934969 1.3231506917153084e-05
0.0005920010732003541 1.3231506917153084e-05
0.0005871425431833145 1.3231506917153084e-05
0.0005686983343832651 1.3231506917153084e-05
0.0005478191714294768 1.3231506917153084e-05
0.0003148145398394626 1.3231506917153084e-05
0.0003053819370663342 1.3231506917153084e-05
0.0002853447676049603 1.3231506917153084e-05
0.00028865585012242755 1.3232217696176864e-05
0.00029005537984630545 1.3232217696176864e-05
0.0002919896892207709 1.3232217696176864e-05
0.0003230638004070356 1.3232217696176864e-05
0.0003251005143954433 1.3232217696176864e-05
0.00041104685205999535 1.3229443199958683e-05
0.00041104685205999535 1.3229443199958683e-05
0.00041871280733911295 1.3229443199958683e-05
0.0004229693619739358 1.3229443199958683e-05
0.0004229693619739358 1.3229443199958683e-05
0.00041558329494197354 1.322884654396039e-05
0.0004136672281891133 1.3228670838474046e-05
0.00041638181433699607 1.3228554527555018e-05
0.00041638181433699607 1.3228554527555018e-05
0.0004329874096991233 1.3229238695856614e-05
0.00048058144441362883 1.3228775537095641e-05
0.00048722501184165806 1.3228661346710512e-05
0.00048722501184165806 1.3228661346710512e-05
0.0004973674424928241 1.3229159015951585e-05
0.0005236673101774008 1.3228596746433085e-05
0.0005273197472290335 1.3228972403918693e-05
0.0005241935541378346 1.3228972403918693e-05
0.0005210226739799428 1.3228972403918693e-05
0.0005210226739799428 1.3228972403918693e-05
0.0005208087465330086 1.3228972403918693e-05
0.0003380110708879971 1.3229388248909129e-05
0.0003380110708879971 1.3229388248909129e-05
0.0003380110708879971 1.3229388248909129e-05
0.0003380110708879971 1.3229388248909129e-05
0.0003380110708879971 1.3229388248909129e-05
0.0003380110708879971 1.3229388248909129e-05
0.0003380110708879971 1.3229388248909129e-05
0.0003380110708879971 1.3229388248909129e-05
0.0003380110708879971 1.3229388248909129e-05
0.0003380110708879971 1.3229388248909129e-05
0.0003380110708879971 1.3229388248909129e-05
0.0003380110708879971 1.3229388248909129e-05
0.00015983572219321977 1.323701545458737e-05
0.00015983572219321977 1.323701545458737e-05
0.00015983572219321977 1.323701545458737e-05
0.0002770750261145988 1.3232217696176864e-05
0.0002770750261145988 1.3232217696176864e-05
0.0002770750261145988 1.3232217696176864e-05
0.00022408507465427718 1.3226431635472058e-05
0.00022408507465427718 1.3226431635472058e-05
0.00034647344513977864 1.3225574646070008e-05
0.00034647344513977864 1.3225574646070008e-05
0.00045431914523719777 1.3229388248909129e-05
0.00045431914523719777 1.3229388248909129e-05
0.00045431914523719777 1.3229388248909129e-05
0.00045431914523719777 1.3229388248909129e-05
0.00045431914523719777 1.3229388248909129e-05
0.00045431914523719777 1.3229388248909129e-05
0.00033873133929857827 1.3232217696176864e-05
0.00033873133929857827 1.3232217696176864e-05
0.00033873133929857827 1.3232217696176864e-05
0.00039505247405217215 1.3226431635472058e-05
0.00039505247405217215 1.3226431635472058e-05
0.0004428203072673198 1.3229388248909129e-05
0.0004428203072673198 1.3229388248909129e-05
0.0004428203072673198 1.3229388248909129e-05
0.0004428203072673198 1.3229388248909129e-05
0.0004428203072673198 1.3229388248909129e-05
0.0004428203072673198 1.3229388248909129e-05
0.00039909353711396376 1.3232217696176864e-05
0.00039909353711396376 1.3232217696176864e-05
0.00039909353711396376 1.3232217696176864e-05
0.00036406178143380254 1.3226431635472058e-05
0.00036406178143380254 1.3226431635472058e-05
0.0006210950812898152 1.3229388248909129e-05
0.0006210950812898152 1.3229388248909129e-05
0.0006210950812898152 1.3229388248909129e-05
0.0006210950812898152 1.3229388248909129e-05
0.0006210950812898152 1.3229388248909129e-05
0.0006210950812898152 1.3229388248909129e-05
0.0006210950812898152 1.3229388248909129e-05
0.0006210950812898152 1.3229388248909129e-05
0.0006210950812898152 1.3229388248909129e-05
0.0006210950812898152 1.3229388248909129e-05
0.0006210950812898152 1.3229388248909129e-05
0.0006210950812898152 1.3229388248909129e-05
0.0006210950812898152 1.3229388248909129e-05
0.0006210950812898152 1.3229388248909129e-05
0.0006210950812898152 1.3229388248909129e-05
0.0006210950812898152 1.3229388248909129e-05
0.0006210950812898152 1.3229388248909129e-05
0.0006210950812898152 1.3229388248909129e-05
0.0006210950812898152 1.3229388248909129e-05
0.0006210950812898152 1.3229388248909129e-05
0.0006210950812898152 1.3229388248909129e-05
0.0006210950812898152 1.3229388248909129e-05
0.0006210950812898152 1.3229388248909129e-05
0.0006210950812898152 1.3229388248909129e-05
0.0006210950812898152 1.3229388248909129e-05
0.0006210950812898152 1.3229388248909129e-05
0.0006210950812898152 1.3229388248909129e-05
0.0006210950812898152 1.3229388248909129e-05
0.0006210950812898152 1.3229388248909129e-05
0.0006210950812898152 1.3229388248909129e-05
0.0006210950812898152 1.3229388248909129e-05
0.0006210950812898152 1.3229388248909129e-05
0.0006210950812898152 1.3229388248909129e-05
0.0006210950812898152 1.3229388248909129e-05
0.0006210950812898152 1.3229388248909129e-05
0.0006210950812898152 1.3229388248909129e-05
0.0006210950812898152 1.3229388248909129e-05
0.0006210950812898152 1.3229388248909129e-05
0.0006210950812898152 1.3229388248909129e-05
0.0006210950812898152 1.3229388248909129e-05
0.0006210950812898152 1.3229388248909129e-05
0.0006210950812898152 1.3229388248909129e-05
0.0006210950812898152 1.3229388248909129e-05
0.0006210950812898152 1.3229388248909129e-05
0.0006210950812898152 1.3229388248909129e-05
0.0006210950812898152 1.3229388248909129e-05
0.0006210950812898152 1.3229388248909129e-05
0.0006210950812898152 1.3229388248909129e-05
0.0008075906807125203 1.3232217696176864e-05
0.0008075906807125203 1.3232217696176864e-05
0.0008075906807125203 1.3232217696176864e-05
0.000478531622369523 1.3230818349973798e-05
0.000478531622369523 1.3230818349973798e-05
0.000478531622369523 1.3230818349973798e-05
0.0006770956500787528 1.323701545458737e-05
0.0006770956500787528 1.323701545458737e-05
0.0006770956500787528 1.323701545458737e-05
0.0006770956500787528 1.323701545458737e-05
0.0006770956500787528 1.323701545458737e-05
0.0006770956500787528 1.323701545458737e-05
0.0006770956500787528 1.323701545458737e-05
0.0006770956500787528 1.323701545458737e-05
0.0006770956500787528 1.323701545458737e-05
0.0006394676304915522 1.3232217696176864e-05
0.0006394676304915522 1.3232217696176864e-05
0.0006394676304915522 1.3232217696176864e-05
0.0005838296254577121 1.3232217696176864e-05
0.0005838296254577121 1.3232217696176864e-05
0.0005838296254577121 1.3232217696176864e-05
0.0006612227994618599 1.3233710332126798e-05
0.0006612227994618599 1.3233710332126798e-05
0.0006612227994618599 1.3233710332126798e-05
0.0007090831761059036 1.3226431635472058e-05
0.0007090831761059036 1.3226431635472058e-05
0.000478531622369523 1.3230818349973798e-05
0.000478531622369523 1.3230818349973798e-05
0.0006452486598392233 1.3226431635472058e-05
0.0006452486598392233 1.3226431635472058e-05
0.0006452486598392233 1.3226431635472058e-05
0.0006452486598392233 1.3226431635472058e-05
0.0006452486598392233 1.3226431635472058e-05
0.0006452486598392233 1.3226431635472058e-05
0.0006087572136722656 1.3232704425290973e-05
0.0006087572136722656 1.3232704425290973e-05
0.0006452339103064057 1.3225574646070008e-05
0.0006452339103064057 1.3225574646070008e-05
0.0006161866923337392 1.3225998379718798e-05
0.0006161866923337392 1.3225998379718798e-05
0.0003990498008359239 1.3229388248909129e-05
0.0003990498008359239 1.3229388248909129e-05
0.0003990498008359239 1.3229388248909129e-05
0.0003990498008359239 1.3229388248909129e-05
0.0003990498008359239 1.3229388248909129e-05
0.0003990498008359239 1.3229388248909129e-05
0.0003990498008359239 1.3229388248909129e-05
0.0003990498008359239 1.3229388248909129e-05
0.0003990498008359239 1.3229388248909129e-05
0.0003990498008359239 1.3229388248909129e-05
0.0003990498008359239 1.3229388248909129e-05
0.0003990498008359239 1.3229388248909129e-05
0.0003990498008359239 1.3229388248909129e-05
0.0003990498008359239 1.3229388248909129e-05
0.0003990498008359239 1.3229388248909129e-05
0.0003990498008359239 1.3229388248909129e-05
0.0003990498008359239 1.3229388248909129e-05
0.0003990498008359239 1.3229388248909129e-05
0.0003990498008359239 1.3229388248909129e-05
0.0003990498008359239 1.3229388248909129e-05
0.0003990498008359239 1.3229388248909129e-05
0.0003990498008359239 1.3229388248909129e-05
0.0003990498008359239 1.3229388248909129e-05
0.0003990498008359239 1.3229388248909129e-05
0.0003990498008359239 1.3229388248909129e-05
0.0003990498008359239 1.3229388248909129e-05
0.0003990498008359239 1.3229388248909129e-05
0.0003990498008359239 1.3229388248909129e-05
0.0003990498008359239 1.3229388248909129e-05
0.0003990498008359239 1.3229388248909129e-05
0.0003990498008359239 1.3229388248909129e-05
0.0003990498008359239 1.3229388248909129e-05
0.0003990498008359239 1.3229388248909129e-05
0.0003990498008359239 1.3229388248909129e-05
0.0003990498008359239 1.3229388248909129e-05
0.0003990498008359239 1.3229388248909129e-05
0.0003990498008359239 1.3229388248909129e-05
0.0003990498008359239 1.3229388248909129e-05
0.0003990498008359239 1.3229388248909129e-05
0.0003990498008359239 1.3229388248909129e-05
0.0003990498008359239 1.3229388248909129e-05
0.0003990498008359239 1.3229388248909129e-05
0.0003990498008359239 1.3229388248909129e-05
0.0003990498008359239 1.3229388248909129e-05
0.0003990498008359239 1.3229388248909129e-05
0.0003990498008359239 1.3229388248909129e-05
0.0003990498008359239 1.3229388248909129e-05
0.0003990498008359239 1.3229388248909129e-05
0.0003660689667216442 1.3232217696176864e-05
0.0003660689667216442 1.3232217696176864e-05
0.0003660689667216442 1.3232217696176864e-05
0.0003660689667216442 1.3232217696176864e-05
0.0003660689667216442 1.3232217696176864e-05
0.0003660689667216442 1.3232217696176864e-05
0.0003660689667216442 1.3232217696176864e-05
0.0003660689667216442 1.3232217696176864e-05
0.0003660689667216442 1.3232217696176864e-05
0.0005654925928127564 1.3230818349973798e-05
0.0005654925928127564 1.3230818349973798e-05
0.0005654925928127564 1.3230818349973798e-05
0.0002744821575442808 1.323701545458737e-05
0.0002744821575442808 1.323701545458737e-05
0.0002744821575442808 1.323701545458737e-05
0.00028771752043763786 1.3232217696176864e-05
0.00028771752043763786 1.3232217696176864e-05
0.00028771752043763786 1.3232217696176864e-05
0.000308354705081444 1.3233710332126798e-05
0.000308354705081444 1.3233710332126798e-05
0.000308354705081444 1.3233710332126798e-05
0.00034757520730194523 1.3232217696176864e-05
0.00034757520730194523 1.3232217696176864e-05
0.00034757520730194523 1.3232217696176864e-05
0.0003112235513772197 1.3226431635472058e-05
0.0003112235513772197 1.3226431635472058e-05
0.0003112235513772197 1.3226431635472058e-05
0.0003112235513772197 1.3226431635472058e-05
0.0003112235513772197 1.3226431635472058e-05
0.0003112235513772197 1.3226431635472058e-05
0.0005654925928127564 1.3230818349973798e-05
0.0005654925928127564 1.3230818349973798e-05
0.00028419671088435893 1.3226431635472058e-05
0.00028419671088435893 1.3226431635472058e-05
0.0002976517015933576 1.3225574646070008e-05
0.0002976517015933576 1.3225574646070008e-05
0.00035414459015507913 1.3225574646070008e-05
0.00035414459015507913 1.3225574646070008e-05
0.00041020629288275145 1.3225574646070008e-05
0.00041020629288275145 1.3225574646070008e-05
0.00039616510806259747 1.3228948013810872e-05
0.00039616510806259747 1.3228948013810872e-05
0.00039616510806259747 1.3228948013810872e-05
0.00039616510806259747 1.3228948013810872e-05
0.00039616510806259747 1.3228948013810872e-05
0.00044856186111000854 1.3228948013810872e-05
0.00044856186111000854 1.3228948013810872e-05
0.00044856186111000854 1.3228948013810872e-05
0.00044856186111000854 1.3228948013810872e-05
0.0005318357553086478 1.3228948013810872e-05
0.0005318357553086478 1.3228948013810872e-05
0.0005318357553086478 1.3228948013810872e-05
0.0005318357553086478 1.3228948013810872e-05
0.0005318357553086478 1.3228948013810872e-05
0.0005318357553086478 1.3228948013810872e-05
0.0005318357553086478 1.3228948013810872e-05
0.0005318357553086478 1.3228948013810872e-05
0.0005318357553086478 1.3228948013810872e-05
0.0005318357553086478 1.3228948013810872e-05
0.0005318357553086478 1.3228948013810872e-05