0.00012822337962962963 0.00013379050925925925
0.00012822337962962963 0.00013379050925925925
0.00012822337962962963 0.00013379050925925925
0.00012822337962962963 0.00013379050925925925
0.00012822337962962963 0.00013379050925925925
0.00011222222222222223 0.00013379050925925925
0.00011222222222222223 0.00013379050925925925
0.00011222222222222223 0.00013379050925925925
0.00011222222222222223 0.00013379050925925925
0.00011222222222222223 0.00013379050925925925
0.00011222222222222223 0.00013379050925925925
0.00011222222222222223 0.00013379050925925925
0.00011222222222222223 0.00013379050925925925
0.00011222222222222223 0.00013379050925925925
0.00011222222222222223 0.00013379050925925925
0.00013733796296296297 0.00013379050925925925
0.00013733796296296297 0.00013379050925925925
0.00013733796296296297 0.00013379050925925925
0.00013733796296296297 0.00013379050925925925
0.00013733796296296297 0.00013379050925925925
0.00013733796296296297 0.00013379050925925925
0.00013733796296296297 0.00013379050925925925
0.00013733796296296297 0.00013379050925925925
0.00013733796296296297 0.00013379050925925925
0.00013733796296296297 0.00013379050925925925
0.00013733796296296297 0.00013379050925925925
0.00013733796296296297 0.00013379050925925925
0.00013733796296296297 0.00013379050925925925
0.00013733796296296297 0.00013379050925925925
0.00015089699074074075 0.00013379050925925925
0.00015089699074074075 0.00013379050925925925
0.00015089699074074075 0.00013379050925925925
0.00014285879629629628 0.00013379050925925925
0.00014285879629629628 0.00013379050925925925
0.00014285879629629628 0.00013379050925925925
0.00014285879629629628 0.00013379050925925925
0.00014285879629629628 0.00013379050925925925
0.00014285879629629628 0.00013379050925925925
0.00014285879629629628 0.00013379050925925925
0.00014285879629629628 0.00013379050925925925
0.00012822337962962963 0.00013379050925925925
0.00012822337962962963 0.00013379050925925925
0.00012822337962962963 0.00013379050925925925
0.00012822337962962963 0.00013379050925925925
0.00012822337962962963 0.00013379050925925925
0.00013733796296296297 0.00013379050925925925
0.00013733796296296297 0.00013379050925925925
0.00013733796296296297 0.00013379050925925925
0.00013733796296296297 0.00013379050925925925
0.00013733796296296297 0.00013379050925925925
0.00013733796296296297 0.00013379050925925925
0.00013733796296296297 0.00013379050925925925
0.00014285879629629628 0.00013379050925925925
0.00014285879629629628 0.00013379050925925925
0.00014285879629629628 0.00013379050925925925
0.00014285879629629628 0.00013379050925925925
0.00014285879629629628 0.00013379050925925925
0.00014285879629629628 0.00013379050925925925
0.00014285879629629628 0.00013379050925925925
0.00014285879629629628 0.00013379050925925925
0.00012876984126984127 0.0001337962962962963
0.00012876984126984127 0.0001337962962962963
0.00012876984126984127 0.0001337962962962963
0.00012925347222222223 0.0001337962962962963
0.00012925347222222223 0.0001337962962962963
0.00012925347222222223 0.0001337962962962963
0.00012925347222222223 0.0001337962962962963
0.00012925347222222223 0.0001337962962962963
0.00012925347222222223 0.0001337962962962963
0.00012925347222222223 0.0001337962962962963
0.00012925347222222223 0.0001337962962962963
0.00012925347222222223 0.0001337962962962963
0.00012925347222222223 0.0001337962962962963
0.00012925347222222223 0.0001337962962962963
0.00012925347222222223 0.0001337962962962963
0.00012925347222222223 0.0001337962962962963
0.00012925347222222223 0.0001337962962962963
0.00012925347222222223 0.0001337962962962963
0.00012925347222222223 0.0001337962962962963
0.00012925347222222223 0.0001337962962962963
0.00012925347222222223 0.0001337962962962963
0.00012925347222222223 0.0001337962962962963
0.00012925347222222223 0.0001337962962962963
0.00014972993827160494 0.0001337962962962963
0.00014972993827160494 0.0001337962962962963
0.00014972993827160494 0.0001337962962962963
0.00014972993827160494 0.0001337962962962963
0.00014972993827160494 0.0001337962962962963
0.00014972993827160494 0.0001337962962962963
0.00014972993827160494 0.0001337962962962963
0.00014972993827160494 0.0001337962962962963
0.00014972993827160494 0.0001337962962962963
0.00014972993827160494 0.0001337962962962963
0.00014972993827160494 0.0001337962962962963
0.00014972993827160494 0.0001337962962962963
0.00014972993827160494 0.0001337962962962963
0.00014972993827160494 0.0001337962962962963
0.00014972993827160494 0.0001337962962962963
0.00014972993827160494 0.0001337962962962963
0.00014972993827160494 0.0001337962962962963
0.00014972993827160494 0.0001337962962962963
0.00014972993827160494 0.0001337962962962963
0.00014972993827160494 0.0001337962962962963
0.00014972993827160494 0.0001337962962962963
0.00014972993827160494 0.0001337962962962963
0.00014972993827160494 0.0001337962962962963
0.00014972993827160494 0.0001337962962962963
0.00014972993827160494 0.0001337962962962963
0.00014972993827160494 0.0001337962962962963
0.00014972993827160494 0.0001337962962962963
0.00014972993827160494 0.0001337962962962963
0.00014972993827160494 0.0001337962962962963
0.00014972993827160494 0.0001337962962962963
0.00014972993827160494 0.0001337962962962963
0.00014972993827160494 0.0001337962962962963
0.00014972993827160494 0.0001337962962962963
0.00014972993827160494 0.0001337962962962963
0.00014972993827160494 0.0001337962962962963
0.00014972993827160494 0.0001337962962962963
0.00014972993827160494 0.0001337962962962963
0.00014972993827160494 0.0001337962962962963
0.00014972993827160494 0.0001337962962962963
0.00014972993827160494 0.0001337962962962963