0.16666666666666666 0.16666666666666666
0.16666666666666666 0.16666666666666666
0.16666666666666666 0.16666666666666666
0.16666666666666666 0.16666666666666666
0.16666666666666666 0.16666666666666666
0.16666666666666666 0.16666666666666666
0.16666666666666666 0.16666666666666666
0.16666666666666666 0.16666666666666666
0.16666666666666666 0.16666666666666666
0.16666666666666666 0.16666666666666666
0.16666666666666666 0.16666666666666666
0.16666666666666666 0.16666666666666666
0.16666666666666666 0.16666666666666666
0.16666666666666666 0.16666666666666666
0.16666666666666666 0.16666666666666666
0.16666666666666666 0.16666666666666666
0.16666666666666666 0.16666666666666666
0.16666666666666666 0.16666666666666666
0.16666666666666666 0.16666666666666666
0.16666666666666666 0.16666666666666666
0.16666666666666666 0.16666666666666666
0.16666666666666666 0.16666666666666666
0.16666666666666666 0.16666666666666666
0.16666666666666666 0.16666666666666666
0.16666666666666666 0.16666666666666666
0.16666666666666666 0.16666666666666666
0.16666666666666666 0.16666666666666666
0.16666666666666666 0.16666666666666666
0.16666666666666666 0.16666666666666666
0.16666666666666666 0.16666666666666666
0.16666666666666666 0.16666666666666666
0.16666666666666666 0.16666666666666666
0.16666666666666666 0.16666666666666666
0.16666666666666666 0.16666666666666666
0.16666666666666666 0.16666666666666666
0.16666666666666666 0.16666666666666666
0.16666666666666666 0.16666666666666666
0.16666666666666666 0.16666666666666666
0.16666666666666666 0.16666666666666666
0.16666666666666666 0.16666666666666666
0.16666666666666666 0.16666666666666666
0.16666666666666666 0.16666666666666666
0.16666666666666666 0.16666666666666666
0.16666666666666666 0.16666666666666666
0.16666666666666666 0.16666666666666666
0.16666666666666666 0.16666666666666666
0.16666666666666666 0.16666666666666666
0.16666666666666666 0.16666666666666666
0.16666666666666666 0.16666666666666666
0.16666666666666666 0.16666666666666666
0.16666666666666666 0.16666666666666666
0.16666666666666666 0.16666666666666666
0.16666666666666666 0.16666666666666666
0.16666666666666666 0.16666666666666666
0.16666666666666666 0.16666666666666666
0.16666666666666666 0.16666666666666666
0.16666666666666666 0.16666666666666666
0.16666666666666666 0.16666666666666666
0.16666666666666666 0.16666666666666666
0.16666666666666666 0.16666666666666666
0.058333333333333334 0.058333333333333334
0.058333333333333334 0.058333333333333334
0.058333333333333334 0.058333333333333334
0.058333333333333334 0.058333333333333334
0.058333333333333334 0.058333333333333334
0.058333333333333334 0.058333333333333334
0.058333333333333334 0.058333333333333334
0.058333333333333334 0.058333333333333334
0.058333333333333334 0.058333333333333334
0.058333333333333334 0.058333333333333334
0.058333333333333334 0.058333333333333334
0.058333333333333334 0.058333333333333334
0.058333333333333334 0.058333333333333334
0.058333333333333334 0.058333333333333334
0.058333333333333334 0.058333333333333334
0.058333333333333334 0.058333333333333334
0.058333333333333334 0.058333333333333334
0.058333333333333334 0.058333333333333334
0.058333333333333334 0.058333333333333334
0.058333333333333334 0.058333333333333334
0.1 0.1
0.1 0.1
0.1 0.1
0.1 0.1
0.1 0.1
0.1 0.1
0.1 0.1
0.1 0.1
0.1 0.1
0.1 0.1
0.1 0.1
0.1 0.1
0.1 0.1
0.1 0.1
0.1 0.1
0.1 0.1
0.1 0.1
0.1 0.1
0.1 0.1
0.1 0.1
0.1 0.1
0.1 0.1
0.1 0.1
0.1 0.1
0.1 0.1
0.1 0.1
0.1 0.1
0.1 0.1
0.1 0.1
0.1 0.1
0.1 0.1
0.1 0.1
0.1 0.1
0.1 0.1
0.1 0.1
0.1 0.1
0.1 0.1
0.1 0.1
0.1 0.1
0.1 0.1
0.1 0.1
0.1 0.1
0.1 0.1
0.1 0.1
0.1 0.1
0.1 0.1
0.1 0.1
0.1 0.1
0.1 0.1
0.1 0.1
0.1 0.1
0.1 0.1
0.1 0.1
0.1 0.1
0.1 0.1
0.1 0.1
0.1 0.1
0.1 0.1
0.1 0.1
0.1 0.1