0.00013726851851851853 0.00013406635802469137
0.00013726851851851853 0.00013406635802469137
0.00014664351851851853 0.00013406635802469137
0.00014664351851851853 0.00013406635802469137
0.00014664351851851853 0.00013406635802469137
0.00014664351851851853 0.00013406635802469137
0.0001322585978835979 0.00013407738095238097
0.0001322585978835979 0.00013407738095238097
0.00014846230158730158 0.00013407738095238097
0.00014846230158730158 0.00013407738095238097
0.00014846230158730158 0.00013407738095238097
0.00014846230158730158 0.00013407738095238097
0.00014846230158730158 0.00013407738095238097
0.00014846230158730158 0.00013407738095238097
0.00011182208994708995 0.00013407738095238097
0.00011182208994708995 0.00013407738095238097
0.00013348214285714287 0.00013407738095238097
0.00013348214285714287 0.00013407738095238097
0.00013814484126984126 0.00013407738095238097
0.00013814484126984126 0.00013407738095238097
0.00013786375661375662 0.00013407738095238097
0.00013786375661375662 0.00013407738095238097
0.00014993386243386243 0.00013407738095238097
0.00014993386243386243 0.00013407738095238097
0.00013229166666666668 0.00013407738095238097
0.00013229166666666668 0.00013407738095238097
0.00013822751322751324 0.00013407738095238097
0.00013822751322751324 0.00013407738095238097
0.00013822751322751324 0.00013407738095238097
0.00013822751322751324 0.00013407738095238097
0.00015125661375661376 0.00013407738095238097
0.00015125661375661376 0.00013407738095238097
0.00015125661375661376 0.00013407738095238097
0.00015125661375661376 0.00013407738095238097
0.00012748015873015873 0.00013407738095238097
0.00012748015873015873 0.00013407738095238097
0.00011178902116402116 0.00013407738095238097
0.00011178902116402116 0.00013407738095238097
0.00013134920634920634 0.00013407738095238097
0.00013134920634920634 0.00013407738095238097
0.00013134920634920634 0.00013407738095238097
0.00013134920634920634 0.00013407738095238097
0.00013134920634920634 0.00013407738095238097
0.00013134920634920634 0.00013407738095238097
0.00013134920634920634 0.00013407738095238097
0.00013134920634920634 0.00013407738095238097
0.00013877314814814815 0.00013407738095238097
0.00013877314814814815 0.00013407738095238097
0.00013877314814814815 0.00013407738095238097
0.00013877314814814815 0.00013407738095238097
0.00015173611111111111 0.00013407738095238097
0.00015173611111111111 0.00013407738095238097
0.00015173611111111111 0.00013407738095238097
0.00015173611111111111 0.00013407738095238097
0.00012876984126984127 0.00013407738095238097
0.00012876984126984127 0.00013407738095238097
0.00011117724867724867 0.00013407738095238097
0.00011117724867724867 0.00013407738095238097
0.00011117724867724867 0.00013407738095238097
0.00011117724867724867 0.00013407738095238097
0.0001310681216931217 0.00013407738095238097
0.0001310681216931217 0.00013407738095238097
0.0001310681216931217 0.00013407738095238097
0.0001310681216931217 0.00013407738095238097
0.0001310681216931217 0.00013407738095238097
0.0001310681216931217 0.00013407738095238097
0.0001310681216931217 0.00013407738095238097
0.0001310681216931217 0.00013407738095238097
0.0001310681216931217 0.00013407738095238097
0.0001310681216931217 0.00013407738095238097
0.0001310681216931217 0.00013407738095238097
0.0001310681216931217 0.00013407738095238097
0.0001310681216931217 0.00013407738095238097
0.0001310681216931217 0.00013407738095238097
0.0001310681216931217 0.00013407738095238097
0.0001310681216931217 0.00013407738095238097
0.0001310681216931217 0.00013407738095238097
0.0001310681216931217 0.00013407738095238097
0.0001310681216931217 0.00013407738095238097
0.0001310681216931217 0.00013407738095238097
0.0001310681216931217 0.00013407738095238097
0.0001310681216931217 0.00013407738095238097
0.00013819444444444445 0.00013407738095238097
0.00013819444444444445 0.00013407738095238097
0.00013819444444444445 0.00013407738095238097
0.00013819444444444445 0.00013407738095238097
0.00013819444444444445 0.00013407738095238097
0.00013819444444444445 0.00013407738095238097
0.00013819444444444445 0.00013407738095238097
0.00013819444444444445 0.00013407738095238097
0.00013819444444444445 0.00013407738095238097
0.00013819444444444445 0.00013407738095238097
0.00013819444444444445 0.00013407738095238097
0.00013819444444444445 0.00013407738095238097
0.00013819444444444445 0.00013407738095238097
0.00013819444444444445 0.00013407738095238097
0.00013819444444444445 0.00013407738095238097
0.00013819444444444445 0.00013407738095238097
0.00015324074074074074 0.00013407738095238097
0.00015324074074074074 0.00013407738095238097
0.00015324074074074074 0.00013407738095238097
0.00015324074074074074 0.00013407738095238097
0.00015324074074074074 0.00013407738095238097
0.00015324074074074074 0.00013407738095238097
0.00015324074074074074 0.00013407738095238097
0.00015324074074074074 0.00013407738095238097
0.00015324074074074074 0.00013407738095238097
0.00015324074074074074 0.00013407738095238097
0.00015324074074074074 0.00013407738095238097
0.00015324074074074074 0.00013407738095238097
0.00013258928571428571 0.00013407738095238097
0.00013258928571428571 0.00013407738095238097
0.00013258928571428571 0.00013407738095238097
0.00013258928571428571 0.00013407738095238097
0.00013664021164021164 0.00013407738095238097
0.00013664021164021164 0.00013407738095238097
0.00015031415343915344 0.00013407738095238097
0.00015031415343915344 0.00013407738095238097
0.00012743055555555554 0.00013402777777777778
0.00012743055555555554 0.00013402777777777778
0.00013055555555555555 0.00013402777777777778
0.00013055555555555555 0.00013402777777777778
0.00013055555555555555 0.00013402777777777778
0.00013055555555555555 0.00013402777777777778
0.00013530092592592592 0.00013402777777777778
0.00013530092592592592 0.00013402777777777778
0.00013530092592592592 0.00013402777777777778
0.00013530092592592592 0.00013402777777777778
0.00015381944444444444 0.00013402777777777778
0.00015381944444444444 0.00013402777777777778
0.00013353174603174603 0.00013407738095238097
0.00013353174603174603 0.00013407738095238097
0.00013401124338624338 0.00013407738095238097
0.00013401124338624338 0.00013407738095238097
0.00013726851851851853 0.00013407738095238097
0.00013726851851851853 0.00013407738095238097
0.00012918320105820107 0.00013407738095238097
0.00012918320105820107 0.00013407738095238097
0.00013472222222222222 0.00013407738095238097
0.00013472222222222222 0.00013407738095238097
0.00013627645502645503 0.00013407738095238097
0.00013627645502645503 0.00013407738095238097
0.00013627645502645503 0.00013407738095238097
0.00013627645502645503 0.00013407738095238097
0.00013627645502645503 0.00013407738095238097
0.00013627645502645503 0.00013407738095238097
0.0001529100529100529 0.00013407738095238097
0.0001529100529100529 0.00013407738095238097
0.0001300595238095238 0.00013407738095238097
0.0001300595238095238 0.00013407738095238097
0.0001349702380952381 0.00013407738095238097
0.0001349702380952381 0.00013407738095238097
0.0001349702380952381 0.00013407738095238097
0.0001349702380952381 0.00013407738095238097
0.0001349702380952381 0.00013407738095238097
0.0001349702380952381 0.00013407738095238097
0.00013685515873015873 0.00013407738095238097
0.00013685515873015873 0.00013407738095238097
0.00013685515873015873 0.00013407738095238097
0.00013685515873015873 0.00013407738095238097
0.00013685515873015873 0.00013407738095238097
0.00013685515873015873 0.00013407738095238097
0.00013685515873015873 0.00013407738095238097
0.00013685515873015873 0.00013407738095238097
0.00013685515873015873 0.00013407738095238097
0.00013685515873015873 0.00013407738095238097
0.00013685515873015873 0.00013407738095238097
0.00013685515873015873 0.00013407738095238097
0.00013685515873015873 0.00013407738095238097
0.00013685515873015873 0.00013407738095238097
0.00015304232804232805 0.00013407738095238097
0.00015304232804232805 0.00013407738095238097
0.00013445767195767195 0.00013407738095238097
0.00013445767195767195 0.00013407738095238097
0.0001365410052910053 0.00013407738095238097
0.0001365410052910053 0.00013407738095238097
0.0001365410052910053 0.00013407738095238097
0.0001365410052910053 0.00013407738095238097
0.0001365410052910053 0.00013407738095238097
0.0001365410052910053 0.00013407738095238097
0.00012819113756613756 0.00013407738095238097
0.00012819113756613756 0.00013407738095238097
0.0001349702380952381 0.00013407738095238097
0.0001349702380952381 0.00013407738095238097
0.0001349702380952381 0.00013407738095238097
0.0001349702380952381 0.00013407738095238097
0.00013629298941798942 0.00013407738095238097
0.00013629298941798942 0.00013407738095238097
0.0001515707671957672 0.00013407738095238097
0.0001515707671957672 0.00013407738095238097
0.0001515707671957672 0.00013407738095238097
0.0001515707671957672 0.00013407738095238097
0.00013402777777777778 0.00013407738095238097
0.00013402777777777778 0.00013407738095238097
0.00013675595238095238 0.00013407738095238097
0.00013675595238095238 0.00013407738095238097
0.00014988425925925925 0.00013407738095238097
0.00014988425925925925 0.00013407738095238097
0.00014988425925925925 0.00013407738095238097
0.00014988425925925925 0.00013407738095238097