4.556029267325601e-05 4.3380466820056204e-05
4.556029267325601e-05 4.3380466820056204e-05
4.555039920011332e-05 4.338046682892146e-05
4.555039920011332e-05 4.338046682892146e-05
4.555039920011332e-05 4.338046682892146e-05
4.555039920011332e-05 4.338046682892146e-05
4.5545455280226264e-05 4.338046680668135e-05
4.5545455280226264e-05 4.338046680668135e-05
4.557572892716821e-05 4.338046685841765e-05
4.557572892716821e-05 4.338046685841765e-05
4.557572892716821e-05 4.338046685841765e-05
4.557572892716821e-05 4.338046685841765e-05
4.5499923312771955e-05 4.338046683948759e-05
4.5499923312771955e-05 4.338046683948759e-05
4.5499923312771955e-05 4.338046683948759e-05
4.5499923312771955e-05 4.338046683948759e-05