3.857280809521156e-05 3.8461541964912364e-05
3.857280809521156e-05 3.8461541964912364e-05
3.857280809521156e-05 3.8461541964912364e-05
3.857280809521156e-05 3.8461541964912364e-05
3.857280809521156e-05 3.8461541964912364e-05
3.857280809521156e-05 3.8461541964912364e-05
3.857280809521156e-05 3.8461541964912364e-05
3.857280809521156e-05 3.8461541964912364e-05
3.857280809521156e-05 3.8461541964912364e-05
3.857280809521156e-05 3.8461541964912364e-05
3.857280809521156e-05 3.8461541964912364e-05
3.857280809521156e-05 3.8461541964912364e-05
3.857280809521156e-05 3.8461541964912364e-05
3.857280809521156e-05 3.8461541964912364e-05
3.857280809521156e-05 3.8461541964912364e-05
3.857280809521156e-05 3.8461541964912364e-05
3.857280809521156e-05 3.8461541964912364e-05
3.857280809521156e-05 3.8461541964912364e-05
3.819632030474916e-05 3.8461539630059404e-05
3.822207575296938e-05 3.8461560556028736e-05
3.912022384076258e-05 3.846154742629936e-05
3.912022384076258e-05 3.846154742629936e-05
3.912022384076258e-05 3.846154742629936e-05
3.816805168245047e-05 3.846154262673547e-05
3.845506128219802e-05 3.846153947658203e-05
3.845506128219802e-05 3.846153947658203e-05
3.845506128219802e-05 3.846153947658203e-05
3.845506128219802e-05 3.846153947658203e-05
3.845506128219802e-05 3.846153947658203e-05
3.845506128219802e-05 3.846153947658203e-05
3.79122515121091e-05 3.84615237138485e-05
3.7569189637086733e-05 3.84615237138485e-05
3.911032185087038e-05 3.8461532206884645e-05
3.911032185087038e-05 3.8461532206884645e-05
3.911032185087038e-05 3.8461532206884645e-05
4.015653066592093e-05 3.846156102884562e-05
3.889609500245433e-05 3.8461528474632785e-05
3.889609500245433e-05 3.8461528474632785e-05
3.889609500245433e-05 3.8461528474632785e-05
3.889609500245433e-05 3.8461528474632785e-05
3.889609500245433e-05 3.8461528474632785e-05
3.889609500245433e-05 3.8461528474632785e-05
3.889609500245433e-05 3.8461528474632785e-05
3.889609500245433e-05 3.8461528474632785e-05
3.889609500245433e-05 3.8461528474632785e-05
3.889609500245433e-05 3.8461528474632785e-05
3.889609500245433e-05 3.8461528474632785e-05
3.889609500245433e-05 3.8461528474632785e-05
3.8271423539171495e-05 3.846157025681815e-05
3.783703308578443e-05 3.846157025681815e-05
3.924492649695401e-05 3.8461513651782664e-05
3.924492649695401e-05 3.8461513651782664e-05
3.778039996451059e-05 3.8461589854686243e-05
3.778039996451059e-05 3.8461589854686243e-05
3.778039996451059e-05 3.8461589854686243e-05
3.861301516786904e-05 3.84616846961826e-05
3.835076821039247e-05 3.8461538959707345e-05
3.835076821039247e-05 3.8461538959707345e-05
3.835076821039247e-05 3.8461538959707345e-05
3.835076821039247e-05 3.8461538959707345e-05
3.835076821039247e-05 3.8461538959707345e-05
3.835076821039247e-05 3.8461538959707345e-05
3.835076821039247e-05 3.8461538959707345e-05
3.835076821039247e-05 3.8461538959707345e-05
3.835076821039247e-05 3.8461538959707345e-05
3.835076821039247e-05 3.8461538959707345e-05
3.835076821039247e-05 3.8461538959707345e-05
3.835076821039247e-05 3.8461538959707345e-05
3.835076821039247e-05 3.8461538959707345e-05
3.835076821039247e-05 3.8461538959707345e-05
3.835076821039247e-05 3.8461538959707345e-05
3.835076821039247e-05 3.8461538959707345e-05
3.835076821039247e-05 3.8461538959707345e-05
3.835076821039247e-05 3.8461538959707345e-05
3.739167109400671e-05 3.846152196509492e-05
3.725291984701891e-05 3.8461523176629674e-05
3.727594448552373e-05 3.846152437550029e-05
3.845841764959542e-05 3.8461547907082744e-05
3.8759134936330473e-05 3.8461539711442174e-05
3.8759134936330473e-05 3.8461539711442174e-05
3.844828343121117e-05 3.846154000395173e-05
3.844828343121117e-05 3.846154000395173e-05
3.8157633538505634e-05 3.846154512898148e-05
3.859723041599993e-05 3.846153840344183e-05
3.859723041599993e-05 3.846153840344183e-05
3.859723041599993e-05 3.846153840344183e-05
3.859723041599993e-05 3.846153840344183e-05
3.83136398759483e-05 3.846152673603521e-05
3.733935406473109e-05 3.846154299539972e-05
3.857667540320058e-05 3.8461539561990224e-05
3.857667540320058e-05 3.8461539561990224e-05
3.9979767615043135e-05 3.8461570416376015e-05
3.850587813230113e-05 3.84615386570759e-05
3.850587813230113e-05 3.84615386570759e-05
3.850587813230113e-05 3.84615386570759e-05
3.850587813230113e-05 3.84615386570759e-05
3.850587813230113e-05 3.84615386570759e-05
3.850587813230113e-05 3.84615386570759e-05
3.8546849124757324e-05 3.846155001691223e-05
3.8661125969944445e-05 3.8461521796981596e-05
3.866171815593396e-05 3.8461515227425004e-05
3.8463012949115854e-05 3.846154004018096e-05
3.8463012949115854e-05 3.846154004018096e-05
3.8463012949115854e-05 3.846154004018096e-05
3.8463012949115854e-05 3.846154004018096e-05
3.6815774535142924e-05 3.846151800070328e-05
3.9533396390544685e-05 3.846155465390009e-05
3.8405170244143824e-05 3.846153587165018e-05
3.8405170244143824e-05 3.846153587165018e-05
3.892712687819549e-05 3.846150514006701e-05
3.8338912919362974e-05 3.8461537395035545e-05
3.8338912919362974e-05 3.8461537395035545e-05
3.9635829071485085e-05 3.8461550277586135e-05
3.855703228382954e-05 3.846153761447289e-05
3.855703228382954e-05 3.846153761447289e-05
3.855703228382954e-05 3.846153761447289e-05
3.855703228382954e-05 3.846153761447289e-05
3.866230871949611e-05 3.8461514768887635e-05
3.842695834922343e-05 3.846155167371083e-05
3.835982828000841e-05 3.8461534959414145e-05
3.835982828000841e-05 3.8461534959414145e-05
3.764371706746322e-05 3.84615548575776e-05
3.842440019175789e-05 3.8461538448976503e-05
3.842440019175789e-05 3.8461538448976503e-05
3.8167305110622716e-05 3.846150652411801e-05
3.888028231031121e-05 3.846153825709999e-05
3.888028231031121e-05 3.846153825709999e-05
3.888028231031121e-05 3.846153825709999e-05
3.888028231031121e-05 3.846153825709999e-05
3.7438768688235754e-05 3.8461568320087656e-05
3.9611137005316045e-05 3.846155942912738e-05
3.855226887874561e-05 3.846154031439576e-05
3.855226887874561e-05 3.846154031439576e-05
3.855226887874561e-05 3.846154031439576e-05
3.855226887874561e-05 3.846154031439576e-05
3.877799578620497e-05 3.846158022078687e-05
3.856761976163932e-05 3.846151240302701e-05
3.824330151618142e-05 3.846153581172462e-05
3.824330151618142e-05 3.846153581172462e-05
3.892915227963554e-05 3.846151896882287e-05
3.85126140125631e-05 3.846154069283749e-05
3.879337476703842e-05 3.846153796074377e-05
3.879337476703842e-05 3.846153796074377e-05
3.879337476703842e-05 3.846153796074377e-05
3.8659249631022806e-05 3.846153835783624e-05
3.8659249631022806e-05 3.846153835783624e-05
3.8659249631022806e-05 3.846153835783624e-05
3.8659249631022806e-05 3.846153835783624e-05
3.8659249631022806e-05 3.846153835783624e-05
3.846897382306599e-05 3.846153224992714e-05
3.833298321635239e-05 3.846153661242809e-05
3.871686013639603e-05 3.8461536572090995e-05
3.871686013639603e-05 3.8461536572090995e-05
3.8370046563585175e-05 3.846154582477517e-05
3.839630213331031e-05 3.846153918537269e-05
3.9036622267056856e-05 3.8461530922893346e-05
3.9036622267056856e-05 3.8461530922893346e-05
3.887346629367577e-05 3.846154247380506e-05
3.887346629367577e-05 3.846154247380506e-05
3.829344655771645e-05 3.846154407462096e-05
3.842654730886486e-05 3.84615335334284e-05
3.8516798553175166e-05 3.8461540387220347e-05
3.8642539549720264e-05 3.846153740387254e-05
3.853010196023598e-05 3.846153846153846e-05
3.828136626959657e-05 3.8461539483478964e-05
3.837518360329161e-05 3.846153653744611e-05
3.83943965963588e-05 3.846154037382657e-05
3.8405099313964e-05 3.8461536592584985e-05
3.8439598351548236e-05 3.846153341904287e-05
3.8550576955963394e-05 3.8461540946080725e-05
3.866666498291607e-05 3.84615431770336e-05
3.8559471317887646e-05 3.846153540643513e-05
3.8559471317887646e-05 3.846153540643513e-05
3.8559471317887646e-05 3.846153540643513e-05
3.8559471317887646e-05 3.846153540643513e-05
3.8559471317887646e-05 3.846153540643513e-05
3.8559471317887646e-05 3.846153540643513e-05
3.8559471317887646e-05 3.846153540643513e-05
3.8559471317887646e-05 3.846153540643513e-05
3.859651902022829e-05 3.84615383965089e-05