3.8573602816515636e-05 3.846154520518603e-05
3.8573602816515636e-05 3.846154520518603e-05
3.8306794590920956e-05 3.846156563747362e-05
3.8306794590920956e-05 3.846156563747362e-05
3.834050845244025e-05 3.846155642109581e-05
3.834050845244025e-05 3.846155642109581e-05
3.926817679496235e-05 3.846156577508744e-05
3.926817679496235e-05 3.846156577508744e-05
3.932006574620552e-05 3.846153034807491e-05
3.932006574620552e-05 3.846153034807491e-05
3.8201195862992345e-05 3.846151225542538e-05
3.8201195862992345e-05 3.846151225542538e-05
3.879383106249782e-05 3.8461538690143216e-05
3.879383106249782e-05 3.8461538690143216e-05
3.852326366553483e-05 3.846153682104772e-05
3.852326366553483e-05 3.846153682104772e-05
3.785237762219617e-05 3.846151392462792e-05
3.785237762219617e-05 3.846151392462792e-05
3.6234745092824e-05 3.8461492327764416e-05
3.6234745092824e-05 3.8461492327764416e-05
3.9320657618524404e-05 3.84615071305485e-05
3.9320657618524404e-05 3.84615071305485e-05
3.814654294809277e-05 3.846150833241479e-05
3.814654294809277e-05 3.846150833241479e-05
3.7973858988131585e-05 3.8461556993745035e-05
3.7973858988131585e-05 3.8461556993745035e-05
4.0580854668368434e-05 3.846157968134095e-05
4.0580854668368434e-05 3.846157968134095e-05
3.9531179708725736e-05 3.84615232533422e-05
3.9531179708725736e-05 3.84615232533422e-05
3.7921819889077933e-05 3.846157171083028e-05
3.7921819889077933e-05 3.846157171083028e-05
3.865439464238723e-05 3.8461528291363316e-05
3.865439464238723e-05 3.8461528291363316e-05
3.988431030191917e-05 3.846155055625822e-05
3.988431030191917e-05 3.846155055625822e-05
3.7890174539755924e-05 3.846151806630113e-05
3.7890174539755924e-05 3.846151806630113e-05
3.934246710148711e-05 3.84615513772636e-05
3.934246710148711e-05 3.84615513772636e-05