3.844828343121117e-05 3.846154000395173e-05
3.844828343121117e-05 3.846154000395173e-05
3.859723041599993e-05 3.846153840344183e-05
3.859723041599993e-05 3.846153840344183e-05
3.859723041599993e-05 3.846153840344183e-05
3.859723041599993e-05 3.846153840344183e-05
3.857667540320058e-05 3.8461539561990224e-05
3.857667540320058e-05 3.8461539561990224e-05
3.850587813230113e-05 3.84615386570759e-05
3.850587813230113e-05 3.84615386570759e-05
3.850587813230113e-05 3.84615386570759e-05
3.850587813230113e-05 3.84615386570759e-05
3.850587813230113e-05 3.84615386570759e-05
3.850587813230113e-05 3.84615386570759e-05
3.8463012949115854e-05 3.846154004018096e-05
3.8463012949115854e-05 3.846154004018096e-05
3.8463012949115854e-05 3.846154004018096e-05
3.8463012949115854e-05 3.846154004018096e-05
3.8405170244143824e-05 3.846153587165018e-05
3.8405170244143824e-05 3.846153587165018e-05
3.855703228382954e-05 3.846153761447289e-05
3.855703228382954e-05 3.846153761447289e-05
3.855703228382954e-05 3.846153761447289e-05
3.855703228382954e-05 3.846153761447289e-05
3.835982828000841e-05 3.8461534959414145e-05
3.835982828000841e-05 3.8461534959414145e-05
3.842440019175789e-05 3.8461538448976503e-05
3.842440019175789e-05 3.8461538448976503e-05
3.888028231031121e-05 3.846153825709999e-05
3.888028231031121e-05 3.846153825709999e-05
3.888028231031121e-05 3.846153825709999e-05
3.888028231031121e-05 3.846153825709999e-05
3.855226887874561e-05 3.846154031439576e-05
3.855226887874561e-05 3.846154031439576e-05
3.855226887874561e-05 3.846154031439576e-05
3.855226887874561e-05 3.846154031439576e-05
3.824330151618142e-05 3.846153581172462e-05
3.824330151618142e-05 3.846153581172462e-05