0.04996153846153846 0.048346153846153844
0.04996153846153846 0.048346153846153844
0.04765384615384615 0.048846153846153845
0.04765384615384615 0.048846153846153845
0.047 0.049076923076923074
0.047 0.049076923076923074
0.05003846153846154 0.049423076923076924
0.05003846153846154 0.049423076923076924
0.05307692307692308 0.049423076923076924
0.05307692307692308 0.049423076923076924
0.047384615384615386 0.049115384615384616
0.047384615384615386 0.049115384615384616
0.047384615384615386 0.049115384615384616
0.047384615384615386 0.049115384615384616
0.047 0.051423076923076926
0.047 0.051423076923076926
0.05269230769230769 0.05119230769230769
0.05269230769230769 0.05119230769230769
0.05134615384615385 0.05153846153846154
0.05134615384615385 0.05153846153846154
0.044576923076923076 0.05153846153846154
0.044576923076923076 0.05153846153846154
0.051423076923076926 0.05138461538461538
0.051423076923076926 0.05138461538461538
0.05019230769230769 0.05146153846153846
0.05019230769230769 0.05146153846153846
0.05019230769230769 0.05146153846153846
0.05019230769230769 0.05146153846153846
0.052307692307692305 0.051807692307692305
0.052307692307692305 0.051807692307692305
0.053307692307692306 0.051653846153846154
0.053307692307692306 0.051653846153846154
0.05607692307692308 0.05176923076923077
0.05607692307692308 0.05176923076923077
0.056769230769230766 0.05188461538461538
0.056769230769230766 0.05188461538461538
0.05307692307692308 0.05134615384615385
0.05307692307692308 0.05134615384615385
0.05307692307692308 0.05134615384615385
0.05307692307692308 0.05134615384615385
0.05307692307692308 0.05134615384615385
0.05307692307692308 0.05134615384615385
0.05307692307692308 0.05134615384615385
0.05307692307692308 0.05134615384615385
0.05307692307692308 0.05134615384615385
0.05307692307692308 0.05134615384615385
0.05307692307692308 0.05134615384615385
0.05307692307692308 0.05134615384615385
0.05307692307692308 0.05134615384615385
0.05307692307692308 0.05134615384615385
0.05307692307692308 0.05134615384615385
0.05307692307692308 0.05134615384615385
0.05307692307692308 0.05134615384615385
0.05307692307692308 0.05134615384615385
0.05307692307692308 0.05134615384615385
0.05307692307692308 0.05134615384615385
0.046461538461538464 0.051423076923076926
0.046461538461538464 0.051423076923076926
0.0921923076923077 0.08026923076923077
0.0921923076923077 0.08026923076923077
0.08996153846153847 0.08023076923076923
0.08996153846153847 0.08023076923076923
0.09361538461538461 0.08107692307692307
0.09361538461538461 0.08107692307692307
0.09457692307692307 0.08142307692307692
0.09457692307692307 0.08142307692307692
0.09457692307692307 0.08142307692307692
0.09457692307692307 0.08142307692307692
0.09123076923076923 0.08069230769230769
0.09123076923076923 0.08069230769230769
0.09123076923076923 0.08069230769230769
0.09123076923076923 0.08069230769230769
0.09311538461538461 0.08146153846153846
0.09311538461538461 0.08146153846153846
0.08488461538461538 0.08146153846153846
0.08488461538461538 0.08146153846153846
0.08073076923076923 0.08142307692307692
0.08073076923076923 0.08142307692307692
0.08073076923076923 0.08142307692307692
0.08073076923076923 0.08142307692307692
0.08069230769230769 0.08203846153846153
0.08069230769230769 0.08203846153846153
0.07307692307692308 0.08176923076923077
0.07307692307692308 0.08176923076923077
0.0736923076923077 0.0818076923076923
0.0736923076923077 0.0818076923076923
0.07034615384615385 0.08157692307692307
0.07034615384615385 0.08157692307692307
0.07065384615384615 0.08115384615384616
0.07065384615384615 0.08115384615384616
0.07065384615384615 0.08115384615384616
0.07065384615384615 0.08115384615384616
0.07065384615384615 0.08115384615384616
0.07065384615384615 0.08115384615384616
0.07065384615384615 0.08115384615384616
0.07065384615384615 0.08115384615384616
0.07065384615384615 0.08115384615384616
0.07065384615384615 0.08115384615384616
0.07065384615384615 0.08115384615384616
0.07065384615384615 0.08115384615384616
0.07065384615384615 0.08115384615384616
0.07065384615384615 0.08115384615384616
0.0953076923076923 0.08169230769230769
0.0953076923076923 0.08169230769230769
0.035423076923076925 0.03438461538461538
0.035423076923076925 0.03438461538461538
0.03753846153846154 0.034192307692307695
0.03753846153846154 0.034192307692307695
0.03796153846153846 0.03430769230769231
0.03796153846153846 0.03430769230769231
0.03796153846153846 0.0345
0.03796153846153846 0.0345
0.037230769230769234 0.03453846153846154
0.037230769230769234 0.03453846153846154
0.037230769230769234 0.034423076923076924
0.037230769230769234 0.034423076923076924
0.034846153846153846 0.03426923076923077
0.034846153846153846 0.03426923076923077
0.034846153846153846 0.03426923076923077
0.034846153846153846 0.03426923076923077
0.034846153846153846 0.034192307692307695
0.034846153846153846 0.034192307692307695
0.034846153846153846 0.034192307692307695
0.034846153846153846 0.034192307692307695
0.034846153846153846 0.034192307692307695
0.034846153846153846 0.034192307692307695
0.034846153846153846 0.034192307692307695
0.034846153846153846 0.034192307692307695
0.03380769230769231 0.03423076923076923
0.03380769230769231 0.03423076923076923
0.03365384615384615 0.03423076923076923
0.03365384615384615 0.03423076923076923
0.0175 0.017961538461538463
0.0175 0.017961538461538463
0.01623076923076923 0.01769230769230769
0.01623076923076923 0.01769230769230769
0.015653846153846154 0.017846153846153845
0.015653846153846154 0.017846153846153845
0.01676923076923077 0.018
0.01676923076923077 0.018
0.018346153846153845 0.018115384615384617
0.018346153846153845 0.018115384615384617
0.019269230769230768 0.017961538461538463
0.019269230769230768 0.017961538461538463
0.019884615384615386 0.017923076923076924
0.019884615384615386 0.017923076923076924
0.019884615384615386 0.017923076923076924
0.019884615384615386 0.017923076923076924
0.019884615384615386 0.017923076923076924
0.019884615384615386 0.017923076923076924
0.019884615384615386 0.017923076923076924
0.019884615384615386 0.017923076923076924
0.019884615384615386 0.017923076923076924
0.019884615384615386 0.017923076923076924
0.019884615384615386 0.017923076923076924
0.019884615384615386 0.017923076923076924
0.019884615384615386 0.017923076923076924
0.019884615384615386 0.017923076923076924
0.019884615384615386 0.017923076923076924
0.019884615384615386 0.017923076923076924
0.019884615384615386 0.017923076923076924
0.019884615384615386 0.017923076923076924
0.019884615384615386 0.017923076923076924
0.019884615384615386 0.017923076923076924
0.0275 0.02623076923076923
0.0275 0.02623076923076923
0.030192307692307692 0.026423076923076924
0.030192307692307692 0.026423076923076924
0.024076923076923076 0.026576923076923078
0.024076923076923076 0.026576923076923078
0.024076923076923076 0.026576923076923078
0.024076923076923076 0.026576923076923078
0.024076923076923076 0.026576923076923078
0.024076923076923076 0.026576923076923078
0.07265384615384615 0.06684615384615385
0.07265384615384615 0.06684615384615385
0.07746153846153846 0.06626923076923077
0.07746153846153846 0.06626923076923077
0.022807692307692307 0.020576923076923076
0.022807692307692307 0.020576923076923076
0.022653846153846153 0.02076923076923077
0.022653846153846153 0.02076923076923077
0.021576923076923077 0.020846153846153848
0.021576923076923077 0.020846153846153848
0.0205 0.020846153846153848
0.0205 0.020846153846153848
0.019192307692307693 0.020884615384615383
0.019192307692307693 0.020884615384615383
0.018423076923076924 0.02073076923076923
0.018423076923076924 0.02073076923076923
0.018307692307692306 0.020692307692307694
0.018307692307692306 0.020692307692307694
0.018307692307692306 0.020692307692307694
0.018307692307692306 0.020692307692307694
0.018307692307692306 0.020692307692307694
0.018307692307692306 0.020692307692307694
0.018307692307692306 0.020692307692307694
0.018307692307692306 0.020692307692307694
0.023 0.020846153846153848
0.023 0.020846153846153848