0.1231923076923077 0.1231923076923077
0.1231923076923077 0.1231923076923077
0.1231923076923077 0.1231923076923077
0.1231923076923077 0.1231923076923077
0.1231923076923077 0.1231923076923077
0.1231923076923077 0.1231923076923077
0.1231923076923077 0.1231923076923077
0.1231923076923077 0.1231923076923077
0.1231923076923077 0.1231923076923077
0.1231923076923077 0.1231923076923077
0.1231923076923077 0.1231923076923077
0.1231923076923077 0.1231923076923077
0.1231923076923077 0.1231923076923077
0.1231923076923077 0.1231923076923077
0.1231923076923077 0.1231923076923077
0.1231923076923077 0.1231923076923077
0.1231923076923077 0.1231923076923077
0.1231923076923077 0.1231923076923077
0.04576923076923077 0.0485
0.04576923076923077 0.04853846153846154
0.047384615384615386 0.049115384615384616
0.047384615384615386 0.049115384615384616
0.047384615384615386 0.049115384615384616
0.05296153846153846 0.049192307692307695
0.12884615384615383 0.12884615384615383
0.12884615384615383 0.12884615384615383
0.12884615384615383 0.12884615384615383
0.12884615384615383 0.12884615384615383
0.12884615384615383 0.12884615384615383
0.12884615384615383 0.12884615384615383
0.05565384615384615 0.05173076923076923
0.05361538461538461 0.05173076923076923
0.08573076923076924 0.08573076923076924
0.08573076923076924 0.08573076923076924
0.08573076923076924 0.08573076923076924
0.034846153846153846 0.034192307692307695
0.04496153846153846 0.04496153846153846
0.04496153846153846 0.04496153846153846
0.04496153846153846 0.04496153846153846
0.04496153846153846 0.04496153846153846
0.04496153846153846 0.04496153846153846
0.04496153846153846 0.04496153846153846
0.04496153846153846 0.04496153846153846
0.04496153846153846 0.04496153846153846
0.04496153846153846 0.04496153846153846
0.04496153846153846 0.04496153846153846
0.04496153846153846 0.04496153846153846
0.04496153846153846 0.04496153846153846
0.01623076923076923 0.017961538461538463
0.01780769230769231 0.017961538461538463
0.019884615384615386 0.017923076923076924
0.019884615384615386 0.017923076923076924
0.018576923076923078 0.018576923076923078
0.018576923076923078 0.018576923076923078
0.018576923076923078 0.018576923076923078
0.008 0.007423076923076923
0.16626923076923078 0.16626923076923078
0.16626923076923078 0.16626923076923078
0.16626923076923078 0.16626923076923078
0.16626923076923078 0.16626923076923078
0.16626923076923078 0.16626923076923078
0.16626923076923078 0.16626923076923078
0.16626923076923078 0.16626923076923078
0.16626923076923078 0.16626923076923078
0.16626923076923078 0.16626923076923078
0.16626923076923078 0.16626923076923078
0.16626923076923078 0.16626923076923078
0.16626923076923078 0.16626923076923078
0.16626923076923078 0.16626923076923078
0.16626923076923078 0.16626923076923078
0.16626923076923078 0.16626923076923078
0.16626923076923078 0.16626923076923078
0.16626923076923078 0.16626923076923078
0.16626923076923078 0.16626923076923078
0.056269230769230766 0.06553846153846153
0.05803846153846154 0.06588461538461539
0.05773076923076923 0.06623076923076923
0.06976923076923076 0.06646153846153846
0.07746153846153846 0.06626923076923077
0.07746153846153846 0.06626923076923077
0.4183076923076923 0.4183076923076923
0.4183076923076923 0.4183076923076923
0.04265384615384615 0.0425
0.3751923076923077 0.3751923076923077
0.3751923076923077 0.3751923076923077
0.3751923076923077 0.3751923076923077
0.3751923076923077 0.3751923076923077
0.03761538461538461 0.036807692307692305
0.03538461538461538 0.038461538461538464
0.3169230769230769 0.3169230769230769
0.3169230769230769 0.3169230769230769
0.02626923076923077 0.030423076923076924
0.33442307692307693 0.33442307692307693
0.33442307692307693 0.33442307692307693
0.33442307692307693 0.33442307692307693
0.33442307692307693 0.33442307692307693
0.33442307692307693 0.33442307692307693
0.33442307692307693 0.33442307692307693
0.032038461538461536 0.033576923076923074
0.0345 0.03165384615384615
0.037384615384615384 0.03396153846153846
0.27615384615384614 0.27615384615384614
0.27615384615384614 0.27615384615384614
0.27615384615384614 0.27615384615384614
0.27615384615384614 0.27615384615384614
0.02530769230769231 0.026846153846153846
0.030846153846153846 0.028
0.30803846153846154 0.30803846153846154
0.30803846153846154 0.30803846153846154
0.031230769230769232 0.03257692307692308
0.4986923076923077 0.4986923076923077
0.4986923076923077 0.4986923076923077
0.050923076923076925 0.04980769230769231
0.38084615384615383 0.38084615384615383
0.38084615384615383 0.38084615384615383
0.38084615384615383 0.38084615384615383
0.38084615384615383 0.38084615384615383
0.03096153846153846 0.03919230769230769
0.03476923076923077 0.03761538461538461
0.3136923076923077 0.3136923076923077
0.3136923076923077 0.3136923076923077
0.026846153846153846 0.030576923076923078
0.3470384615384615 0.3470384615384615
0.3470384615384615 0.3470384615384615
0.041346153846153845 0.03480769230769231
0.14926923076923077 0.14926923076923077
0.14926923076923077 0.14926923076923077
0.14926923076923077 0.14926923076923077
0.14926923076923077 0.14926923076923077
0.012653846153846154 0.015038461538461539
0.016192307692307693 0.014346153846153847
0.2705769230769231 0.2705769230769231
0.2705769230769231 0.2705769230769231
0.2705769230769231 0.2705769230769231
0.2705769230769231 0.2705769230769231
0.024307692307692308 0.026307692307692306
0.026923076923076925 0.027269230769230768
0.29284615384615387 0.29284615384615387
0.29284615384615387 0.29284615384615387
0.032192307692307694 0.030192307692307692
0.25203846153846154 0.25203846153846154
0.20892307692307693 0.20892307692307693
0.20892307692307693 0.20892307692307693
0.20892307692307693 0.20892307692307693
0.16815384615384615 0.16815384615384615
0.16815384615384615 0.16815384615384615
0.16815384615384615 0.16815384615384615
0.16815384615384615 0.16815384615384615
0.16815384615384615 0.16815384615384615
0.14176923076923076 0.14176923076923076
0.33242307692307693 0.33242307692307693
0.21457692307692308 0.21457692307692308
0.21457692307692308 0.21457692307692308
0.14742307692307693 0.14742307692307693
0.2951153846153846 0.2951153846153846
0.1306923076923077 0.1306923076923077
0.1306923076923077 0.1306923076923077
0.10430769230769231 0.10430769230769231
0.10430769230769231 0.10430769230769231
0.18484615384615385 0.18484615384615385
0.1955 0.1955
0.1946923076923077 0.1946923076923077
0.19784615384615384 0.19784615384615384
0.2 0.2
0.19623076923076924 0.19623076923076924
0.19938461538461538 0.19938461538461538
0.2006153846153846 0.2006153846153846
0.19826923076923078 0.19826923076923078
0.19884615384615384 0.19884615384615384
0.20353846153846153 0.20353846153846153
0.1996923076923077 0.1996923076923077
0.19834615384615384 0.19834615384615384
0.19834615384615384 0.19834615384615384
0.19834615384615384 0.19834615384615384
0.19834615384615384 0.19834615384615384
0.19834615384615384 0.19834615384615384
0.19834615384615384 0.19834615384615384
0.19834615384615384 0.19834615384615384
0.19834615384615384 0.19834615384615384
0.2011153846153846 0.2011153846153846