4.3878989446273655e-05 3.8461531682861586e-05
4.3878989446273655e-05 3.8461531682861586e-05
4.3878989446273655e-05 3.8461531682861586e-05
4.3878989446273655e-05 3.8461531682861586e-05
4.760323965746085e-05 3.8461520035544944e-05
4.760323965746085e-05 3.8461520035544944e-05
4.760323965746085e-05 3.8461520035544944e-05
4.760323965746085e-05 3.8461520035544944e-05
5.2133663848403464e-05 3.846156169018139e-05
5.2133663848403464e-05 3.846156169018139e-05
5.2133663848403464e-05 3.846156169018139e-05
5.2133663848403464e-05 3.846156169018139e-05
4.452131690891281e-05 3.846152564256346e-05
4.452131690891281e-05 3.846152564256346e-05
4.112566559526217e-05 3.846152492994055e-05
4.112566559526217e-05 3.846152492994055e-05
3.4587331125046076e-05 3.846156505915241e-05
3.4587331125046076e-05 3.846156505915241e-05
3.713657327089295e-05 3.8461531323671004e-05
3.713657327089295e-05 3.8461531323671004e-05
3.382457550241664e-05 3.8461537556215466e-05
3.382457550241664e-05 3.8461537556215466e-05
3.382457550241664e-05 3.8461537556215466e-05
3.382457550241664e-05 3.8461537556215466e-05
3.698797664717356e-05 3.846152292587223e-05
3.698797664717356e-05 3.846152292587223e-05
3.781250704880749e-05 3.8461511255593264e-05
3.781250704880749e-05 3.8461511255593264e-05
3.781250704880749e-05 3.8461511255593264e-05
3.781250704880749e-05 3.8461511255593264e-05
4.0088107210800296e-05 3.8461570619864886e-05
4.0088107210800296e-05 3.8461570619864886e-05
4.0088107210800296e-05 3.8461570619864886e-05
4.0088107210800296e-05 3.8461570619864886e-05
4.0088107210800296e-05 3.8461570619864886e-05
4.0088107210800296e-05 3.8461570619864886e-05
4.0088107210800296e-05 3.8461570619864886e-05
4.0088107210800296e-05 3.8461570619864886e-05
4.0088107210800296e-05 3.8461570619864886e-05
4.0088107210800296e-05 3.8461570619864886e-05
4.0088107210800296e-05 3.8461570619864886e-05
4.0088107210800296e-05 3.8461570619864886e-05
4.0088107210800296e-05 3.8461570619864886e-05
4.0088107210800296e-05 3.8461570619864886e-05
4.0088107210800296e-05 3.8461570619864886e-05
4.0088107210800296e-05 3.8461570619864886e-05
4.0088107210800296e-05 3.8461570619864886e-05
4.0088107210800296e-05 3.8461570619864886e-05
4.0088107210800296e-05 3.8461570619864886e-05
4.0088107210800296e-05 3.8461570619864886e-05
4.0088107210800296e-05 3.8461570619864886e-05
4.0088107210800296e-05 3.8461570619864886e-05
4.0088107210800296e-05 3.8461570619864886e-05
4.0088107210800296e-05 3.8461570619864886e-05
4.0088107210800296e-05 3.8461570619864886e-05
4.0088107210800296e-05 3.8461570619864886e-05
4.0088107210800296e-05 3.8461570619864886e-05
4.0088107210800296e-05 3.8461570619864886e-05
4.0088107210800296e-05 3.8461570619864886e-05
4.0088107210800296e-05 3.8461570619864886e-05
4.0088107210800296e-05 3.8461570619864886e-05
4.0088107210800296e-05 3.8461570619864886e-05
4.0088107210800296e-05 3.8461570619864886e-05
4.0088107210800296e-05 3.8461570619864886e-05
4.0088107210800296e-05 3.8461570619864886e-05
4.0088107210800296e-05 3.8461570619864886e-05
4.0088107210800296e-05 3.8461570619864886e-05
4.0088107210800296e-05 3.8461570619864886e-05
4.411447860113058e-05 3.8461534242170634e-05
4.411447860113058e-05 3.8461534242170634e-05
4.411447860113058e-05 3.8461534242170634e-05
4.411447860113058e-05 3.8461534242170634e-05
4.411447860113058e-05 3.8461534242170634e-05
4.411447860113058e-05 3.8461534242170634e-05
4.411447860113058e-05 3.8461534242170634e-05
4.411447860113058e-05 3.8461534242170634e-05
3.755888551415315e-05 3.8461515834632214e-05
3.755888551415315e-05 3.8461515834632214e-05
3.7786876698548766e-05 3.846150468178711e-05
3.7786876698548766e-05 3.846150468178711e-05
3.7786876698548766e-05 3.846150468178711e-05
3.7786876698548766e-05 3.846150468178711e-05
3.7786876698548766e-05 3.846150468178711e-05
3.7786876698548766e-05 3.846150468178711e-05
4.18191933539654e-05 3.846154550325325e-05
4.18191933539654e-05 3.846154550325325e-05
4.18191933539654e-05 3.846154550325325e-05
4.18191933539654e-05 3.846154550325325e-05
4.18191933539654e-05 3.846154550325325e-05
4.18191933539654e-05 3.846154550325325e-05
4.18191933539654e-05 3.846154550325325e-05
4.18191933539654e-05 3.846154550325325e-05
4.18191933539654e-05 3.846154550325325e-05
4.18191933539654e-05 3.846154550325325e-05
4.18191933539654e-05 3.846154550325325e-05
4.18191933539654e-05 3.846154550325325e-05
4.18191933539654e-05 3.846154550325325e-05
4.18191933539654e-05 3.846154550325325e-05
4.7399239437297176e-05 3.846149581928352e-05
4.7399239437297176e-05 3.846149581928352e-05
4.7399239437297176e-05 3.846149581928352e-05
4.7399239437297176e-05 3.846149581928352e-05
4.7399239437297176e-05 3.846149581928352e-05
4.7399239437297176e-05 3.846149581928352e-05
3.845514037361579e-05 3.846155123317274e-05
3.845514037361579e-05 3.846155123317274e-05
3.845514037361579e-05 3.846155123317274e-05
3.845514037361579e-05 3.846155123317274e-05
3.845514037361579e-05 3.846155123317274e-05
3.845514037361579e-05 3.846155123317274e-05
3.845514037361579e-05 3.846155123317274e-05
3.845514037361579e-05 3.846155123317274e-05
3.845514037361579e-05 3.846155123317274e-05
3.845514037361579e-05 3.846155123317274e-05
3.845514037361579e-05 3.846155123317274e-05
3.845514037361579e-05 3.846155123317274e-05
5.259599649444248e-05 3.8461586369466644e-05
5.259599649444248e-05 3.8461586369466644e-05
5.259599649444248e-05 3.8461586369466644e-05
5.259599649444248e-05 3.8461586369466644e-05
5.259599649444248e-05 3.8461586369466644e-05
5.259599649444248e-05 3.8461586369466644e-05
4.6386376163426206e-05 3.846153563297658e-05
4.6386376163426206e-05 3.846153563297658e-05
4.0498399648771e-05 3.846154410732688e-05
4.0498399648771e-05 3.846154410732688e-05
4.237563451465689e-05 3.846153943946865e-05
4.237563451465689e-05 3.846153943946865e-05
4.237563451465689e-05 3.846153943946865e-05
4.237563451465689e-05 3.846153943946865e-05
4.237563451465689e-05 3.846153943946865e-05
4.237563451465689e-05 3.846153943946865e-05
4.237563451465689e-05 3.846153943946865e-05
4.237563451465689e-05 3.846153943946865e-05
4.237563451465689e-05 3.846153943946865e-05
4.237563451465689e-05 3.846153943946865e-05
4.491539142115581e-05 3.846150556789628e-05
4.491539142115581e-05 3.846150556789628e-05
4.86693488231742e-05 3.846159139135806e-05
4.86693488231742e-05 3.846159139135806e-05
3.1169118798599036e-05 3.846150585657252e-05
3.1169118798599036e-05 3.846150585657252e-05
3.1169118798599036e-05 3.846150585657252e-05
3.1169118798599036e-05 3.846150585657252e-05
3.1169118798599036e-05 3.846150585657252e-05
3.1169118798599036e-05 3.846150585657252e-05
3.1169118798599036e-05 3.846150585657252e-05
3.1169118798599036e-05 3.846150585657252e-05
3.1169118798599036e-05 3.846150585657252e-05
3.1169118798599036e-05 3.846150585657252e-05
3.622670270033307e-05 3.846154401402882e-05
3.622670270033307e-05 3.846154401402882e-05
3.622670270033307e-05 3.846154401402882e-05
3.622670270033307e-05 3.846154401402882e-05
2.8759080520158866e-05 3.846151114046131e-05
2.8759080520158866e-05 3.846151114046131e-05
2.8759080520158866e-05 3.846151114046131e-05
2.8759080520158866e-05 3.846151114046131e-05
2.8759080520158866e-05 3.846151114046131e-05
2.8759080520158866e-05 3.846151114046131e-05
2.8759080520158866e-05 3.846151114046131e-05
2.8759080520158866e-05 3.846151114046131e-05
2.8759080520158866e-05 3.846151114046131e-05
2.8759080520158866e-05 3.846151114046131e-05
3.874619460760464e-05 3.8461534633974905e-05
3.874619460760464e-05 3.8461534633974905e-05
3.646203611169634e-05 3.846152823844995e-05
3.646203611169634e-05 3.846152823844995e-05
3.038882407739208e-05 3.846149683995909e-05
3.038882407739208e-05 3.846149683995909e-05
3.038882407739208e-05 3.846149683995909e-05
3.038882407739208e-05 3.846149683995909e-05
3.038882407739208e-05 3.846149683995909e-05
3.038882407739208e-05 3.846149683995909e-05
3.038882407739208e-05 3.846149683995909e-05
3.038882407739208e-05 3.846149683995909e-05
3.038882407739208e-05 3.846149683995909e-05
3.038882407739208e-05 3.846149683995909e-05
3.038882407739208e-05 3.846149683995909e-05
3.038882407739208e-05 3.846149683995909e-05
3.038882407739208e-05 3.846149683995909e-05
3.038882407739208e-05 3.846149683995909e-05
3.038882407739208e-05 3.846149683995909e-05
3.038882407739208e-05 3.846149683995909e-05
4.0918283177586276e-05 3.846156286564937e-05
4.0918283177586276e-05 3.846156286564937e-05
3.602970579101544e-05 3.846153960889748e-05
3.602970579101544e-05 3.846153960889748e-05
2.8232660936797107e-05 3.846155933759935e-05
2.8232660936797107e-05 3.846155933759935e-05
2.658991206671713e-05 3.846155971426195e-05
2.658991206671713e-05 3.846155971426195e-05
2.658991206671713e-05 3.846155971426195e-05
2.658991206671713e-05 3.846155971426195e-05
3.9135720834346e-05 3.846147585238949e-05
3.9135720834346e-05 3.846147585238949e-05
4.789645129357389e-05 3.846151905958356e-05
4.789645129357389e-05 3.846151905958356e-05
2.9543968932278217e-05 3.846155356099782e-05
2.9543968932278217e-05 3.846155356099782e-05