4.5196754066432253e-05 3.8461540796033074e-05
4.5196754066432253e-05 3.8461540796033074e-05
4.5196754066432253e-05 3.8461540796033074e-05
4.5196754066432253e-05 3.8461540796033074e-05
4.5196754066432253e-05 3.8461540796033074e-05
4.5196754066432253e-05 3.8461540796033074e-05
4.5196754066432253e-05 3.8461540796033074e-05
4.5196754066432253e-05 3.8461540796033074e-05
4.5196754066432253e-05 3.8461540796033074e-05
4.5196754066432253e-05 3.8461540796033074e-05
4.5196754066432253e-05 3.8461540796033074e-05
4.5196754066432253e-05 3.8461540796033074e-05
4.5196754066432253e-05 3.8461540796033074e-05
4.5196754066432253e-05 3.8461540796033074e-05
4.5196754066432253e-05 3.8461540796033074e-05
4.5196754066432253e-05 3.8461540796033074e-05
4.5196754066432253e-05 3.8461540796033074e-05
4.5196754066432253e-05 3.8461540796033074e-05
2.3470920887824388e-05 3.8461599029468305e-05
2.3448018870550376e-05 3.846151984001962e-05
8.303069505484331e-05 3.846157024816755e-05
8.303069505484331e-05 3.846157024816755e-05
8.303069505484331e-05 3.846157024816755e-05
2.268425271249737e-05 3.8461549736498175e-05
5.414672148392354e-05 3.846156237641985e-05
5.414672148392354e-05 3.846156237641985e-05
5.414672148392354e-05 3.846156237641985e-05
5.414672148392354e-05 3.846156237641985e-05
5.414672148392354e-05 3.846156237641985e-05
5.414672148392354e-05 3.846156237641985e-05
5.438815628516059e-05 3.846155236002591e-05
3.537345896591206e-05 3.846155236002591e-05
2.6556087063750033e-05 3.8461574882826344e-05
2.6556087063750033e-05 3.8461574882826344e-05
2.6556087063750033e-05 3.8461574882826344e-05
2.008817916861074e-05 3.846163278498703e-05
3.5449927632371225e-05 3.8461594201555706e-05
3.5449927632371225e-05 3.8461594201555706e-05
3.5449927632371225e-05 3.8461594201555706e-05
3.5449927632371225e-05 3.8461594201555706e-05
3.5449927632371225e-05 3.8461594201555706e-05
3.5449927632371225e-05 3.8461594201555706e-05
3.5449927632371225e-05 3.8461594201555706e-05
3.5449927632371225e-05 3.8461594201555706e-05
3.5449927632371225e-05 3.8461594201555706e-05
3.5449927632371225e-05 3.8461594201555706e-05
3.5449927632371225e-05 3.8461594201555706e-05
3.5449927632371225e-05 3.8461594201555706e-05
3.813600334400303e-05 3.846164825491255e-05
4.960620545837372e-05 3.846164825491255e-05
3.163642721476075e-05 3.8461490323858755e-05
3.163642721476075e-05 3.8461490323858755e-05
1.8531924229844986e-05 3.8461570529595427e-05
1.8531924229844986e-05 3.8461570529595427e-05
1.8531924229844986e-05 3.8461570529595427e-05
1.9145647420286707e-05 3.846149418389969e-05
3.129464452996573e-05 3.8461522894460915e-05
3.129464452996573e-05 3.8461522894460915e-05
3.129464452996573e-05 3.8461522894460915e-05
3.129464452996573e-05 3.8461522894460915e-05
3.129464452996573e-05 3.8461522894460915e-05
3.129464452996573e-05 3.8461522894460915e-05
3.129464452996573e-05 3.8461522894460915e-05
3.129464452996573e-05 3.8461522894460915e-05
3.129464452996573e-05 3.8461522894460915e-05
3.129464452996573e-05 3.8461522894460915e-05
3.129464452996573e-05 3.8461522894460915e-05
3.129464452996573e-05 3.8461522894460915e-05
3.129464452996573e-05 3.8461522894460915e-05
3.129464452996573e-05 3.8461522894460915e-05
3.129464452996573e-05 3.8461522894460915e-05
3.129464452996573e-05 3.8461522894460915e-05
3.129464452996573e-05 3.8461522894460915e-05
3.129464452996573e-05 3.8461522894460915e-05
5.495554468896578e-05 3.8461492072656646e-05
2.5949818502317822e-05 3.846157556473934e-05
2.6045219701656724e-05 3.8461557381422365e-05
1.9046126796804844e-05 3.846151188022161e-05
1.9072588173390146e-05 3.846149940380414e-05
1.9072588173390146e-05 3.846149940380414e-05
4.242768191880914e-05 3.846154032764389e-05
4.242768191880914e-05 3.846154032764389e-05
3.999204441066756e-05 3.846156987912774e-05
3.4776573002862444e-05 3.8461540651590815e-05
3.4776573002862444e-05 3.8461540651590815e-05
3.4776573002862444e-05 3.8461540651590815e-05
3.4776573002862444e-05 3.8461540651590815e-05
2.299994888083779e-05 3.846160320081333e-05
3.06891328374744e-05 3.8461471699161254e-05
4.0006259501581434e-05 3.846153489655715e-05
4.0006259501581434e-05 3.846153489655715e-05
5.4255186685810326e-05 3.8461510102298586e-05
3.697445853709791e-05 3.84615390757984e-05
3.697445853709791e-05 3.84615390757984e-05
3.697445853709791e-05 3.84615390757984e-05
3.697445853709791e-05 3.84615390757984e-05
3.697445853709791e-05 3.84615390757984e-05
3.697445853709791e-05 3.84615390757984e-05
1.9051185816263812e-05 3.846147667001408e-05
5.035112633251272e-05 3.8461635157472404e-05
2.885730864756586e-05 3.846152575929682e-05
4.343997571450893e-05 3.846153213863923e-05
4.343997571450893e-05 3.846153213863923e-05
4.343997571450893e-05 3.846153213863923e-05
4.343997571450893e-05 3.846153213863923e-05
4.377491395534037e-05 3.8461633344458506e-05
4.3281553247421245e-05 3.8461567073985835e-05
3.608476351365208e-05 3.8461532926488085e-05
3.608476351365208e-05 3.8461532926488085e-05
1.9447474573954447e-05 3.846146657572026e-05
3.7570431715038434e-05 3.846153261223563e-05
3.7570431715038434e-05 3.846153261223563e-05
3.506632699273995e-05 3.8461521964271504e-05
3.7959178281083066e-05 3.84615304247021e-05
3.7959178281083066e-05 3.84615304247021e-05
3.7959178281083066e-05 3.84615304247021e-05
3.7959178281083066e-05 3.84615304247021e-05
1.92439606949014e-05 3.846148447508231e-05
2.429433044609457e-05 3.8461587065641295e-05
3.992510846949495e-05 3.846154193226528e-05
3.992510846949495e-05 3.846154193226528e-05
6.594001871078528e-05 3.846144440636554e-05
3.796723590641012e-05 3.846154432165181e-05
3.796723590641012e-05 3.846154432165181e-05
6.854002152586691e-05 3.84615915763579e-05
2.823638311526821e-05 3.846153543392228e-05
2.823638311526821e-05 3.846153543392228e-05
2.823638311526821e-05 3.846153543392228e-05
2.823638311526821e-05 3.846153543392228e-05
1.8759697534919447e-05 3.84615493893956e-05
4.6440912771104186e-05 3.8461716017244075e-05
2.8917012902794e-05 3.846154263715267e-05
2.8917012902794e-05 3.846154263715267e-05
2.8917012902794e-05 3.846154263715267e-05
2.8917012902794e-05 3.846154263715267e-05
2.621077066299468e-05 3.8461649341743884e-05
1.9137392426872668e-05 3.8461551267861875e-05
3.545186822421942e-05 3.8461538952567244e-05
3.545186822421942e-05 3.8461538952567244e-05
1.884648896751417e-05 3.846160990153446e-05
4.977212272942566e-05 3.8461525339313246e-05
3.7547629112643834e-05 3.846152282793319e-05
3.7547629112643834e-05 3.846152282793319e-05
3.7547629112643834e-05 3.846152282793319e-05
4.259061497644658e-05 3.846155507578055e-05
4.259061497644658e-05 3.846155507578055e-05
4.259061497644658e-05 3.846155507578055e-05
4.259061497644658e-05 3.846155507578055e-05
4.259061497644658e-05 3.846155507578055e-05
4.1702691990721006e-05 3.846154469221067e-05
4.070941447577768e-05 3.8461537472809514e-05
4.31233258713466e-05 3.846153625966045e-05
4.31233258713466e-05 3.846153625966045e-05
4.9658866781674665e-05 3.8461518117563355e-05
4.127176661985999e-05 3.846154013212056e-05
2.9615798548363976e-05 3.8461530445337784e-05
2.9615798548363976e-05 3.8461530445337784e-05
2.5127004966118715e-05 3.8461510102298586e-05
2.5127004966118715e-05 3.8461510102298586e-05
3.0011999106545354e-05 3.84615276817622e-05
4.1261958053087665e-05 3.84615493893956e-05
4.7149829418853706e-05 3.846155228353991e-05
3.911678009031316e-05 3.846154593726344e-05
4.1425135462820496e-05 3.846153846153846e-05
5.3330332180982414e-05 3.846155165175333e-05
5.249228335189755e-05 3.8461545364438576e-05
3.8903334727093106e-05 3.846153160098743e-05
4.59850686793178e-05 3.846153483525997e-05
2.9168884605801177e-05 3.846154724266351e-05
2.8961141768323117e-05 3.846154058097901e-05
3.0634097525722976e-05 3.846152519135871e-05
2.8493160002303612e-05 3.846152976184533e-05
2.8493160002303612e-05 3.846152976184533e-05
2.8493160002303612e-05 3.846152976184533e-05
2.8493160002303612e-05 3.846152976184533e-05
2.8493160002303612e-05 3.846152976184533e-05
2.8493160002303612e-05 3.846152976184533e-05
2.8493160002303612e-05 3.846152976184533e-05
2.8493160002303612e-05 3.846152976184533e-05
4.6980282264571675e-05 3.84615488799932e-05