4.7889397594355925e-05 3.8465755448061656e-05
5.029865448609217e-05 3.8442046024850633e-05
4.965882810890024e-05 3.849068949843801e-05
4.989562432433009e-05 3.84912023481481e-05
5.3504547886570356e-05 3.849277728079065e-05
5.474984499874963e-05 3.838867380568037e-05
5.298966701493209e-05 3.850413878530092e-05
4.9418824537959204e-05 3.846069878018667e-05
4.99507513676275e-05 3.845557951225889e-05
4.7889397594355925e-05 3.843527545166858e-05
5.029865448609217e-05 3.846089365365669e-05
4.9372610079454126e-05 3.8460189744477286e-05
4.989562432433009e-05 3.846070218780884e-05
5.376682508209276e-05 3.846227587248575e-05
5.5045790106850984e-05 3.850578663781339e-05
5.232313032292036e-05 3.847362837421907e-05
4.9418824537959204e-05 3.846312537866766e-05
5.0030993538499194e-05 3.8462090358397155e-05
2.123068719108757e-05 3.8433982348054094e-05
2.123068719108757e-05 3.8433982348054094e-05
2.123068719108757e-05 3.8433982348054094e-05
1.952977684872908e-05 3.844768799774284e-05
1.952977684872908e-05 3.844768799774284e-05
1.952977684872908e-05 3.844768799774284e-05
1.90066660179058e-05 3.844316246744985e-05
1.90066660179058e-05 3.844316246744985e-05
1.90066660179058e-05 3.844316246744985e-05
1.9772158823161108e-05 3.8414360605637366e-05
1.9772158823161108e-05 3.8414360605637366e-05
1.9772158823161108e-05 3.8414360605637366e-05
2.0393542163205084e-05 3.84726207803449e-05
2.0393542163205084e-05 3.84726207803449e-05
2.0393542163205084e-05 3.84726207803449e-05
2.0295780993086857e-05 3.849088327391789e-05
2.0295780993086857e-05 3.849088327391789e-05
2.0295780993086857e-05 3.849088327391789e-05
1.6900113568763183e-05 3.8507089834775465e-05
1.6900113568763183e-05 3.8507089834775465e-05
1.6900113568763183e-05 3.8507089834775465e-05
1.9622469258131494e-05 3.8466552194802945e-05
1.9622469258131494e-05 3.8466552194802945e-05
1.9622469258131494e-05 3.8466552194802945e-05
1.8872867404736588e-05 3.844888429159137e-05
1.8872867404736588e-05 3.844888429159137e-05
1.8872867404736588e-05 3.844888429159137e-05
4.8442725550099515e-05 3.8486250913275926e-05
5.0956514898023705e-05 3.848487340130868e-05
4.9531620095813074e-05 3.844505621690354e-05
4.993774366532351e-05 3.8455489895617634e-05
5.145166218334562e-05 3.8412460310008166e-05
5.140676137019735e-05 3.843069424612443e-05
5.3425795961557046e-05 3.8446875464431795e-05
4.893322762262022e-05 3.847133173173554e-05
4.874959541476423e-05 3.8461743373760494e-05
1.8581082872185023e-05 3.846766205304049e-05
1.8143336288417285e-05 3.844703585382724e-05
1.9007191426779826e-05 3.844542503864443e-05
1.8587924477613562e-05 3.849311021443549e-05
1.9196805651539585e-05 3.8501998045283174e-05
1.7645241327881074e-05 3.848286162988762e-05
1.7266847201146846e-05 3.840363759255277e-05
2.08243788010786e-05 3.846672142360211e-05
1.8906264358078707e-05 3.844823212738441e-05
1.8501360452728813e-05 3.846766205304049e-05
1.7940379781685132e-05 3.844703585382724e-05
1.9119015320622833e-05 3.844542503864443e-05
1.7565402455224605e-05 3.849311021443549e-05
2.0038617438388527e-05 3.8501998045283174e-05
1.743188868450631e-05 3.848286162988762e-05
1.6074101322599818e-05 3.840363759255277e-05
1.9955710008172923e-05 3.846672142360211e-05
1.887158860073849e-05 3.844823212738441e-05
5.515941312319855e-05 3.847607580239593e-05
6.0178531387421274e-05 3.842861272708055e-05
6.033798292942599e-05 3.8449868998352366e-05
5.811436122094492e-05 3.843682107688907e-05
5.632446197220362e-05 3.850212143369951e-05
5.7335281566765284e-05 3.8535492130696474e-05
6.040764655748641e-05 3.834747929236118e-05
5.9705785783967244e-05 3.844036374579532e-05
5.765125417826674e-05 3.848230816569379e-05
0.00020966378654529828 3.846880610675371e-05
0.00020390887127171167 3.8509252214282005e-05
0.00019653072820486332 3.838052524597926e-05
0.00020624110848282306 3.852505042901385e-05
0.00019858174911692138 3.8542633523371686e-05
0.00019444715669019228 3.827358998699097e-05
0.00021098176534880596 3.849080644875856e-05
0.0002039560153820214 3.8499973459025227e-05
0.00019516246001998012 3.847713688526278e-05
0.00018446978979754243 3.846880610675371e-05
0.00018098824702770963 3.8509252214282005e-05
0.00017195490845745964 3.838052524597926e-05
0.0001794832307858406 3.852505042901385e-05
0.00017358161908845044 3.8542633523371686e-05
0.00016772033831588244 3.827358998699097e-05
0.00018630276383362263 3.849080644875856e-05
0.0001791369763715088 3.8499973459025227e-05
0.00016973385504666908 3.847713688526278e-05
0.00016718062106682152 3.839715176404842e-05
0.00016718062106682152 3.839715176404842e-05
0.00016724252045368 3.8458354142685836e-05
0.00016724252045368 3.8458354142685836e-05
0.00015481793410948723 3.846288688813801e-05
0.00015481793410948723 3.846288688813801e-05
0.00016539901653842926 3.832996881384856e-05
0.00016539901653842926 3.832996881384856e-05
0.00015514939014819483 3.8308741864932875e-05
0.00015514939014819483 3.8308741864932875e-05
0.00015122394324606283 3.8355722154345025e-05
0.00015122394324606283 3.8355722154345025e-05
0.0001702956124716222 3.8573404745858904e-05
0.0001702956124716222 3.8573404745858904e-05
0.00016108960578231263 3.84934861358403e-05
0.00016108960578231263 3.84934861358403e-05
0.00015449877245969342 3.845955076840981e-05
0.00015449877245969342 3.845955076840981e-05
1.967054644778032e-05 3.835001124437223e-05
1.994420182164641e-05 3.8368407646597944e-05
1.6784348145042967e-05 3.862690396735287e-05
2.2568461733648235e-05 3.822635096618779e-05
2.3258186881782388e-05 3.822179957405626e-05
1.6084901187912283e-05 3.858757885130566e-05
1.3346756356869386e-05 3.85389457457286e-05
1.8752678954136307e-05 3.8511030182966116e-05
1.7904034375746e-05 3.8450209880107894e-05
5.063902807824239e-05 3.8460137080025426e-05
5.1404276527948575e-05 3.845412236956274e-05
5.191638993445963e-05 3.844411008308024e-05
5.22054368927324e-05 3.843494134189901e-05
5.685391551742823e-05 3.844251700821631e-05
5.356040054513655e-05 3.846076521188822e-05
4.9607551407858245e-05 3.8436542117720095e-05
5.089097290238807e-05 3.8452698502186976e-05
5.400989180562248e-05 3.8455318863615745e-05
4.2220072807353536e-05 3.846781799964997e-05
4.178634094056812e-05 3.847004730834996e-05
4.311099795414615e-05 3.847361689083451e-05
4.43923618905698e-05 3.845968435253008e-05
4.7468000982866844e-05 3.849892435555643e-05
4.434273621054678e-05 3.8476073588425354e-05
4.205055870080594e-05 3.8475826566894865e-05
4.257921537782876e-05 3.846883003052855e-05
4.4675054629650286e-05 3.847124429790497e-05
4.2445096513188864e-05 3.847541863091607e-05
4.1969570758287886e-05 3.844966887752263e-05
4.334077009514093e-05 3.845675926593738e-05
4.454443886770234e-05 3.8484168725419364e-05
4.782496230145363e-05 3.846906487443663e-05
4.434444654435342e-05 3.8491221947089276e-05
4.2010462190385864e-05 3.8514700377228094e-05
4.2720483815190504e-05 3.846067965784029e-05
4.488135465987583e-05 3.8459899740814424e-05
2.5616014810245342e-05 3.84665799026966e-05
2.495962356183237e-05 3.846020880868423e-05
2.6474378809681886e-05 3.846091709919135e-05
2.650730020839354e-05 3.842544654413668e-05
2.6840759965148307e-05 3.842087144683781e-05
2.5044395559337455e-05 3.846531785928546e-05
2.7000431351020694e-05 3.8500535659626566e-05
2.5023262891706218e-05 3.8471312943970005e-05
2.653034421279231e-05 3.846140549211585e-05
2.10044266012828e-05 3.845308814999274e-05
2.10044266012828e-05 3.845308814999274e-05
2.059778539673512e-05 3.8463469274911235e-05
2.059778539673512e-05 3.8463469274911235e-05
2.080125768124491e-05 3.8480468883592764e-05
2.080125768124491e-05 3.8480468883592764e-05
2.1544191925236865e-05 3.846183316608946e-05
2.1544191925236865e-05 3.846183316608946e-05
1.9138812333639556e-05 3.844673808112587e-05
1.9138812333639556e-05 3.844673808112587e-05
2.0021847420233046e-05 3.846888229418905e-05
2.0021847420233046e-05 3.846888229418905e-05
2.1168497101688143e-05 3.849234709784491e-05
2.1168497101688143e-05 3.849234709784491e-05
1.994184727481994e-05 3.8462457015011134e-05
1.994184727481994e-05 3.8462457015011134e-05
2.135919890439874e-05 3.846466605979175e-05
2.135919890439874e-05 3.846466605979175e-05