4.510020744345658e-05 3.846167465071264e-05
4.4886702308293745e-05 3.846143211236096e-05
4.500179981667538e-05 3.846171550839495e-05
4.4911497960414376e-05 3.846131334633714e-05
4.500179981667538e-05 3.846171550839495e-05
4.500179981667538e-05 3.846171550839495e-05
4.500179981667538e-05 3.846171550839495e-05
4.4911497960414376e-05 3.846131334633714e-05
4.4911497960414376e-05 3.846131334633714e-05
4.506372782991107e-05 3.8461665775927305e-05
4.506372782991107e-05 3.8461665775927305e-05
4.502229621933321e-05 3.846128397838569e-05
4.506695533655321e-05 3.8461385559281553e-05
4.506695533655321e-05 3.8461385559281553e-05
4.506695533655321e-05 3.8461385559281553e-05
4.506695533655321e-05 3.8461385559281553e-05
4.506926881964043e-05 3.8461010765405755e-05
5.247750241968291e-05 4.147231512180117e-05
0.00011736680110131786 9.214331485985533e-05
6.33523627022237e-05 5.0576248800611066e-05
3.545025107375214e-05 2.7330877466333013e-05
6.866421721526061e-05 5.615903762600589e-05
6.866421721526061e-05 5.615903762600589e-05
6.866421721526061e-05 5.615903762600589e-05
3.9836864716671066e-05 3.0724634156722434e-05
3.9836864716671066e-05 3.0724634156722434e-05
5.6598761581168933e-05 4.3977332333776325e-05
5.6598761581168933e-05 4.3977332333776325e-05
2.5697309974806373e-05 1.9595285845244174e-05
5.4839402909841275e-05 4.3542405073825845e-05
5.4839402909841275e-05 4.3542405073825845e-05
5.4839402909841275e-05 4.3542405073825845e-05
5.4839402909841275e-05 4.3542405073825845e-05
6.689317689012723e-05 5.216419691830277e-05
2.1470426770795894e-05 4.365466625137097e-05
4.5056801158263554e-05 9.214524129071223e-05
2.919256232068077e-05 6.015325850805129e-05
1.5612738900441476e-05 3.1788140636954815e-05
2.248539312407558e-05 4.7128635793685156e-05
2.248539312407558e-05 4.7128635793685156e-05
2.248539312407558e-05 4.7128635793685156e-05
2.0344021976166062e-05 4.085559395276324e-05
2.0344021976166062e-05 4.085559395276324e-05
1.4631055252383383e-05 2.9247970634462575e-05
1.4631055252383383e-05 2.9247970634462575e-05
2.711974651719613e-05 5.489162984376651e-05
1.2708600239420951e-05 2.5579479266221158e-05
1.2708600239420951e-05 2.5579479266221158e-05
1.2708600239420951e-05 2.5579479266221158e-05
1.2708600239420951e-05 2.5579479266221158e-05
2.3871716237033657e-05 4.855696321834786e-05
6.558879103492972e-05 4.1471356933290436e-05
0.00011452633050115218 7.298764308191202e-05
9.080931294445479e-05 5.782964405118058e-05
3.517676277864396e-05 2.177008372189021e-05
7.423974364038925e-05 4.792871683943389e-05
7.423974364038925e-05 4.792871683943389e-05
7.423974364038925e-05 4.792871683943389e-05
6.491533046561677e-05 4.0855084932381936e-05
6.491533046561677e-05 4.0855084932381936e-05
5.84316491111605e-05 3.656757580166075e-05
5.84316491111605e-05 3.656757580166075e-05
7.048839689482974e-05 4.4170632076118176e-05
5.824727569605296e-05 3.735036209805819e-05
5.824727569605296e-05 3.735036209805819e-05
5.824727569605296e-05 3.735036209805819e-05
5.824727569605296e-05 3.735036209805819e-05
3.2056302261825635e-05 2.026749841528636e-05
5.985946054724113e-05 4.98545928720463e-05
7.679476322090151e-05 6.329402824010789e-05
8.542229937812647e-05 7.217990267984338e-05
4.876952440125889e-05 4.0486106874366065e-05
3.446909840183634e-05 2.8341543485051554e-05
3.446909840183634e-05 2.8341543485051554e-05
3.446909840183634e-05 2.8341543485051554e-05
4.876952440125889e-05 4.0486106874366065e-05
4.876952440125889e-05 4.0486106874366065e-05
7.469355122334968e-05 6.211852175703445e-05
7.469355122334968e-05 6.211852175703445e-05
5.1208538832133936e-05 4.2405362180692485e-05
3.585508401543409e-05 2.949701163622165e-05
3.585508401543409e-05 2.949701163622165e-05
3.585508401543409e-05 2.949701163622165e-05
3.585508401543409e-05 2.949701163622165e-05
5.671946880030457e-05 4.707386886200845e-05
2.452294415253624e-05 4.985461741624864e-05
2.452294415253624e-05 4.985461741624864e-05
3.7734433693666864e-05 7.755656106812493e-05
3.7734433693666864e-05 7.755656106812493e-05
1.932047680192156e-05 3.846121734706363e-05
1.932047680192156e-05 3.846121734706363e-05
1.4334750330664436e-05 2.8628067096266302e-05
1.4334750330664436e-05 2.8628067096266302e-05
3.1479286209859816e-05 6.54695566162262e-05
3.1479286209859816e-05 6.54695566162262e-05
3.1479286209859816e-05 6.54695566162262e-05
3.1479286209859816e-05 6.54695566162262e-05
3.1479286209859816e-05 6.54695566162262e-05
3.1479286209859816e-05 6.54695566162262e-05
2.0624928261652353e-05 4.0855084932381936e-05
2.0624928261652353e-05 4.0855084932381936e-05
2.0624928261652353e-05 4.0855084932381936e-05
2.0624928261652353e-05 4.0855084932381936e-05
1.8519038330308623e-05 3.656757580166075e-05
1.8519038330308623e-05 3.656757580166075e-05
1.8519038330308623e-05 3.656757580166075e-05
1.8519038330308623e-05 3.656757580166075e-05
2.3233688380156706e-05 4.7086201929186184e-05
2.3233688380156706e-05 4.7086201929186184e-05
2.0185642679679122e-05 4.000581516325072e-05
2.0185642679679122e-05 4.000581516325072e-05
2.0185642679679122e-05 4.000581516325072e-05
2.0185642679679122e-05 4.000581516325072e-05
2.0185642679679122e-05 4.000581516325072e-05
2.0185642679679122e-05 4.000581516325072e-05
2.0185642679679122e-05 4.000581516325072e-05
2.0185642679679122e-05 4.000581516325072e-05
2.9182804014274455e-05 6.0049024447581194e-05
2.9182804014274455e-05 6.0049024447581194e-05
3.686509951718882e-05 3.215246370819484e-05
8.784187491864567e-05 7.887463218682335e-05
6.526926295956028e-05 5.7830875663913024e-05
3.284032685784951e-05 2.8628154637349124e-05
7.59451836997041e-05 6.795039433178767e-05
7.59451836997041e-05 6.795039433178767e-05
7.59451836997041e-05 6.795039433178767e-05
2.930415191355346e-05 2.5103996184965078e-05
2.930415191355346e-05 2.5103996184965078e-05
4.7521265374629275e-05 4.1279321553228206e-05
4.7521265374629275e-05 4.1279321553228206e-05
6.202145288921633e-05 5.48919592447614e-05
3.694624553389446e-05 3.198111339812813e-05
3.694624553389446e-05 3.198111339812813e-05
3.694624553389446e-05 3.198111339812813e-05
3.694624553389446e-05 3.198111339812813e-05
5.2894523397513365e-05 4.681743181595891e-05
5.0777611717188234e-05 3.5295290103908195e-05
0.0001461288915801923 0.0001037069983264262
6.298673958463644e-05 4.435124209370587e-05
5.78682419058984e-05 4.048669390710255e-05
9.98357056706992e-05 7.152786153318042e-05
9.98357056706992e-05 7.152786153318042e-05
9.98357056706992e-05 7.152786153318042e-05
5.2804551531756786e-05 3.705766698996654e-05
5.2804551531756786e-05 3.705766698996654e-05
6.032440640061264e-05 4.270731931438141e-05
6.032440640061264e-05 4.270731931438141e-05
8.682736100339489e-05 6.0517937425959317e-05
5.503571944274619e-05 3.846171585819609e-05
5.503571944274619e-05 3.846171585819609e-05
5.503571944274619e-05 3.846171585819609e-05
5.503571944274619e-05 3.846171585819609e-05
8.879155258367085e-05 6.259456223715549e-05
0.00010196720219222232 1.4265188649318885e-05
0.0007708129806994128 0.00011182709817734065
0.0002695016526970757 3.84599028433655e-05
0.0001794541624873089 2.510352850535281e-05
0.0003356080957581287 4.9646158599740646e-05
0.0003356080957581287 4.9646158599740646e-05
0.0003356080957581287 4.9646158599740646e-05
0.0001889622665984754 2.7129938414360013e-05
0.0001889622665984754 2.7129938414360013e-05
0.00020951672563652776 2.924698541209946e-05
0.00020951672563652776 2.924698541209946e-05
0.00034119498811398827 4.848648329953281e-05
0.00026935057021403486 3.846111246820416e-05
0.00026935057021403486 3.846111246820416e-05
0.00026935057021403486 3.846111246820416e-05
0.00026935057021403486 3.846111246820416e-05
0.00017508913953363193 2.457918120736509e-05
1.3482466227461393e-05 1.7297287017714897e-05
5.606251660703002e-05 7.755810863993114e-05
3.3121950346608046e-05 4.435227171933756e-05
2.0790735783502098e-05 2.8102650942268495e-05
3.586868565549805e-05 4.96489668908542e-05
3.586868565549805e-05 4.96489668908542e-05
3.586868565549805e-05 4.96489668908542e-05
1.9504087881457867e-05 2.5965213086903607e-05
1.9504087881457867e-05 2.5965213086903607e-05
3.710452869482219e-05 4.97871627698018e-05
3.710452869482219e-05 4.97871627698018e-05
4.4952383843254184e-05 5.99707234736686e-05
1.969232659769744e-05 2.5579988065812132e-05
1.969232659769744e-05 2.5579988065812132e-05
1.969232659769744e-05 2.5579988065812132e-05
1.969232659769744e-05 2.5579988065812132e-05
5.2545567348861975e-05 7.083767218139517e-05