0.042192307692307696 0.04376923076923077
0.042192307692307696 0.04376923076923077
0.041115384615384616 0.04238461538461538
0.041115384615384616 0.04238461538461538
0.03103846153846154 0.03380769230769231
0.03103846153846154 0.03380769230769231
0.0365 0.033192307692307695
0.0365 0.033192307692307695
0.0305 0.031538461538461536
0.0305 0.031538461538461536
0.029615384615384616 0.027923076923076922
0.029615384615384616 0.027923076923076922
0.03053846153846154 0.028
0.03053846153846154 0.028
0.025961538461538463 0.02973076923076923
0.025961538461538463 0.02973076923076923
0.03134615384615384 0.030807692307692307
0.03134615384615384 0.030807692307692307
0.026576923076923078 0.02796153846153846
0.026576923076923078 0.02796153846153846
0.030615384615384614 0.029576923076923077
0.030615384615384614 0.029576923076923077
0.030884615384615385 0.028346153846153847
0.030884615384615385 0.028346153846153847
0.028692307692307694 0.029653846153846152
0.028692307692307694 0.029653846153846152
0.03546153846153846 0.03957692307692308
0.03546153846153846 0.03957692307692308
0.039 0.04353846153846154
0.039 0.04353846153846154
0.03915384615384616 0.038
0.03915384615384616 0.038
0.03365384615384615 0.03646153846153846
0.03365384615384615 0.03646153846153846
0.038461538461538464 0.03619230769230769
0.038461538461538464 0.03619230769230769
0.039615384615384615 0.04123076923076923
0.039615384615384615 0.04123076923076923
0.03734615384615385 0.03942307692307692
0.03734615384615385 0.03942307692307692
0.035423076923076925 0.03923076923076923
0.035423076923076925 0.03923076923076923
0.031384615384615386 0.027192307692307693
0.031384615384615386 0.027192307692307693
0.023769230769230768 0.023269230769230768
0.023769230769230768 0.023269230769230768
0.040615384615384616 0.04138461538461539
0.040615384615384616 0.04138461538461539
0.04265384615384615 0.04223076923076923
0.04265384615384615 0.04223076923076923
0.0425 0.04073076923076923
0.0425 0.04073076923076923
0.041846153846153845 0.04246153846153846
0.041846153846153845 0.04246153846153846
0.04434615384615385 0.04226923076923077
0.04434615384615385 0.04226923076923077
0.04280769230769231 0.044384615384615383
0.04280769230769231 0.044384615384615383
0.04461538461538461 0.04373076923076923
0.04461538461538461 0.04373076923076923
0.041 0.037
0.041 0.037
0.033 0.03734615384615385
0.033 0.03734615384615385
0.03376923076923077 0.036884615384615384
0.03376923076923077 0.036884615384615384
0.03942307692307692 0.037
0.03942307692307692 0.037
0.03388461538461539 0.03684615384615385
0.03388461538461539 0.03684615384615385
0.032769230769230766 0.03746153846153846
0.032769230769230766 0.03746153846153846
0.036153846153846154 0.03792307692307692
0.036153846153846154 0.03792307692307692
0.04319230769230769 0.039615384615384615
0.04319230769230769 0.039615384615384615
0.039038461538461536 0.040692307692307694
0.039038461538461536 0.040692307692307694
0.03553846153846154 0.03430769230769231
0.03553846153846154 0.03430769230769231
0.04073076923076923 0.0385
0.04073076923076923 0.0385
0.03288461538461539 0.03726923076923077
0.03288461538461539 0.03726923076923077
0.0375 0.039384615384615386
0.0375 0.039384615384615386
0.039461538461538465 0.03807692307692308
0.039461538461538465 0.03807692307692308
0.028346153846153847 0.025346153846153845
0.028346153846153847 0.025346153846153845
0.02576923076923077 0.026884615384615385
0.02576923076923077 0.026884615384615385
0.02623076923076923 0.02519230769230769
0.02623076923076923 0.02519230769230769
0.02342307692307692 0.02676923076923077
0.02342307692307692 0.02676923076923077
0.023807692307692307 0.025461538461538463
0.023807692307692307 0.025461538461538463
0.024153846153846154 0.027846153846153847
0.024153846153846154 0.027846153846153847
0.028615384615384615 0.024
0.028615384615384615 0.024
0.024884615384615383 0.029
0.024884615384615383 0.029
0.025615384615384616 0.026923076923076925
0.025615384615384616 0.026923076923076925
0.025846153846153845 0.027923076923076922
0.025846153846153845 0.027923076923076922
0.028115384615384615 0.024884615384615383
0.028115384615384615 0.024884615384615383
0.029384615384615384 0.026346153846153846
0.029384615384615384 0.026346153846153846
0.016653846153846154 0.02357692307692308
0.016653846153846154 0.02357692307692308
0.0225 0.023923076923076922
0.0225 0.023923076923076922
0.018807692307692307 0.01896153846153846
0.018807692307692307 0.01896153846153846
0.017 0.019076923076923078
0.017 0.019076923076923078
0.02707692307692308 0.02746153846153846
0.02707692307692308 0.02746153846153846
0.03253846153846154 0.027846153846153847
0.03253846153846154 0.027846153846153847
0.029846153846153845 0.02746153846153846
0.029846153846153845 0.02746153846153846
0.024615384615384615 0.02226923076923077
0.024615384615384615 0.02226923076923077
0.024192307692307694 0.022807692307692307
0.024192307692307694 0.022807692307692307
0.0225 0.021923076923076924
0.0225 0.021923076923076924
0.030192307692307692 0.025538461538461538
0.030192307692307692 0.025538461538461538
0.026307692307692306 0.024538461538461537
0.026307692307692306 0.024538461538461537
0.030153846153846153 0.03192307692307692
0.030153846153846153 0.03192307692307692
0.038615384615384614 0.03461538461538462
0.038615384615384614 0.03461538461538462
0.03638461538461538 0.03461538461538462
0.03638461538461538 0.03461538461538462
0.034076923076923074 0.03480769230769231
0.034076923076923074 0.03480769230769231
0.03296153846153846 0.03473076923076923
0.03296153846153846 0.03473076923076923
0.031884615384615386 0.03353846153846154
0.031884615384615386 0.03353846153846154
0.03292307692307692 0.032846153846153844
0.03292307692307692 0.032846153846153844
0.033923076923076924 0.03430769230769231
0.033923076923076924 0.03430769230769231
0.03907692307692308 0.03465384615384615
0.03907692307692308 0.03465384615384615
0.035076923076923075 0.03653846153846154
0.035076923076923075 0.03653846153846154
0.035807692307692304 0.032846153846153844
0.035807692307692304 0.032846153846153844
0.031153846153846153 0.029846153846153845
0.031153846153846153 0.029846153846153845
0.03653846153846154 0.03134615384615384
0.03653846153846154 0.03134615384615384
0.030923076923076925 0.030576923076923078
0.030923076923076925 0.030576923076923078
0.03180769230769231 0.03480769230769231
0.03180769230769231 0.03480769230769231
0.02823076923076923 0.028576923076923076
0.02823076923076923 0.028576923076923076
0.0325 0.029576923076923077
0.0325 0.029576923076923077
0.03230769230769231 0.029346153846153845
0.03230769230769231 0.029346153846153845
0.032038461538461536 0.031
0.032038461538461536 0.031
0.03246153846153846 0.030076923076923077
0.03246153846153846 0.030076923076923077
0.027576923076923075 0.02976923076923077
0.027576923076923075 0.02976923076923077
0.0265 0.030423076923076924
0.0265 0.030423076923076924
0.027576923076923075 0.02919230769230769
0.027576923076923075 0.02919230769230769
0.039615384615384615 0.03534615384615385
0.039615384615384615 0.03534615384615385
0.01780769230769231 0.019769230769230768
0.01780769230769231 0.019769230769230768
0.025576923076923077 0.022884615384615385
0.025576923076923077 0.022884615384615385
0.017346153846153844 0.018038461538461538
0.017346153846153844 0.018038461538461538
0.018653846153846153 0.018692307692307692
0.018653846153846153 0.018692307692307692
0.01026923076923077 0.0115
0.01026923076923077 0.0115
0.011307692307692309 0.012269230769230768
0.011307692307692309 0.012269230769230768
0.011692307692307693 0.011423076923076923
0.011692307692307693 0.011423076923076923
0.02303846153846154 0.020923076923076923
0.02303846153846154 0.020923076923076923