0.20234615384615384 0.20234615384615384
0.20234615384615384 0.20234615384615384
0.008538461538461538 0.008538461538461538
0.008538461538461538 0.008538461538461538
0.19853846153846152 0.19853846153846152
0.19853846153846152 0.19853846153846152
0.19434615384615384 0.19434615384615384
0.19434615384615384 0.19434615384615384
0.19434615384615384 0.19434615384615384
0.19434615384615384 0.19434615384615384
0.19596153846153846 0.19596153846153846
0.19596153846153846 0.19596153846153846
0.19434615384615384 0.19434615384615384
0.19434615384615384 0.19434615384615384
0.19657692307692307 0.19657692307692307
0.19657692307692307 0.19657692307692307
0.19657692307692307 0.19657692307692307
0.19657692307692307 0.19657692307692307
0.1971923076923077 0.1971923076923077
0.1971923076923077 0.1971923076923077
0.1971923076923077 0.1971923076923077
0.1971923076923077 0.1971923076923077
0.20042307692307693 0.20042307692307693
0.20042307692307693 0.20042307692307693
0.20042307692307693 0.20042307692307693
0.20042307692307693 0.20042307692307693
0.20042307692307693 0.20042307692307693
0.20042307692307693 0.20042307692307693
0.20042307692307693 0.20042307692307693
0.20042307692307693 0.20042307692307693
0.20296153846153847 0.20296153846153847
0.20296153846153847 0.20296153846153847
0.20365384615384616 0.20365384615384616
0.20365384615384616 0.20365384615384616
0.20176923076923076 0.20176923076923076
0.20176923076923076 0.20176923076923076
0.20176923076923076 0.20176923076923076
0.20176923076923076 0.20176923076923076
0.20023076923076924 0.20023076923076924
0.20023076923076924 0.20023076923076924
0.20023076923076924 0.20023076923076924
0.20023076923076924 0.20023076923076924
0.20288461538461539 0.20288461538461539
0.20288461538461539 0.20288461538461539
0.1981923076923077 0.1981923076923077
0.1981923076923077 0.1981923076923077
0.1981923076923077 0.1981923076923077
0.1981923076923077 0.1981923076923077
0.19896153846153847 0.19896153846153847
0.19896153846153847 0.19896153846153847
0.19896153846153847 0.19896153846153847
0.19896153846153847 0.19896153846153847
0.19834615384615384 0.19834615384615384
0.19834615384615384 0.19834615384615384
0.19834615384615384 0.19834615384615384
0.19834615384615384 0.19834615384615384
0.19834615384615384 0.19834615384615384
0.19834615384615384 0.19834615384615384
0.19834615384615384 0.19834615384615384
0.19834615384615384 0.19834615384615384
0.2 0.2
0.2 0.2
0.2 0.2
0.2 0.2
0.2 0.2
0.2 0.2
0.19915384615384615 0.19915384615384615
0.19915384615384615 0.19915384615384615
0.19915384615384615 0.19915384615384615
0.19915384615384615 0.19915384615384615
0.19915384615384615 0.19915384615384615
0.19915384615384615 0.19915384615384615
0.1978076923076923 0.1978076923076923
0.1978076923076923 0.1978076923076923
0.1978076923076923 0.1978076923076923
0.1978076923076923 0.1978076923076923
0.19623076923076924 0.19623076923076924
0.19623076923076924 0.19623076923076924
0.19753846153846155 0.19753846153846155
0.19753846153846155 0.19753846153846155
0.19753846153846155 0.19753846153846155
0.19753846153846155 0.19753846153846155
0.19753846153846155 0.19753846153846155
0.19753846153846155 0.19753846153846155
0.19938461538461538 0.19938461538461538
0.19938461538461538 0.19938461538461538
0.19938461538461538 0.19938461538461538
0.19938461538461538 0.19938461538461538
0.19684615384615384 0.19684615384615384
0.19684615384615384 0.19684615384615384
0.19330769230769232 0.19330769230769232
0.19330769230769232 0.19330769230769232
0.19330769230769232 0.19330769230769232
0.19330769230769232 0.19330769230769232
0.19330769230769232 0.19330769230769232
0.19330769230769232 0.19330769230769232
0.19623076923076924 0.19623076923076924
0.19623076923076924 0.19623076923076924
0.1981153846153846 0.1981153846153846
0.1981153846153846 0.1981153846153846
0.1981153846153846 0.1981153846153846
0.1981153846153846 0.1981153846153846
0.1981153846153846 0.1981153846153846
0.1981153846153846 0.1981153846153846
0.19784615384615384 0.19784615384615384
0.19784615384615384 0.19784615384615384
0.1976923076923077 0.1976923076923077
0.1976923076923077 0.1976923076923077
0.1976923076923077 0.1976923076923077
0.1976923076923077 0.1976923076923077
0.19826923076923078 0.19826923076923078
0.19826923076923078 0.19826923076923078
0.19826923076923078 0.19826923076923078
0.19826923076923078 0.19826923076923078
0.1996923076923077 0.1996923076923077
0.1996923076923077 0.1996923076923077
0.1996923076923077 0.1996923076923077
0.1996923076923077 0.1996923076923077
0.20038461538461538 0.20038461538461538
0.20038461538461538 0.20038461538461538
0.20038461538461538 0.20038461538461538
0.20038461538461538 0.20038461538461538
0.20038461538461538 0.20038461538461538
0.20038461538461538 0.20038461538461538
0.19738461538461538 0.19738461538461538
0.19738461538461538 0.19738461538461538
0.19884615384615384 0.19884615384615384
0.19884615384615384 0.19884615384615384
0.20353846153846153 0.20353846153846153
0.20353846153846153 0.20353846153846153
0.20446153846153847 0.20446153846153847
0.20446153846153847 0.20446153846153847
0.2058846153846154 0.2058846153846154
0.2058846153846154 0.2058846153846154
0.2058846153846154 0.2058846153846154
0.2058846153846154 0.2058846153846154
0.20715384615384616 0.20715384615384616
0.20715384615384616 0.20715384615384616
0.2018076923076923 0.2018076923076923
0.2018076923076923 0.2018076923076923
0.19946153846153847 0.19946153846153847
0.19946153846153847 0.19946153846153847
0.19946153846153847 0.19946153846153847
0.19946153846153847 0.19946153846153847
0.20284615384615384 0.20284615384615384
0.20284615384615384 0.20284615384615384
0.20253846153846153 0.20253846153846153
0.20253846153846153 0.20253846153846153
0.2038846153846154 0.2038846153846154
0.2038846153846154 0.2038846153846154
0.2023076923076923 0.2023076923076923
0.2023076923076923 0.2023076923076923
0.2018076923076923 0.2018076923076923
0.2018076923076923 0.2018076923076923
0.2018076923076923 0.2018076923076923
0.2018076923076923 0.2018076923076923
0.2018076923076923 0.2018076923076923
0.2018076923076923 0.2018076923076923
0.19915384615384615 0.19915384615384615
0.19915384615384615 0.19915384615384615
0.19915384615384615 0.19915384615384615
0.19915384615384615 0.19915384615384615
0.19915384615384615 0.19915384615384615
0.19915384615384615 0.19915384615384615
0.1976923076923077 0.1976923076923077
0.1976923076923077 0.1976923076923077
0.19834615384615384 0.19834615384615384
0.19834615384615384 0.19834615384615384
0.19834615384615384 0.19834615384615384
0.19834615384615384 0.19834615384615384
0.19834615384615384 0.19834615384615384
0.19834615384615384 0.19834615384615384
0.19834615384615384 0.19834615384615384
0.19834615384615384 0.19834615384615384
0.19834615384615384 0.19834615384615384
0.19834615384615384 0.19834615384615384
0.19834615384615384 0.19834615384615384
0.19834615384615384 0.19834615384615384
0.19834615384615384 0.19834615384615384
0.19834615384615384 0.19834615384615384
0.19834615384615384 0.19834615384615384
0.19834615384615384 0.19834615384615384
0.19834615384615384 0.19834615384615384
0.19834615384615384 0.19834615384615384
0.19834615384615384 0.19834615384615384
0.19834615384615384 0.19834615384615384
0.19834615384615384 0.19834615384615384
0.19834615384615384 0.19834615384615384
0.19834615384615384 0.19834615384615384
0.19834615384615384 0.19834615384615384
0.19834615384615384 0.19834615384615384
0.19834615384615384 0.19834615384615384
0.19834615384615384 0.19834615384615384
0.19834615384615384 0.19834615384615384
0.19834615384615384 0.19834615384615384
0.19834615384615384 0.19834615384615384
0.2011153846153846 0.2011153846153846
0.2011153846153846 0.2011153846153846
0.2011153846153846 0.2011153846153846
0.2011153846153846 0.2011153846153846