4.5133124009588436e-05 3.8461502665107194e-05
4.5133124009588436e-05 3.8461502665107194e-05
4.5133124009588436e-05 3.8461502665107194e-05
4.5133124009588436e-05 3.8461502665107194e-05
4.5133124009588436e-05 3.8461502665107194e-05
4.5133124009588436e-05 3.8461502665107194e-05
4.5133124009588436e-05 3.8461502665107194e-05
4.5133124009588436e-05 3.8461502665107194e-05
4.5133124009588436e-05 3.8461502665107194e-05
4.5133124009588436e-05 3.8461502665107194e-05
4.5133124009588436e-05 3.8461502665107194e-05
4.5133124009588436e-05 3.8461502665107194e-05
4.5133124009588436e-05 3.8461502665107194e-05
4.5133124009588436e-05 3.8461502665107194e-05
4.5133124009588436e-05 3.8461502665107194e-05
4.5133124009588436e-05 3.8461502665107194e-05
4.5133124009588436e-05 3.8461502665107194e-05
4.5133124009588436e-05 3.8461502665107194e-05
8.290204865461761e-05 3.846168677992923e-05
8.290204865461761e-05 3.846168677992923e-05
8.290204865461761e-05 3.846168677992923e-05
5.421456501316594e-05 3.84615324849967e-05
5.421456501316594e-05 3.84615324849967e-05
5.421456501316594e-05 3.84615324849967e-05
5.421456501316594e-05 3.84615324849967e-05
5.421456501316594e-05 3.84615324849967e-05
5.421456501316594e-05 3.84615324849967e-05
2.6543336168845934e-05 3.846157217488254e-05
2.6543336168845934e-05 3.846157217488254e-05
2.6543336168845934e-05 3.846157217488254e-05
3.542517334310953e-05 3.8461531953294094e-05
3.542517334310953e-05 3.8461531953294094e-05
3.542517334310953e-05 3.8461531953294094e-05
3.542517334310953e-05 3.8461531953294094e-05
3.542517334310953e-05 3.8461531953294094e-05
3.542517334310953e-05 3.8461531953294094e-05
3.542517334310953e-05 3.8461531953294094e-05
3.542517334310953e-05 3.8461531953294094e-05
3.542517334310953e-05 3.8461531953294094e-05
3.542517334310953e-05 3.8461531953294094e-05
3.542517334310953e-05 3.8461531953294094e-05
3.542517334310953e-05 3.8461531953294094e-05
1.8620772540904645e-05 3.846156637268968e-05
1.8620772540904645e-05 3.846156637268968e-05
1.8620772540904645e-05 3.846156637268968e-05
3.12412744071784e-05 3.846155640038041e-05
3.12412744071784e-05 3.846155640038041e-05
3.12412744071784e-05 3.846155640038041e-05
3.12412744071784e-05 3.846155640038041e-05
3.12412744071784e-05 3.846155640038041e-05
3.12412744071784e-05 3.846155640038041e-05
3.12412744071784e-05 3.846155640038041e-05
3.12412744071784e-05 3.846155640038041e-05
3.12412744071784e-05 3.846155640038041e-05
3.12412744071784e-05 3.846155640038041e-05
3.12412744071784e-05 3.846155640038041e-05
3.12412744071784e-05 3.846155640038041e-05
3.12412744071784e-05 3.846155640038041e-05
3.12412744071784e-05 3.846155640038041e-05
3.12412744071784e-05 3.846155640038041e-05
3.12412744071784e-05 3.846155640038041e-05
3.12412744071784e-05 3.846155640038041e-05
3.12412744071784e-05 3.846155640038041e-05
3.4729115508488115e-05 3.846154236114772e-05
3.4729115508488115e-05 3.846154236114772e-05
3.4729115508488115e-05 3.846154236114772e-05
3.4729115508488115e-05 3.846154236114772e-05
3.6921156193564004e-05 3.846153331898604e-05
3.6921156193564004e-05 3.846153331898604e-05
3.6921156193564004e-05 3.846153331898604e-05
3.6921156193564004e-05 3.846153331898604e-05
3.6921156193564004e-05 3.846153331898604e-05
3.6921156193564004e-05 3.846153331898604e-05
4.3488967052641396e-05 3.846155816692361e-05
4.3488967052641396e-05 3.846155816692361e-05
4.3488967052641396e-05 3.846155816692361e-05
4.3488967052641396e-05 3.846155816692361e-05
3.795596024810096e-05 3.84615518603713e-05
3.795596024810096e-05 3.84615518603713e-05
3.795596024810096e-05 3.84615518603713e-05
3.795596024810096e-05 3.84615518603713e-05
2.8232660936797107e-05 3.846155933759935e-05
2.8232660936797107e-05 3.846155933759935e-05
2.8232660936797107e-05 3.846155933759935e-05
2.8232660936797107e-05 3.846155933759935e-05
2.8886277003531875e-05 3.8461562083108285e-05
2.8886277003531875e-05 3.8461562083108285e-05
2.8886277003531875e-05 3.8461562083108285e-05
2.8886277003531875e-05 3.8461562083108285e-05
3.750487712133088e-05 3.846153118817222e-05
3.750487712133088e-05 3.846153118817222e-05
3.750487712133088e-05 3.846153118817222e-05
4.253737965251756e-05 3.846151049628068e-05
4.253737965251756e-05 3.846151049628068e-05
4.253737965251756e-05 3.846151049628068e-05
4.253737965251756e-05 3.846151049628068e-05
4.253737965251756e-05 3.846151049628068e-05
2.8470294112148898e-05 3.846151203549668e-05
2.8470294112148898e-05 3.846151203549668e-05
2.8470294112148898e-05 3.846151203549668e-05
2.8470294112148898e-05 3.846151203549668e-05
2.8470294112148898e-05 3.846151203549668e-05
2.8470294112148898e-05 3.846151203549668e-05
2.8470294112148898e-05 3.846151203549668e-05
2.8470294112148898e-05 3.846151203549668e-05