3.323992481263631e-05 3.8461645434144366e-05
3.323992481263631e-05 3.8461645434144366e-05
3.323992481263631e-05 3.8461645434144366e-05
3.323992481263631e-05 3.8461645434144366e-05
3.323992481263631e-05 3.8461645434144366e-05
3.323992481263631e-05 3.8461645434144366e-05
3.323992481263631e-05 3.8461645434144366e-05
3.323992481263631e-05 3.8461645434144366e-05
3.323992481263631e-05 3.8461645434144366e-05
3.323992481263631e-05 3.8461645434144366e-05
3.323992481263631e-05 3.8461645434144366e-05
3.323992481263631e-05 3.8461645434144366e-05
3.323992481263631e-05 3.8461645434144366e-05
3.323992481263631e-05 3.8461645434144366e-05
3.323992481263631e-05 3.8461645434144366e-05
3.323992481263631e-05 3.8461645434144366e-05
3.323992481263631e-05 3.8461645434144366e-05
3.323992481263631e-05 3.8461645434144366e-05
4.634570860868362e-05 3.846180087107798e-05
4.634570860868362e-05 3.846180087107798e-05
4.634570860868362e-05 3.846180087107798e-05
2.4182421510651263e-05 3.846143834483693e-05
2.4182421510651263e-05 3.846143834483693e-05
2.4182421510651263e-05 3.846143834483693e-05
2.4182421510651263e-05 3.846143834483693e-05
2.4182421510651263e-05 3.846143834483693e-05
2.4182421510651263e-05 3.846143834483693e-05
4.5317426363701215e-05 3.84615001314182e-05
4.5317426363701215e-05 3.84615001314182e-05
4.5317426363701215e-05 3.84615001314182e-05
5.118100254001097e-05 3.846134146926344e-05
5.118100254001097e-05 3.846134146926344e-05
5.118100254001097e-05 3.846134146926344e-05
5.118100254001097e-05 3.846134146926344e-05
5.118100254001097e-05 3.846134146926344e-05
5.118100254001097e-05 3.846134146926344e-05
5.118100254001097e-05 3.846134146926344e-05
5.118100254001097e-05 3.846134146926344e-05
5.118100254001097e-05 3.846134146926344e-05
5.118100254001097e-05 3.846134146926344e-05
5.118100254001097e-05 3.846134146926344e-05
5.118100254001097e-05 3.846134146926344e-05
1.8715215529636693e-05 3.8461858324130774e-05
1.8715215529636693e-05 3.8461858324130774e-05
1.8715215529636693e-05 3.8461858324130774e-05
4.684254805569038e-05 3.846161673064698e-05
4.684254805569038e-05 3.846161673064698e-05
4.684254805569038e-05 3.846161673064698e-05
4.684254805569038e-05 3.846161673064698e-05
4.684254805569038e-05 3.846161673064698e-05
4.684254805569038e-05 3.846161673064698e-05
4.684254805569038e-05 3.846161673064698e-05
4.684254805569038e-05 3.846161673064698e-05
4.684254805569038e-05 3.846161673064698e-05
4.684254805569038e-05 3.846161673064698e-05
4.684254805569038e-05 3.846161673064698e-05
4.684254805569038e-05 3.846161673064698e-05
4.684254805569038e-05 3.846161673064698e-05
4.684254805569038e-05 3.846161673064698e-05
4.684254805569038e-05 3.846161673064698e-05
4.684254805569038e-05 3.846161673064698e-05
4.684254805569038e-05 3.846161673064698e-05
4.684254805569038e-05 3.846161673064698e-05
4.202771479080611e-05 3.846152828408422e-05
4.202771479080611e-05 3.846152828408422e-05
4.202771479080611e-05 3.846152828408422e-05
4.202771479080611e-05 3.846152828408422e-05
4.2414997859562555e-05 3.8461510384804986e-05
4.2414997859562555e-05 3.8461510384804986e-05
4.2414997859562555e-05 3.8461510384804986e-05
4.2414997859562555e-05 3.8461510384804986e-05
4.2414997859562555e-05 3.8461510384804986e-05
4.2414997859562555e-05 3.8461510384804986e-05
3.723772896076442e-05 3.8461569205739905e-05
3.723772896076442e-05 3.8461569205739905e-05
3.723772896076442e-05 3.8461569205739905e-05
3.723772896076442e-05 3.8461569205739905e-05
3.88329620955485e-05 3.846153013277336e-05
3.88329620955485e-05 3.846153013277336e-05
3.88329620955485e-05 3.846153013277336e-05
3.88329620955485e-05 3.846153013277336e-05
4.3772889573506146e-05 3.846149691859194e-05
4.3772889573506146e-05 3.846149691859194e-05
4.3772889573506146e-05 3.846149691859194e-05
4.3772889573506146e-05 3.846149691859194e-05
4.4428191572175416e-05 3.846149760571888e-05
4.4428191572175416e-05 3.846149760571888e-05
4.4428191572175416e-05 3.846149760571888e-05
4.4428191572175416e-05 3.846149760571888e-05
3.8195880438064085e-05 3.846158580973777e-05
3.8195880438064085e-05 3.846158580973777e-05
3.8195880438064085e-05 3.846158580973777e-05
3.803707025254961e-05 3.846156415899665e-05
3.803707025254961e-05 3.846156415899665e-05
3.803707025254961e-05 3.846156415899665e-05
3.803707025254961e-05 3.846156415899665e-05
3.803707025254961e-05 3.846156415899665e-05
3.0934372509446506e-05 3.84614850801495e-05
3.0934372509446506e-05 3.84614850801495e-05
3.0934372509446506e-05 3.84614850801495e-05
3.0934372509446506e-05 3.84614850801495e-05
3.0934372509446506e-05 3.84614850801495e-05
3.0934372509446506e-05 3.84614850801495e-05
3.0934372509446506e-05 3.84614850801495e-05
3.0934372509446506e-05 3.84614850801495e-05