2.6620836235004483e-05 3.8433308984917014e-05
2.6620836235004483e-05 3.8433308984917014e-05
3.099351184518121e-05 3.8371267594825e-05
3.099351184518121e-05 3.8371267594825e-05
2.8173196782560773e-05 3.847002845342051e-05
3.113153071728051e-05 3.838951049968592e-05
2.9928002583327102e-05 3.848369830539783e-05
2.9928002583327102e-05 3.848369830539783e-05
2.9928002583327102e-05 3.848369830539783e-05
2.9928002583327102e-05 3.848369830539783e-05
3.396391358792814e-05 3.8526247331438835e-05
2.969365911444913e-05 3.8528367666545525e-05
2.969365911444913e-05 3.8528367666545525e-05
2.969365911444913e-05 3.8528367666545525e-05
2.9884645269260652e-05 3.8507949789669245e-05
3.073329645337759e-05 3.843417737871081e-05
2.865179666237168e-05 3.851137937765611e-05
4.2463968019417205e-05 2.8220255709381035e-05
2.0729392910507665e-05 1.3664973825645042e-05
2.0729392910507665e-05 1.3664973825645042e-05
2.0729392910507665e-05 1.3664973825645042e-05
2.0729392910507665e-05 1.3664973825645042e-05
3.322230783485648e-05 2.31652077973012e-05
7.509928262960483e-05 5.143955475928797e-05
1.5150728100704725e-05 2.871068942657531e-05
1.5150728100704725e-05 2.871068942657531e-05
1.2798033178697225e-05 2.3177250213449947e-05
1.2986220832652868e-05 2.733357851141194e-05
1.2986220832652868e-05 2.733357851141194e-05
1.2986220832652868e-05 2.733357851141194e-05
1.2986220832652868e-05 2.733357851141194e-05
1.011220845338272e-05 2.2638570948740986e-05
1.011220845338272e-05 2.2638570948740986e-05
1.011220845338272e-05 2.2638570948740986e-05
2.5012148757968156e-05 5.3933676597290205e-05
1.5022250779372218e-05 2.8462830180569206e-05
4.704264596790244e-05 0.00010586671058881943
4.724424328895524e-05 1.3252004635649384e-05
4.724424328895524e-05 1.3252004635649384e-05
4.724424328895524e-05 1.3252004635649384e-05
4.724424328895524e-05 1.3252004635649384e-05
0.0001062082247649258 2.8304905363164242e-05
0.00013359913995553653 3.154511040219528e-05
0.00013359913995553653 3.154511040219528e-05
0.00013359913995553653 3.154511040219528e-05
0.0001932978264339211 5.445045632995337e-05
0.00015924141539905087 4.0682953202419585e-05
0.00041568917973412354 0.00010986416422031246
0.0003405867264604461 8.202957204887617e-05
0.0003405867264604461 8.202957204887617e-05
0.0005055340029837613 0.00013083894479418555
0.0005055340029837613 0.00013083894479418555
5.4913286322939703e-05 1.2119713683883931e-05
0.00015857408092469411 3.85224054639347e-05
4.743837944955552e-05 1.287608910253659e-05
4.743837944955552e-05 1.287608910253659e-05
4.743837944955552e-05 1.287608910253659e-05
4.917805192341912e-05 3.843399744544518e-05
4.917805192341912e-05 3.843399744544518e-05
4.917805192341912e-05 3.843399744544518e-05
4.917805192341912e-05 3.843399744544518e-05
0.00012805748061073643 0.00010470723215815929
0.00012805748061073643 0.00010470723215815929
0.00012805748061073643 0.00010470723215815929
0.00012805748061073643 0.00010470723215815929
5.0078390171232194e-05 3.844874685921799e-05
5.0078390171232194e-05 3.844874685921799e-05
5.519203601313281e-05 4.3396373799005355e-05
5.519203601313281e-05 4.3396373799005355e-05
1.6554001931818696e-05 1.3544262650341315e-05
1.6554001931818696e-05 1.3544262650341315e-05
1.6554001931818696e-05 1.3544262650341315e-05
1.6554001931818696e-05 1.3544262650341315e-05
1.6554001931818696e-05 1.3544262650341315e-05
1.6554001931818696e-05 1.3544262650341315e-05
1.6554001931818696e-05 1.3544262650341315e-05
1.6554001931818696e-05 1.3544262650341315e-05
7.629062999199906e-05 6.314106630680821e-05
7.629062999199906e-05 6.314106630680821e-05
7.629062999199906e-05 6.314106630680821e-05
7.629062999199906e-05 6.314106630680821e-05
7.629062999199906e-05 6.314106630680821e-05
7.629062999199906e-05 6.314106630680821e-05
2.9713456630238702e-05 2.221385413083403e-05
2.9713456630238702e-05 2.221385413083403e-05
7.214141935345163e-05 4.9883439030798034e-05
7.214141935345163e-05 4.9883439030798034e-05
9.145964652082561e-05 5.4534756254549384e-05
9.145964652082561e-05 5.4534756254549384e-05
6.340081360785757e-05 3.845880445368789e-05
6.771664469576077e-05 4.2514175467665334e-05
5.756576238136381e-06 3.3919057206442893e-06
5.756576238136381e-06 3.3919057206442893e-06
5.756576238136381e-06 3.3919057206442893e-06
5.756576238136381e-06 3.3919057206442893e-06
8.527584514075805e-05 5.6698108344930675e-05
4.971577190874133e-05 3.0476519969612015e-05
4.971577190874133e-05 3.0476519969612015e-05
4.971577190874133e-05 3.0476519969612015e-05
0.00016119697121892652 0.00010586751341623629
5.434234802767954e-05 6.54741141223618e-05
5.434234802767954e-05 6.54741141223618e-05
9.273029481235237e-06 1.4625309686035735e-05
6.049764145909372e-05 8.035541243645363e-05
3.256025234989724e-05 4.53251696813026e-05
3.256025234989724e-05 4.53251696813026e-05
3.256025234989724e-05 4.53251696813026e-05
3.683607362537129e-05 4.716639879934918e-05
1.977760370437947e-05 3.847582344151322e-05
1.1450818733539448e-05 2.5001973103474397e-05
5.518903901533924e-06 1.1180175978008832e-05
5.518903901533924e-06 1.1180175978008832e-05
5.518903901533924e-06 1.1180175978008832e-05
5.518903901533924e-06 1.1180175978008832e-05
1.6384506652109702e-05 3.1578981142732436e-05
1.6384506652109702e-05 3.1578981142732436e-05
1.6384506652109702e-05 3.1578981142732436e-05
4.800063606129195e-05 0.00010583105489466266
1.739101494418757e-05 3.302378668593107e-05
2.100551423252955e-05 3.986158393012595e-05
2.840334264180952e-05 5.649459536831122e-05
2.840334264180952e-05 5.649459536831122e-05
2.840334264180952e-05 5.649459536831122e-05
2.3192990540078896e-05 4.718499324341894e-05
4.605758782624614e-05 8.090683809926695e-05
4.7210519961053926e-05 9.506038253562393e-05
8.110211724945195e-05 4.9508306452947356e-05
8.110211724945195e-05 4.9508306452947356e-05
5.346186239069807e-05 3.850553313913356e-05
5.346186239069807e-05 3.850553313913356e-05
8.423970593384341e-05 6.308128854045391e-05
8.423970593384341e-05 6.308128854045391e-05
8.423970593384341e-05 6.308128854045391e-05
3.73284554712078e-05 2.3245384331616274e-05
0.00014893996486155223 0.00010985689665520583
9.411213677306634e-05 7.911198011213659e-05
9.411213677306634e-05 7.911198011213659e-05
9.411213677306634e-05 7.911198011213659e-05
9.411213677306634e-05 7.911198011213659e-05
5.36774065339853e-05 4.658917036967465e-05
5.36774065339853e-05 4.658917036967465e-05
5.36774065339853e-05 4.658917036967465e-05
5.36774065339853e-05 4.658917036967465e-05
3.6414739268293846e-05 2.8862894902536246e-05
3.6414739268293846e-05 2.8862894902536246e-05
8.852241060768648e-06 7.773888042759762e-06
8.852241060768648e-06 7.773888042759762e-06
8.852241060768648e-06 7.773888042759762e-06
8.852241060768648e-06 7.773888042759762e-06
8.852241060768648e-06 7.773888042759762e-06
8.852241060768648e-06 7.773888042759762e-06
8.852241060768648e-06 7.773888042759762e-06
8.852241060768648e-06 7.773888042759762e-06
5.698778889548068e-05 5.2369593166815484e-05
5.698778889548068e-05 5.2369593166815484e-05
5.698778889548068e-05 5.2369593166815484e-05
5.698778889548068e-05 5.2369593166815484e-05
5.698778889548068e-05 5.2369593166815484e-05
5.698778889548068e-05 5.2369593166815484e-05
3.3797966040591246e-05 2.7165812715873496e-05
3.3797966040591246e-05 2.7165812715873496e-05
9.240183057958822e-05 6.242234885878884e-05
0.00011869053769292032 7.965391056966527e-05
8.247893870125042e-05 5.437084271122356e-05
7.338194349774573e-05 4.0713249939507616e-05
2.9127054465812195e-05 5.457714697342431e-05
2.9127054465812195e-05 5.457714697342431e-05
2.5162743745578017e-05 4.6334868240557304e-05
1.46196613476977e-05 3.0277405823054698e-05
1.46196613476977e-05 3.0277405823054698e-05
1.46196613476977e-05 3.0277405823054698e-05
2.9504062694145906e-05 4.8864346138236175e-05
0.00013238792681496424 7.977903211418324e-05
0.00013238792681496424 7.977903211418324e-05
4.1241027199838275e-05 2.3184278023860543e-05
1.2517343742628007e-05 7.783217038813018e-06
1.2517343742628007e-05 7.783217038813018e-06
1.2517343742628007e-05 7.783217038813018e-06
1.2517343742628007e-05 7.783217038813018e-06
0.00012451219541590236 7.959433397238055e-05
3.9723971308710856e-05 2.185618443099588e-05
0.00010709084408166113 7.047209416860413e-05
0.00010709084408166113 7.047209416860413e-05
0.00012216951876024978 8.155914570997118e-05
0.00012216951876024978 8.155914570997118e-05
0.00010286536738680256 6.971676900722753e-05
4.611386623477309e-05 3.0446606949527583e-05
4.611386623477309e-05 3.0446606949527583e-05
4.611386623477309e-05 3.0446606949527583e-05
4.611386623477309e-05 3.0446606949527583e-05
4.975684209908811e-05 3.160668233726738e-05
4.975684209908811e-05 3.160668233726738e-05
4.975684209908811e-05 3.160668233726738e-05
9.612361496884995e-05 6.64877509581044e-05
9.612361496884995e-05 6.64877509581044e-05
9.612361496884995e-05 6.64877509581044e-05
9.612361496884995e-05 6.64877509581044e-05
9.612361496884995e-05 6.64877509581044e-05
9.612361496884995e-05 6.64877509581044e-05
9.612361496884995e-05 6.64877509581044e-05
9.612361496884995e-05 6.64877509581044e-05
9.612361496884995e-05 6.64877509581044e-05
9.612361496884995e-05 6.64877509581044e-05
9.612361496884995e-05 6.64877509581044e-05
9.612361496884995e-05 6.64877509581044e-05
9.612361496884995e-05 6.64877509581044e-05
9.612361496884995e-05 6.64877509581044e-05
9.612361496884995e-05 6.64877509581044e-05
9.612361496884995e-05 6.64877509581044e-05
9.612361496884995e-05 6.64877509581044e-05
9.612361496884995e-05 6.64877509581044e-05
9.612361496884995e-05 6.64877509581044e-05
9.612361496884995e-05 6.64877509581044e-05
6.588485456382049e-05 4.533995978550108e-05
6.588485456382049e-05 4.533995978550108e-05
6.588485456382049e-05 4.533995978550108e-05
6.588485456382049e-05 4.533995978550108e-05
6.588485456382049e-05 4.533995978550108e-05
6.588485456382049e-05 4.533995978550108e-05
6.588485456382049e-05 4.533995978550108e-05
6.588485456382049e-05 4.533995978550108e-05
6.588485456382049e-05 4.533995978550108e-05
6.588485456382049e-05 4.533995978550108e-05
6.588485456382049e-05 4.533995978550108e-05
6.588485456382049e-05 4.533995978550108e-05
6.588485456382049e-05 4.533995978550108e-05
6.588485456382049e-05 4.533995978550108e-05
6.588485456382049e-05 4.533995978550108e-05
6.588485456382049e-05 4.533995978550108e-05
6.588485456382049e-05 4.533995978550108e-05
6.588485456382049e-05 4.533995978550108e-05
6.588485456382049e-05 4.533995978550108e-05
6.588485456382049e-05 4.533995978550108e-05
6.588485456382049e-05 4.533995978550108e-05
6.588485456382049e-05 4.533995978550108e-05
6.588485456382049e-05 4.533995978550108e-05
6.588485456382049e-05 4.533995978550108e-05
6.588485456382049e-05 4.533995978550108e-05
6.588485456382049e-05 4.533995978550108e-05
6.588485456382049e-05 4.533995978550108e-05
6.588485456382049e-05 4.533995978550108e-05
6.588485456382049e-05 4.533995978550108e-05
6.588485456382049e-05 4.533995978550108e-05
6.164945034022975e-05 4.1734638891036996e-05
6.164945034022975e-05 4.1734638891036996e-05
6.164945034022975e-05 4.1734638891036996e-05
6.164945034022975e-05 4.1734638891036996e-05
6.164945034022975e-05 4.1734638891036996e-05
6.164945034022975e-05 4.1734638891036996e-05
6.164945034022975e-05 4.1734638891036996e-05
6.164945034022975e-05 4.1734638891036996e-05
6.164945034022975e-05 4.1734638891036996e-05
6.164945034022975e-05 4.1734638891036996e-05
9.34519731619526e-05 5.715040916121059e-05
9.34519731619526e-05 5.715040916121059e-05
9.34519731619526e-05 5.715040916121059e-05
9.34519731619526e-05 5.715040916121059e-05
9.34519731619526e-05 5.715040916121059e-05
9.34519731619526e-05 5.715040916121059e-05
9.34519731619526e-05 5.715040916121059e-05
9.34519731619526e-05 5.715040916121059e-05
9.34519731619526e-05 5.715040916121059e-05
9.34519731619526e-05 5.715040916121059e-05
4.523228783766762e-05 8.854297029969039e-05
4.523228783766762e-05 8.854297029969039e-05
1.449147949310737e-05 2.6677142955512786e-05
1.449147949310737e-05 2.6677142955512786e-05
5.840253434653045e-06 1.2102174300839238e-05
2.314204717120615e-05 4.9659854281717564e-05
4.043603871508091e-05 8.039877793857533e-05
1.972441375891071e-05 4.527582483047116e-05
1.972441375891071e-05 4.527582483047116e-05
1.972441375891071e-05 4.527582483047116e-05
2.1804193749770483e-05 3.8660266833999096e-05
4.163126762473426e-05 0.00010584045623462547
6.83974829726266e-05 5.08863270664522e-05
6.83974829726266e-05 5.08863270664522e-05
6.434938953879124e-05 4.635391058493385e-05
2.1618817018332758e-05 1.6234820442885902e-05
4.3610372261119524e-05 2.8787096987453002e-05
9.553483891705183e-05 6.398992244991532e-05
7.677969656142432e-05 4.632685770595155e-05
3.1313710075019654e-05 1.9013908579998007e-05
0.00011923733578060537 6.721477695419813e-05