3.2850277226172376e-05 3.84615278539314e-05
3.2850277226172376e-05 3.84615278539314e-05
3.2850277226172376e-05 3.84615278539314e-05
3.2850277226172376e-05 3.84615278539314e-05
3.202657125159656e-05 3.846153117347672e-05
3.202657125159656e-05 3.846153117347672e-05
3.202657125159656e-05 3.846153117347672e-05
3.202657125159656e-05 3.846153117347672e-05
2.847764319760457e-05 3.8461518859590116e-05
2.847764319760457e-05 3.8461518859590116e-05
2.847764319760457e-05 3.8461518859590116e-05
2.847764319760457e-05 3.8461518859590116e-05
3.1530188506040406e-05 3.8461570520218596e-05
3.1530188506040406e-05 3.8461570520218596e-05
3.740373909309649e-05 3.846152404857522e-05
3.740373909309649e-05 3.846152404857522e-05
4.020111470761425e-05 3.846156571639242e-05
4.020111470761425e-05 3.846156571639242e-05
4.0495472581250856e-05 3.8461509827843174e-05
4.0495472581250856e-05 3.8461509827843174e-05
3.969102197983568e-05 3.846155624790521e-05
3.969102197983568e-05 3.846155624790521e-05
3.969102197983568e-05 3.846155624790521e-05
3.969102197983568e-05 3.846155624790521e-05
3.984665495837616e-05 3.846156598770618e-05
3.984665495837616e-05 3.846156598770618e-05
3.768137078127171e-05 3.84615678193599e-05
3.768137078127171e-05 3.84615678193599e-05
3.768137078127171e-05 3.84615678193599e-05
3.768137078127171e-05 3.84615678193599e-05
3.755502565619332e-05 3.8461503938567365e-05
3.755502565619332e-05 3.8461503938567365e-05
3.755502565619332e-05 3.8461503938567365e-05
3.755502565619332e-05 3.8461503938567365e-05
3.755502565619332e-05 3.8461503938567365e-05
3.755502565619332e-05 3.8461503938567365e-05
3.755502565619332e-05 3.8461503938567365e-05
3.755502565619332e-05 3.8461503938567365e-05
3.755502565619332e-05 3.8461503938567365e-05
3.755502565619332e-05 3.8461503938567365e-05
3.755502565619332e-05 3.8461503938567365e-05
3.755502565619332e-05 3.8461503938567365e-05
3.755502565619332e-05 3.8461503938567365e-05
3.755502565619332e-05 3.8461503938567365e-05
3.755502565619332e-05 3.8461503938567365e-05
3.755502565619332e-05 3.8461503938567365e-05
3.755502565619332e-05 3.8461503938567365e-05
3.755502565619332e-05 3.8461503938567365e-05
3.755502565619332e-05 3.8461503938567365e-05
3.755502565619332e-05 3.8461503938567365e-05
3.755502565619332e-05 3.8461503938567365e-05
3.755502565619332e-05 3.8461503938567365e-05
3.755502565619332e-05 3.8461503938567365e-05
3.755502565619332e-05 3.8461503938567365e-05
3.755502565619332e-05 3.8461503938567365e-05
3.755502565619332e-05 3.8461503938567365e-05
3.755502565619332e-05 3.8461503938567365e-05
3.755502565619332e-05 3.8461503938567365e-05
3.755502565619332e-05 3.8461503938567365e-05
3.755502565619332e-05 3.8461503938567365e-05
3.755502565619332e-05 3.8461503938567365e-05
3.755502565619332e-05 3.8461503938567365e-05
3.755502565619332e-05 3.8461503938567365e-05
3.755502565619332e-05 3.8461503938567365e-05
3.755502565619332e-05 3.8461503938567365e-05
3.755502565619332e-05 3.8461503938567365e-05
3.755502565619332e-05 3.8461503938567365e-05
3.755502565619332e-05 3.8461503938567365e-05
3.442043948237198e-05 3.846156254716836e-05
3.442043948237198e-05 3.846156254716836e-05
3.442043948237198e-05 3.846156254716836e-05
3.442043948237198e-05 3.846156254716836e-05
3.442043948237198e-05 3.846156254716836e-05
3.442043948237198e-05 3.846156254716836e-05
3.442043948237198e-05 3.846156254716836e-05
3.442043948237198e-05 3.846156254716836e-05
3.942307997948832e-05 3.846151843276515e-05
3.942307997948832e-05 3.846151843276515e-05
3.7062324456817525e-05 3.8461535549376896e-05
3.7062324456817525e-05 3.8461535549376896e-05
3.7062324456817525e-05 3.8461535549376896e-05
3.7062324456817525e-05 3.8461535549376896e-05
3.7062324456817525e-05 3.8461535549376896e-05
3.7062324456817525e-05 3.8461535549376896e-05
3.584087839280447e-05 3.8461569334637794e-05
3.584087839280447e-05 3.8461569334637794e-05
3.584087839280447e-05 3.8461569334637794e-05
3.584087839280447e-05 3.8461569334637794e-05
3.584087839280447e-05 3.8461569334637794e-05
3.584087839280447e-05 3.8461569334637794e-05
3.584087839280447e-05 3.8461569334637794e-05
3.584087839280447e-05 3.8461569334637794e-05
3.584087839280447e-05 3.8461569334637794e-05
3.584087839280447e-05 3.8461569334637794e-05
3.584087839280447e-05 3.8461569334637794e-05
3.584087839280447e-05 3.8461569334637794e-05
3.584087839280447e-05 3.8461569334637794e-05
3.584087839280447e-05 3.8461569334637794e-05
3.1525002150597294e-05 3.846155243696831e-05
3.1525002150597294e-05 3.846155243696831e-05
3.1525002150597294e-05 3.846155243696831e-05
3.1525002150597294e-05 3.846155243696831e-05
3.1525002150597294e-05 3.846155243696831e-05
3.1525002150597294e-05 3.846155243696831e-05
3.517508211185643e-05 3.8461512941927645e-05
3.517508211185643e-05 3.8461512941927645e-05
3.517508211185643e-05 3.8461512941927645e-05
3.517508211185643e-05 3.8461512941927645e-05
3.517508211185643e-05 3.8461512941927645e-05
3.517508211185643e-05 3.8461512941927645e-05
3.517508211185643e-05 3.8461512941927645e-05
3.517508211185643e-05 3.8461512941927645e-05
3.517508211185643e-05 3.8461512941927645e-05
3.517508211185643e-05 3.8461512941927645e-05
3.517508211185643e-05 3.8461512941927645e-05
3.517508211185643e-05 3.8461512941927645e-05
3.0282927755878153e-05 3.8461560704970237e-05
3.0282927755878153e-05 3.8461560704970237e-05
3.0282927755878153e-05 3.8461560704970237e-05
3.0282927755878153e-05 3.8461560704970237e-05
3.0282927755878153e-05 3.8461560704970237e-05
3.0282927755878153e-05 3.8461560704970237e-05
2.9964244928182543e-05 3.846154088700697e-05
2.9964244928182543e-05 3.846154088700697e-05
3.88308119514481e-05 3.8461575133737554e-05
3.88308119514481e-05 3.8461575133737554e-05
3.451119314323327e-05 3.846151461628528e-05
3.451119314323327e-05 3.846151461628528e-05
3.451119314323327e-05 3.846151461628528e-05
3.451119314323327e-05 3.846151461628528e-05
3.451119314323327e-05 3.846151461628528e-05
3.451119314323327e-05 3.846151461628528e-05
3.451119314323327e-05 3.846151461628528e-05
3.451119314323327e-05 3.846151461628528e-05
3.451119314323327e-05 3.846151461628528e-05
3.451119314323327e-05 3.846151461628528e-05
3.529647114663267e-05 3.8461561650168393e-05
3.529647114663267e-05 3.8461561650168393e-05
2.9722176416626595e-05 3.8461500207050324e-05
2.9722176416626595e-05 3.8461500207050324e-05
4.470041917415454e-05 3.846156415745577e-05
4.470041917415454e-05 3.846156415745577e-05
4.470041917415454e-05 3.846156415745577e-05
4.470041917415454e-05 3.846156415745577e-05
4.470041917415454e-05 3.846156415745577e-05
4.470041917415454e-05 3.846156415745577e-05
4.470041917415454e-05 3.846156415745577e-05
4.470041917415454e-05 3.846156415745577e-05
4.470041917415454e-05 3.846156415745577e-05
4.470041917415454e-05 3.846156415745577e-05
4.0750719759384114e-05 3.846155112279033e-05
4.0750719759384114e-05 3.846155112279033e-05
4.0750719759384114e-05 3.846155112279033e-05
4.0750719759384114e-05 3.846155112279033e-05
4.399968886395241e-05 3.8461520220573586e-05
4.399968886395241e-05 3.8461520220573586e-05
4.399968886395241e-05 3.8461520220573586e-05
4.399968886395241e-05 3.8461520220573586e-05
4.399968886395241e-05 3.8461520220573586e-05
4.399968886395241e-05 3.8461520220573586e-05
4.399968886395241e-05 3.8461520220573586e-05
4.399968886395241e-05 3.8461520220573586e-05
4.399968886395241e-05 3.8461520220573586e-05
4.399968886395241e-05 3.8461520220573586e-05
4.0996456373115654e-05 3.846155726049862e-05
4.0996456373115654e-05 3.846155726049862e-05
4.191452238101713e-05 3.846152488388729e-05
4.191452238101713e-05 3.846152488388729e-05
4.469832158289409e-05 3.846152246611502e-05
4.469832158289409e-05 3.846152246611502e-05
4.469832158289409e-05 3.846152246611502e-05
4.469832158289409e-05 3.846152246611502e-05
4.469832158289409e-05 3.846152246611502e-05
4.469832158289409e-05 3.846152246611502e-05
4.469832158289409e-05 3.846152246611502e-05
4.469832158289409e-05 3.846152246611502e-05
4.469832158289409e-05 3.846152246611502e-05
4.469832158289409e-05 3.846152246611502e-05
4.469832158289409e-05 3.846152246611502e-05
4.469832158289409e-05 3.846152246611502e-05
4.469832158289409e-05 3.846152246611502e-05
4.469832158289409e-05 3.846152246611502e-05
4.469832158289409e-05 3.846152246611502e-05
4.469832158289409e-05 3.846152246611502e-05
3.83571477326166e-05 3.846151486908803e-05
3.83571477326166e-05 3.846151486908803e-05
4.033427131519717e-05 3.846151087085327e-05
4.033427131519717e-05 3.846151087085327e-05
4.3772889573506146e-05 3.846150738696583e-05
4.3772889573506146e-05 3.846150738696583e-05
4.687186686218288e-05 3.8461481030957e-05
4.687186686218288e-05 3.8461481030957e-05
4.687186686218288e-05 3.8461481030957e-05
4.687186686218288e-05 3.8461481030957e-05
3.5666851015815564e-05 3.846148745057162e-05
3.5666851015815564e-05 3.846148745057162e-05
3.6670153251000025e-05 3.846147841692937e-05
3.6670153251000025e-05 3.846147841692937e-05
4.735975091226305e-05 3.8461515550621965e-05
4.735975091226305e-05 3.8461515550621965e-05