3.075405691669417e-05 3.8461276771548344e-05
2.9489092964225102e-05 3.846138631498944e-05
2.848697050972482e-05 3.8461379616073456e-05
3.126861498383804e-05 3.846138121763938e-05
3.126861498383804e-05 3.846138121763938e-05
3.1227399669588905e-05 3.846145638066692e-05
2.953749443709228e-05 3.846173631637303e-05
4.7004579061327364e-05 3.8461441239148134e-05
4.7004579061327364e-05 3.8461441239148134e-05
4.7293405527683546e-05 3.846149190403502e-05
4.7293405527683546e-05 3.846149190403502e-05
2.944165105880254e-05 3.846150118825135e-05
2.944165105880254e-05 3.846150118825135e-05
2.944165105880254e-05 3.846150118825135e-05
2.944165105880254e-05 3.846150118825135e-05
3.072316147208315e-05 3.8461659956224716e-05
3.0838198407598224e-05 3.846152003458833e-05
4.649541792587996e-05 3.819092990483456e-05
4.7390178454434144e-05 3.867752412423377e-05
3.0327720441788884e-05 3.7861629221820795e-05
3.0327720441788884e-05 3.7861629221820795e-05
3.1355703718132236e-05 3.846164199793001e-05
2.947786345022521e-05 3.84615161413598e-05
3.154462610122949e-05 3.868991126529485e-05
3.154462610122949e-05 3.868991126529485e-05
2.9927239071920795e-05 3.9054804073975204e-05
2.9927239071920795e-05 3.9054804073975204e-05
2.7783814015977177e-05 3.741698444101494e-05
2.7783814015977177e-05 3.741698444101494e-05
2.7783814015977177e-05 3.741698444101494e-05
2.7783814015977177e-05 3.741698444101494e-05
3.0100323730571484e-05 3.9375016743129474e-05
3.0647361973118424e-05 3.846154139870396e-05
3.106461372926918e-05 3.841778086774943e-05
2.9925987140683623e-05 3.9274422172676555e-05
3.0131411230358837e-05 3.786189697964426e-05
3.0131411230358837e-05 3.786189697964426e-05
3.1100009268562965e-05 3.846168469219838e-05
2.9276439316649403e-05 3.846167250643281e-05
2.9656533952204058e-05 3.899125301546918e-05
2.9656533952204058e-05 3.899125301546918e-05
4.734625323939093e-05 3.878060009654013e-05
4.734625323939093e-05 3.878060009654013e-05
4.615920821877839e-05 3.76272861285347e-05
4.615920821877839e-05 3.76272861285347e-05
4.615920821877839e-05 3.76272861285347e-05
4.615920821877839e-05 3.76272861285347e-05
2.825749576803115e-05 3.830539551736029e-05
3.013442342527206e-05 3.946434941579384e-05
3.0231912920904575e-05 3.7818622950548137e-05
3.0143860802061053e-05 3.953541259412118e-05
2.800601008216363e-05 3.7708435300020624e-05
2.800601008216363e-05 3.7708435300020624e-05
3.0125109672633744e-05 3.767748863721115e-05
4.668929714870993e-05 3.813363392734241e-05
3.1453253107512785e-05 3.8689627857013364e-05
3.1453253107512785e-05 3.8689627857013364e-05
3.1623288694262884e-05 3.891367354548041e-05
3.1623288694262884e-05 3.891367354548041e-05
2.91906082655851e-05 3.820768383994482e-05
2.91906082655851e-05 3.820768383994482e-05
2.91906082655851e-05 3.820768383994482e-05
2.91906082655851e-05 3.820768383994482e-05
4.7470863349743304e-05 3.8520798072464136e-05
4.7640790478023293e-05 3.880576876718e-05
4.656961225966122e-05 3.819130305167972e-05
3.186421225191418e-05 3.913242789033321e-05
2.945675326374525e-05 3.850578747420865e-05
2.945675326374525e-05 3.850578747420865e-05
3.0372871753245423e-05 3.795574088016047e-05
2.789775791091187e-05 3.760798071373082e-05
3.149194330904514e-05 3.8689488177343807e-05
3.149194330904514e-05 3.8689488177343807e-05
3.052719766062697e-05 3.812062205459718e-05
3.052719766062697e-05 3.812062205459718e-05
2.927024637710429e-05 3.826604813798165e-05
2.927024637710429e-05 3.826604813798165e-05
2.927024637710429e-05 3.826604813798165e-05
2.927024637710429e-05 3.826604813798165e-05
3.005015137128033e-05 3.9375495066835544e-05
3.0286240670218364e-05 3.96661818224799e-05
2.950278083377717e-05 3.852021022632984e-05
3.067070274457312e-05 3.833472949972187e-05
3.1157428031546716e-05 3.836655659075474e-05
3.1157428031546716e-05 3.836655659075474e-05
4.667465755102372e-05 3.801456954700072e-05
3.0168848755363226e-05 3.7761474028667786e-05
3.142484878736794e-05 3.868967648569366e-05
3.142484878736794e-05 3.868967648569366e-05
2.9863155633403966e-05 3.905495462127536e-05
2.9863155633403966e-05 3.905495462127536e-05
2.769904873487117e-05 3.741659139123802e-05
2.769904873487117e-05 3.741659139123802e-05
2.769904873487117e-05 3.741659139123802e-05
2.769904873487117e-05 3.741659139123802e-05
4.7446861632605453e-05 3.884049028594908e-05
4.7722426224448546e-05 3.9127724075811936e-05
4.7722426224448546e-05 3.9127724075811936e-05
2.963416241552879e-05 3.871722644037859e-05
2.963416241552879e-05 3.871722644037859e-05
3.0120937346496167e-05 3.927423982828592e-05
3.0120937346496167e-05 3.927423982828592e-05
4.6573664720821995e-05 3.792067746746779e-05
4.6573664720821995e-05 3.792067746746779e-05
4.6573664720821995e-05 3.792067746746779e-05
4.6573664720821995e-05 3.792067746746779e-05
3.136471488250986e-05 3.846127706348983e-05
3.136471488250986e-05 3.846127706348983e-05
3.009640942148377e-05 3.7483930304552076e-05
3.009640942148377e-05 3.7483930304552076e-05
2.978079418891196e-05 3.879286704197068e-05
2.978079418891196e-05 3.879286704197068e-05
2.978079418891196e-05 3.879286704197068e-05
2.978079418891196e-05 3.879286704197068e-05
3.1807070928845814e-05 3.901057422025442e-05
3.1807070928845814e-05 3.901057422025442e-05
3.1807070928845814e-05 3.901057422025442e-05
3.1807070928845814e-05 3.901057422025442e-05
2.782040504060254e-05 3.741710791630127e-05
2.782040504060254e-05 3.741710791630127e-05
2.782040504060254e-05 3.741710791630127e-05
2.782040504060254e-05 3.741710791630127e-05
2.782040504060254e-05 3.741710791630127e-05
2.782040504060254e-05 3.741710791630127e-05
2.782040504060254e-05 3.741710791630127e-05
2.782040504060254e-05 3.741710791630127e-05
3.0815834210435256e-05 3.8461204424659393e-05
3.0815834210435256e-05 3.8461204424659393e-05
2.8592649679288638e-05 3.858873361906882e-05
2.9541352069432802e-05 3.8717195055299165e-05
3.001477385481205e-05 3.9274337267653e-05
3.107653736467529e-05 3.8366712076611066e-05
3.107653736467529e-05 3.8366712076611066e-05
3.0086354538550353e-05 3.767696718305798e-05
4.6610346105386595e-05 3.813308348874769e-05
3.0373956072296004e-05 3.8086613308461804e-05
3.0373956072296004e-05 3.8086613308461804e-05
2.9897975894120836e-05 3.911401652142992e-05
2.9897975894120836e-05 3.911401652142992e-05
4.6267781241331415e-05 3.762732189790527e-05
4.6267781241331415e-05 3.762732189790527e-05
4.6267781241331415e-05 3.762732189790527e-05
4.6267781241331415e-05 3.762732189790527e-05
3.169437467846798e-05 3.907051139361717e-05
3.180624953765261e-05 3.9262074832887416e-05
3.180624953765261e-05 3.9262074832887416e-05
2.9365466367994588e-05 3.846131477127355e-05
2.9365466367994588e-05 3.846131477127355e-05
3.0104523725060944e-05 3.9535701603997786e-05
3.0104523725060944e-05 3.9535701603997786e-05
3.0003704068991684e-05 3.758410398046802e-05
3.0003704068991684e-05 3.758410398046802e-05
3.0003704068991684e-05 3.758410398046802e-05
3.0003704068991684e-05 3.758410398046802e-05
4.693577999455968e-05 3.8329757023099025e-05
4.693577999455968e-05 3.8329757023099025e-05
4.662055939400233e-05 3.78198483403744e-05
4.662055939400233e-05 3.78198483403744e-05
3.03689939187483e-05 3.808621626051485e-05
3.03689939187483e-05 3.808621626051485e-05
3.03689939187483e-05 3.808621626051485e-05
3.03689939187483e-05 3.808621626051485e-05
2.837425452000846e-05 3.8246597961547356e-05
2.837425452000846e-05 3.8246597961547356e-05
2.837425452000846e-05 3.8246597961547356e-05
2.837425452000846e-05 3.8246597961547356e-05
3.0947526069294836e-05 3.8163932667782103e-05
3.0947526069294836e-05 3.8163932667782103e-05
3.0947526069294836e-05 3.8163932667782103e-05
3.0947526069294836e-05 3.8163932667782103e-05
3.0947526069294836e-05 3.8163932667782103e-05
3.0947526069294836e-05 3.8163932667782103e-05
3.0947526069294836e-05 3.8163932667782103e-05
3.0947526069294836e-05 3.8163932667782103e-05
2.9899281134135282e-05 3.91746502329913e-05
2.9899281134135282e-05 3.91746502329913e-05
3.196431396787247e-05 3.9359584078246814e-05
3.196431396787247e-05 3.9359584078246814e-05
3.0201627670325997e-05 3.781885776172106e-05
3.0201627670325997e-05 3.781885776172106e-05
3.012983068546337e-05 3.9535490573142615e-05
3.012983068546337e-05 3.9535490573142615e-05
4.667570014428504e-05 3.823487809826692e-05
4.667570014428504e-05 3.823487809826692e-05
4.667570014428504e-05 3.823487809826692e-05
4.667570014428504e-05 3.823487809826692e-05
3.0120170872450378e-05 3.767716107989353e-05
3.0120170872450378e-05 3.767716107989353e-05
2.9413642061968104e-05 3.8461649034058204e-05
2.9413642061968104e-05 3.8461649034058204e-05
4.683322450371428e-05 3.81451276457804e-05
4.683322450371428e-05 3.81451276457804e-05
4.683322450371428e-05 3.81451276457804e-05
4.683322450371428e-05 3.81451276457804e-05
2.837730585329568e-05 3.824650842808939e-05
2.837730585329568e-05 3.824650842808939e-05
2.837730585329568e-05 3.824650842808939e-05
2.837730585329568e-05 3.824650842808939e-05
3.0928539777596846e-05 3.8069669380041445e-05
3.0928539777596846e-05 3.8069669380041445e-05
3.0928539777596846e-05 3.8069669380041445e-05
3.0928539777596846e-05 3.8069669380041445e-05
3.0928539777596846e-05 3.8069669380041445e-05
3.0928539777596846e-05 3.8069669380041445e-05
3.0928539777596846e-05 3.8069669380041445e-05
3.0928539777596846e-05 3.8069669380041445e-05
2.9906736280410045e-05 3.911516758924499e-05
2.9906736280410045e-05 3.911516758924499e-05