4.524349909213017e-05 3.846141839346261e-05
4.524349909213017e-05 3.846141839346261e-05
4.524349909213017e-05 3.846141839346261e-05
4.524349909213017e-05 3.846141839346261e-05
4.524349909213017e-05 3.846141839346261e-05
4.524349909213017e-05 3.846141839346261e-05
4.524349909213017e-05 3.846141839346261e-05
5.402862894930118e-05 3.846151988558102e-05
5.402862894930118e-05 3.846151988558102e-05
5.402862894930118e-05 3.846151988558102e-05
5.402862894930118e-05 3.846151988558102e-05
5.402862894930118e-05 3.846151988558102e-05
5.402862894930118e-05 3.846151988558102e-05
5.402862894930118e-05 3.846151988558102e-05
5.402862894930118e-05 3.846151988558102e-05
5.402862894930118e-05 3.846151988558102e-05
5.402862894930118e-05 3.846151988558102e-05
5.402862894930118e-05 3.846151988558102e-05
5.402862894930118e-05 3.846151988558102e-05
5.402862894930118e-05 3.846151988558102e-05
5.402862894930118e-05 3.846151988558102e-05
5.402862894930118e-05 3.846151988558102e-05
5.402862894930118e-05 3.846151988558102e-05
5.402862894930118e-05 3.846151988558102e-05
5.402862894930118e-05 3.846151988558102e-05
5.402862894930118e-05 3.846151988558102e-05
5.402862894930118e-05 3.846151988558102e-05
5.402862894930118e-05 3.846151988558102e-05
5.402862894930118e-05 3.846151988558102e-05
3.2246969592535196e-05 3.846163745493192e-05
3.2246969592535196e-05 3.846163745493192e-05
3.2246969592535196e-05 3.846163745493192e-05
3.2246969592535196e-05 3.846163745493192e-05
3.2246969592535196e-05 3.846163745493192e-05
3.2246969592535196e-05 3.846163745493192e-05
3.2246969592535196e-05 3.846163745493192e-05
3.2246969592535196e-05 3.846163745493192e-05
3.2246969592535196e-05 3.846163745493192e-05
3.2246969592535196e-05 3.846163745493192e-05
3.2246969592535196e-05 3.846163745493192e-05
3.2246969592535196e-05 3.846163745493192e-05
3.2246969592535196e-05 3.846163745493192e-05
3.2246969592535196e-05 3.846163745493192e-05
3.2246969592535196e-05 3.846163745493192e-05
3.2246969592535196e-05 3.846163745493192e-05
3.2246969592535196e-05 3.846163745493192e-05
3.2246969592535196e-05 3.846163745493192e-05
3.2246969592535196e-05 3.846163745493192e-05
3.2246969592535196e-05 3.846163745493192e-05
3.2246969592535196e-05 3.846163745493192e-05
3.2246969592535196e-05 3.846163745493192e-05
3.2246969592535196e-05 3.846163745493192e-05
2.6443218016007622e-05 3.8461657392668415e-05
2.6443218016007622e-05 3.8461657392668415e-05
2.6443218016007622e-05 3.8461657392668415e-05
2.6443218016007622e-05 3.8461657392668415e-05
2.6443218016007622e-05 3.8461657392668415e-05
2.6443218016007622e-05 3.8461657392668415e-05
2.6443218016007622e-05 3.8461657392668415e-05
2.6443218016007622e-05 3.8461657392668415e-05
2.6443218016007622e-05 3.8461657392668415e-05
2.6443218016007622e-05 3.8461657392668415e-05
2.6443218016007622e-05 3.8461657392668415e-05
2.6443218016007622e-05 3.8461657392668415e-05
2.6443218016007622e-05 3.8461657392668415e-05
2.6443218016007622e-05 3.8461657392668415e-05
3.560858858138315e-05 3.8461956873459276e-05
3.560858858138315e-05 3.8461956873459276e-05
3.560858858138315e-05 3.8461956873459276e-05
3.560858858138315e-05 3.8461956873459276e-05
3.560858858138315e-05 3.8461956873459276e-05
3.560858858138315e-05 3.8461956873459276e-05
3.560858858138315e-05 3.8461956873459276e-05
3.560858858138315e-05 3.8461956873459276e-05
3.560858858138315e-05 3.8461956873459276e-05
3.560858858138315e-05 3.8461956873459276e-05
3.560858858138315e-05 3.8461956873459276e-05
3.560858858138315e-05 3.8461956873459276e-05
3.560858858138315e-05 3.8461956873459276e-05
3.560858858138315e-05 3.8461956873459276e-05
3.560858858138315e-05 3.8461956873459276e-05
3.560858858138315e-05 3.8461956873459276e-05
6.098769973712611e-05 3.846161099673985e-05
6.098769973712611e-05 3.846161099673985e-05
6.098769973712611e-05 3.846161099673985e-05
6.098769973712611e-05 3.846161099673985e-05
6.098769973712611e-05 3.846161099673985e-05
3.127612781888301e-05 3.846163375624311e-05
3.127612781888301e-05 3.846163375624311e-05
1.9200915088929087e-05 3.846149236564407e-05
1.9200915088929087e-05 3.846149236564407e-05
1.9200915088929087e-05 3.846149236564407e-05
1.9200915088929087e-05 3.846149236564407e-05
1.9200915088929087e-05 3.846149236564407e-05
1.9200915088929087e-05 3.846149236564407e-05
1.9200915088929087e-05 3.846149236564407e-05
1.9200915088929087e-05 3.846149236564407e-05
1.9200915088929087e-05 3.846149236564407e-05
1.9200915088929087e-05 3.846149236564407e-05
1.9200915088929087e-05 3.846149236564407e-05
4.5162587347466594e-05 3.846149572983759e-05
4.5162587347466594e-05 3.846149572983759e-05
4.5162587347466594e-05 3.846149572983759e-05
4.5162587347466594e-05 3.846149572983759e-05
4.5162587347466594e-05 3.846149572983759e-05
4.5162587347466594e-05 3.846149572983759e-05
4.5162587347466594e-05 3.846149572983759e-05
4.5162587347466594e-05 3.846149572983759e-05
4.5162587347466594e-05 3.846149572983759e-05
4.5162587347466594e-05 3.846149572983759e-05
4.5162587347466594e-05 3.846149572983759e-05
4.5162587347466594e-05 3.846149572983759e-05
4.5162587347466594e-05 3.846149572983759e-05
4.5162587347466594e-05 3.846149572983759e-05
5.425812793084621e-05 3.8461505545165426e-05
5.425812793084621e-05 3.8461505545165426e-05
5.425812793084621e-05 3.8461505545165426e-05
5.425812793084621e-05 3.8461505545165426e-05
5.425812793084621e-05 3.8461505545165426e-05
5.425812793084621e-05 3.8461505545165426e-05
5.425812793084621e-05 3.8461505545165426e-05
5.425812793084621e-05 3.8461505545165426e-05
5.425812793084621e-05 3.8461505545165426e-05
5.425812793084621e-05 3.8461505545165426e-05
5.425812793084621e-05 3.8461505545165426e-05
5.425812793084621e-05 3.8461505545165426e-05
5.425812793084621e-05 3.8461505545165426e-05
5.425812793084621e-05 3.8461505545165426e-05
5.425812793084621e-05 3.8461505545165426e-05
5.425812793084621e-05 3.8461505545165426e-05
5.425812793084621e-05 3.8461505545165426e-05
5.425812793084621e-05 3.8461505545165426e-05
5.425812793084621e-05 3.8461505545165426e-05
5.425812793084621e-05 3.8461505545165426e-05
5.425812793084621e-05 3.8461505545165426e-05
5.425812793084621e-05 3.8461505545165426e-05
5.425812793084621e-05 3.8461505545165426e-05
5.425812793084621e-05 3.8461505545165426e-05
5.425812793084621e-05 3.8461505545165426e-05
5.425812793084621e-05 3.8461505545165426e-05
5.425812793084621e-05 3.8461505545165426e-05
5.425812793084621e-05 3.8461505545165426e-05
5.425812793084621e-05 3.8461505545165426e-05
5.425812793084621e-05 3.8461505545165426e-05
5.425812793084621e-05 3.8461505545165426e-05
5.425812793084621e-05 3.8461505545165426e-05
5.425812793084621e-05 3.8461505545165426e-05
5.425812793084621e-05 3.8461505545165426e-05
5.425812793084621e-05 3.8461505545165426e-05
5.425812793084621e-05 3.8461505545165426e-05
5.425812793084621e-05 3.8461505545165426e-05
5.425812793084621e-05 3.8461505545165426e-05
5.425812793084621e-05 3.8461505545165426e-05
5.425812793084621e-05 3.8461505545165426e-05
5.425812793084621e-05 3.8461505545165426e-05
5.425812793084621e-05 3.8461505545165426e-05
5.425812793084621e-05 3.8461505545165426e-05
5.425812793084621e-05 3.8461505545165426e-05
3.218912314434066e-05 3.846152765381174e-05
3.218912314434066e-05 3.846152765381174e-05
3.218912314434066e-05 3.846152765381174e-05
3.218912314434066e-05 3.846152765381174e-05
3.218912314434066e-05 3.846152765381174e-05
3.218912314434066e-05 3.846152765381174e-05
3.218912314434066e-05 3.846152765381174e-05
3.218912314434066e-05 3.846152765381174e-05
3.218912314434066e-05 3.846152765381174e-05
3.218912314434066e-05 3.846152765381174e-05
3.218912314434066e-05 3.846152765381174e-05
3.218912314434066e-05 3.846152765381174e-05
3.218912314434066e-05 3.846152765381174e-05
3.218912314434066e-05 3.846152765381174e-05
3.218912314434066e-05 3.846152765381174e-05
3.218912314434066e-05 3.846152765381174e-05
3.218912314434066e-05 3.846152765381174e-05
3.218912314434066e-05 3.846152765381174e-05
3.218912314434066e-05 3.846152765381174e-05
3.218912314434066e-05 3.846152765381174e-05
3.218912314434066e-05 3.846152765381174e-05
3.218912314434066e-05 3.846152765381174e-05
3.218912314434066e-05 3.846152765381174e-05
3.218912314434066e-05 3.846152765381174e-05
3.218912314434066e-05 3.846152765381174e-05
3.218912314434066e-05 3.846152765381174e-05
3.218912314434066e-05 3.846152765381174e-05
3.218912314434066e-05 3.846152765381174e-05
3.218912314434066e-05 3.846152765381174e-05
3.218912314434066e-05 3.846152765381174e-05
3.218912314434066e-05 3.846152765381174e-05
3.218912314434066e-05 3.846152765381174e-05
3.218912314434066e-05 3.846152765381174e-05
3.218912314434066e-05 3.846152765381174e-05
3.218912314434066e-05 3.846152765381174e-05
3.218912314434066e-05 3.846152765381174e-05
3.218912314434066e-05 3.846152765381174e-05
3.218912314434066e-05 3.846152765381174e-05
3.218912314434066e-05 3.846152765381174e-05
3.218912314434066e-05 3.846152765381174e-05
3.218912314434066e-05 3.846152765381174e-05
3.218912314434066e-05 3.846152765381174e-05
3.218912314434066e-05 3.846152765381174e-05
3.218912314434066e-05 3.846152765381174e-05
3.218912314434066e-05 3.846152765381174e-05
3.218912314434066e-05 3.846152765381174e-05
2.6692734772439844e-05 3.846155334308674e-05
2.6692734772439844e-05 3.846155334308674e-05
2.6692734772439844e-05 3.846155334308674e-05
2.6692734772439844e-05 3.846155334308674e-05
2.6692734772439844e-05 3.846155334308674e-05
2.6692734772439844e-05 3.846155334308674e-05
2.6692734772439844e-05 3.846155334308674e-05
2.6692734772439844e-05 3.846155334308674e-05
2.6692734772439844e-05 3.846155334308674e-05
2.6692734772439844e-05 3.846155334308674e-05
2.6692734772439844e-05 3.846155334308674e-05
2.6692734772439844e-05 3.846155334308674e-05
2.6692734772439844e-05 3.846155334308674e-05
2.6692734772439844e-05 3.846155334308674e-05
2.6692734772439844e-05 3.846155334308674e-05
2.6692734772439844e-05 3.846155334308674e-05
2.6692734772439844e-05 3.846155334308674e-05
2.6692734772439844e-05 3.846155334308674e-05
2.6692734772439844e-05 3.846155334308674e-05
2.6692734772439844e-05 3.846155334308674e-05
2.6692734772439844e-05 3.846155334308674e-05
2.6692734772439844e-05 3.846155334308674e-05
2.6692734772439844e-05 3.846155334308674e-05
2.6692734772439844e-05 3.846155334308674e-05
2.6692734772439844e-05 3.846155334308674e-05
2.6692734772439844e-05 3.846155334308674e-05
2.6692734772439844e-05 3.846155334308674e-05
2.6692734772439844e-05 3.846155334308674e-05
3.537824906683739e-05 3.846129039720946e-05
3.537824906683739e-05 3.846129039720946e-05
3.537824906683739e-05 3.846129039720946e-05
3.537824906683739e-05 3.846129039720946e-05
3.537824906683739e-05 3.846129039720946e-05
3.537824906683739e-05 3.846129039720946e-05
3.537824906683739e-05 3.846129039720946e-05
3.537824906683739e-05 3.846129039720946e-05
3.537824906683739e-05 3.846129039720946e-05
3.537824906683739e-05 3.846129039720946e-05
3.537824906683739e-05 3.846129039720946e-05
3.537824906683739e-05 3.846129039720946e-05
3.537824906683739e-05 3.846129039720946e-05
3.537824906683739e-05 3.846129039720946e-05
3.537824906683739e-05 3.846129039720946e-05
3.537824906683739e-05 3.846129039720946e-05
3.537824906683739e-05 3.846129039720946e-05
3.537824906683739e-05 3.846129039720946e-05
3.537824906683739e-05 3.846129039720946e-05
3.537824906683739e-05 3.846129039720946e-05
3.537824906683739e-05 3.846129039720946e-05
3.537824906683739e-05 3.846129039720946e-05
3.537824906683739e-05 3.846129039720946e-05
3.537824906683739e-05 3.846129039720946e-05
3.537824906683739e-05 3.846129039720946e-05
3.537824906683739e-05 3.846129039720946e-05
3.537824906683739e-05 3.846129039720946e-05
3.537824906683739e-05 3.846129039720946e-05
3.537824906683739e-05 3.846129039720946e-05
3.537824906683739e-05 3.846129039720946e-05
3.537824906683739e-05 3.846129039720946e-05
3.537824906683739e-05 3.846129039720946e-05
6.116287324167417e-05 3.846164361895602e-05
6.116287324167417e-05 3.846164361895602e-05
6.116287324167417e-05 3.846164361895602e-05
6.116287324167417e-05 3.846164361895602e-05
6.116287324167417e-05 3.846164361895602e-05
6.116287324167417e-05 3.846164361895602e-05
6.116287324167417e-05 3.846164361895602e-05
6.116287324167417e-05 3.846164361895602e-05
6.116287324167417e-05 3.846164361895602e-05
6.116287324167417e-05 3.846164361895602e-05
3.1260700908444134e-05 3.846157301668309e-05
3.1260700908444134e-05 3.846157301668309e-05
3.1260700908444134e-05 3.846157301668309e-05
3.1260700908444134e-05 3.846157301668309e-05
1.9084869854561592e-05 3.846135676216409e-05
1.9084869854561592e-05 3.846135676216409e-05
1.9084869854561592e-05 3.846135676216409e-05
1.9084869854561592e-05 3.846135676216409e-05
1.9084869854561592e-05 3.846135676216409e-05
1.9084869854561592e-05 3.846135676216409e-05
1.9084869854561592e-05 3.846135676216409e-05
1.9084869854561592e-05 3.846135676216409e-05
1.9084869854561592e-05 3.846135676216409e-05
1.9084869854561592e-05 3.846135676216409e-05
1.9084869854561592e-05 3.846135676216409e-05
1.9084869854561592e-05 3.846135676216409e-05
1.9084869854561592e-05 3.846135676216409e-05
1.9084869854561592e-05 3.846135676216409e-05
1.9084869854561592e-05 3.846135676216409e-05
1.9084869854561592e-05 3.846135676216409e-05
1.9084869854561592e-05 3.846135676216409e-05
1.9084869854561592e-05 3.846135676216409e-05
1.9084869854561592e-05 3.846135676216409e-05
1.9084869854561592e-05 3.846135676216409e-05
1.9084869854561592e-05 3.846135676216409e-05
1.9084869854561592e-05 3.846135676216409e-05
4.52003011262095e-05 3.8461671421670625e-05
4.52003011262095e-05 3.8461671421670625e-05
4.52003011262095e-05 3.8461671421670625e-05
4.52003011262095e-05 3.8461671421670625e-05
4.52003011262095e-05 3.8461671421670625e-05
4.52003011262095e-05 3.8461671421670625e-05
4.52003011262095e-05 3.8461671421670625e-05
4.52003011262095e-05 3.8461671421670625e-05
4.52003011262095e-05 3.8461671421670625e-05
4.52003011262095e-05 3.8461671421670625e-05
4.52003011262095e-05 3.8461671421670625e-05
4.52003011262095e-05 3.8461671421670625e-05
4.52003011262095e-05 3.8461671421670625e-05
4.52003011262095e-05 3.8461671421670625e-05
5.414008595305725e-05 3.8461511060864245e-05
5.414008595305725e-05 3.8461511060864245e-05
5.414008595305725e-05 3.8461511060864245e-05
5.414008595305725e-05 3.8461511060864245e-05
5.414008595305725e-05 3.8461511060864245e-05
5.414008595305725e-05 3.8461511060864245e-05
5.414008595305725e-05 3.8461511060864245e-05
5.414008595305725e-05 3.8461511060864245e-05
5.414008595305725e-05 3.8461511060864245e-05
5.414008595305725e-05 3.8461511060864245e-05
5.414008595305725e-05 3.8461511060864245e-05
5.414008595305725e-05 3.8461511060864245e-05
5.414008595305725e-05 3.8461511060864245e-05
5.414008595305725e-05 3.8461511060864245e-05
5.414008595305725e-05 3.8461511060864245e-05
5.414008595305725e-05 3.8461511060864245e-05
5.414008595305725e-05 3.8461511060864245e-05
5.414008595305725e-05 3.8461511060864245e-05
5.414008595305725e-05 3.8461511060864245e-05
5.414008595305725e-05 3.8461511060864245e-05
5.414008595305725e-05 3.8461511060864245e-05
5.414008595305725e-05 3.8461511060864245e-05
5.414008595305725e-05 3.8461511060864245e-05
5.414008595305725e-05 3.8461511060864245e-05
5.414008595305725e-05 3.8461511060864245e-05
5.414008595305725e-05 3.8461511060864245e-05
5.414008595305725e-05 3.8461511060864245e-05
5.414008595305725e-05 3.8461511060864245e-05
5.414008595305725e-05 3.8461511060864245e-05
5.414008595305725e-05 3.8461511060864245e-05
5.414008595305725e-05 3.8461511060864245e-05
5.414008595305725e-05 3.8461511060864245e-05
5.414008595305725e-05 3.8461511060864245e-05
5.414008595305725e-05 3.8461511060864245e-05
5.414008595305725e-05 3.8461511060864245e-05
5.414008595305725e-05 3.8461511060864245e-05
5.414008595305725e-05 3.8461511060864245e-05
5.414008595305725e-05 3.8461511060864245e-05
5.414008595305725e-05 3.8461511060864245e-05
5.414008595305725e-05 3.8461511060864245e-05
5.414008595305725e-05 3.8461511060864245e-05
5.414008595305725e-05 3.8461511060864245e-05
5.414008595305725e-05 3.8461511060864245e-05
5.414008595305725e-05 3.8461511060864245e-05
3.216149183624171e-05 3.846152865685139e-05
3.216149183624171e-05 3.846152865685139e-05
3.216149183624171e-05 3.846152865685139e-05
3.216149183624171e-05 3.846152865685139e-05
3.216149183624171e-05 3.846152865685139e-05
3.216149183624171e-05 3.846152865685139e-05
3.216149183624171e-05 3.846152865685139e-05
3.216149183624171e-05 3.846152865685139e-05
3.216149183624171e-05 3.846152865685139e-05
3.216149183624171e-05 3.846152865685139e-05
3.216149183624171e-05 3.846152865685139e-05
3.216149183624171e-05 3.846152865685139e-05
3.216149183624171e-05 3.846152865685139e-05
3.216149183624171e-05 3.846152865685139e-05
3.216149183624171e-05 3.846152865685139e-05
3.216149183624171e-05 3.846152865685139e-05
3.216149183624171e-05 3.846152865685139e-05
3.216149183624171e-05 3.846152865685139e-05
3.216149183624171e-05 3.846152865685139e-05
3.216149183624171e-05 3.846152865685139e-05
3.216149183624171e-05 3.846152865685139e-05
3.216149183624171e-05 3.846152865685139e-05
3.216149183624171e-05 3.846152865685139e-05
3.216149183624171e-05 3.846152865685139e-05
3.216149183624171e-05 3.846152865685139e-05
3.216149183624171e-05 3.846152865685139e-05
3.216149183624171e-05 3.846152865685139e-05
3.216149183624171e-05 3.846152865685139e-05
3.216149183624171e-05 3.846152865685139e-05
3.216149183624171e-05 3.846152865685139e-05
3.216149183624171e-05 3.846152865685139e-05
3.216149183624171e-05 3.846152865685139e-05
3.216149183624171e-05 3.846152865685139e-05
3.216149183624171e-05 3.846152865685139e-05
3.216149183624171e-05 3.846152865685139e-05
3.216149183624171e-05 3.846152865685139e-05
3.216149183624171e-05 3.846152865685139e-05
3.216149183624171e-05 3.846152865685139e-05
3.216149183624171e-05 3.846152865685139e-05
3.216149183624171e-05 3.846152865685139e-05
3.216149183624171e-05 3.846152865685139e-05
3.216149183624171e-05 3.846152865685139e-05
3.216149183624171e-05 3.846152865685139e-05
3.216149183624171e-05 3.846152865685139e-05
3.216149183624171e-05 3.846152865685139e-05
3.216149183624171e-05 3.846152865685139e-05
2.6513234469699497e-05 3.846176893404242e-05
2.6513234469699497e-05 3.846176893404242e-05
2.6513234469699497e-05 3.846176893404242e-05
2.6513234469699497e-05 3.846176893404242e-05
2.6513234469699497e-05 3.846176893404242e-05
2.6513234469699497e-05 3.846176893404242e-05
2.6513234469699497e-05 3.846176893404242e-05
2.6513234469699497e-05 3.846176893404242e-05
2.6513234469699497e-05 3.846176893404242e-05
2.6513234469699497e-05 3.846176893404242e-05
2.6513234469699497e-05 3.846176893404242e-05
2.6513234469699497e-05 3.846176893404242e-05
2.6513234469699497e-05 3.846176893404242e-05
2.6513234469699497e-05 3.846176893404242e-05
2.6513234469699497e-05 3.846176893404242e-05
2.6513234469699497e-05 3.846176893404242e-05
2.6513234469699497e-05 3.846176893404242e-05
2.6513234469699497e-05 3.846176893404242e-05
2.6513234469699497e-05 3.846176893404242e-05
2.6513234469699497e-05 3.846176893404242e-05
2.6513234469699497e-05 3.846176893404242e-05
2.6513234469699497e-05 3.846176893404242e-05
2.6513234469699497e-05 3.846176893404242e-05
2.6513234469699497e-05 3.846176893404242e-05
2.6513234469699497e-05 3.846176893404242e-05
2.6513234469699497e-05 3.846176893404242e-05
2.6513234469699497e-05 3.846176893404242e-05
2.6513234469699497e-05 3.846176893404242e-05
3.5541284052245244e-05 3.8461241724853956e-05
3.5541284052245244e-05 3.8461241724853956e-05
3.5541284052245244e-05 3.8461241724853956e-05
3.5541284052245244e-05 3.8461241724853956e-05
3.5541284052245244e-05 3.8461241724853956e-05
3.5541284052245244e-05 3.8461241724853956e-05
3.5541284052245244e-05 3.8461241724853956e-05
3.5541284052245244e-05 3.8461241724853956e-05
3.5541284052245244e-05 3.8461241724853956e-05
3.5541284052245244e-05 3.8461241724853956e-05
3.5541284052245244e-05 3.8461241724853956e-05
3.5541284052245244e-05 3.8461241724853956e-05
3.5541284052245244e-05 3.8461241724853956e-05
3.5541284052245244e-05 3.8461241724853956e-05
3.5541284052245244e-05 3.8461241724853956e-05
3.5541284052245244e-05 3.8461241724853956e-05
3.5541284052245244e-05 3.8461241724853956e-05
3.5541284052245244e-05 3.8461241724853956e-05
3.5541284052245244e-05 3.8461241724853956e-05
3.5541284052245244e-05 3.8461241724853956e-05
3.5541284052245244e-05 3.8461241724853956e-05
3.5541284052245244e-05 3.8461241724853956e-05
3.5541284052245244e-05 3.8461241724853956e-05
3.5541284052245244e-05 3.8461241724853956e-05
3.5541284052245244e-05 3.8461241724853956e-05
3.5541284052245244e-05 3.8461241724853956e-05
3.5541284052245244e-05 3.8461241724853956e-05
3.5541284052245244e-05 3.8461241724853956e-05
3.5541284052245244e-05 3.8461241724853956e-05
3.5541284052245244e-05 3.8461241724853956e-05
3.5541284052245244e-05 3.8461241724853956e-05
3.5541284052245244e-05 3.8461241724853956e-05
6.100541272548037e-05 3.8461412399463716e-05
6.100541272548037e-05 3.8461412399463716e-05
6.100541272548037e-05 3.8461412399463716e-05
6.100541272548037e-05 3.8461412399463716e-05
6.100541272548037e-05 3.8461412399463716e-05
6.100541272548037e-05 3.8461412399463716e-05
6.100541272548037e-05 3.8461412399463716e-05
6.100541272548037e-05 3.8461412399463716e-05
6.100541272548037e-05 3.8461412399463716e-05
6.100541272548037e-05 3.8461412399463716e-05
3.146434668291049e-05 3.846150688064708e-05
3.146434668291049e-05 3.846150688064708e-05
3.146434668291049e-05 3.846150688064708e-05
3.146434668291049e-05 3.846150688064708e-05
1.935540330199901e-05 3.8461536803141736e-05
1.935540330199901e-05 3.8461536803141736e-05
1.935540330199901e-05 3.8461536803141736e-05
1.935540330199901e-05 3.8461536803141736e-05
1.935540330199901e-05 3.8461536803141736e-05
1.935540330199901e-05 3.8461536803141736e-05
1.935540330199901e-05 3.8461536803141736e-05
1.935540330199901e-05 3.8461536803141736e-05
1.935540330199901e-05 3.8461536803141736e-05
1.935540330199901e-05 3.8461536803141736e-05
1.935540330199901e-05 3.8461536803141736e-05
1.935540330199901e-05 3.8461536803141736e-05
1.935540330199901e-05 3.8461536803141736e-05
1.935540330199901e-05 3.8461536803141736e-05
1.935540330199901e-05 3.8461536803141736e-05
1.935540330199901e-05 3.8461536803141736e-05
1.935540330199901e-05 3.8461536803141736e-05
1.935540330199901e-05 3.8461536803141736e-05
1.935540330199901e-05 3.8461536803141736e-05
1.935540330199901e-05 3.8461536803141736e-05
1.935540330199901e-05 3.8461536803141736e-05
1.935540330199901e-05 3.8461536803141736e-05
4.524768844890655e-05 3.846148080320703e-05
4.524768844890655e-05 3.846148080320703e-05
4.524768844890655e-05 3.846148080320703e-05
4.524768844890655e-05 3.846148080320703e-05
4.524768844890655e-05 3.846148080320703e-05
4.524768844890655e-05 3.846148080320703e-05
4.524768844890655e-05 3.846148080320703e-05
5.399985202424112e-05 3.846141255519305e-05
5.399985202424112e-05 3.846141255519305e-05
5.399985202424112e-05 3.846141255519305e-05
5.399985202424112e-05 3.846141255519305e-05
5.399985202424112e-05 3.846141255519305e-05
5.399985202424112e-05 3.846141255519305e-05
5.399985202424112e-05 3.846141255519305e-05
5.399985202424112e-05 3.846141255519305e-05
5.399985202424112e-05 3.846141255519305e-05
5.399985202424112e-05 3.846141255519305e-05
5.399985202424112e-05 3.846141255519305e-05
5.399985202424112e-05 3.846141255519305e-05
5.399985202424112e-05 3.846141255519305e-05
5.399985202424112e-05 3.846141255519305e-05
5.399985202424112e-05 3.846141255519305e-05
5.399985202424112e-05 3.846141255519305e-05
5.399985202424112e-05 3.846141255519305e-05
5.399985202424112e-05 3.846141255519305e-05
5.399985202424112e-05 3.846141255519305e-05
5.399985202424112e-05 3.846141255519305e-05
5.399985202424112e-05 3.846141255519305e-05
5.399985202424112e-05 3.846141255519305e-05
3.22297673587783e-05 3.846156323712542e-05
3.22297673587783e-05 3.846156323712542e-05
3.22297673587783e-05 3.846156323712542e-05
3.22297673587783e-05 3.846156323712542e-05
3.22297673587783e-05 3.846156323712542e-05
3.22297673587783e-05 3.846156323712542e-05
3.22297673587783e-05 3.846156323712542e-05
3.22297673587783e-05 3.846156323712542e-05
3.22297673587783e-05 3.846156323712542e-05
3.22297673587783e-05 3.846156323712542e-05
3.22297673587783e-05 3.846156323712542e-05
3.22297673587783e-05 3.846156323712542e-05
3.22297673587783e-05 3.846156323712542e-05
3.22297673587783e-05 3.846156323712542e-05
3.22297673587783e-05 3.846156323712542e-05
3.22297673587783e-05 3.846156323712542e-05
3.22297673587783e-05 3.846156323712542e-05
3.22297673587783e-05 3.846156323712542e-05
3.22297673587783e-05 3.846156323712542e-05
3.22297673587783e-05 3.846156323712542e-05
3.22297673587783e-05 3.846156323712542e-05
3.22297673587783e-05 3.846156323712542e-05
3.22297673587783e-05 3.846156323712542e-05
2.6558833323123375e-05 3.846136934606272e-05
2.6558833323123375e-05 3.846136934606272e-05
2.6558833323123375e-05 3.846136934606272e-05
2.6558833323123375e-05 3.846136934606272e-05
2.6558833323123375e-05 3.846136934606272e-05
2.6558833323123375e-05 3.846136934606272e-05
2.6558833323123375e-05 3.846136934606272e-05
2.6558833323123375e-05 3.846136934606272e-05
2.6558833323123375e-05 3.846136934606272e-05
2.6558833323123375e-05 3.846136934606272e-05
2.6558833323123375e-05 3.846136934606272e-05
2.6558833323123375e-05 3.846136934606272e-05
2.6558833323123375e-05 3.846136934606272e-05
2.6558833323123375e-05 3.846136934606272e-05
3.536299576216138e-05 3.8461512996143615e-05
3.536299576216138e-05 3.8461512996143615e-05
3.536299576216138e-05 3.8461512996143615e-05
3.536299576216138e-05 3.8461512996143615e-05
3.536299576216138e-05 3.8461512996143615e-05
3.536299576216138e-05 3.8461512996143615e-05
3.536299576216138e-05 3.8461512996143615e-05
3.536299576216138e-05 3.8461512996143615e-05
3.536299576216138e-05 3.8461512996143615e-05
3.536299576216138e-05 3.8461512996143615e-05
3.536299576216138e-05 3.8461512996143615e-05
3.536299576216138e-05 3.8461512996143615e-05
3.536299576216138e-05 3.8461512996143615e-05
3.536299576216138e-05 3.8461512996143615e-05
3.536299576216138e-05 3.8461512996143615e-05
3.536299576216138e-05 3.8461512996143615e-05
6.101478418952721e-05 3.8461754128835364e-05
6.101478418952721e-05 3.8461754128835364e-05
6.101478418952721e-05 3.8461754128835364e-05
6.101478418952721e-05 3.8461754128835364e-05
6.101478418952721e-05 3.8461754128835364e-05
3.128262559475987e-05 3.8461577021038226e-05
3.128262559475987e-05 3.8461577021038226e-05
1.928663228347771e-05 3.846143259538271e-05
1.928663228347771e-05 3.846143259538271e-05
1.928663228347771e-05 3.846143259538271e-05
1.928663228347771e-05 3.846143259538271e-05
1.928663228347771e-05 3.846143259538271e-05
1.928663228347771e-05 3.846143259538271e-05
1.928663228347771e-05 3.846143259538271e-05
1.928663228347771e-05 3.846143259538271e-05
1.928663228347771e-05 3.846143259538271e-05
1.928663228347771e-05 3.846143259538271e-05
1.928663228347771e-05 3.846143259538271e-05
4.5364658290509534e-05 3.8461542467513004e-05
4.5364658290509534e-05 3.8461542467513004e-05
4.5364658290509534e-05 3.8461542467513004e-05
4.5364658290509534e-05 3.8461542467513004e-05
4.5364658290509534e-05 3.8461542467513004e-05
4.5364658290509534e-05 3.8461542467513004e-05
4.5364658290509534e-05 3.8461542467513004e-05
4.5364658290509534e-05 3.8461542467513004e-05
4.5364658290509534e-05 3.8461542467513004e-05
4.5364658290509534e-05 3.8461542467513004e-05
4.5364658290509534e-05 3.8461542467513004e-05
4.5364658290509534e-05 3.8461542467513004e-05
4.5364658290509534e-05 3.8461542467513004e-05
4.5364658290509534e-05 3.8461542467513004e-05
4.5364658290509534e-05 3.8461542467513004e-05
4.5364658290509534e-05 3.8461542467513004e-05
4.5364658290509534e-05 3.8461542467513004e-05
4.5364658290509534e-05 3.8461542467513004e-05
4.5364658290509534e-05 3.8461542467513004e-05
4.5364658290509534e-05 3.8461542467513004e-05
4.5364658290509534e-05 3.8461542467513004e-05
5.413665509149508e-05 3.846163112742519e-05
5.413665509149508e-05 3.846163112742519e-05
5.413665509149508e-05 3.846163112742519e-05
5.413665509149508e-05 3.846163112742519e-05
5.413665509149508e-05 3.846163112742519e-05
5.413665509149508e-05 3.846163112742519e-05
5.413665509149508e-05 3.846163112742519e-05
5.413665509149508e-05 3.846163112742519e-05
5.413665509149508e-05 3.846163112742519e-05
5.413665509149508e-05 3.846163112742519e-05
5.413665509149508e-05 3.846163112742519e-05
5.413665509149508e-05 3.846163112742519e-05
5.413665509149508e-05 3.846163112742519e-05
5.413665509149508e-05 3.846163112742519e-05
5.413665509149508e-05 3.846163112742519e-05
5.413665509149508e-05 3.846163112742519e-05
5.413665509149508e-05 3.846163112742519e-05
5.413665509149508e-05 3.846163112742519e-05
5.413665509149508e-05 3.846163112742519e-05
5.413665509149508e-05 3.846163112742519e-05
5.413665509149508e-05 3.846163112742519e-05
5.413665509149508e-05 3.846163112742519e-05
5.413665509149508e-05 3.846163112742519e-05
5.413665509149508e-05 3.846163112742519e-05
5.413665509149508e-05 3.846163112742519e-05
5.413665509149508e-05 3.846163112742519e-05
5.413665509149508e-05 3.846163112742519e-05
5.413665509149508e-05 3.846163112742519e-05
5.413665509149508e-05 3.846163112742519e-05
5.413665509149508e-05 3.846163112742519e-05
5.413665509149508e-05 3.846163112742519e-05
5.413665509149508e-05 3.846163112742519e-05
5.413665509149508e-05 3.846163112742519e-05
5.413665509149508e-05 3.846163112742519e-05
5.413665509149508e-05 3.846163112742519e-05
5.413665509149508e-05 3.846163112742519e-05
5.413665509149508e-05 3.846163112742519e-05
5.413665509149508e-05 3.846163112742519e-05
5.413665509149508e-05 3.846163112742519e-05
5.413665509149508e-05 3.846163112742519e-05
5.413665509149508e-05 3.846163112742519e-05
5.413665509149508e-05 3.846163112742519e-05
5.413665509149508e-05 3.846163112742519e-05
5.413665509149508e-05 3.846163112742519e-05
5.413665509149508e-05 3.846163112742519e-05
5.413665509149508e-05 3.846163112742519e-05
5.413665509149508e-05 3.846163112742519e-05
5.413665509149508e-05 3.846163112742519e-05
5.413665509149508e-05 3.846163112742519e-05
5.413665509149508e-05 3.846163112742519e-05
5.413665509149508e-05 3.846163112742519e-05
5.413665509149508e-05 3.846163112742519e-05
5.413665509149508e-05 3.846163112742519e-05
5.413665509149508e-05 3.846163112742519e-05
5.413665509149508e-05 3.846163112742519e-05
5.413665509149508e-05 3.846163112742519e-05
5.413665509149508e-05 3.846163112742519e-05
5.413665509149508e-05 3.846163112742519e-05
5.413665509149508e-05 3.846163112742519e-05
5.413665509149508e-05 3.846163112742519e-05
5.413665509149508e-05 3.846163112742519e-05
5.413665509149508e-05 3.846163112742519e-05
5.413665509149508e-05 3.846163112742519e-05
5.413665509149508e-05 3.846163112742519e-05
5.413665509149508e-05 3.846163112742519e-05
5.413665509149508e-05 3.846163112742519e-05
3.209730998734571e-05 3.846158233121142e-05
3.209730998734571e-05 3.846158233121142e-05
3.209730998734571e-05 3.846158233121142e-05
3.209730998734571e-05 3.846158233121142e-05
3.209730998734571e-05 3.846158233121142e-05
3.209730998734571e-05 3.846158233121142e-05
3.209730998734571e-05 3.846158233121142e-05
3.209730998734571e-05 3.846158233121142e-05
3.209730998734571e-05 3.846158233121142e-05
3.209730998734571e-05 3.846158233121142e-05
3.209730998734571e-05 3.846158233121142e-05
3.209730998734571e-05 3.846158233121142e-05
3.209730998734571e-05 3.846158233121142e-05
3.209730998734571e-05 3.846158233121142e-05
3.209730998734571e-05 3.846158233121142e-05
3.209730998734571e-05 3.846158233121142e-05
3.209730998734571e-05 3.846158233121142e-05
3.209730998734571e-05 3.846158233121142e-05
3.209730998734571e-05 3.846158233121142e-05
3.209730998734571e-05 3.846158233121142e-05
3.209730998734571e-05 3.846158233121142e-05
3.209730998734571e-05 3.846158233121142e-05
3.209730998734571e-05 3.846158233121142e-05
3.209730998734571e-05 3.846158233121142e-05
3.209730998734571e-05 3.846158233121142e-05
3.209730998734571e-05 3.846158233121142e-05
3.209730998734571e-05 3.846158233121142e-05
3.209730998734571e-05 3.846158233121142e-05
3.209730998734571e-05 3.846158233121142e-05
3.209730998734571e-05 3.846158233121142e-05
3.209730998734571e-05 3.846158233121142e-05
3.209730998734571e-05 3.846158233121142e-05
3.209730998734571e-05 3.846158233121142e-05
3.209730998734571e-05 3.846158233121142e-05
3.209730998734571e-05 3.846158233121142e-05
3.209730998734571e-05 3.846158233121142e-05
3.209730998734571e-05 3.846158233121142e-05
3.209730998734571e-05 3.846158233121142e-05
3.209730998734571e-05 3.846158233121142e-05
3.209730998734571e-05 3.846158233121142e-05
3.209730998734571e-05 3.846158233121142e-05
3.209730998734571e-05 3.846158233121142e-05
3.209730998734571e-05 3.846158233121142e-05
3.209730998734571e-05 3.846158233121142e-05
3.209730998734571e-05 3.846158233121142e-05
3.209730998734571e-05 3.846158233121142e-05
3.209730998734571e-05 3.846158233121142e-05
3.209730998734571e-05 3.846158233121142e-05
3.209730998734571e-05 3.846158233121142e-05
3.209730998734571e-05 3.846158233121142e-05
3.209730998734571e-05 3.846158233121142e-05
3.209730998734571e-05 3.846158233121142e-05
3.209730998734571e-05 3.846158233121142e-05
3.209730998734571e-05 3.846158233121142e-05
3.209730998734571e-05 3.846158233121142e-05
3.209730998734571e-05 3.846158233121142e-05
3.209730998734571e-05 3.846158233121142e-05
3.209730998734571e-05 3.846158233121142e-05
3.209730998734571e-05 3.846158233121142e-05
3.209730998734571e-05 3.846158233121142e-05
3.209730998734571e-05 3.846158233121142e-05
3.209730998734571e-05 3.846158233121142e-05
3.209730998734571e-05 3.846158233121142e-05
3.209730998734571e-05 3.846158233121142e-05
3.209730998734571e-05 3.846158233121142e-05
3.209730998734571e-05 3.846158233121142e-05
3.209730998734571e-05 3.846158233121142e-05
3.209730998734571e-05 3.846158233121142e-05
3.209730998734571e-05 3.846158233121142e-05
2.6368096719782298e-05 3.8461730281448333e-05
2.6368096719782298e-05 3.8461730281448333e-05
2.6368096719782298e-05 3.8461730281448333e-05
2.6368096719782298e-05 3.8461730281448333e-05
2.6368096719782298e-05 3.8461730281448333e-05
2.6368096719782298e-05 3.8461730281448333e-05
2.6368096719782298e-05 3.8461730281448333e-05
2.6368096719782298e-05 3.8461730281448333e-05
2.6368096719782298e-05 3.8461730281448333e-05
2.6368096719782298e-05 3.8461730281448333e-05
2.6368096719782298e-05 3.8461730281448333e-05
2.6368096719782298e-05 3.8461730281448333e-05
2.6368096719782298e-05 3.8461730281448333e-05
2.6368096719782298e-05 3.8461730281448333e-05
2.6368096719782298e-05 3.8461730281448333e-05
2.6368096719782298e-05 3.8461730281448333e-05
2.6368096719782298e-05 3.8461730281448333e-05
2.6368096719782298e-05 3.8461730281448333e-05
2.6368096719782298e-05 3.8461730281448333e-05
2.6368096719782298e-05 3.8461730281448333e-05
2.6368096719782298e-05 3.8461730281448333e-05
2.6368096719782298e-05 3.8461730281448333e-05
2.6368096719782298e-05 3.8461730281448333e-05
2.6368096719782298e-05 3.8461730281448333e-05
2.6368096719782298e-05 3.8461730281448333e-05
2.6368096719782298e-05 3.8461730281448333e-05
2.6368096719782298e-05 3.8461730281448333e-05
2.6368096719782298e-05 3.8461730281448333e-05
2.6368096719782298e-05 3.8461730281448333e-05
2.6368096719782298e-05 3.8461730281448333e-05
2.6368096719782298e-05 3.8461730281448333e-05
2.6368096719782298e-05 3.8461730281448333e-05
2.6368096719782298e-05 3.8461730281448333e-05
2.6368096719782298e-05 3.8461730281448333e-05
2.6368096719782298e-05 3.8461730281448333e-05
2.6368096719782298e-05 3.8461730281448333e-05
2.6368096719782298e-05 3.8461730281448333e-05
2.6368096719782298e-05 3.8461730281448333e-05
2.6368096719782298e-05 3.8461730281448333e-05
2.6368096719782298e-05 3.8461730281448333e-05
2.6368096719782298e-05 3.8461730281448333e-05
2.6368096719782298e-05 3.8461730281448333e-05
3.584567780672992e-05 3.8461897134272907e-05
3.584567780672992e-05 3.8461897134272907e-05
3.584567780672992e-05 3.8461897134272907e-05
3.584567780672992e-05 3.8461897134272907e-05
3.584567780672992e-05 3.8461897134272907e-05
3.584567780672992e-05 3.8461897134272907e-05
3.584567780672992e-05 3.8461897134272907e-05
3.584567780672992e-05 3.8461897134272907e-05
3.584567780672992e-05 3.8461897134272907e-05
3.584567780672992e-05 3.8461897134272907e-05
3.584567780672992e-05 3.8461897134272907e-05
3.584567780672992e-05 3.8461897134272907e-05
3.584567780672992e-05 3.8461897134272907e-05
3.584567780672992e-05 3.8461897134272907e-05
3.584567780672992e-05 3.8461897134272907e-05
3.584567780672992e-05 3.8461897134272907e-05
3.584567780672992e-05 3.8461897134272907e-05
3.584567780672992e-05 3.8461897134272907e-05
3.584567780672992e-05 3.8461897134272907e-05
3.584567780672992e-05 3.8461897134272907e-05
3.584567780672992e-05 3.8461897134272907e-05
3.584567780672992e-05 3.8461897134272907e-05
3.584567780672992e-05 3.8461897134272907e-05
3.584567780672992e-05 3.8461897134272907e-05
3.584567780672992e-05 3.8461897134272907e-05
3.584567780672992e-05 3.8461897134272907e-05
3.584567780672992e-05 3.8461897134272907e-05
3.584567780672992e-05 3.8461897134272907e-05
3.584567780672992e-05 3.8461897134272907e-05
3.584567780672992e-05 3.8461897134272907e-05
3.584567780672992e-05 3.8461897134272907e-05
3.584567780672992e-05 3.8461897134272907e-05
3.584567780672992e-05 3.8461897134272907e-05
3.584567780672992e-05 3.8461897134272907e-05
3.584567780672992e-05 3.8461897134272907e-05
3.584567780672992e-05 3.8461897134272907e-05
3.584567780672992e-05 3.8461897134272907e-05
3.584567780672992e-05 3.8461897134272907e-05
3.584567780672992e-05 3.8461897134272907e-05
3.584567780672992e-05 3.8461897134272907e-05
3.584567780672992e-05 3.8461897134272907e-05
3.584567780672992e-05 3.8461897134272907e-05
3.584567780672992e-05 3.8461897134272907e-05
3.584567780672992e-05 3.8461897134272907e-05
3.584567780672992e-05 3.8461897134272907e-05
3.584567780672992e-05 3.8461897134272907e-05
3.584567780672992e-05 3.8461897134272907e-05
3.584567780672992e-05 3.8461897134272907e-05
6.1029268336945865e-05 3.8461070576343946e-05
6.1029268336945865e-05 3.8461070576343946e-05
6.1029268336945865e-05 3.8461070576343946e-05
6.1029268336945865e-05 3.8461070576343946e-05
6.1029268336945865e-05 3.8461070576343946e-05
6.1029268336945865e-05 3.8461070576343946e-05
6.1029268336945865e-05 3.8461070576343946e-05
6.1029268336945865e-05 3.8461070576343946e-05
6.1029268336945865e-05 3.8461070576343946e-05
6.1029268336945865e-05 3.8461070576343946e-05
6.1029268336945865e-05 3.8461070576343946e-05
6.1029268336945865e-05 3.8461070576343946e-05
6.1029268336945865e-05 3.8461070576343946e-05
6.1029268336945865e-05 3.8461070576343946e-05
6.1029268336945865e-05 3.8461070576343946e-05
3.133295961449277e-05 3.84614495140053e-05
3.133295961449277e-05 3.84614495140053e-05
3.133295961449277e-05 3.84614495140053e-05
3.133295961449277e-05 3.84614495140053e-05
3.133295961449277e-05 3.84614495140053e-05
3.133295961449277e-05 3.84614495140053e-05
1.919673014271422e-05 3.846115521373531e-05
1.919673014271422e-05 3.846115521373531e-05
1.919673014271422e-05 3.846115521373531e-05
1.919673014271422e-05 3.846115521373531e-05
1.919673014271422e-05 3.846115521373531e-05
1.919673014271422e-05 3.846115521373531e-05
1.919673014271422e-05 3.846115521373531e-05
1.919673014271422e-05 3.846115521373531e-05
1.919673014271422e-05 3.846115521373531e-05
1.919673014271422e-05 3.846115521373531e-05
1.919673014271422e-05 3.846115521373531e-05
1.919673014271422e-05 3.846115521373531e-05
1.919673014271422e-05 3.846115521373531e-05
1.919673014271422e-05 3.846115521373531e-05
1.919673014271422e-05 3.846115521373531e-05
1.919673014271422e-05 3.846115521373531e-05
1.919673014271422e-05 3.846115521373531e-05
1.919673014271422e-05 3.846115521373531e-05
1.919673014271422e-05 3.846115521373531e-05
1.919673014271422e-05 3.846115521373531e-05
1.919673014271422e-05 3.846115521373531e-05
1.919673014271422e-05 3.846115521373531e-05
1.919673014271422e-05 3.846115521373531e-05
1.919673014271422e-05 3.846115521373531e-05
1.919673014271422e-05 3.846115521373531e-05
1.919673014271422e-05 3.846115521373531e-05
1.919673014271422e-05 3.846115521373531e-05
1.919673014271422e-05 3.846115521373531e-05
1.919673014271422e-05 3.846115521373531e-05
1.919673014271422e-05 3.846115521373531e-05
1.919673014271422e-05 3.846115521373531e-05
1.919673014271422e-05 3.846115521373531e-05
1.919673014271422e-05 3.846115521373531e-05
4.557934945563087e-05 3.846177513621043e-05
4.557934945563087e-05 3.846177513621043e-05
4.557934945563087e-05 3.846177513621043e-05
4.557934945563087e-05 3.846177513621043e-05
4.557934945563087e-05 3.846177513621043e-05
4.557934945563087e-05 3.846177513621043e-05
4.557934945563087e-05 3.846177513621043e-05
5.413296088889042e-05 3.846168367576007e-05
5.413296088889042e-05 3.846168367576007e-05
5.413296088889042e-05 3.846168367576007e-05
5.413296088889042e-05 3.846168367576007e-05
5.413296088889042e-05 3.846168367576007e-05
5.413296088889042e-05 3.846168367576007e-05
5.413296088889042e-05 3.846168367576007e-05
5.413296088889042e-05 3.846168367576007e-05
5.413296088889042e-05 3.846168367576007e-05
5.413296088889042e-05 3.846168367576007e-05
5.413296088889042e-05 3.846168367576007e-05
5.413296088889042e-05 3.846168367576007e-05
5.413296088889042e-05 3.846168367576007e-05
5.413296088889042e-05 3.846168367576007e-05
5.413296088889042e-05 3.846168367576007e-05
5.413296088889042e-05 3.846168367576007e-05
5.413296088889042e-05 3.846168367576007e-05
5.413296088889042e-05 3.846168367576007e-05
5.413296088889042e-05 3.846168367576007e-05
5.413296088889042e-05 3.846168367576007e-05
5.413296088889042e-05 3.846168367576007e-05
5.413296088889042e-05 3.846168367576007e-05
3.219363385475994e-05 3.8461637611160264e-05
3.219363385475994e-05 3.8461637611160264e-05
3.219363385475994e-05 3.8461637611160264e-05
3.219363385475994e-05 3.8461637611160264e-05
3.219363385475994e-05 3.8461637611160264e-05
3.219363385475994e-05 3.8461637611160264e-05
3.219363385475994e-05 3.8461637611160264e-05
3.219363385475994e-05 3.8461637611160264e-05
3.219363385475994e-05 3.8461637611160264e-05
3.219363385475994e-05 3.8461637611160264e-05
3.219363385475994e-05 3.8461637611160264e-05
3.219363385475994e-05 3.8461637611160264e-05
3.219363385475994e-05 3.8461637611160264e-05
3.219363385475994e-05 3.8461637611160264e-05
3.219363385475994e-05 3.8461637611160264e-05
3.219363385475994e-05 3.8461637611160264e-05
3.219363385475994e-05 3.8461637611160264e-05
3.219363385475994e-05 3.8461637611160264e-05
3.219363385475994e-05 3.8461637611160264e-05
3.219363385475994e-05 3.8461637611160264e-05
3.219363385475994e-05 3.8461637611160264e-05
3.219363385475994e-05 3.8461637611160264e-05
3.219363385475994e-05 3.8461637611160264e-05
2.6204681712163237e-05 3.84612534811697e-05
2.6204681712163237e-05 3.84612534811697e-05
2.6204681712163237e-05 3.84612534811697e-05
2.6204681712163237e-05 3.84612534811697e-05
2.6204681712163237e-05 3.84612534811697e-05
2.6204681712163237e-05 3.84612534811697e-05
2.6204681712163237e-05 3.84612534811697e-05
2.6204681712163237e-05 3.84612534811697e-05
2.6204681712163237e-05 3.84612534811697e-05
2.6204681712163237e-05 3.84612534811697e-05
2.6204681712163237e-05 3.84612534811697e-05
2.6204681712163237e-05 3.84612534811697e-05
2.6204681712163237e-05 3.84612534811697e-05
2.6204681712163237e-05 3.84612534811697e-05
3.5793927527843946e-05 3.8460559880788325e-05
3.5793927527843946e-05 3.8460559880788325e-05
3.5793927527843946e-05 3.8460559880788325e-05
3.5793927527843946e-05 3.8460559880788325e-05
3.5793927527843946e-05 3.8460559880788325e-05
3.5793927527843946e-05 3.8460559880788325e-05
3.5793927527843946e-05 3.8460559880788325e-05
3.5793927527843946e-05 3.8460559880788325e-05
3.5793927527843946e-05 3.8460559880788325e-05
3.5793927527843946e-05 3.8460559880788325e-05
3.5793927527843946e-05 3.8460559880788325e-05
3.5793927527843946e-05 3.8460559880788325e-05
3.5793927527843946e-05 3.8460559880788325e-05
3.5793927527843946e-05 3.8460559880788325e-05
3.5793927527843946e-05 3.8460559880788325e-05
3.5793927527843946e-05 3.8460559880788325e-05
6.109928962689536e-05 3.84617844703143e-05
6.109928962689536e-05 3.84617844703143e-05
6.109928962689536e-05 3.84617844703143e-05
6.109928962689536e-05 3.84617844703143e-05
6.109928962689536e-05 3.84617844703143e-05
3.106121340728197e-05 3.846170514167178e-05
3.106121340728197e-05 3.846170514167178e-05
1.915945458894251e-05 3.8462593451606316e-05
1.915945458894251e-05 3.8462593451606316e-05
1.915945458894251e-05 3.8462593451606316e-05
1.915945458894251e-05 3.8462593451606316e-05
1.915945458894251e-05 3.8462593451606316e-05
1.915945458894251e-05 3.8462593451606316e-05
1.915945458894251e-05 3.8462593451606316e-05
1.915945458894251e-05 3.8462593451606316e-05
1.915945458894251e-05 3.8462593451606316e-05
1.915945458894251e-05 3.8462593451606316e-05
1.915945458894251e-05 3.8462593451606316e-05
4.5364658290509534e-05 3.8461542467513004e-05
4.5364658290509534e-05 3.8461542467513004e-05
4.5364658290509534e-05 3.8461542467513004e-05
4.5364658290509534e-05 3.8461542467513004e-05
4.5364658290509534e-05 3.8461542467513004e-05
4.5364658290509534e-05 3.8461542467513004e-05
4.5364658290509534e-05 3.8461542467513004e-05
5.413665509149508e-05 3.846163112742519e-05
5.413665509149508e-05 3.846163112742519e-05
5.413665509149508e-05 3.846163112742519e-05
5.413665509149508e-05 3.846163112742519e-05
5.413665509149508e-05 3.846163112742519e-05
5.413665509149508e-05 3.846163112742519e-05
5.413665509149508e-05 3.846163112742519e-05
5.413665509149508e-05 3.846163112742519e-05
5.413665509149508e-05 3.846163112742519e-05
5.413665509149508e-05 3.846163112742519e-05
5.413665509149508e-05 3.846163112742519e-05
5.413665509149508e-05 3.846163112742519e-05
5.413665509149508e-05 3.846163112742519e-05
5.413665509149508e-05 3.846163112742519e-05
5.413665509149508e-05 3.846163112742519e-05
5.413665509149508e-05 3.846163112742519e-05
5.413665509149508e-05 3.846163112742519e-05
5.413665509149508e-05 3.846163112742519e-05
5.413665509149508e-05 3.846163112742519e-05
5.413665509149508e-05 3.846163112742519e-05
5.413665509149508e-05 3.846163112742519e-05
5.413665509149508e-05 3.846163112742519e-05
3.209730998734571e-05 3.846158233121142e-05
3.209730998734571e-05 3.846158233121142e-05
3.209730998734571e-05 3.846158233121142e-05
3.209730998734571e-05 3.846158233121142e-05
3.209730998734571e-05 3.846158233121142e-05
3.209730998734571e-05 3.846158233121142e-05
3.209730998734571e-05 3.846158233121142e-05
3.209730998734571e-05 3.846158233121142e-05
3.209730998734571e-05 3.846158233121142e-05
3.209730998734571e-05 3.846158233121142e-05
3.209730998734571e-05 3.846158233121142e-05
3.209730998734571e-05 3.846158233121142e-05
3.209730998734571e-05 3.846158233121142e-05
3.209730998734571e-05 3.846158233121142e-05
3.209730998734571e-05 3.846158233121142e-05
3.209730998734571e-05 3.846158233121142e-05
3.209730998734571e-05 3.846158233121142e-05
3.209730998734571e-05 3.846158233121142e-05
3.209730998734571e-05 3.846158233121142e-05
3.209730998734571e-05 3.846158233121142e-05
3.209730998734571e-05 3.846158233121142e-05
3.209730998734571e-05 3.846158233121142e-05
3.209730998734571e-05 3.846158233121142e-05
2.6368096719782298e-05 3.8461730281448333e-05
2.6368096719782298e-05 3.8461730281448333e-05
2.6368096719782298e-05 3.8461730281448333e-05
2.6368096719782298e-05 3.8461730281448333e-05
2.6368096719782298e-05 3.8461730281448333e-05
2.6368096719782298e-05 3.8461730281448333e-05
2.6368096719782298e-05 3.8461730281448333e-05
2.6368096719782298e-05 3.8461730281448333e-05
2.6368096719782298e-05 3.8461730281448333e-05
2.6368096719782298e-05 3.8461730281448333e-05
2.6368096719782298e-05 3.8461730281448333e-05
2.6368096719782298e-05 3.8461730281448333e-05
2.6368096719782298e-05 3.8461730281448333e-05
2.6368096719782298e-05 3.8461730281448333e-05
3.584567780672992e-05 3.8461897134272907e-05
3.584567780672992e-05 3.8461897134272907e-05
3.584567780672992e-05 3.8461897134272907e-05
3.584567780672992e-05 3.8461897134272907e-05
3.584567780672992e-05 3.8461897134272907e-05
3.584567780672992e-05 3.8461897134272907e-05
3.584567780672992e-05 3.8461897134272907e-05
3.584567780672992e-05 3.8461897134272907e-05
3.584567780672992e-05 3.8461897134272907e-05
3.584567780672992e-05 3.8461897134272907e-05
3.584567780672992e-05 3.8461897134272907e-05
3.584567780672992e-05 3.8461897134272907e-05
3.584567780672992e-05 3.8461897134272907e-05
3.584567780672992e-05 3.8461897134272907e-05
3.584567780672992e-05 3.8461897134272907e-05
3.584567780672992e-05 3.8461897134272907e-05
6.1029268336945865e-05 3.8461070576343946e-05
6.1029268336945865e-05 3.8461070576343946e-05
6.1029268336945865e-05 3.8461070576343946e-05
6.1029268336945865e-05 3.8461070576343946e-05
6.1029268336945865e-05 3.8461070576343946e-05
3.133295961449277e-05 3.84614495140053e-05
3.133295961449277e-05 3.84614495140053e-05
1.919673014271422e-05 3.846115521373531e-05
1.919673014271422e-05 3.846115521373531e-05
1.919673014271422e-05 3.846115521373531e-05
1.919673014271422e-05 3.846115521373531e-05
1.919673014271422e-05 3.846115521373531e-05
1.919673014271422e-05 3.846115521373531e-05
1.919673014271422e-05 3.846115521373531e-05
1.919673014271422e-05 3.846115521373531e-05
1.919673014271422e-05 3.846115521373531e-05
1.919673014271422e-05 3.846115521373531e-05
1.919673014271422e-05 3.846115521373531e-05
4.517758241243387e-05 3.8461467104251305e-05
4.517758241243387e-05 3.8461467104251305e-05
4.517758241243387e-05 3.8461467104251305e-05
4.517758241243387e-05 3.8461467104251305e-05
4.517758241243387e-05 3.8461467104251305e-05
4.517758241243387e-05 3.8461467104251305e-05
4.517758241243387e-05 3.8461467104251305e-05
4.517758241243387e-05 3.8461467104251305e-05
4.517758241243387e-05 3.8461467104251305e-05
4.517758241243387e-05 3.8461467104251305e-05
4.517758241243387e-05 3.8461467104251305e-05
4.517758241243387e-05 3.8461467104251305e-05
4.517758241243387e-05 3.8461467104251305e-05
4.517758241243387e-05 3.8461467104251305e-05
5.407371745879496e-05 3.846165618394492e-05
5.407371745879496e-05 3.846165618394492e-05
5.407371745879496e-05 3.846165618394492e-05
5.407371745879496e-05 3.846165618394492e-05
5.407371745879496e-05 3.846165618394492e-05
5.407371745879496e-05 3.846165618394492e-05
5.407371745879496e-05 3.846165618394492e-05
5.407371745879496e-05 3.846165618394492e-05
5.407371745879496e-05 3.846165618394492e-05
5.407371745879496e-05 3.846165618394492e-05
5.407371745879496e-05 3.846165618394492e-05
5.407371745879496e-05 3.846165618394492e-05
5.407371745879496e-05 3.846165618394492e-05
5.407371745879496e-05 3.846165618394492e-05
5.407371745879496e-05 3.846165618394492e-05
5.407371745879496e-05 3.846165618394492e-05
5.407371745879496e-05 3.846165618394492e-05
5.407371745879496e-05 3.846165618394492e-05
5.407371745879496e-05 3.846165618394492e-05
5.407371745879496e-05 3.846165618394492e-05
5.407371745879496e-05 3.846165618394492e-05
5.407371745879496e-05 3.846165618394492e-05
5.407371745879496e-05 3.846165618394492e-05
5.407371745879496e-05 3.846165618394492e-05
5.407371745879496e-05 3.846165618394492e-05
5.407371745879496e-05 3.846165618394492e-05
5.407371745879496e-05 3.846165618394492e-05
5.407371745879496e-05 3.846165618394492e-05
5.407371745879496e-05 3.846165618394492e-05
5.407371745879496e-05 3.846165618394492e-05
5.407371745879496e-05 3.846165618394492e-05
5.407371745879496e-05 3.846165618394492e-05
5.407371745879496e-05 3.846165618394492e-05
5.407371745879496e-05 3.846165618394492e-05
5.407371745879496e-05 3.846165618394492e-05
5.407371745879496e-05 3.846165618394492e-05
5.407371745879496e-05 3.846165618394492e-05
5.407371745879496e-05 3.846165618394492e-05
5.407371745879496e-05 3.846165618394492e-05
5.407371745879496e-05 3.846165618394492e-05
5.407371745879496e-05 3.846165618394492e-05
5.407371745879496e-05 3.846165618394492e-05
5.407371745879496e-05 3.846165618394492e-05
5.407371745879496e-05 3.846165618394492e-05
3.2246655727486343e-05 3.8461556058786246e-05
3.2246655727486343e-05 3.8461556058786246e-05
3.2246655727486343e-05 3.8461556058786246e-05
3.2246655727486343e-05 3.8461556058786246e-05
3.2246655727486343e-05 3.8461556058786246e-05
3.2246655727486343e-05 3.8461556058786246e-05
3.2246655727486343e-05 3.8461556058786246e-05
3.2246655727486343e-05 3.8461556058786246e-05
3.2246655727486343e-05 3.8461556058786246e-05
3.2246655727486343e-05 3.8461556058786246e-05
3.2246655727486343e-05 3.8461556058786246e-05
3.2246655727486343e-05 3.8461556058786246e-05
3.2246655727486343e-05 3.8461556058786246e-05
3.2246655727486343e-05 3.8461556058786246e-05
3.2246655727486343e-05 3.8461556058786246e-05
3.2246655727486343e-05 3.8461556058786246e-05
3.2246655727486343e-05 3.8461556058786246e-05
3.2246655727486343e-05 3.8461556058786246e-05
3.2246655727486343e-05 3.8461556058786246e-05
3.2246655727486343e-05 3.8461556058786246e-05
3.2246655727486343e-05 3.8461556058786246e-05
3.2246655727486343e-05 3.8461556058786246e-05
3.2246655727486343e-05 3.8461556058786246e-05
3.2246655727486343e-05 3.8461556058786246e-05
3.2246655727486343e-05 3.8461556058786246e-05
3.2246655727486343e-05 3.8461556058786246e-05
3.2246655727486343e-05 3.8461556058786246e-05
3.2246655727486343e-05 3.8461556058786246e-05
3.2246655727486343e-05 3.8461556058786246e-05
3.2246655727486343e-05 3.8461556058786246e-05
3.2246655727486343e-05 3.8461556058786246e-05
3.2246655727486343e-05 3.8461556058786246e-05
3.2246655727486343e-05 3.8461556058786246e-05
3.2246655727486343e-05 3.8461556058786246e-05
3.2246655727486343e-05 3.8461556058786246e-05
3.2246655727486343e-05 3.8461556058786246e-05
3.2246655727486343e-05 3.8461556058786246e-05
3.2246655727486343e-05 3.8461556058786246e-05
3.2246655727486343e-05 3.8461556058786246e-05
3.2246655727486343e-05 3.8461556058786246e-05
3.2246655727486343e-05 3.8461556058786246e-05
3.2246655727486343e-05 3.8461556058786246e-05
3.2246655727486343e-05 3.8461556058786246e-05
3.2246655727486343e-05 3.8461556058786246e-05
3.2246655727486343e-05 3.8461556058786246e-05
3.2246655727486343e-05 3.8461556058786246e-05
2.6570077478266947e-05 3.84614829184193e-05
2.6570077478266947e-05 3.84614829184193e-05
2.6570077478266947e-05 3.84614829184193e-05
2.6570077478266947e-05 3.84614829184193e-05
2.6570077478266947e-05 3.84614829184193e-05
2.6570077478266947e-05 3.84614829184193e-05
2.6570077478266947e-05 3.84614829184193e-05
2.6570077478266947e-05 3.84614829184193e-05
2.6570077478266947e-05 3.84614829184193e-05
2.6570077478266947e-05 3.84614829184193e-05
2.6570077478266947e-05 3.84614829184193e-05
2.6570077478266947e-05 3.84614829184193e-05
2.6570077478266947e-05 3.84614829184193e-05
2.6570077478266947e-05 3.84614829184193e-05
2.6570077478266947e-05 3.84614829184193e-05
2.6570077478266947e-05 3.84614829184193e-05
2.6570077478266947e-05 3.84614829184193e-05
2.6570077478266947e-05 3.84614829184193e-05
2.6570077478266947e-05 3.84614829184193e-05
2.6570077478266947e-05 3.84614829184193e-05
2.6570077478266947e-05 3.84614829184193e-05
2.6570077478266947e-05 3.84614829184193e-05
2.6570077478266947e-05 3.84614829184193e-05
2.6570077478266947e-05 3.84614829184193e-05
2.6570077478266947e-05 3.84614829184193e-05
2.6570077478266947e-05 3.84614829184193e-05
2.6570077478266947e-05 3.84614829184193e-05
2.6570077478266947e-05 3.84614829184193e-05
3.5472401340844844e-05 3.846155233486172e-05
3.5472401340844844e-05 3.846155233486172e-05
3.5472401340844844e-05 3.846155233486172e-05
3.5472401340844844e-05 3.846155233486172e-05
3.5472401340844844e-05 3.846155233486172e-05
3.5472401340844844e-05 3.846155233486172e-05
3.5472401340844844e-05 3.846155233486172e-05
3.5472401340844844e-05 3.846155233486172e-05
3.5472401340844844e-05 3.846155233486172e-05
3.5472401340844844e-05 3.846155233486172e-05
3.5472401340844844e-05 3.846155233486172e-05
3.5472401340844844e-05 3.846155233486172e-05
3.5472401340844844e-05 3.846155233486172e-05
3.5472401340844844e-05 3.846155233486172e-05
3.5472401340844844e-05 3.846155233486172e-05
3.5472401340844844e-05 3.846155233486172e-05
3.5472401340844844e-05 3.846155233486172e-05
3.5472401340844844e-05 3.846155233486172e-05
3.5472401340844844e-05 3.846155233486172e-05
3.5472401340844844e-05 3.846155233486172e-05
3.5472401340844844e-05 3.846155233486172e-05
3.5472401340844844e-05 3.846155233486172e-05
3.5472401340844844e-05 3.846155233486172e-05
3.5472401340844844e-05 3.846155233486172e-05
3.5472401340844844e-05 3.846155233486172e-05
3.5472401340844844e-05 3.846155233486172e-05
3.5472401340844844e-05 3.846155233486172e-05
3.5472401340844844e-05 3.846155233486172e-05
3.5472401340844844e-05 3.846155233486172e-05
3.5472401340844844e-05 3.846155233486172e-05
3.5472401340844844e-05 3.846155233486172e-05
3.5472401340844844e-05 3.846155233486172e-05
6.091533137604848e-05 3.846180085159872e-05
6.091533137604848e-05 3.846180085159872e-05
6.091533137604848e-05 3.846180085159872e-05
6.091533137604848e-05 3.846180085159872e-05
6.091533137604848e-05 3.846180085159872e-05
6.091533137604848e-05 3.846180085159872e-05
6.091533137604848e-05 3.846180085159872e-05
6.091533137604848e-05 3.846180085159872e-05
6.091533137604848e-05 3.846180085159872e-05
6.091533137604848e-05 3.846180085159872e-05
3.126685581826658e-05 3.8461441310957846e-05
3.126685581826658e-05 3.8461441310957846e-05
3.126685581826658e-05 3.8461441310957846e-05
3.126685581826658e-05 3.8461441310957846e-05
1.931390790621666e-05 3.846196188008153e-05
1.931390790621666e-05 3.846196188008153e-05
1.931390790621666e-05 3.846196188008153e-05
1.931390790621666e-05 3.846196188008153e-05
1.931390790621666e-05 3.846196188008153e-05
1.931390790621666e-05 3.846196188008153e-05
1.931390790621666e-05 3.846196188008153e-05
1.931390790621666e-05 3.846196188008153e-05
1.931390790621666e-05 3.846196188008153e-05
1.931390790621666e-05 3.846196188008153e-05
1.931390790621666e-05 3.846196188008153e-05
1.931390790621666e-05 3.846196188008153e-05
1.931390790621666e-05 3.846196188008153e-05
1.931390790621666e-05 3.846196188008153e-05
1.931390790621666e-05 3.846196188008153e-05
1.931390790621666e-05 3.846196188008153e-05
1.931390790621666e-05 3.846196188008153e-05
1.931390790621666e-05 3.846196188008153e-05
1.931390790621666e-05 3.846196188008153e-05
1.931390790621666e-05 3.846196188008153e-05
1.931390790621666e-05 3.846196188008153e-05
1.931390790621666e-05 3.846196188008153e-05
4.5119615843535015e-05 3.846163086029139e-05
4.5119615843535015e-05 3.846163086029139e-05
4.5119615843535015e-05 3.846163086029139e-05
4.5119615843535015e-05 3.846163086029139e-05
4.5119615843535015e-05 3.846163086029139e-05
4.5119615843535015e-05 3.846163086029139e-05
4.5119615843535015e-05 3.846163086029139e-05
5.405396949938403e-05 3.846147127960653e-05
5.405396949938403e-05 3.846147127960653e-05
5.405396949938403e-05 3.846147127960653e-05
5.405396949938403e-05 3.846147127960653e-05
5.405396949938403e-05 3.846147127960653e-05
5.405396949938403e-05 3.846147127960653e-05
5.405396949938403e-05 3.846147127960653e-05
5.405396949938403e-05 3.846147127960653e-05
5.405396949938403e-05 3.846147127960653e-05
5.405396949938403e-05 3.846147127960653e-05
5.405396949938403e-05 3.846147127960653e-05
5.405396949938403e-05 3.846147127960653e-05
5.405396949938403e-05 3.846147127960653e-05
5.405396949938403e-05 3.846147127960653e-05
5.405396949938403e-05 3.846147127960653e-05
5.405396949938403e-05 3.846147127960653e-05
5.405396949938403e-05 3.846147127960653e-05
5.405396949938403e-05 3.846147127960653e-05
5.405396949938403e-05 3.846147127960653e-05
5.405396949938403e-05 3.846147127960653e-05
5.405396949938403e-05 3.846147127960653e-05
5.405396949938403e-05 3.846147127960653e-05
3.225696811692313e-05 3.846150720918405e-05
3.225696811692313e-05 3.846150720918405e-05
3.225696811692313e-05 3.846150720918405e-05
3.225696811692313e-05 3.846150720918405e-05
3.225696811692313e-05 3.846150720918405e-05
3.225696811692313e-05 3.846150720918405e-05
3.225696811692313e-05 3.846150720918405e-05
3.225696811692313e-05 3.846150720918405e-05
3.225696811692313e-05 3.846150720918405e-05
3.225696811692313e-05 3.846150720918405e-05
3.225696811692313e-05 3.846150720918405e-05
3.225696811692313e-05 3.846150720918405e-05
3.225696811692313e-05 3.846150720918405e-05
3.225696811692313e-05 3.846150720918405e-05
3.225696811692313e-05 3.846150720918405e-05
3.225696811692313e-05 3.846150720918405e-05
3.225696811692313e-05 3.846150720918405e-05
3.225696811692313e-05 3.846150720918405e-05
3.225696811692313e-05 3.846150720918405e-05
3.225696811692313e-05 3.846150720918405e-05
3.225696811692313e-05 3.846150720918405e-05
3.225696811692313e-05 3.846150720918405e-05
3.225696811692313e-05 3.846150720918405e-05
2.6615065147349417e-05 3.8461643973942324e-05
2.6615065147349417e-05 3.8461643973942324e-05
2.6615065147349417e-05 3.8461643973942324e-05
2.6615065147349417e-05 3.8461643973942324e-05
2.6615065147349417e-05 3.8461643973942324e-05
2.6615065147349417e-05 3.8461643973942324e-05
2.6615065147349417e-05 3.8461643973942324e-05
2.6615065147349417e-05 3.8461643973942324e-05
2.6615065147349417e-05 3.8461643973942324e-05
2.6615065147349417e-05 3.8461643973942324e-05
2.6615065147349417e-05 3.8461643973942324e-05
2.6615065147349417e-05 3.8461643973942324e-05
2.6615065147349417e-05 3.8461643973942324e-05
2.6615065147349417e-05 3.8461643973942324e-05
3.551843734753701e-05 3.846177815276395e-05
3.551843734753701e-05 3.846177815276395e-05
3.551843734753701e-05 3.846177815276395e-05
3.551843734753701e-05 3.846177815276395e-05
3.551843734753701e-05 3.846177815276395e-05
3.551843734753701e-05 3.846177815276395e-05
3.551843734753701e-05 3.846177815276395e-05
3.551843734753701e-05 3.846177815276395e-05
3.551843734753701e-05 3.846177815276395e-05
3.551843734753701e-05 3.846177815276395e-05
3.551843734753701e-05 3.846177815276395e-05
3.551843734753701e-05 3.846177815276395e-05
3.551843734753701e-05 3.846177815276395e-05
3.551843734753701e-05 3.846177815276395e-05
3.551843734753701e-05 3.846177815276395e-05
3.551843734753701e-05 3.846177815276395e-05
6.081668525963369e-05 3.8461339115728035e-05
6.081668525963369e-05 3.8461339115728035e-05
6.081668525963369e-05 3.8461339115728035e-05
6.081668525963369e-05 3.8461339115728035e-05
6.081668525963369e-05 3.8461339115728035e-05
3.1313664033597744e-05 3.84615991125412e-05
3.1313664033597744e-05 3.84615991125412e-05
1.9184093762251572e-05 3.8461455106178475e-05
1.9184093762251572e-05 3.8461455106178475e-05
1.9184093762251572e-05 3.8461455106178475e-05
1.9184093762251572e-05 3.8461455106178475e-05
1.9184093762251572e-05 3.8461455106178475e-05
1.9184093762251572e-05 3.8461455106178475e-05
1.9184093762251572e-05 3.8461455106178475e-05
1.9184093762251572e-05 3.8461455106178475e-05
1.9184093762251572e-05 3.8461455106178475e-05
1.9184093762251572e-05 3.8461455106178475e-05
1.9184093762251572e-05 3.8461455106178475e-05
4.5162587347466594e-05 3.846149572983759e-05
4.5162587347466594e-05 3.846149572983759e-05
4.5162587347466594e-05 3.846149572983759e-05
4.5162587347466594e-05 3.846149572983759e-05
4.5162587347466594e-05 3.846149572983759e-05
4.5162587347466594e-05 3.846149572983759e-05
4.5162587347466594e-05 3.846149572983759e-05
4.5162587347466594e-05 3.846149572983759e-05
4.5162587347466594e-05 3.846149572983759e-05
4.5162587347466594e-05 3.846149572983759e-05
4.5162587347466594e-05 3.846149572983759e-05
4.5162587347466594e-05 3.846149572983759e-05
4.5162587347466594e-05 3.846149572983759e-05
4.5162587347466594e-05 3.846149572983759e-05
5.425812793084621e-05 3.8461505545165426e-05
5.425812793084621e-05 3.8461505545165426e-05
5.425812793084621e-05 3.8461505545165426e-05
5.425812793084621e-05 3.8461505545165426e-05
5.425812793084621e-05 3.8461505545165426e-05
5.425812793084621e-05 3.8461505545165426e-05
5.425812793084621e-05 3.8461505545165426e-05
5.425812793084621e-05 3.8461505545165426e-05
5.425812793084621e-05 3.8461505545165426e-05
5.425812793084621e-05 3.8461505545165426e-05
5.425812793084621e-05 3.8461505545165426e-05
5.425812793084621e-05 3.8461505545165426e-05
5.425812793084621e-05 3.8461505545165426e-05
5.425812793084621e-05 3.8461505545165426e-05
5.425812793084621e-05 3.8461505545165426e-05
5.425812793084621e-05 3.8461505545165426e-05
5.425812793084621e-05 3.8461505545165426e-05
5.425812793084621e-05 3.8461505545165426e-05
5.425812793084621e-05 3.8461505545165426e-05
5.425812793084621e-05 3.8461505545165426e-05
5.425812793084621e-05 3.8461505545165426e-05
5.425812793084621e-05 3.8461505545165426e-05
5.425812793084621e-05 3.8461505545165426e-05
5.425812793084621e-05 3.8461505545165426e-05
5.425812793084621e-05 3.8461505545165426e-05
5.425812793084621e-05 3.8461505545165426e-05
5.425812793084621e-05 3.8461505545165426e-05
5.425812793084621e-05 3.8461505545165426e-05
5.425812793084621e-05 3.8461505545165426e-05
5.425812793084621e-05 3.8461505545165426e-05
5.425812793084621e-05 3.8461505545165426e-05
5.425812793084621e-05 3.8461505545165426e-05
5.425812793084621e-05 3.8461505545165426e-05
5.425812793084621e-05 3.8461505545165426e-05
5.425812793084621e-05 3.8461505545165426e-05
5.425812793084621e-05 3.8461505545165426e-05
5.425812793084621e-05 3.8461505545165426e-05
5.425812793084621e-05 3.8461505545165426e-05
5.425812793084621e-05 3.8461505545165426e-05
5.425812793084621e-05 3.8461505545165426e-05
5.425812793084621e-05 3.8461505545165426e-05
5.425812793084621e-05 3.8461505545165426e-05
5.425812793084621e-05 3.8461505545165426e-05
5.425812793084621e-05 3.8461505545165426e-05
3.218912314434066e-05 3.846152765381174e-05
3.218912314434066e-05 3.846152765381174e-05
3.218912314434066e-05 3.846152765381174e-05
3.218912314434066e-05 3.846152765381174e-05
3.218912314434066e-05 3.846152765381174e-05
3.218912314434066e-05 3.846152765381174e-05
3.218912314434066e-05 3.846152765381174e-05
3.218912314434066e-05 3.846152765381174e-05
3.218912314434066e-05 3.846152765381174e-05
3.218912314434066e-05 3.846152765381174e-05
3.218912314434066e-05 3.846152765381174e-05
3.218912314434066e-05 3.846152765381174e-05
3.218912314434066e-05 3.846152765381174e-05
3.218912314434066e-05 3.846152765381174e-05
3.218912314434066e-05 3.846152765381174e-05
3.218912314434066e-05 3.846152765381174e-05
3.218912314434066e-05 3.846152765381174e-05
3.218912314434066e-05 3.846152765381174e-05
3.218912314434066e-05 3.846152765381174e-05
3.218912314434066e-05 3.846152765381174e-05
3.218912314434066e-05 3.846152765381174e-05
3.218912314434066e-05 3.846152765381174e-05
3.218912314434066e-05 3.846152765381174e-05
3.218912314434066e-05 3.846152765381174e-05
3.218912314434066e-05 3.846152765381174e-05
3.218912314434066e-05 3.846152765381174e-05
3.218912314434066e-05 3.846152765381174e-05
3.218912314434066e-05 3.846152765381174e-05
3.218912314434066e-05 3.846152765381174e-05
3.218912314434066e-05 3.846152765381174e-05
3.218912314434066e-05 3.846152765381174e-05
3.218912314434066e-05 3.846152765381174e-05
3.218912314434066e-05 3.846152765381174e-05
3.218912314434066e-05 3.846152765381174e-05
3.218912314434066e-05 3.846152765381174e-05
3.218912314434066e-05 3.846152765381174e-05
3.218912314434066e-05 3.846152765381174e-05
3.218912314434066e-05 3.846152765381174e-05
3.218912314434066e-05 3.846152765381174e-05
3.218912314434066e-05 3.846152765381174e-05
3.218912314434066e-05 3.846152765381174e-05
3.218912314434066e-05 3.846152765381174e-05
3.218912314434066e-05 3.846152765381174e-05
3.218912314434066e-05 3.846152765381174e-05
3.218912314434066e-05 3.846152765381174e-05
3.218912314434066e-05 3.846152765381174e-05
2.6692734772439844e-05 3.846155334308674e-05
2.6692734772439844e-05 3.846155334308674e-05
2.6692734772439844e-05 3.846155334308674e-05
2.6692734772439844e-05 3.846155334308674e-05
2.6692734772439844e-05 3.846155334308674e-05
2.6692734772439844e-05 3.846155334308674e-05
2.6692734772439844e-05 3.846155334308674e-05
2.6692734772439844e-05 3.846155334308674e-05
2.6692734772439844e-05 3.846155334308674e-05
2.6692734772439844e-05 3.846155334308674e-05
2.6692734772439844e-05 3.846155334308674e-05
2.6692734772439844e-05 3.846155334308674e-05
2.6692734772439844e-05 3.846155334308674e-05
2.6692734772439844e-05 3.846155334308674e-05
2.6692734772439844e-05 3.846155334308674e-05
2.6692734772439844e-05 3.846155334308674e-05
2.6692734772439844e-05 3.846155334308674e-05
2.6692734772439844e-05 3.846155334308674e-05
2.6692734772439844e-05 3.846155334308674e-05
2.6692734772439844e-05 3.846155334308674e-05
2.6692734772439844e-05 3.846155334308674e-05
2.6692734772439844e-05 3.846155334308674e-05
2.6692734772439844e-05 3.846155334308674e-05
2.6692734772439844e-05 3.846155334308674e-05
2.6692734772439844e-05 3.846155334308674e-05
2.6692734772439844e-05 3.846155334308674e-05
2.6692734772439844e-05 3.846155334308674e-05
2.6692734772439844e-05 3.846155334308674e-05
3.537824906683739e-05 3.846129039720946e-05
3.537824906683739e-05 3.846129039720946e-05
3.537824906683739e-05 3.846129039720946e-05
3.537824906683739e-05 3.846129039720946e-05
3.537824906683739e-05 3.846129039720946e-05
3.537824906683739e-05 3.846129039720946e-05
3.537824906683739e-05 3.846129039720946e-05
3.537824906683739e-05 3.846129039720946e-05
3.537824906683739e-05 3.846129039720946e-05
3.537824906683739e-05 3.846129039720946e-05
3.537824906683739e-05 3.846129039720946e-05
3.537824906683739e-05 3.846129039720946e-05
3.537824906683739e-05 3.846129039720946e-05
3.537824906683739e-05 3.846129039720946e-05
3.537824906683739e-05 3.846129039720946e-05
3.537824906683739e-05 3.846129039720946e-05
3.537824906683739e-05 3.846129039720946e-05
3.537824906683739e-05 3.846129039720946e-05
3.537824906683739e-05 3.846129039720946e-05
3.537824906683739e-05 3.846129039720946e-05
3.537824906683739e-05 3.846129039720946e-05
3.537824906683739e-05 3.846129039720946e-05
3.537824906683739e-05 3.846129039720946e-05
3.537824906683739e-05 3.846129039720946e-05
3.537824906683739e-05 3.846129039720946e-05
3.537824906683739e-05 3.846129039720946e-05
3.537824906683739e-05 3.846129039720946e-05
3.537824906683739e-05 3.846129039720946e-05
3.537824906683739e-05 3.846129039720946e-05
3.537824906683739e-05 3.846129039720946e-05
3.537824906683739e-05 3.846129039720946e-05
3.537824906683739e-05 3.846129039720946e-05
6.116287324167417e-05 3.846164361895602e-05
6.116287324167417e-05 3.846164361895602e-05
6.116287324167417e-05 3.846164361895602e-05
6.116287324167417e-05 3.846164361895602e-05
6.116287324167417e-05 3.846164361895602e-05
6.116287324167417e-05 3.846164361895602e-05
6.116287324167417e-05 3.846164361895602e-05
6.116287324167417e-05 3.846164361895602e-05
6.116287324167417e-05 3.846164361895602e-05
6.116287324167417e-05 3.846164361895602e-05
3.1260700908444134e-05 3.846157301668309e-05
3.1260700908444134e-05 3.846157301668309e-05
3.1260700908444134e-05 3.846157301668309e-05
3.1260700908444134e-05 3.846157301668309e-05
1.9084869854561592e-05 3.846135676216409e-05
1.9084869854561592e-05 3.846135676216409e-05
1.9084869854561592e-05 3.846135676216409e-05
1.9084869854561592e-05 3.846135676216409e-05
1.9084869854561592e-05 3.846135676216409e-05
1.9084869854561592e-05 3.846135676216409e-05
1.9084869854561592e-05 3.846135676216409e-05
1.9084869854561592e-05 3.846135676216409e-05
1.9084869854561592e-05 3.846135676216409e-05
1.9084869854561592e-05 3.846135676216409e-05
1.9084869854561592e-05 3.846135676216409e-05
1.9084869854561592e-05 3.846135676216409e-05
1.9084869854561592e-05 3.846135676216409e-05
1.9084869854561592e-05 3.846135676216409e-05
1.9084869854561592e-05 3.846135676216409e-05
1.9084869854561592e-05 3.846135676216409e-05
1.9084869854561592e-05 3.846135676216409e-05
1.9084869854561592e-05 3.846135676216409e-05
1.9084869854561592e-05 3.846135676216409e-05
1.9084869854561592e-05 3.846135676216409e-05
1.9084869854561592e-05 3.846135676216409e-05
1.9084869854561592e-05 3.846135676216409e-05