4.5196754066432253e-05 3.84615253521424e-05
4.5196754066432253e-05 3.84615253521424e-05
4.5196754066432253e-05 3.84615253521424e-05
4.5196754066432253e-05 3.84615253521424e-05
4.5196754066432253e-05 3.84615253521424e-05
4.5196754066432253e-05 3.84615253521424e-05
5.414672148392354e-05 3.8461555205629216e-05
5.414672148392354e-05 3.8461555205629216e-05
5.414672148392354e-05 3.8461555205629216e-05
5.414672148392354e-05 3.8461555205629216e-05
5.414672148392354e-05 3.8461555205629216e-05
5.414672148392354e-05 3.8461555205629216e-05
5.414672148392354e-05 3.8461555205629216e-05
5.414672148392354e-05 3.8461555205629216e-05
5.414672148392354e-05 3.8461555205629216e-05
5.414672148392354e-05 3.8461555205629216e-05
5.414672148392354e-05 3.8461555205629216e-05
5.414672148392354e-05 3.8461555205629216e-05
5.414672148392354e-05 3.8461555205629216e-05
5.414672148392354e-05 3.8461555205629216e-05
5.414672148392354e-05 3.8461555205629216e-05
5.414672148392354e-05 3.8461555205629216e-05
5.414672148392354e-05 3.8461555205629216e-05
5.414672148392354e-05 3.8461555205629216e-05
5.414672148392354e-05 3.8461555205629216e-05
5.414672148392354e-05 3.8461555205629216e-05
5.414672148392354e-05 3.8461555205629216e-05
5.414672148392354e-05 3.8461555205629216e-05
5.414672148392354e-05 3.8461555205629216e-05
5.414672148392354e-05 3.8461555205629216e-05
5.414672148392354e-05 3.8461555205629216e-05
5.414672148392354e-05 3.8461555205629216e-05
5.414672148392354e-05 3.8461555205629216e-05
5.414672148392354e-05 3.8461555205629216e-05
5.414672148392354e-05 3.8461555205629216e-05
5.414672148392354e-05 3.8461555205629216e-05
5.414672148392354e-05 3.8461555205629216e-05
5.414672148392354e-05 3.8461555205629216e-05
5.414672148392354e-05 3.8461555205629216e-05
5.414672148392354e-05 3.8461555205629216e-05
5.414672148392354e-05 3.8461555205629216e-05
5.414672148392354e-05 3.8461555205629216e-05
5.414672148392354e-05 3.8461555205629216e-05
5.414672148392354e-05 3.8461555205629216e-05
5.414672148392354e-05 3.8461555205629216e-05
5.414672148392354e-05 3.8461555205629216e-05
5.414672148392354e-05 3.8461555205629216e-05
5.414672148392354e-05 3.8461555205629216e-05
5.414672148392354e-05 3.8461555205629216e-05
5.414672148392354e-05 3.8461555205629216e-05
5.414672148392354e-05 3.8461555205629216e-05
5.414672148392354e-05 3.8461555205629216e-05
5.414672148392354e-05 3.8461555205629216e-05
5.414672148392354e-05 3.8461555205629216e-05
5.414672148392354e-05 3.8461555205629216e-05
5.414672148392354e-05 3.8461555205629216e-05
5.414672148392354e-05 3.8461555205629216e-05
5.414672148392354e-05 3.8461555205629216e-05
3.220478978707777e-05 3.8461532244323325e-05
3.220478978707777e-05 3.8461532244323325e-05
3.220478978707777e-05 3.8461532244323325e-05
3.220478978707777e-05 3.8461532244323325e-05
3.220478978707777e-05 3.8461532244323325e-05
3.220478978707777e-05 3.8461532244323325e-05
3.220478978707777e-05 3.8461532244323325e-05
3.220478978707777e-05 3.8461532244323325e-05
3.220478978707777e-05 3.8461532244323325e-05
3.220478978707777e-05 3.8461532244323325e-05
3.220478978707777e-05 3.8461532244323325e-05
3.220478978707777e-05 3.8461532244323325e-05
3.220478978707777e-05 3.8461532244323325e-05
3.220478978707777e-05 3.8461532244323325e-05
3.220478978707777e-05 3.8461532244323325e-05
3.220478978707777e-05 3.8461532244323325e-05
3.220478978707777e-05 3.8461532244323325e-05
3.220478978707777e-05 3.8461532244323325e-05
3.220478978707777e-05 3.8461532244323325e-05
3.220478978707777e-05 3.8461532244323325e-05
3.220478978707777e-05 3.8461532244323325e-05
3.220478978707777e-05 3.8461532244323325e-05
3.220478978707777e-05 3.8461532244323325e-05
3.220478978707777e-05 3.8461532244323325e-05
3.220478978707777e-05 3.8461532244323325e-05
3.220478978707777e-05 3.8461532244323325e-05
3.220478978707777e-05 3.8461532244323325e-05
3.220478978707777e-05 3.8461532244323325e-05
3.220478978707777e-05 3.8461532244323325e-05
3.220478978707777e-05 3.8461532244323325e-05
3.220478978707777e-05 3.8461532244323325e-05
3.220478978707777e-05 3.8461532244323325e-05
3.220478978707777e-05 3.8461532244323325e-05
3.220478978707777e-05 3.8461532244323325e-05
3.220478978707777e-05 3.8461532244323325e-05
3.220478978707777e-05 3.8461532244323325e-05
3.220478978707777e-05 3.8461532244323325e-05
3.220478978707777e-05 3.8461532244323325e-05
3.220478978707777e-05 3.8461532244323325e-05
3.220478978707777e-05 3.8461532244323325e-05
2.6556087063750033e-05 3.8461525327824084e-05
2.6556087063750033e-05 3.8461525327824084e-05
2.6556087063750033e-05 3.8461525327824084e-05
2.6556087063750033e-05 3.8461525327824084e-05
2.6556087063750033e-05 3.8461525327824084e-05
2.6556087063750033e-05 3.8461525327824084e-05
2.6556087063750033e-05 3.8461525327824084e-05
2.6556087063750033e-05 3.8461525327824084e-05
2.6556087063750033e-05 3.8461525327824084e-05
2.6556087063750033e-05 3.8461525327824084e-05
2.6556087063750033e-05 3.8461525327824084e-05
2.6556087063750033e-05 3.8461525327824084e-05
2.6556087063750033e-05 3.8461525327824084e-05
2.6556087063750033e-05 3.8461525327824084e-05
2.6556087063750033e-05 3.8461525327824084e-05
2.6556087063750033e-05 3.8461525327824084e-05
2.6556087063750033e-05 3.8461525327824084e-05
2.6556087063750033e-05 3.8461525327824084e-05
2.6556087063750033e-05 3.8461525327824084e-05
2.6556087063750033e-05 3.8461525327824084e-05
3.5449927632371225e-05 3.846156917097438e-05
3.5449927632371225e-05 3.846156917097438e-05
3.5449927632371225e-05 3.846156917097438e-05
3.5449927632371225e-05 3.846156917097438e-05
3.5449927632371225e-05 3.846156917097438e-05
3.5449927632371225e-05 3.846156917097438e-05
3.5449927632371225e-05 3.846156917097438e-05
3.5449927632371225e-05 3.846156917097438e-05
3.5449927632371225e-05 3.846156917097438e-05
3.5449927632371225e-05 3.846156917097438e-05
3.5449927632371225e-05 3.846156917097438e-05
3.5449927632371225e-05 3.846156917097438e-05
3.5449927632371225e-05 3.846156917097438e-05
3.5449927632371225e-05 3.846156917097438e-05
3.5449927632371225e-05 3.846156917097438e-05
3.5449927632371225e-05 3.846156917097438e-05
3.5449927632371225e-05 3.846156917097438e-05
3.5449927632371225e-05 3.846156917097438e-05
3.5449927632371225e-05 3.846156917097438e-05
3.5449927632371225e-05 3.846156917097438e-05
3.5449927632371225e-05 3.846156917097438e-05
3.5449927632371225e-05 3.846156917097438e-05
3.5449927632371225e-05 3.846156917097438e-05
3.5449927632371225e-05 3.846156917097438e-05
3.5449927632371225e-05 3.846156917097438e-05
3.5449927632371225e-05 3.846156917097438e-05
3.5449927632371225e-05 3.846156917097438e-05
3.5449927632371225e-05 3.846156917097438e-05
3.5449927632371225e-05 3.846156917097438e-05
3.5449927632371225e-05 3.846156917097438e-05
3.5449927632371225e-05 3.846156917097438e-05
3.5449927632371225e-05 3.846156917097438e-05
3.5449927632371225e-05 3.846156917097438e-05
3.5449927632371225e-05 3.846156917097438e-05
3.5449927632371225e-05 3.846156917097438e-05
3.5449927632371225e-05 3.846156917097438e-05
3.5449927632371225e-05 3.846156917097438e-05
3.5449927632371225e-05 3.846156917097438e-05
6.1006504908748266e-05 3.8461549373976144e-05
6.1006504908748266e-05 3.8461549373976144e-05
6.1006504908748266e-05 3.8461549373976144e-05
6.1006504908748266e-05 3.8461549373976144e-05
6.1006504908748266e-05 3.8461549373976144e-05
6.1006504908748266e-05 3.8461549373976144e-05
6.1006504908748266e-05 3.8461549373976144e-05
6.1006504908748266e-05 3.8461549373976144e-05
6.1006504908748266e-05 3.8461549373976144e-05
6.1006504908748266e-05 3.8461549373976144e-05
6.1006504908748266e-05 3.8461549373976144e-05
6.1006504908748266e-05 3.8461549373976144e-05
6.1006504908748266e-05 3.8461549373976144e-05
6.1006504908748266e-05 3.8461549373976144e-05
6.1006504908748266e-05 3.8461549373976144e-05
6.1006504908748266e-05 3.8461549373976144e-05
6.1006504908748266e-05 3.8461549373976144e-05
6.1006504908748266e-05 3.8461549373976144e-05
6.1006504908748266e-05 3.8461549373976144e-05
6.1006504908748266e-05 3.8461549373976144e-05
4.476241344485387e-05 3.8461528074000675e-05
4.476241344485387e-05 3.8461528074000675e-05
1.9185262451372467e-05 3.846152065433083e-05
1.9185262451372467e-05 3.846152065433083e-05
1.9185262451372467e-05 3.846152065433083e-05
1.9185262451372467e-05 3.846152065433083e-05
1.9185262451372467e-05 3.846152065433083e-05
1.9185262451372467e-05 3.846152065433083e-05
1.9185262451372467e-05 3.846152065433083e-05
1.9185262451372467e-05 3.846152065433083e-05
1.9185262451372467e-05 3.846152065433083e-05
1.9185262451372467e-05 3.846152065433083e-05
1.9185262451372467e-05 3.846152065433083e-05
1.9185262451372467e-05 3.846152065433083e-05
1.9185262451372467e-05 3.846152065433083e-05
1.9185262451372467e-05 3.846152065433083e-05
1.9185262451372467e-05 3.846152065433083e-05
1.9185262451372467e-05 3.846152065433083e-05
1.9185262451372467e-05 3.846152065433083e-05
1.9185262451372467e-05 3.846152065433083e-05
1.9185262451372467e-05 3.846152065433083e-05
1.9185262451372467e-05 3.846152065433083e-05
1.9185262451372467e-05 3.846152065433083e-05
1.9185262451372467e-05 3.846152065433083e-05