0.33776923076923077 0.33776923076923077
0.33776923076923077 0.33776923076923077
0.33776923076923077 0.33776923076923077
0.33776923076923077 0.33776923076923077
0.297 0.297
0.297 0.297
0.297 0.297
0.297 0.297
0.3186923076923077 0.3186923076923077
0.3186923076923077 0.3186923076923077
0.3186923076923077 0.3186923076923077
0.3186923076923077 0.3186923076923077
0.30396153846153845 0.30396153846153845
0.30396153846153845 0.30396153846153845
0.39342307692307693 0.39342307692307693
0.39342307692307693 0.39342307692307693
0.3786923076923077 0.3786923076923077
0.3786923076923077 0.3786923076923077
0.2538846153846154 0.2538846153846154
0.2538846153846154 0.2538846153846154
0.26084615384615384 0.26084615384615384
0.26084615384615384 0.26084615384615384
0.26084615384615384 0.26084615384615384
0.26084615384615384 0.26084615384615384
0.2200769230769231 0.2200769230769231
0.2200769230769231 0.2200769230769231
0.41815384615384615 0.41815384615384615
0.41815384615384615 0.41815384615384615
0.41815384615384615 0.41815384615384615
0.41815384615384615 0.41815384615384615
0.3773846153846154 0.3773846153846154
0.3773846153846154 0.3773846153846154
0.3773846153846154 0.3773846153846154
0.3773846153846154 0.3773846153846154
0.3773846153846154 0.3773846153846154
0.3773846153846154 0.3773846153846154
0.3773846153846154 0.3773846153846154
0.3773846153846154 0.3773846153846154
0.3773846153846154 0.3773846153846154
0.3773846153846154 0.3773846153846154
0.3773846153846154 0.3773846153846154
0.3773846153846154 0.3773846153846154
0.3773846153846154 0.3773846153846154
0.3773846153846154 0.3773846153846154
0.3773846153846154 0.3773846153846154
0.3773846153846154 0.3773846153846154
0.3773846153846154 0.3773846153846154
0.3773846153846154 0.3773846153846154
0.3773846153846154 0.3773846153846154
0.3773846153846154 0.3773846153846154
0.3773846153846154 0.3773846153846154
0.3773846153846154 0.3773846153846154
0.3773846153846154 0.3773846153846154
0.3773846153846154 0.3773846153846154
0.3773846153846154 0.3773846153846154
0.3773846153846154 0.3773846153846154
0.3773846153846154 0.3773846153846154
0.3773846153846154 0.3773846153846154
0.3773846153846154 0.3773846153846154
0.3773846153846154 0.3773846153846154
0.3773846153846154 0.3773846153846154
0.3773846153846154 0.3773846153846154
0.3773846153846154 0.3773846153846154
0.3773846153846154 0.3773846153846154
0.3773846153846154 0.3773846153846154
0.3773846153846154 0.3773846153846154
0.3773846153846154 0.3773846153846154
0.3773846153846154 0.3773846153846154
0.39907692307692305 0.39907692307692305
0.39907692307692305 0.39907692307692305
0.39907692307692305 0.39907692307692305
0.39907692307692305 0.39907692307692305
0.39907692307692305 0.39907692307692305
0.39907692307692305 0.39907692307692305
0.39907692307692305 0.39907692307692305
0.39907692307692305 0.39907692307692305
0.4986923076923077 0.4986923076923077
0.4986923076923077 0.4986923076923077
0.38434615384615384 0.38434615384615384
0.38434615384615384 0.38434615384615384
0.38434615384615384 0.38434615384615384
0.38434615384615384 0.38434615384615384
0.38434615384615384 0.38434615384615384
0.38434615384615384 0.38434615384615384
0.25953846153846155 0.25953846153846155
0.25953846153846155 0.25953846153846155
0.25953846153846155 0.25953846153846155
0.25953846153846155 0.25953846153846155
0.25953846153846155 0.25953846153846155
0.25953846153846155 0.25953846153846155
0.25953846153846155 0.25953846153846155
0.25953846153846155 0.25953846153846155
0.25953846153846155 0.25953846153846155
0.25953846153846155 0.25953846153846155
0.25953846153846155 0.25953846153846155
0.25953846153846155 0.25953846153846155
0.25953846153846155 0.25953846153846155
0.25953846153846155 0.25953846153846155
0.28123076923076923 0.28123076923076923
0.28123076923076923 0.28123076923076923
0.28123076923076923 0.28123076923076923
0.28123076923076923 0.28123076923076923
0.28123076923076923 0.28123076923076923
0.28123076923076923 0.28123076923076923
0.2665 0.2665
0.2665 0.2665
0.2665 0.2665
0.2665 0.2665
0.2665 0.2665
0.2665 0.2665
0.2665 0.2665
0.2665 0.2665
0.2665 0.2665
0.2665 0.2665
0.2665 0.2665
0.2665 0.2665
0.24046153846153845 0.24046153846153845
0.24046153846153845 0.24046153846153845
0.24046153846153845 0.24046153846153845
0.24046153846153845 0.24046153846153845
0.24046153846153845 0.24046153846153845
0.24046153846153845 0.24046153846153845
0.19238461538461538 0.19238461538461538
0.19238461538461538 0.19238461538461538
0.34007692307692305 0.34007692307692305
0.34007692307692305 0.34007692307692305
0.22573076923076923 0.22573076923076923
0.22573076923076923 0.22573076923076923
0.22573076923076923 0.22573076923076923
0.22573076923076923 0.22573076923076923
0.22573076923076923 0.22573076923076923
0.22573076923076923 0.22573076923076923
0.22573076923076923 0.22573076923076923
0.22573076923076923 0.22573076923076923
0.22573076923076923 0.22573076923076923
0.22573076923076923 0.22573076923076923
0.3617692307692308 0.3617692307692308
0.3617692307692308 0.3617692307692308
0.2474230769230769 0.2474230769230769
0.2474230769230769 0.2474230769230769
0.33426923076923076 0.33426923076923076
0.33426923076923076 0.33426923076923076
0.33426923076923076 0.33426923076923076
0.33426923076923076 0.33426923076923076
0.33426923076923076 0.33426923076923076
0.33426923076923076 0.33426923076923076
0.33426923076923076 0.33426923076923076
0.33426923076923076 0.33426923076923076
0.33426923076923076 0.33426923076923076
0.33426923076923076 0.33426923076923076
0.35596153846153844 0.35596153846153844
0.35596153846153844 0.35596153846153844
0.35596153846153844 0.35596153846153844
0.35596153846153844 0.35596153846153844
0.3412307692307692 0.3412307692307692
0.3412307692307692 0.3412307692307692
0.3412307692307692 0.3412307692307692
0.3412307692307692 0.3412307692307692
0.3412307692307692 0.3412307692307692
0.3412307692307692 0.3412307692307692
0.3412307692307692 0.3412307692307692
0.3412307692307692 0.3412307692307692
0.3412307692307692 0.3412307692307692
0.3412307692307692 0.3412307692307692
0.3151923076923077 0.3151923076923077
0.3151923076923077 0.3151923076923077
0.3565384615384615 0.3565384615384615
0.3565384615384615 0.3565384615384615
0.30046153846153845 0.30046153846153845
0.30046153846153845 0.30046153846153845
0.30046153846153845 0.30046153846153845
0.30046153846153845 0.30046153846153845
0.30046153846153845 0.30046153846153845
0.30046153846153845 0.30046153846153845
0.30046153846153845 0.30046153846153845
0.30046153846153845 0.30046153846153845
0.30046153846153845 0.30046153846153845
0.30046153846153845 0.30046153846153845
0.30046153846153845 0.30046153846153845
0.30046153846153845 0.30046153846153845
0.30046153846153845 0.30046153846153845
0.30046153846153845 0.30046153846153845
0.30046153846153845 0.30046153846153845
0.30046153846153845 0.30046153846153845
0.3782307692307692 0.3782307692307692
0.3782307692307692 0.3782307692307692
0.3221538461538462 0.3221538461538462
0.3221538461538462 0.3221538461538462
0.14926923076923077 0.14926923076923077
0.14926923076923077 0.14926923076923077
0.18261538461538462 0.18261538461538462
0.18261538461538462 0.18261538461538462
0.18261538461538462 0.18261538461538462
0.18261538461538462 0.18261538461538462
0.17096153846153847 0.17096153846153847
0.17096153846153847 0.17096153846153847
0.21961538461538463 0.21961538461538463
0.21961538461538463 0.21961538461538463
0.2631538461538461 0.2631538461538461
0.2631538461538461 0.2631538461538461