1.901609429901482e-05 3.846149719145866e-05
1.901609429901482e-05 3.846149719145866e-05
2.5007466901243707e-05 3.8461524869237005e-05
2.5007466901243707e-05 3.8461524869237005e-05
1.872648202125233e-05 3.846160423959598e-05
1.872648202125233e-05 3.846160423959598e-05
4.8647959288631613e-05 3.846157724309838e-05
4.8647959288631613e-05 3.846157724309838e-05
6.589184511116219e-05 3.846147301390668e-05
6.589184511116219e-05 3.846147301390668e-05
1.9356474688932326e-05 3.8461446776728525e-05
1.9356474688932326e-05 3.8461446776728525e-05
5.080962759096301e-05 3.846163000449465e-05
5.080962759096301e-05 3.846163000449465e-05
7.479968702372247e-05 3.846146069295497e-05
7.479968702372247e-05 3.846146069295497e-05
3.05505178286148e-05 3.846162494496536e-05
3.05505178286148e-05 3.846162494496536e-05
5.839910330702573e-05 3.846153851662793e-05
5.839910330702573e-05 3.846153851662793e-05
1.8978504706601565e-05 3.846156521364803e-05
1.8978504706601565e-05 3.846156521364803e-05
1.912521992049227e-05 3.846150029535063e-05
1.912521992049227e-05 3.846150029535063e-05
7.48166601252719e-05 3.84615128177364e-05
7.48166601252719e-05 3.84615128177364e-05
3.888307954490051e-05 3.8461521349129276e-05
3.888307954490051e-05 3.8461521349129276e-05
6.656521282817808e-05 3.846160389076119e-05
6.656521282817808e-05 3.846160389076119e-05
2.441169820309613e-05 3.846156726946436e-05
2.441169820309613e-05 3.846156726946436e-05
3.2099595779249244e-05 3.8461504269729316e-05
3.2099595779249244e-05 3.8461504269729316e-05
3.059098738723038e-05 3.84615618559846e-05
3.059098738723038e-05 3.84615618559846e-05
4.122239046696778e-05 3.8461603318698185e-05
4.122239046696778e-05 3.8461603318698185e-05
6.906750068964661e-05 3.846160000184894e-05
6.906750068964661e-05 3.846160000184894e-05
8.166106206855741e-05 3.846161411162031e-05
8.166106206855741e-05 3.846161411162031e-05
7.834714466714617e-05 3.8461618202855284e-05
7.834714466714617e-05 3.8461618202855284e-05
0.00010662690026270693 3.8461590206635765e-05
0.00010662690026270693 3.8461590206635765e-05
1.9215889577321746e-05 3.8461528089222406e-05
1.9215889577321746e-05 3.8461528089222406e-05
4.892504521896514e-05 3.8461598305592275e-05
4.892504521896514e-05 3.8461598305592275e-05
1.9413011079443998e-05 3.846160591756045e-05
1.9413011079443998e-05 3.846160591756045e-05
1.8884773694613423e-05 3.8461488350614684e-05
1.8884773694613423e-05 3.8461488350614684e-05
3.148576915658031e-05 3.8461500938158464e-05
3.148576915658031e-05 3.8461500938158464e-05
1.9213740190936105e-05 3.8461518864550185e-05
1.9213740190936105e-05 3.8461518864550185e-05
6.356438169339822e-05 3.846159121581717e-05
6.356438169339822e-05 3.846159121581717e-05
5.0174904017270863e-05 3.846157201698017e-05
5.0174904017270863e-05 3.846157201698017e-05
7.831635073162174e-05 3.846147410374484e-05
7.831635073162174e-05 3.846147410374484e-05
2.990962153071804e-05 3.846154473980386e-05
2.990962153071804e-05 3.846154473980386e-05
1.8999561917568908e-05 3.846157201698017e-05
1.8999561917568908e-05 3.846157201698017e-05
1.857791434335985e-05 3.8461475223161065e-05
1.857791434335985e-05 3.8461475223161065e-05
4.705920083160287e-05 3.846150126242224e-05
4.705920083160287e-05 3.846150126242224e-05
4.106292280558686e-05 3.8461608244474e-05
4.106292280558686e-05 3.8461608244474e-05
4.4338037078245044e-05 3.846158602906565e-05
4.4338037078245044e-05 3.846158602906565e-05
4.6174380237417936e-05 3.8461543029312776e-05
4.6174380237417936e-05 3.8461543029312776e-05
3.7794959080368323e-05 3.846160114075426e-05
3.7794959080368323e-05 3.846160114075426e-05
1.925980407629461e-05 3.846156498819054e-05
1.925980407629461e-05 3.846156498819054e-05
4.6494522648669676e-05 3.846151560532178e-05
4.6494522648669676e-05 3.846151560532178e-05
4.811607229973314e-05 3.846153501973786e-05
4.811607229973314e-05 3.846153501973786e-05
1.907765109262546e-05 3.846152646001033e-05
1.907765109262546e-05 3.846152646001033e-05
1.909497477708248e-05 3.846151315931078e-05
1.909497477708248e-05 3.846151315931078e-05
2.621834650890636e-05 3.8461601697443785e-05
2.621834650890636e-05 3.8461601697443785e-05
1.8896206896939485e-05 3.8461636191796865e-05
1.8896206896939485e-05 3.8461636191796865e-05
6.522197408762022e-05 3.8461564240876695e-05
6.522197408762022e-05 3.8461564240876695e-05
2.9862837311208313e-05 3.846155294085926e-05
2.9862837311208313e-05 3.846155294085926e-05
6.402293585335301e-05 3.84615022468584e-05
6.402293585335301e-05 3.84615022468584e-05
2.7662873520047816e-05 3.8461669736680485e-05
2.7662873520047816e-05 3.8461669736680485e-05
1.94843073389497e-05 3.84616217840424e-05
1.94843073389497e-05 3.84616217840424e-05
9.62303441547026e-05 3.84614488257272e-05
9.62303441547026e-05 3.84614488257272e-05
4.049081820370762e-05 3.8461446776728525e-05
4.049081820370762e-05 3.8461446776728525e-05
0.00010228876799191505 3.846161858225884e-05
0.00010228876799191505 3.846161858225884e-05
6.842796571739787e-05 3.846150854581266e-05
6.842796571739787e-05 3.846150854581266e-05
1.8867430463960346e-05 3.846160939301814e-05
1.8867430463960346e-05 3.846160939301814e-05
5.882604003091461e-05 3.846145600051677e-05
5.882604003091461e-05 3.846145600051677e-05
2.015650472137875e-05 3.8461608244474e-05
2.015650472137875e-05 3.8461608244474e-05
1.8872058923264276e-05 3.846166076489659e-05
1.8872058923264276e-05 3.846166076489659e-05
7.223354431547324e-05 3.846154119137335e-05
7.223354431547324e-05 3.846154119137335e-05
8.544577770824552e-05 3.84615022468584e-05
8.544577770824552e-05 3.84615022468584e-05
6.142998626719596e-05 3.846154119137335e-05
6.142998626719596e-05 3.846154119137335e-05
4.583713853875598e-05 3.8461599124557464e-05
4.583713853875598e-05 3.8461599124557464e-05
1.9423701942599888e-05 3.8461414124051494e-05
1.9423701942599888e-05 3.8461414124051494e-05
0.0001308617227484722 3.8461461874613496e-05
0.0001308617227484722 3.8461461874613496e-05
1.9337099801423227e-05 3.846149213859678e-05
1.9337099801423227e-05 3.846149213859678e-05
3.248491244811826e-05 3.846149623531723e-05
3.248491244811826e-05 3.846149623531723e-05
3.731843599801742e-05 3.8461439864443836e-05
3.731843599801742e-05 3.8461439864443836e-05
3.7803918285999165e-05 3.846161411162031e-05
3.7803918285999165e-05 3.846161411162031e-05
2.3812090352678723e-05 3.846161411162031e-05
2.3812090352678723e-05 3.846161411162031e-05
2.8008491106483348e-05 3.846159813094004e-05
2.8008491106483348e-05 3.846159813094004e-05
3.18497495844455e-05 3.846145074765619e-05
3.18497495844455e-05 3.846145074765619e-05
1.8745258819852466e-05 3.8461468159627537e-05
1.8745258819852466e-05 3.8461468159627537e-05
1.8925612092208745e-05 3.8461485405392066e-05
1.8925612092208745e-05 3.8461485405392066e-05
1.8946539504394543e-05 3.846160114075426e-05
1.8946539504394543e-05 3.846160114075426e-05
1.914206603955069e-05 3.846149532958281e-05
1.914206603955069e-05 3.846149532958281e-05
1.9268708458302236e-05 3.8461461874613496e-05
1.9268708458302236e-05 3.8461461874613496e-05
3.739294761963667e-05 3.8461485405392066e-05
3.739294761963667e-05 3.8461485405392066e-05
4.2662276496800444e-05 3.846149483314075e-05
4.2662276496800444e-05 3.846149483314075e-05
5.182695952612375e-05 3.84614898936945e-05
5.182695952612375e-05 3.84614898936945e-05
2.6570921239616413e-05 3.8461559536089564e-05
2.6570921239616413e-05 3.8461559536089564e-05
1.9094109538615826e-05 3.846159813094004e-05
1.9094109538615826e-05 3.846159813094004e-05
1.9949438123770165e-05 3.8461571288559173e-05
1.9949438123770165e-05 3.8461571288559173e-05
2.827747021854687e-05 3.846156521364803e-05
2.827747021854687e-05 3.846156521364803e-05
3.253524514822308e-05 3.846149659183392e-05
3.253524514822308e-05 3.846149659183392e-05
1.8980958520346236e-05 3.846160693419319e-05
1.8980958520346236e-05 3.846160693419319e-05
2.4530076101980417e-05 3.846156232767682e-05
2.4530076101980417e-05 3.846156232767682e-05
4.512696743019237e-05 3.846154684410567e-05
4.512696743019237e-05 3.846154684410567e-05
5.487161418015103e-05 3.8461442243545614e-05
5.487161418015103e-05 3.8461442243545614e-05
1.8946571620225835e-05 3.8461602678801616e-05
1.8946571620225835e-05 3.8461602678801616e-05
1.9105019729373884e-05 3.8461478771430355e-05
1.9105019729373884e-05 3.8461478771430355e-05
2.8983662123066404e-05 3.8461625366496295e-05
2.8983662123066404e-05 3.8461625366496295e-05
6.558070573156477e-05 3.8461638418369293e-05
6.558070573156477e-05 3.8461638418369293e-05
1.9136308117091016e-05 3.8461533935627384e-05
1.9136308117091016e-05 3.8461533935627384e-05
1.9188154930877375e-05 3.8461364142214066e-05
1.9188154930877375e-05 3.8461364142214066e-05
1.9285881678841697e-05 3.8461391611379585e-05
1.9285881678841697e-05 3.8461391611379585e-05
1.9550556766166354e-05 3.84617682575551e-05
1.9550556766166354e-05 3.84617682575551e-05
1.8303312550795775e-05 3.846152646001033e-05
1.8303312550795775e-05 3.846152646001033e-05
1.9152119093922856e-05 3.846146523278276e-05
1.9152119093922856e-05 3.846146523278276e-05