0.25203846153846154 0.25203846153846154
0.25203846153846154 0.25203846153846154
0.25203846153846154 0.25203846153846154
0.25203846153846154 0.25203846153846154
0.32676923076923076 0.32676923076923076
0.32676923076923076 0.32676923076923076
0.32676923076923076 0.32676923076923076
0.32676923076923076 0.32676923076923076
0.32676923076923076 0.32676923076923076
0.32676923076923076 0.32676923076923076
0.32676923076923076 0.32676923076923076
0.32676923076923076 0.32676923076923076
0.20892307692307693 0.20892307692307693
0.20892307692307693 0.20892307692307693
0.16815384615384615 0.16815384615384615
0.16815384615384615 0.16815384615384615
0.16815384615384615 0.16815384615384615
0.16815384615384615 0.16815384615384615
0.17511538461538462 0.17511538461538462
0.17511538461538462 0.17511538461538462
0.33242307692307693 0.33242307692307693
0.33242307692307693 0.33242307692307693
0.33242307692307693 0.33242307692307693
0.33242307692307693 0.33242307692307693
0.33242307692307693 0.33242307692307693
0.33242307692307693 0.33242307692307693
0.33242307692307693 0.33242307692307693
0.33242307692307693 0.33242307692307693
0.33242307692307693 0.33242307692307693
0.33242307692307693 0.33242307692307693
0.33242307692307693 0.33242307692307693
0.33242307692307693 0.33242307692307693
0.33242307692307693 0.33242307692307693
0.33242307692307693 0.33242307692307693
0.33242307692307693 0.33242307692307693
0.33242307692307693 0.33242307692307693
0.33242307692307693 0.33242307692307693
0.33242307692307693 0.33242307692307693
0.33242307692307693 0.33242307692307693
0.33242307692307693 0.33242307692307693
0.33242307692307693 0.33242307692307693
0.33242307692307693 0.33242307692307693
0.33242307692307693 0.33242307692307693
0.33242307692307693 0.33242307692307693
0.21457692307692308 0.21457692307692308
0.21457692307692308 0.21457692307692308
0.21457692307692308 0.21457692307692308
0.21457692307692308 0.21457692307692308
0.21457692307692308 0.21457692307692308
0.21457692307692308 0.21457692307692308
0.21457692307692308 0.21457692307692308
0.21457692307692308 0.21457692307692308
0.21457692307692308 0.21457692307692308
0.21457692307692308 0.21457692307692308
0.21457692307692308 0.21457692307692308
0.21457692307692308 0.21457692307692308
0.1738076923076923 0.1738076923076923
0.1738076923076923 0.1738076923076923
0.1738076923076923 0.1738076923076923
0.1738076923076923 0.1738076923076923
0.1738076923076923 0.1738076923076923
0.1738076923076923 0.1738076923076923
0.1738076923076923 0.1738076923076923
0.1738076923076923 0.1738076923076923
0.1738076923076923 0.1738076923076923
0.1738076923076923 0.1738076923076923
0.1738076923076923 0.1738076923076923
0.1738076923076923 0.1738076923076923
0.1955 0.1955
0.1955 0.1955
0.1955 0.1955
0.1955 0.1955
0.1955 0.1955
0.1955 0.1955
0.1955 0.1955
0.1955 0.1955
0.1955 0.1955
0.1955 0.1955
0.23684615384615385 0.23684615384615385
0.23684615384615385 0.23684615384615385
0.23684615384615385 0.23684615384615385
0.23684615384615385 0.23684615384615385
0.18076923076923077 0.18076923076923077
0.18076923076923077 0.18076923076923077
0.18076923076923077 0.18076923076923077
0.18076923076923077 0.18076923076923077
0.18076923076923077 0.18076923076923077
0.18076923076923077 0.18076923076923077
0.18076923076923077 0.18076923076923077
0.18076923076923077 0.18076923076923077
0.18076923076923077 0.18076923076923077
0.18076923076923077 0.18076923076923077
0.18076923076923077 0.18076923076923077
0.18076923076923077 0.18076923076923077
0.18076923076923077 0.18076923076923077
0.18076923076923077 0.18076923076923077
0.18076923076923077 0.18076923076923077
0.18076923076923077 0.18076923076923077
0.18076923076923077 0.18076923076923077
0.18076923076923077 0.18076923076923077
0.18076923076923077 0.18076923076923077
0.18076923076923077 0.18076923076923077
0.2893076923076923 0.2893076923076923
0.2893076923076923 0.2893076923076923
0.2893076923076923 0.2893076923076923
0.2893076923076923 0.2893076923076923
0.2893076923076923 0.2893076923076923
0.2893076923076923 0.2893076923076923
0.2893076923076923 0.2893076923076923
0.2893076923076923 0.2893076923076923
0.2893076923076923 0.2893076923076923
0.2893076923076923 0.2893076923076923
0.2893076923076923 0.2893076923076923
0.2893076923076923 0.2893076923076923
0.2893076923076923 0.2893076923076923
0.2893076923076923 0.2893076923076923
0.2893076923076923 0.2893076923076923
0.2893076923076923 0.2893076923076923
0.24853846153846154 0.24853846153846154
0.24853846153846154 0.24853846153846154
0.24853846153846154 0.24853846153846154
0.24853846153846154 0.24853846153846154
0.24853846153846154 0.24853846153846154
0.24853846153846154 0.24853846153846154
0.24853846153846154 0.24853846153846154
0.24853846153846154 0.24853846153846154
0.24853846153846154 0.24853846153846154
0.24853846153846154 0.24853846153846154
0.24853846153846154 0.24853846153846154
0.24853846153846154 0.24853846153846154
0.24853846153846154 0.24853846153846154
0.24853846153846154 0.24853846153846154
0.24853846153846154 0.24853846153846154
0.24853846153846154 0.24853846153846154
0.24853846153846154 0.24853846153846154
0.24853846153846154 0.24853846153846154
0.24853846153846154 0.24853846153846154
0.24853846153846154 0.24853846153846154
0.2702307692307692 0.2702307692307692
0.2702307692307692 0.2702307692307692
0.22215384615384615 0.22215384615384615
0.22215384615384615 0.22215384615384615
0.22215384615384615 0.22215384615384615
0.22215384615384615 0.22215384615384615
0.2555 0.2555
0.2555 0.2555
0.2555 0.2555
0.2555 0.2555
0.2555 0.2555
0.2555 0.2555
0.2555 0.2555
0.2555 0.2555
0.2555 0.2555
0.2555 0.2555
0.2555 0.2555
0.2555 0.2555
0.2555 0.2555
0.2555 0.2555
0.1306923076923077 0.1306923076923077
0.1306923076923077 0.1306923076923077
0.1306923076923077 0.1306923076923077
0.1306923076923077 0.1306923076923077
0.1306923076923077 0.1306923076923077
0.1306923076923077 0.1306923076923077
0.1306923076923077 0.1306923076923077
0.1306923076923077 0.1306923076923077
0.1306923076923077 0.1306923076923077
0.1306923076923077 0.1306923076923077
0.1523846153846154 0.1523846153846154
0.1523846153846154 0.1523846153846154
0.1523846153846154 0.1523846153846154
0.1523846153846154 0.1523846153846154
0.13765384615384615 0.13765384615384615
0.13765384615384615 0.13765384615384615
0.13765384615384615 0.13765384615384615
0.13765384615384615 0.13765384615384615
0.13765384615384615 0.13765384615384615
0.13765384615384615 0.13765384615384615
0.11161538461538462 0.11161538461538462
0.11161538461538462 0.11161538461538462
0.09688461538461539 0.09688461538461539
0.09688461538461539 0.09688461538461539
0.09688461538461539 0.09688461538461539
0.09688461538461539 0.09688461538461539
0.09688461538461539 0.09688461538461539
0.09688461538461539 0.09688461538461539
0.09688461538461539 0.09688461538461539
0.09688461538461539 0.09688461538461539
0.09688461538461539 0.09688461538461539
0.09688461538461539 0.09688461538461539
0.09688461538461539 0.09688461538461539
0.09688461538461539 0.09688461538461539
0.09688461538461539 0.09688461538461539
0.09688461538461539 0.09688461538461539
0.08523076923076923 0.08523076923076923
0.08523076923076923 0.08523076923076923
0.11857692307692308 0.11857692307692308
0.11857692307692308 0.11857692307692308
0.11857692307692308 0.11857692307692308
0.11857692307692308 0.11857692307692308