4.022692222982883e-05 3.8461829839037245e-05
4.072703674944996e-05 3.845959040073559e-05
4.095464934836549e-05 3.846001321625042e-05
4.11021201995591e-05 3.846024568017106e-05
4.11021201995591e-05 3.846024568017106e-05
4.002185309976956e-05 3.846279565862e-05
3.9333951782501755e-05 3.846191461718264e-05
4.049388253030958e-05 3.846172248891879e-05
3.964577740051566e-05 3.846001401715872e-05
3.964577740051566e-05 3.846001401715872e-05
4.0151960788041305e-05 3.846456876665145e-05
4.0151960788041305e-05 3.846456876665145e-05
4.089069060632428e-05 3.8459371736370214e-05
4.089069060632428e-05 3.8459371736370214e-05
3.923797530190023e-05 4.363314145664969e-05
2.1625655459716804e-05 2.44262473920336e-05
2.1944128770025494e-05 2.3688965879881594e-05
5.824493200162672e-05 6.568271999475992e-05
5.824493200162672e-05 6.568271999475992e-05
3.068438266761483e-05 3.380181633525825e-05
2.7871165070271652e-05 3.144347722289805e-05
5.694501080667334e-05 6.187792866796115e-05
2.4307726450779617e-05 2.6295770923618195e-05
2.4307726450779617e-05 2.6295770923618195e-05
4.8309036720563935e-05 5.2046271322023404e-05
4.8309036720563935e-05 5.2046271322023404e-05
5.010178392467006e-05 5.730988070011223e-05
5.010178392467006e-05 5.730988070011223e-05
1.9947014082748077e-05 3.093678692651755e-05
1.590146488631296e-05 2.4428629603429244e-05
1.1369612408491793e-05 1.7500327101217476e-05
4.6193531221463014e-05 7.03088004932117e-05
4.6193531221463014e-05 7.03088004932117e-05
2.6027945831329612e-05 3.846046160559151e-05
2.0217184501816873e-05 3.179952784977569e-05
5.267029167785945e-05 7.692327851254555e-05
2.567866263462534e-05 3.846224997767901e-05
2.567866263462534e-05 3.846224997767901e-05
2.574915810006482e-05 3.9175199879731056e-05
2.574915810006482e-05 3.9175199879731056e-05
3.070071215637347e-05 4.8048968059360577e-05
3.070071215637347e-05 4.8048968059360577e-05
1.1704611677319108e-05 2.330599011402274e-05
1.4573548506299672e-05 2.9878287070899977e-05
1.185879144752339e-05 2.417775465785051e-05
1.0275382379595222e-05 2.1190117000045288e-05
1.0275382379595222e-05 2.1190117000045288e-05
1.6683295081791307e-05 3.3903501393323985e-05
8.412647068844476e-06 1.7182199777973762e-05
3.907195929896168e-05 7.669611703743024e-05
1.3615758287703178e-05 2.668093415253817e-05
1.3615758287703178e-05 2.668093415253817e-05
3.12033582829054e-05 6.302079050623086e-05
3.12033582829054e-05 6.302079050623086e-05
1.833948604269341e-05 3.8818975283200994e-05
1.833948604269341e-05 3.8818975283200994e-05
1.1144513695214267e-05 2.3409442779047255e-05
2.55025766396398e-05 5.542633090940129e-05
2.6767365046521748e-05 5.8065882695467345e-05
2.9984077420955768e-05 6.568265198227217e-05
2.9984077420955768e-05 6.568265198227217e-05
1.1472096874734698e-05 2.46860507998997e-05
2.9258854427267318e-05 6.271304050907437e-05
3.621915786642507e-05 7.692860848458084e-05
1.23348517535842e-05 2.66830901876212e-05
1.23348517535842e-05 2.66830901876212e-05
1.7837554738059256e-05 3.846001946969089e-05
1.7837554738059256e-05 3.846001946969089e-05
3.579461117784339e-05 7.740826286260346e-05
3.579461117784339e-05 7.740826286260346e-05
2.422861929815155e-05 3.093799824030002e-05
3.87699063899377e-05 4.885450014077604e-05
1.923691599743955e-05 2.4174717251486458e-05
2.1983605436261163e-05 2.8422178592118504e-05
2.1983605436261163e-05 2.8422178592118504e-05
2.718414496150767e-05 3.3901778479339165e-05
4.996669177337776e-05 6.288953590609928e-05
3.073902682224244e-05 3.811058200953959e-05
4.8254873582469074e-05 6.108702493201123e-05
4.8254873582469074e-05 6.108702493201123e-05
4.181206311588458e-05 5.204948723102748e-05
4.181206311588458e-05 5.204948723102748e-05
2.9480745827685133e-05 3.810887207680097e-05
2.9480745827685133e-05 3.810887207680097e-05
1.1533554184037537e-05 2.3521630857127117e-05
1.798092703108201e-05 3.557095155201525e-05
6.686211378785453e-06 1.3063038281487631e-05
1.449950423378638e-05 2.8687560302422675e-05
1.449950423378638e-05 2.8687560302422675e-05
1.3304360593463072e-05 2.7270960419557243e-05
3.7207665094551513e-05 7.63752175325562e-05
3.022570257966441e-05 6.187442996890434e-05
1.616956416949439e-05 3.2932011224503324e-05
1.616956416949439e-05 3.2932011224503324e-05
2.3579466973239708e-05 4.791589938755664e-05
2.3579466973239708e-05 4.791589938755664e-05
3.8608645912101854e-05 7.740435377391411e-05
3.8608645912101854e-05 7.740435377391411e-05
2.5298280956707414e-05 1.9447071283192892e-05
4.728925151971579e-05 3.606684465230662e-05
7.098719542225004e-06 5.504447645968081e-06
5.7163786712790495e-05 4.215171321738681e-05
5.7163786712790495e-05 4.215171321738681e-05
2.201065163759586e-05 1.6643516793001974e-05
6.266141602503922e-05 4.5788297662964335e-05
7.198767026926223e-05 5.49419465953671e-05
5.75697902716941e-05 4.239185918002163e-05
5.75697902716941e-05 4.239185918002163e-05
5.181642934215841e-05 3.9174198668410615e-05
5.181642934215841e-05 3.9174198668410615e-05
0.00011312642618880566 8.806645658922942e-05
0.00011312642618880566 8.806645658922942e-05
1.2305051399565527e-05 2.3412317341647937e-05
1.5535611634041397e-05 2.9740242134790452e-05
1.623560705244192e-05 2.9596487611318513e-05
2.1014508188832676e-05 3.8463504792861985e-05
2.1014508188832676e-05 3.8463504792861985e-05
1.3437351215086299e-05 2.421452230827994e-05
2.3035542533213635e-05 4.178189383509959e-05
2.0922060395744606e-05 3.8108822924286435e-05
9.304002465560653e-06 1.7831073532096278e-05
9.304002465560653e-06 1.7831073532096278e-05
2.605610636887215e-05 4.791300130375156e-05
2.605610636887215e-05 4.791300130375156e-05
4.862270759675596e-05 8.806226563635426e-05
4.862270759675596e-05 8.806226563635426e-05
8.137157176395616e-05 4.363325421883962e-05
4.521910630657135e-05 2.420752027100505e-05
7.210269577429276e-05 3.846085434416662e-05
8.622772107852445e-05 4.657000442609231e-05
8.622772107852445e-05 4.657000442609231e-05
3.121212083842126e-05 1.6953473610646813e-05
5.792424840019601e-05 3.1801132401569745e-05
9.586221616378958e-05 5.0325474553510546e-05
6.01052445995496e-05 3.277786966965151e-05
6.01052445995496e-05 3.277786966965151e-05
0.00014785394457559687 7.834995675901004e-05
0.00014785394457559687 7.834995675901004e-05
3.913034983651439e-05 2.1208415764480543e-05
3.913034983651439e-05 2.1208415764480543e-05