3.767907631109798e-06 6.757714353023124e-06
3.767907631109798e-06 6.757714353023124e-06
4.572848304272503e-06 6.7577143276371565e-06
4.572848304272503e-06 6.7577143276371565e-06
4.940219754892274e-06 6.757717312049739e-06
4.940219754892274e-06 6.757717312049739e-06
4.8591184072009765e-06 6.757718906872323e-06
4.8591184072009765e-06 6.757718906872323e-06
5.1294372599625396e-06 6.757713346100639e-06
5.1294372599625396e-06 6.757713346100639e-06
5.028133955865623e-06 6.757711763140936e-06
5.028133955865623e-06 6.757711763140936e-06
5.216939816016639e-06 6.757718151245379e-06
5.216939816016639e-06 6.757718151245379e-06
5.216939816016639e-06 6.757718151245379e-06
5.216939816016639e-06 6.757718151245379e-06
5.191134923599377e-06 6.757719242624862e-06
5.191134923599377e-06 6.757719242624862e-06
5.224155771296161e-06 6.7577129353651e-06
5.224155771296161e-06 6.7577129353651e-06
5.224155771296161e-06 6.7577129353651e-06
5.224155771296161e-06 6.7577129353651e-06
5.657880603491557e-06 6.757719380189419e-06
5.657880603491557e-06 6.757719380189419e-06
5.657880603491557e-06 6.757719380189419e-06
5.657880603491557e-06 6.757719380189419e-06
5.986504209186704e-06 6.757715530101123e-06
5.986504209186704e-06 6.757715530101123e-06
5.535832355350394e-06 6.7577137695519936e-06
5.535832355350394e-06 6.7577137695519936e-06
5.452390951188485e-06 6.757711823666062e-06
5.452390951188485e-06 6.757711823666062e-06
6.765783436070084e-06 6.757718893376481e-06
6.765783436070084e-06 6.757718893376481e-06
3.68834297585955e-06 6.757715124935321e-06
3.68834297585955e-06 6.757715124935321e-06
6.322969502556244e-06 6.757717470256763e-06
6.322969502556244e-06 6.757717470256763e-06
6.646104791115823e-06 6.7577164244218385e-06
6.646104791115823e-06 6.7577164244218385e-06
7.259389612859878e-06 6.7577135745702455e-06
7.259389612859878e-06 6.7577135745702455e-06
7.350677771479335e-06 6.757725831823853e-06
7.350677771479335e-06 6.757725831823853e-06
6.8993541683819646e-06 6.757712638718899e-06
6.8993541683819646e-06 6.757712638718899e-06
3.7442100434385557e-06 6.7577149197945086e-06
3.7442100434385557e-06 6.7577149197945086e-06
7.523474956180883e-06 6.757717021369298e-06
7.523474956180883e-06 6.757717021369298e-06
7.4821062503890815e-06 6.757702641173318e-06
7.4821062503890815e-06 6.757702641173318e-06
8.082871490131657e-06 6.757718069044954e-06
8.082871490131657e-06 6.757718069044954e-06
8.570809140749121e-06 6.757702963511449e-06
8.570809140749121e-06 6.757702963511449e-06
8.482056955877083e-06 6.757718575362242e-06
8.482056955877083e-06 6.757718575362242e-06
8.203706629548268e-06 6.757726034740423e-06
8.203706629548268e-06 6.757726034740423e-06
3.6389042908588115e-06 6.7577152581495045e-06
3.6389042908588115e-06 6.7577152581495045e-06
7.5240037474360115e-06 6.757722773369594e-06
7.5240037474360115e-06 6.757722773369594e-06
8.368330879027468e-06 6.7577200509905985e-06
8.368330879027468e-06 6.7577200509905985e-06
7.047383415295416e-06 6.757724866024833e-06
7.047383415295416e-06 6.757724866024833e-06
8.670600251683665e-06 6.757691225768569e-06
8.670600251683665e-06 6.757691225768569e-06
1.0252151001952852e-05 6.757696447789896e-06
1.0252151001952852e-05 6.757696447789896e-06
1.0785489221263229e-05 6.757747676856106e-06
1.0785489221263229e-05 6.757747676856106e-06
3.491194936695619e-06 6.757716640331181e-06
3.491194936695619e-06 6.757716640331181e-06
1.0867538552362424e-05 6.7576954015307765e-06
1.0867538552362424e-05 6.7576954015307765e-06
1.0867538552362424e-05 6.7576954015307765e-06
1.0867538552362424e-05 6.7576954015307765e-06
8.36945630511309e-06 6.75772322740226e-06
8.36945630511309e-06 6.75772322740226e-06
9.441213513686515e-06 6.757711501795863e-06
9.441213513686515e-06 6.757711501795863e-06
9.441213513686515e-06 6.757711501795863e-06
9.441213513686515e-06 6.757711501795863e-06
1.0661794434638974e-05 6.757715817829231e-06
1.0661794434638974e-05 6.757715817829231e-06
1.1592954366812471e-05 6.7577458805021255e-06
1.1592954366812471e-05 6.7577458805021255e-06
1.0770751516516493e-05 6.757715419021869e-06
1.0770751516516493e-05 6.757715419021869e-06
1.4042083653451994e-05 6.7577340643293506e-06
1.4042083653451994e-05 6.7577340643293506e-06
1.5278196119470966e-05 6.75775057500543e-06
1.5278196119470966e-05 6.75775057500543e-06
1.5278196119470966e-05 6.75775057500543e-06
1.5278196119470966e-05 6.75775057500543e-06
1.5278196119470966e-05 6.7577584892826214e-06
1.5278196119470966e-05 6.7577584892826214e-06
2.2144035515623117e-05 6.757665411511565e-06
2.2144035515623117e-05 6.757665411511565e-06
3.693958616631377e-06 6.757715181522283e-06
3.693958616631377e-06 6.757715181522283e-06
1.7937687547981772e-05 6.757803205381849e-06
1.7937687547981772e-05 6.757803205381849e-06
1.7937687547981772e-05 6.757803205381849e-06
1.7937687547981772e-05 6.757803205381849e-06
2.9883211142879366e-05 6.757741440720717e-06
2.9883211142879366e-05 6.757741440720717e-06
2.5540879434695544e-05 6.757501951648601e-06
2.5540879434695544e-05 6.757501951648601e-06
2.5540879434695544e-05 6.75763264780334e-06
2.5540879434695544e-05 6.75763264780334e-06
3.994362514845072e-05 6.757436910392927e-06
3.994362514845072e-05 6.757436910392927e-06
3.994362514845072e-05 6.7579235769573235e-06
3.994362514845072e-05 6.7579235769573235e-06
2.9825749478046864e-05 6.757489745549769e-06
2.9825749478046864e-05 6.757489745549769e-06
2.9825749478046864e-05 6.757694062444312e-06
2.9825749478046864e-05 6.757694062444312e-06
4.480355167924899e-05 6.75793909794073e-06
4.480355167924899e-05 6.75793909794073e-06
4.480355167924899e-05 6.757634357198522e-06
4.480355167924899e-05 6.757634357198522e-06
9.30910009287765e-05 6.757238979120302e-06
9.30910009287765e-05 6.757238979120302e-06
6.855680803237625e-05 6.757741778265689e-06
6.855680803237625e-05 6.757741778265689e-06
6.855680803237625e-05 6.757741778265689e-06
6.855680803237625e-05 6.757741778265689e-06
6.855680803237625e-05 6.757741778265689e-06
6.855680803237625e-05 6.757741778265689e-06
4.14340319017666e-06 6.757714193239597e-06
4.14340319017666e-06 6.757714193239597e-06
4.14340319017666e-06 6.757714193239597e-06
4.14340319017666e-06 6.757714193239597e-06
4.149564394552214e-06 6.757717702773501e-06
4.149564394552214e-06 6.757717702773501e-06
3.9513890243767585e-06 6.757717454257805e-06
3.9513890243767585e-06 6.757717454257805e-06
4.104005382052531e-06 6.757714637519814e-06
4.104005382052531e-06 6.757714637519814e-06
4.134665625323048e-06 6.757715968133447e-06
4.134665625323048e-06 6.757715968133447e-06
4.134665625323048e-06 6.757714426705583e-06
4.134665625323048e-06 6.757714426705583e-06
3.954936945460407e-06 6.7577157370060405e-06
3.954936945460407e-06 6.7577157370060405e-06
3.871200390424164e-06 6.757714260291567e-06
3.871200390424164e-06 6.757714260291567e-06
3.871200390424164e-06 6.757714260291567e-06
3.871200390424164e-06 6.757714260291567e-06
3.755247238862761e-06 6.7577145597836305e-06
3.755247238862761e-06 6.7577145597836305e-06
3.769712958221644e-06 6.757715514259404e-06
3.769712958221644e-06 6.757715514259404e-06
3.769712958221644e-06 6.757715514259404e-06
3.769712958221644e-06 6.757715514259404e-06
4.3671316635261975e-06 6.75771686904341e-06
4.3671316635261975e-06 6.75771686904341e-06
4.574391628895275e-06 6.7577161945338355e-06
4.574391628895275e-06 6.7577161945338355e-06
4.5466126361098546e-06 6.757716326627757e-06
4.5466126361098546e-06 6.757716326627757e-06
4.235008604709702e-06 6.757714328028113e-06
4.235008604709702e-06 6.757714328028113e-06
4.235008604709702e-06 6.757714328028113e-06
4.235008604709702e-06 6.757714328028113e-06
4.6400254811316e-06 6.757712831176906e-06
4.6400254811316e-06 6.757712831176906e-06
4.6400254811316e-06 6.757712831176906e-06
4.6400254811316e-06 6.757712831176906e-06
4.90893365015437e-06 6.757713750908406e-06
4.90893365015437e-06 6.757713750908406e-06
4.90893365015437e-06 6.757713750908406e-06
4.90893365015437e-06 6.757713750908406e-06
4.516215354329003e-06 6.757715227855959e-06
4.516215354329003e-06 6.757715227855959e-06
4.516330826630049e-06 6.757717280112412e-06
4.516330826630049e-06 6.757717280112412e-06
4.516330826630049e-06 6.757717280112412e-06
4.516330826630049e-06 6.757717280112412e-06
4.651177505426243e-06 6.757718508687098e-06
4.651177505426243e-06 6.757718508687098e-06
5.0482057084031895e-06 6.757711690385225e-06
5.0482057084031895e-06 6.757711690385225e-06
5.0482057084031895e-06 6.757711690385225e-06
5.0482057084031895e-06 6.757711690385225e-06
4.683989388388702e-06 6.757712487777009e-06
4.683989388388702e-06 6.757712487777009e-06
4.683989388388702e-06 6.757712487777009e-06
4.683989388388702e-06 6.757712487777009e-06
4.683989388388702e-06 6.757712487777009e-06
4.683989388388702e-06 6.757712487777009e-06
4.5550874243504895e-06 6.757716287022149e-06
4.5550874243504895e-06 6.757716287022149e-06
4.823642805327304e-06 6.757715610038395e-06
4.823642805327304e-06 6.757715610038395e-06