0.047534336186112414 0.04979477380378528
0.047534336186112414 0.04979477380378528
0.047534336186112414 0.04979477380378528
0.047534336186112414 0.04979477380378528
0.047534336186112414 0.04979477380378528
0.047534336186112414 0.04979477380378528
0.047534336186112414 0.04979477380378528
0.047534336186112414 0.04979477380378528
0.04762220510837645 0.049795216126920325
0.04762220510837645 0.049795216126920325
0.04762220510837645 0.049795216126920325
0.04762220510837645 0.049795216126920325
0.04759747087633858 0.04979500962004253
0.04759747087633858 0.04979500962004253
0.04759747087633858 0.04979500962004253
0.04759747087633858 0.04979500962004253
0.04728905053285168 0.04979524501860083
0.04728905053285168 0.04979524501860083
0.04728905053285168 0.04979524501860083
0.04728905053285168 0.04979524501860083
0.04715426882978277 0.04979536317018562
0.04715426882978277 0.04979536317018562
0.04715426882978277 0.04979536317018562
0.04715426882978277 0.04979536317018562
0.047415587118256074 0.04979531889628449
0.047415587118256074 0.04979531889628449
0.047415587118256074 0.04979531889628449
0.047415587118256074 0.04979531889628449
0.047387884730156024 0.04979510888124195
0.047387884730156024 0.04979510888124195
0.047387884730156024 0.04979510888124195
0.047387884730156024 0.04979510888124195
0.04734838929391287 0.049795688104168574
0.04734838929391287 0.049795688104168574
0.04734838929391287 0.049795688104168574
0.04734838929391287 0.049795688104168574
0.04750278097249194 0.049796782103389205
0.04750278097249194 0.049796782103389205
0.04750278097249194 0.049796782103389205
0.04750278097249194 0.049796782103389205
0.04750278097249194 0.049796782103389205
0.04750278097249194 0.049796782103389205
0.04750278097249194 0.049796782103389205
0.04750278097249194 0.049796782103389205
0.04750278097249194 0.049796782103389205
0.04750278097249194 0.049796782103389205
0.04750278097249194 0.049796782103389205
0.04750278097249194 0.049796782103389205
0.04750278097249194 0.049796782103389205
0.04750278097249194 0.049796782103389205
0.04750278097249194 0.049796782103389205
0.04750278097249194 0.049796782103389205
0.04750278097249194 0.049796782103389205
0.04750278097249194 0.049796782103389205
0.04750278097249194 0.049796782103389205
0.04750278097249194 0.049796782103389205
0.04750278097249194 0.049796782103389205
0.04750278097249194 0.049796782103389205
0.04750278097249194 0.049796782103389205
0.04750278097249194 0.049796782103389205
0.04733971363018355 0.049795216208011334
0.04733971363018355 0.049795216208011334
0.04733971363018355 0.049795216208011334
0.04733971363018355 0.049795216208011334
0.04750443000590667 0.0497949687228618
0.04750443000590667 0.0497949687228618
0.04750443000590667 0.0497949687228618
0.04750443000590667 0.0497949687228618
0.04744551747512716 0.04979515035733603
0.04744551747512716 0.04979515035733603
0.04744551747512716 0.04979515035733603
0.04744551747512716 0.04979515035733603
0.04744551747512716 0.04979515035733603
0.04744551747512716 0.04979515035733603
0.04744551747512716 0.04979515035733603
0.04744551747512716 0.04979515035733603
0.0475043021055291 0.04979472671616124
0.0475043021055291 0.04979472671616124
0.0475043021055291 0.04979472671616124
0.0475043021055291 0.04979472671616124
0.04720051177926737 0.04979432475772154
0.04720051177926737 0.04979432475772154
0.04720051177926737 0.04979432475772154
0.04720051177926737 0.04979432475772154
0.04720051177926737 0.04979432475772154
0.04720051177926737 0.04979432475772154
0.04720051177926737 0.04979432475772154
0.04720051177926737 0.04979432475772154
0.0474641100107189 0.04979494749131362
0.0474641100107189 0.04979494749131362
0.0474641100107189 0.04979494749131362
0.0474641100107189 0.04979494749131362
0.0474641100107189 0.04979494749131362
0.0474641100107189 0.04979494749131362
0.0474641100107189 0.04979494749131362
0.0474641100107189 0.04979494749131362
0.047573961006400614 0.04979574245946717
0.047573961006400614 0.04979574245946717
0.047573961006400614 0.04979574245946717
0.047573961006400614 0.04979574245946717
0.047573961006400614 0.04979574245946717
0.047573961006400614 0.04979574245946717
0.047573961006400614 0.04979574245946717
0.047573961006400614 0.04979574245946717
0.047573961006400614 0.04979574245946717
0.047573961006400614 0.04979574245946717
0.047573961006400614 0.04979574245946717
0.047573961006400614 0.04979574245946717
0.047573961006400614 0.04979574245946717
0.047573961006400614 0.04979574245946717
0.047573961006400614 0.04979574245946717
0.047573961006400614 0.04979574245946717
0.04754300290991422 0.049794902213858155
0.04754300290991422 0.049794902213858155
0.04754300290991422 0.049794902213858155
0.04754300290991422 0.049794902213858155
0.047372530178367664 0.04979485401407128
0.047372530178367664 0.04979485401407128
0.047372530178367664 0.04979485401407128
0.047372530178367664 0.04979485401407128
0.04754300290991422 0.049794902213858155
0.04754300290991422 0.049794902213858155
0.04754300290991422 0.049794902213858155
0.04754300290991422 0.049794902213858155
0.04749497916081802 0.049794799592594814
0.04749497916081802 0.049794799592594814
0.04749497916081802 0.049794799592594814
0.04749497916081802 0.049794799592594814
0.04749497916081802 0.049794799592594814
0.04749497916081802 0.049794799592594814
0.04749497916081802 0.049794799592594814
0.04749497916081802 0.049794799592594814
0.04751328896701825 0.049794919013937136
0.04751328896701825 0.049794919013937136
0.04751328896701825 0.049794919013937136
0.04751328896701825 0.049794919013937136
0.04751332598339183 0.049794876926155696
0.04751332598339183 0.049794876926155696
0.04751332598339183 0.049794876926155696
0.04751332598339183 0.049794876926155696
0.04751332598339183 0.049794876926155696
0.04751332598339183 0.049794876926155696
0.04751332598339183 0.049794876926155696
0.04751332598339183 0.049794876926155696
0.04751332598339183 0.049794876926155696
0.04751332598339183 0.049794876926155696
0.04751332598339183 0.049794876926155696
0.04751332598339183 0.049794876926155696
0.04751332598339183 0.049794876926155696
0.04751332598339183 0.049794876926155696
0.04751332598339183 0.049794876926155696
0.04751332598339183 0.049794876926155696
0.04789326643480244 0.04979362174370157
0.04789326643480244 0.04979362174370157
0.04789326643480244 0.04979362174370157
0.04789326643480244 0.04979362174370157
0.04789326643480244 0.04979362174370157
0.04789326643480244 0.04979362174370157
0.04789326643480244 0.04979362174370157
0.04789326643480244 0.04979362174370157
0.04756491785903551 0.04979515985977953
0.04756491785903551 0.04979515985977953
0.04756491785903551 0.04979515985977953
0.04756491785903551 0.04979515985977953
0.047210528288216265 0.049796044724478274
0.047210528288216265 0.049796044724478274
0.047210528288216265 0.049796044724478274
0.047210528288216265 0.049796044724478274
0.047210528288216265 0.049796044724478274
0.047210528288216265 0.049796044724478274
0.047210528288216265 0.049796044724478274
0.047210528288216265 0.049796044724478274
0.047210528288216265 0.049796044724478274
0.047210528288216265 0.049796044724478274
0.047210528288216265 0.049796044724478274
0.047210528288216265 0.049796044724478274
0.047210528288216265 0.049796044724478274
0.047210528288216265 0.049796044724478274
0.047210528288216265 0.049796044724478274
0.047210528288216265 0.049796044724478274
0.047541413189860486 0.04979510678670919
0.047541413189860486 0.04979510678670919
0.047541413189860486 0.04979510678670919
0.047541413189860486 0.04979510678670919
0.047541413189860486 0.04979510678670919
0.047541413189860486 0.04979510678670919
0.047541413189860486 0.04979510678670919
0.047541413189860486 0.04979510678670919
0.04803980440936776 0.04979536724869588
0.04803980440936776 0.04979536724869588
0.04803980440936776 0.04979536724869588
0.04803980440936776 0.04979536724869588
0.04803980440936776 0.04979536724869588
0.04803980440936776 0.04979536724869588
0.04803980440936776 0.04979536724869588
0.04803980440936776 0.04979536724869588
0.04753181407391124 0.04979512497832614
0.04753181407391124 0.04979512497832614
0.04753181407391124 0.04979512497832614
0.04753181407391124 0.04979512497832614
0.04803980440936776 0.04979536724869588
0.04803980440936776 0.04979536724869588
0.04803980440936776 0.04979536724869588
0.04803980440936776 0.04979536724869588
0.04803980440936776 0.04979536724869588
0.04803980440936776 0.04979536724869588
0.04803980440936776 0.04979536724869588
0.04803980440936776 0.04979536724869588
0.04753181407391124 0.04979512497832614
0.04753181407391124 0.04979512497832614
0.04753181407391124 0.04979512497832614
0.04753181407391124 0.04979512497832614
0.04743081991840079 0.049795106342997324
0.04743081991840079 0.049795106342997324
0.04743081991840079 0.049795106342997324
0.04743081991840079 0.049795106342997324
0.04752369619629888 0.0497944594118755
0.04752369619629888 0.0497944594118755
0.04752369619629888 0.0497944594118755
0.04752369619629888 0.0497944594118755
0.04752369619629888 0.0497944594118755
0.04752369619629888 0.0497944594118755
0.04752369619629888 0.0497944594118755
0.04752369619629888 0.0497944594118755
0.04752369619629888 0.0497944594118755
0.04752369619629888 0.0497944594118755
0.04752369619629888 0.0497944594118755
0.04752369619629888 0.0497944594118755
0.04752369619629888 0.0497944594118755
0.04752369619629888 0.0497944594118755
0.04752369619629888 0.0497944594118755
0.04752369619629888 0.0497944594118755
0.04752369619629888 0.0497944594118755
0.04752369619629888 0.0497944594118755
0.04752369619629888 0.0497944594118755
0.04752369619629888 0.0497944594118755
0.04752369619629888 0.0497944594118755
0.04752369619629888 0.0497944594118755
0.04752369619629888 0.0497944594118755
0.04752369619629888 0.0497944594118755
0.04765459669351827 0.04979506175384149
0.04765459669351827 0.04979506175384149
0.04765459669351827 0.04979506175384149
0.04765459669351827 0.04979506175384149
0.04795518308035393 0.04979469096350255
0.04795518308035393 0.04979469096350255
0.04795518308035393 0.04979469096350255
0.04795518308035393 0.04979469096350255
0.04795518308035393 0.04979469096350255
0.04795518308035393 0.04979469096350255
0.04795518308035393 0.04979469096350255
0.04795518308035393 0.04979469096350255
0.04795518308035393 0.04979469096350255
0.04795518308035393 0.04979469096350255
0.04795518308035393 0.04979469096350255
0.04795518308035393 0.04979469096350255
0.04795518308035393 0.04979469096350255
0.04795518308035393 0.04979469096350255
0.04795518308035393 0.04979469096350255
0.04795518308035393 0.04979469096350255
0.04699618417430821 0.04979456580088368
0.04699618417430821 0.04979456580088368
0.04699618417430821 0.04979456580088368
0.04699618417430821 0.04979456580088368
0.04699618417430821 0.04979456580088368
0.04699618417430821 0.04979456580088368
0.04699618417430821 0.04979456580088368
0.04699618417430821 0.04979456580088368
0.04699618417430821 0.04979456580088368
0.04699618417430821 0.04979456580088368
0.04699618417430821 0.04979456580088368
0.04699618417430821 0.04979456580088368
0.04699618417430821 0.04979456580088368
0.04699618417430821 0.04979456580088368
0.04699618417430821 0.04979456580088368
0.04699618417430821 0.04979456580088368
0.04746324895186541 0.04979502872920833
0.04746324895186541 0.04979502872920833
0.04746324895186541 0.04979502872920833
0.04746324895186541 0.04979502872920833
0.04764573281824623 0.049795220239671326
0.04764573281824623 0.049795220239671326
0.04764573281824623 0.049795220239671326
0.04764573281824623 0.049795220239671326
0.04788293957248822 0.04979493338529206
0.04788293957248822 0.04979493338529206
0.04788293957248822 0.04979493338529206
0.04788293957248822 0.04979493338529206
0.04788293957248822 0.04979493338529206
0.04788293957248822 0.04979493338529206
0.04788293957248822 0.04979493338529206
0.04788293957248822 0.04979493338529206
0.04788293957248822 0.04979493338529206
0.04788293957248822 0.04979493338529206
0.04788293957248822 0.04979493338529206
0.04788293957248822 0.04979493338529206
0.04788293957248822 0.04979493338529206
0.04788293957248822 0.04979493338529206
0.04788293957248822 0.04979493338529206
0.04788293957248822 0.04979493338529206
0.04760707952783363 0.04979483488648154
0.04760707952783363 0.04979483488648154
0.04760707952783363 0.04979483488648154
0.04760707952783363 0.04979483488648154
0.04722039078022399 0.04979492033443761
0.04722039078022399 0.04979492033443761
0.04722039078022399 0.04979492033443761
0.04722039078022399 0.04979492033443761
0.047411388567333665 0.04979475795631704
0.047411388567333665 0.04979475795631704
0.047411388567333665 0.04979475795631704
0.047411388567333665 0.04979475795631704
0.047411388567333665 0.04979475795631704
0.047411388567333665 0.04979475795631704
0.047411388567333665 0.04979475795631704
0.047411388567333665 0.04979475795631704
0.047411388567333665 0.04979475795631704
0.047411388567333665 0.04979475795631704
0.047411388567333665 0.04979475795631704
0.047411388567333665 0.04979475795631704
0.0646817189803124 0.049795014340817886
0.0646817189803124 0.049795014340817886
0.0646817189803124 0.049795014340817886
0.0646817189803124 0.049795014340817886
0.0646817189803124 0.049795014340817886
0.0646817189803124 0.049795014340817886
0.0646817189803124 0.049795014340817886
0.0646817189803124 0.049795014340817886
0.0646817189803124 0.049795014340817886
0.0646817189803124 0.049795014340817886
0.0646817189803124 0.049795014340817886
0.0646817189803124 0.049795014340817886
0.06454866847533743 0.049794708608027934
0.06454866847533743 0.049794708608027934
0.06454866847533743 0.049794708608027934
0.06454866847533743 0.049794708608027934
0.06454866847533743 0.049794708608027934
0.06454866847533743 0.049794708608027934
0.06438842616932769 0.049795237691226284
0.06438842616932769 0.049795237691226284
0.06438842616932769 0.049795237691226284
0.06438842616932769 0.049795237691226284
0.06438842616932769 0.049795237691226284
0.06438842616932769 0.049795237691226284
0.06378383396543769 0.04979524501860083
0.06378383396543769 0.04979524501860083
0.06378383396543769 0.04979524501860083
0.06378383396543769 0.04979524501860083
0.06378383396543769 0.04979524501860083
0.06378383396543769 0.04979524501860083
0.06401729995758901 0.04979496192149971
0.06401729995758901 0.04979496192149971
0.06401729995758901 0.04979496192149971
0.06401729995758901 0.04979496192149971
0.06401729995758901 0.04979496192149971
0.06401729995758901 0.04979496192149971
0.0642977299134627 0.04979531889628449
0.0642977299134627 0.04979531889628449
0.0642977299134627 0.04979531889628449
0.0642977299134627 0.04979531889628449
0.0642977299134627 0.04979531889628449
0.0642977299134627 0.04979531889628449
0.06434016824395374 0.04979554668277776
0.06434016824395374 0.04979554668277776
0.06434016824395374 0.04979554668277776
0.06434016824395374 0.04979554668277776
0.06434016824395374 0.04979554668277776
0.06434016824395374 0.04979554668277776
0.06483817259907672 0.04979517986562173
0.06483817259907672 0.04979517986562173
0.06483817259907672 0.04979517986562173
0.06483817259907672 0.04979517986562173
0.06483817259907672 0.04979517986562173
0.06483817259907672 0.04979517986562173
0.06537956346587731 0.049796782103389205
0.06537956346587731 0.049796782103389205
0.06537956346587731 0.049796782103389205
0.06537956346587731 0.049796782103389205
0.06537956346587731 0.049796782103389205
0.06537956346587731 0.049796782103389205
0.06537956346587731 0.049796782103389205
0.06537956346587731 0.049796782103389205
0.06537956346587731 0.049796782103389205
0.06537956346587731 0.049796782103389205
0.06537956346587731 0.049796782103389205
0.06537956346587731 0.049796782103389205
0.06537956346587731 0.049796782103389205
0.06537956346587731 0.049796782103389205
0.06537956346587731 0.049796782103389205
0.06537956346587731 0.049796782103389205
0.06537956346587731 0.049796782103389205
0.06537956346587731 0.049796782103389205
0.06537956346587731 0.049796782103389205
0.06537956346587731 0.049796782103389205
0.06537956346587731 0.049796782103389205
0.06537956346587731 0.049796782103389205
0.06537956346587731 0.049796782103389205
0.06537956346587731 0.049796782103389205
0.06537956346587731 0.049796782103389205
0.06537956346587731 0.049796782103389205
0.06537956346587731 0.049796782103389205
0.06537956346587731 0.049796782103389205
0.06537956346587731 0.049796782103389205
0.06537956346587731 0.049796782103389205
0.06537956346587731 0.049796782103389205
0.06537956346587731 0.049796782103389205
0.06537956346587731 0.049796782103389205
0.06537956346587731 0.049796782103389205
0.06537956346587731 0.049796782103389205
0.06537956346587731 0.049796782103389205
0.0644553379220485 0.049795216208011334
0.0644553379220485 0.049795216208011334
0.0644553379220485 0.049795216208011334
0.0644553379220485 0.049795216208011334
0.0644553379220485 0.049795216208011334
0.0644553379220485 0.049795216208011334
0.06454498917109668 0.0497949687228618
0.06454498917109668 0.0497949687228618
0.06454498917109668 0.0497949687228618
0.06454498917109668 0.0497949687228618
0.06454498917109668 0.0497949687228618
0.06454498917109668 0.0497949687228618
0.06460622807616295 0.04979534216411755
0.06460622807616295 0.04979534216411755
0.06460622807616295 0.04979534216411755
0.06460622807616295 0.04979534216411755
0.06460622807616295 0.04979534216411755
0.06460622807616295 0.04979534216411755
0.06460622807616295 0.04979534216411755
0.06460622807616295 0.04979534216411755
0.06460622807616295 0.04979534216411755
0.06460622807616295 0.04979534216411755
0.06460622807616295 0.04979534216411755
0.06460622807616295 0.04979534216411755
0.06407475732629107 0.04979472671616124
0.06407475732629107 0.04979472671616124
0.06407475732629107 0.04979472671616124
0.06407475732629107 0.04979472671616124
0.06407475732629107 0.04979472671616124
0.06407475732629107 0.04979472671616124
0.06361082524406865 0.04979432475772154
0.06361082524406865 0.04979432475772154
0.06361082524406865 0.04979432475772154
0.06361082524406865 0.04979432475772154
0.06361082524406865 0.04979432475772154
0.06361082524406865 0.04979432475772154
0.06361082524406865 0.04979432475772154
0.06361082524406865 0.04979432475772154
0.06361082524406865 0.04979432475772154
0.06361082524406865 0.04979432475772154
0.06361082524406865 0.04979432475772154
0.06361082524406865 0.04979432475772154
0.0644050094821031 0.04979510241161332
0.0644050094821031 0.04979510241161332
0.0644050094821031 0.04979510241161332
0.0644050094821031 0.04979510241161332
0.0644050094821031 0.04979510241161332
0.0644050094821031 0.04979510241161332
0.0644050094821031 0.04979510241161332
0.0644050094821031 0.04979510241161332
0.0644050094821031 0.04979510241161332
0.0644050094821031 0.04979510241161332
0.0644050094821031 0.04979510241161332
0.0644050094821031 0.04979510241161332
0.06462358296709239 0.04979473078269385
0.06462358296709239 0.04979473078269385
0.06462358296709239 0.04979473078269385
0.06462358296709239 0.04979473078269385
0.06462358296709239 0.04979473078269385
0.06462358296709239 0.04979473078269385
0.06462358296709239 0.04979473078269385
0.06462358296709239 0.04979473078269385
0.06462358296709239 0.04979473078269385
0.06462358296709239 0.04979473078269385
0.06462358296709239 0.04979473078269385
0.06462358296709239 0.04979473078269385
0.06462358296709239 0.04979473078269385
0.06462358296709239 0.04979473078269385
0.06462358296709239 0.04979473078269385
0.06462358296709239 0.04979473078269385
0.06462358296709239 0.04979473078269385
0.06462358296709239 0.04979473078269385
0.06462358296709239 0.04979473078269385
0.06462358296709239 0.04979473078269385
0.06462358296709239 0.04979473078269385
0.06462358296709239 0.04979473078269385
0.06462358296709239 0.04979473078269385
0.06462358296709239 0.04979473078269385
0.06447524040348784 0.049794741201308196
0.06447524040348784 0.049794741201308196
0.06447524040348784 0.049794741201308196
0.06447524040348784 0.049794741201308196
0.06447524040348784 0.049794741201308196
0.06447524040348784 0.049794741201308196
0.06396172402057934 0.04979525531686066
0.06396172402057934 0.04979525531686066
0.06396172402057934 0.04979525531686066
0.06396172402057934 0.04979525531686066
0.06396172402057934 0.04979525531686066
0.06396172402057934 0.04979525531686066
0.06447524040348784 0.049794741201308196
0.06447524040348784 0.049794741201308196
0.06447524040348784 0.049794741201308196
0.06447524040348784 0.049794741201308196
0.06447524040348784 0.049794741201308196
0.06447524040348784 0.049794741201308196
0.0645589939605963 0.04979444297040606
0.0645589939605963 0.04979444297040606
0.0645589939605963 0.04979444297040606
0.0645589939605963 0.04979444297040606
0.0645589939605963 0.04979444297040606
0.0645589939605963 0.04979444297040606
0.0645589939605963 0.04979444297040606
0.0645589939605963 0.04979444297040606
0.0645589939605963 0.04979444297040606
0.0645589939605963 0.04979444297040606
0.0645589939605963 0.04979444297040606
0.0645589939605963 0.04979444297040606
0.06463896562308165 0.049794919013937136
0.06463896562308165 0.049794919013937136
0.06463896562308165 0.049794919013937136
0.06463896562308165 0.049794919013937136
0.06463896562308165 0.049794919013937136
0.06463896562308165 0.049794919013937136
0.06475703048877111 0.04979654459342272
0.06475703048877111 0.04979654459342272
0.06475703048877111 0.04979654459342272
0.06475703048877111 0.04979654459342272
0.06475703048877111 0.04979654459342272
0.06475703048877111 0.04979654459342272
0.06475703048877111 0.04979654459342272
0.06475703048877111 0.04979654459342272
0.06475703048877111 0.04979654459342272
0.06475703048877111 0.04979654459342272
0.06475703048877111 0.04979654459342272
0.06475703048877111 0.04979654459342272
0.06475703048877111 0.04979654459342272
0.06475703048877111 0.04979654459342272
0.06475703048877111 0.04979654459342272
0.06475703048877111 0.04979654459342272
0.06475703048877111 0.04979654459342272
0.06475703048877111 0.04979654459342272
0.06475703048877111 0.04979654459342272
0.06475703048877111 0.04979654459342272
0.06475703048877111 0.04979654459342272
0.06475703048877111 0.04979654459342272
0.06475703048877111 0.04979654459342272
0.06475703048877111 0.04979654459342272
0.06402240087170813 0.049796866684838334
0.06402240087170813 0.049796866684838334
0.06402240087170813 0.049796866684838334
0.06402240087170813 0.049796866684838334
0.06402240087170813 0.049796866684838334
0.06402240087170813 0.049796866684838334
0.06402240087170813 0.049796866684838334
0.06402240087170813 0.049796866684838334
0.06402240087170813 0.049796866684838334
0.06402240087170813 0.049796866684838334
0.06402240087170813 0.049796866684838334
0.06402240087170813 0.049796866684838334
0.06444562209268091 0.04979515985977953
0.06444562209268091 0.04979515985977953
0.06444562209268091 0.04979515985977953
0.06444562209268091 0.04979515985977953
0.06444562209268091 0.04979515985977953
0.06444562209268091 0.04979515985977953
0.06466710805195021 0.049795033041563984
0.06466710805195021 0.049795033041563984
0.06466710805195021 0.049795033041563984
0.06466710805195021 0.049795033041563984
0.06466710805195021 0.049795033041563984
0.06466710805195021 0.049795033041563984
0.06466710805195021 0.049795033041563984
0.06466710805195021 0.049795033041563984
0.06466710805195021 0.049795033041563984
0.06466710805195021 0.049795033041563984
0.06466710805195021 0.049795033041563984
0.06466710805195021 0.049795033041563984
0.06466710805195021 0.049795033041563984
0.06466710805195021 0.049795033041563984
0.06466710805195021 0.049795033041563984
0.06466710805195021 0.049795033041563984
0.06466710805195021 0.049795033041563984
0.06466710805195021 0.049795033041563984
0.06466710805195021 0.049795033041563984
0.06466710805195021 0.049795033041563984
0.06466710805195021 0.049795033041563984
0.06466710805195021 0.049795033041563984
0.06466710805195021 0.049795033041563984
0.06466710805195021 0.049795033041563984
0.06476180367129504 0.04979566752347244
0.06476180367129504 0.04979566752347244
0.06476180367129504 0.04979566752347244
0.06476180367129504 0.04979566752347244
0.06476180367129504 0.04979566752347244
0.06476180367129504 0.04979566752347244
0.06476180367129504 0.04979566752347244
0.06476180367129504 0.04979566752347244
0.06476180367129504 0.04979566752347244
0.06476180367129504 0.04979566752347244
0.06476180367129504 0.04979566752347244
0.06476180367129504 0.04979566752347244
0.06406451059449259 0.04979396948400119
0.06406451059449259 0.04979396948400119
0.06406451059449259 0.04979396948400119
0.06406451059449259 0.04979396948400119
0.06406451059449259 0.04979396948400119
0.06406451059449259 0.04979396948400119
0.06406451059449259 0.04979396948400119
0.06406451059449259 0.04979396948400119
0.06406451059449259 0.04979396948400119
0.06406451059449259 0.04979396948400119
0.06406451059449259 0.04979396948400119
0.06406451059449259 0.04979396948400119
0.06421623612214951 0.04979482078378765
0.06421623612214951 0.04979482078378765
0.06421623612214951 0.04979482078378765
0.06421623612214951 0.04979482078378765
0.06421623612214951 0.04979482078378765
0.06421623612214951 0.04979482078378765
0.06406451059449259 0.04979396948400119
0.06406451059449259 0.04979396948400119
0.06406451059449259 0.04979396948400119
0.06406451059449259 0.04979396948400119
0.06406451059449259 0.04979396948400119
0.06406451059449259 0.04979396948400119
0.06406451059449259 0.04979396948400119
0.06406451059449259 0.04979396948400119
0.06406451059449259 0.04979396948400119
0.06406451059449259 0.04979396948400119
0.06406451059449259 0.04979396948400119
0.06406451059449259 0.04979396948400119
0.06421623612214951 0.04979482078378765
0.06421623612214951 0.04979482078378765
0.06421623612214951 0.04979482078378765
0.06421623612214951 0.04979482078378765
0.06421623612214951 0.04979482078378765
0.06421623612214951 0.04979482078378765
0.06415325173412542 0.049795106342997324
0.06415325173412542 0.049795106342997324
0.06415325173412542 0.049795106342997324
0.06415325173412542 0.049795106342997324
0.06415325173412542 0.049795106342997324
0.06415325173412542 0.049795106342997324
0.06479011940420992 0.04979377700620443
0.06479011940420992 0.04979377700620443
0.06479011940420992 0.04979377700620443
0.06479011940420992 0.04979377700620443
0.06479011940420992 0.04979377700620443
0.06479011940420992 0.04979377700620443
0.06479011940420992 0.04979377700620443
0.06479011940420992 0.04979377700620443
0.06479011940420992 0.04979377700620443
0.06479011940420992 0.04979377700620443
0.06479011940420992 0.04979377700620443
0.06479011940420992 0.04979377700620443
0.06479011940420992 0.04979377700620443
0.06479011940420992 0.04979377700620443
0.06479011940420992 0.04979377700620443
0.06479011940420992 0.04979377700620443
0.06479011940420992 0.04979377700620443
0.06479011940420992 0.04979377700620443
0.06479011940420992 0.04979377700620443
0.06479011940420992 0.04979377700620443
0.06479011940420992 0.04979377700620443
0.06479011940420992 0.04979377700620443
0.06479011940420992 0.04979377700620443
0.06479011940420992 0.04979377700620443
0.06479011940420992 0.04979377700620443
0.06479011940420992 0.04979377700620443
0.06479011940420992 0.04979377700620443
0.06479011940420992 0.04979377700620443
0.06479011940420992 0.04979377700620443
0.06479011940420992 0.04979377700620443
0.06479011940420992 0.04979377700620443
0.06479011940420992 0.04979377700620443
0.06479011940420992 0.04979377700620443
0.06479011940420992 0.04979377700620443
0.06479011940420992 0.04979377700620443
0.06479011940420992 0.04979377700620443
0.06428636777447654 0.04979518444196778
0.06428636777447654 0.04979518444196778
0.06428636777447654 0.04979518444196778
0.06428636777447654 0.04979518444196778
0.06428636777447654 0.04979518444196778
0.06428636777447654 0.04979518444196778
0.063644501994261 0.049794207655977835
0.063644501994261 0.049794207655977835
0.063644501994261 0.049794207655977835
0.063644501994261 0.049794207655977835
0.063644501994261 0.049794207655977835
0.063644501994261 0.049794207655977835
0.063644501994261 0.049794207655977835
0.063644501994261 0.049794207655977835
0.063644501994261 0.049794207655977835
0.063644501994261 0.049794207655977835
0.063644501994261 0.049794207655977835
0.063644501994261 0.049794207655977835
0.063644501994261 0.049794207655977835
0.063644501994261 0.049794207655977835
0.063644501994261 0.049794207655977835
0.063644501994261 0.049794207655977835
0.063644501994261 0.049794207655977835
0.063644501994261 0.049794207655977835
0.063644501994261 0.049794207655977835
0.063644501994261 0.049794207655977835
0.063644501994261 0.049794207655977835
0.063644501994261 0.049794207655977835
0.063644501994261 0.049794207655977835
0.063644501994261 0.049794207655977835
0.06440127877836008 0.04979456580088368
0.06440127877836008 0.04979456580088368
0.06440127877836008 0.04979456580088368
0.06440127877836008 0.04979456580088368
0.06440127877836008 0.04979456580088368
0.06440127877836008 0.04979456580088368
0.06440127877836008 0.04979456580088368
0.06440127877836008 0.04979456580088368
0.06440127877836008 0.04979456580088368
0.06440127877836008 0.04979456580088368
0.06440127877836008 0.04979456580088368
0.06440127877836008 0.04979456580088368
0.06440127877836008 0.04979456580088368
0.06440127877836008 0.04979456580088368
0.06440127877836008 0.04979456580088368
0.06440127877836008 0.04979456580088368
0.06440127877836008 0.04979456580088368
0.06440127877836008 0.04979456580088368
0.06440127877836008 0.04979456580088368
0.06440127877836008 0.04979456580088368
0.06440127877836008 0.04979456580088368
0.06440127877836008 0.04979456580088368
0.06440127877836008 0.04979456580088368
0.06440127877836008 0.04979456580088368
0.06444126023810787 0.049794776983604315
0.06444126023810787 0.049794776983604315
0.06444126023810787 0.049794776983604315
0.06444126023810787 0.049794776983604315
0.06444126023810787 0.049794776983604315
0.06444126023810787 0.049794776983604315
0.06445688113634063 0.049794864348534154
0.06445688113634063 0.049794864348534154
0.06445688113634063 0.049794864348534154
0.06445688113634063 0.049794864348534154
0.06445688113634063 0.049794864348534154
0.06445688113634063 0.049794864348534154
0.06455898149737176 0.049795199567294536
0.06455898149737176 0.049795199567294536
0.06455898149737176 0.049795199567294536
0.06455898149737176 0.049795199567294536
0.06455898149737176 0.049795199567294536
0.06455898149737176 0.049795199567294536
0.06455898149737176 0.049795199567294536
0.06455898149737176 0.049795199567294536
0.06455898149737176 0.049795199567294536
0.06455898149737176 0.049795199567294536
0.06455898149737176 0.049795199567294536
0.06455898149737176 0.049795199567294536
0.06455898149737176 0.049795199567294536
0.06455898149737176 0.049795199567294536
0.06455898149737176 0.049795199567294536
0.06455898149737176 0.049795199567294536
0.06455898149737176 0.049795199567294536
0.06455898149737176 0.049795199567294536
0.06455898149737176 0.049795199567294536
0.06455898149737176 0.049795199567294536
0.06455898149737176 0.049795199567294536
0.06455898149737176 0.049795199567294536
0.06455898149737176 0.049795199567294536
0.06455898149737176 0.049795199567294536
0.06440290442167533 0.04979483488648154
0.06440290442167533 0.04979483488648154
0.06440290442167533 0.04979483488648154
0.06440290442167533 0.04979483488648154
0.06440290442167533 0.04979483488648154
0.06440290442167533 0.04979483488648154
0.06418412228884711 0.049794544730654526
0.06418412228884711 0.049794544730654526
0.06418412228884711 0.049794544730654526
0.06418412228884711 0.049794544730654526
0.06418412228884711 0.049794544730654526
0.06418412228884711 0.049794544730654526
0.06432647961339874 0.04979475795631704
0.06432647961339874 0.04979475795631704
0.06432647961339874 0.04979475795631704
0.06432647961339874 0.04979475795631704
0.06432647961339874 0.04979475795631704
0.06432647961339874 0.04979475795631704
0.06432647961339874 0.04979475795631704
0.06432647961339874 0.04979475795631704
0.06432647961339874 0.04979475795631704
0.06432647961339874 0.04979475795631704
0.06432647961339874 0.04979475795631704
0.06432647961339874 0.04979475795631704
0.06432647961339874 0.04979475795631704
0.06432647961339874 0.04979475795631704
0.06432647961339874 0.04979475795631704
0.06432647961339874 0.04979475795631704
0.06432647961339874 0.04979475795631704
0.06432647961339874 0.04979475795631704
0.034284767530879716 0.04979477380378528
0.034284767530879716 0.04979477380378528
0.034284767530879716 0.04979477380378528
0.034284767530879716 0.04979477380378528
0.03435595663024826 0.049795216126920325
0.03435595663024826 0.049795216126920325
0.03450842580038186 0.04979500962004253
0.03450842580038186 0.04979500962004253
0.03461488052818257 0.04979524501860083
0.03461488052818257 0.04979524501860083
0.034647685804434045 0.04979536317018562
0.034647685804434045 0.04979536317018562
0.03442198636907549 0.04979531889628449
0.03442198636907549 0.04979531889628449
0.03442322448631597 0.04979510888124195
0.03442322448631597 0.04979510888124195
0.034049342852097576 0.049795688104168574
0.034049342852097576 0.049795688104168574
0.03427195082863553 0.049796782103389205
0.03427195082863553 0.049796782103389205
0.03427195082863553 0.049796782103389205
0.03427195082863553 0.049796782103389205
0.03427195082863553 0.049796782103389205
0.03427195082863553 0.049796782103389205
0.03427195082863553 0.049796782103389205
0.03427195082863553 0.049796782103389205
0.03427195082863553 0.049796782103389205
0.03427195082863553 0.049796782103389205
0.03427195082863553 0.049796782103389205
0.03427195082863553 0.049796782103389205
0.0345634081832087 0.049795216208011334
0.0345634081832087 0.049795216208011334
0.03435499113998819 0.0497949687228618
0.03435499113998819 0.0497949687228618
0.03437594883973817 0.04979515035733603
0.03437594883973817 0.04979515035733603
0.03437594883973817 0.04979515035733603
0.03437594883973817 0.04979515035733603
0.03444484962889871 0.04979472671616124
0.03444484962889871 0.04979472671616124
0.03507009150835813 0.04979432475772154
0.03507009150835813 0.04979432475772154
0.03507009150835813 0.04979432475772154
0.03507009150835813 0.04979432475772154
0.034446144402810734 0.04979494749131362
0.034446144402810734 0.04979494749131362
0.034446144402810734 0.04979494749131362
0.034446144402810734 0.04979494749131362
0.03435094239447836 0.04979574245946717
0.03435094239447836 0.04979574245946717
0.03435094239447836 0.04979574245946717
0.03435094239447836 0.04979574245946717
0.03435094239447836 0.04979574245946717
0.03435094239447836 0.04979574245946717
0.03435094239447836 0.04979574245946717
0.03435094239447836 0.04979574245946717
0.0343795348695857 0.049794902213858155
0.0343795348695857 0.049794902213858155
0.03471743438832502 0.04979485401407128
0.03471743438832502 0.04979485401407128
0.0343795348695857 0.049794902213858155
0.0343795348695857 0.049794902213858155
0.03427019673051591 0.049794799592594814
0.03427019673051591 0.049794799592594814
0.03427019673051591 0.049794799592594814
0.03427019673051591 0.049794799592594814
0.03427467876276578 0.049794919013937136
0.03427467876276578 0.049794919013937136
0.034258144780361495 0.049794876926155696
0.034258144780361495 0.049794876926155696
0.034258144780361495 0.049794876926155696
0.034258144780361495 0.049794876926155696
0.034258144780361495 0.049794876926155696
0.034258144780361495 0.049794876926155696
0.034258144780361495 0.049794876926155696
0.034258144780361495 0.049794876926155696
0.03463234315905506 0.04979362174370157
0.03463234315905506 0.04979362174370157
0.03463234315905506 0.04979362174370157
0.03463234315905506 0.04979362174370157
0.03423555908850027 0.04979515985977953
0.03423555908850027 0.04979515985977953
0.034047045008806884 0.049796044724478274
0.034047045008806884 0.049796044724478274
0.034047045008806884 0.049796044724478274
0.034047045008806884 0.049796044724478274
0.034047045008806884 0.049796044724478274
0.034047045008806884 0.049796044724478274
0.034047045008806884 0.049796044724478274
0.034047045008806884 0.049796044724478274
0.03428156325255246 0.04979510678670919
0.03428156325255246 0.04979510678670919
0.03428156325255246 0.04979510678670919
0.03428156325255246 0.04979510678670919
0.03482456892854079 0.04979536724869588
0.03482456892854079 0.04979536724869588
0.03482456892854079 0.04979536724869588
0.03482456892854079 0.04979536724869588
0.03448348749513841 0.04979512497832614
0.03448348749513841 0.04979512497832614
0.03482456892854079 0.04979536724869588
0.03482456892854079 0.04979536724869588
0.03482456892854079 0.04979536724869588
0.03482456892854079 0.04979536724869588
0.03448348749513841 0.04979512497832614
0.03448348749513841 0.04979512497832614
0.03461137950460062 0.049795106342997324
0.03461137950460062 0.049795106342997324
0.03422100036929137 0.0497944594118755
0.03422100036929137 0.0497944594118755
0.03422100036929137 0.0497944594118755
0.03422100036929137 0.0497944594118755
0.03422100036929137 0.0497944594118755
0.03422100036929137 0.0497944594118755
0.03422100036929137 0.0497944594118755
0.03422100036929137 0.0497944594118755
0.03422100036929137 0.0497944594118755
0.03422100036929137 0.0497944594118755
0.03422100036929137 0.0497944594118755
0.03422100036929137 0.0497944594118755
0.03439739872906077 0.04979506175384149
0.03439739872906077 0.04979506175384149
0.03453288732225499 0.04979469096350255
0.03453288732225499 0.04979469096350255
0.03453288732225499 0.04979469096350255
0.03453288732225499 0.04979469096350255
0.03453288732225499 0.04979469096350255
0.03453288732225499 0.04979469096350255
0.03453288732225499 0.04979469096350255
0.03453288732225499 0.04979469096350255
0.034504347450629046 0.04979456580088368
0.034504347450629046 0.04979456580088368
0.034504347450629046 0.04979456580088368
0.034504347450629046 0.04979456580088368
0.034504347450629046 0.04979456580088368
0.034504347450629046 0.04979456580088368
0.034504347450629046 0.04979456580088368
0.034504347450629046 0.04979456580088368
0.03442695658107217 0.04979502872920833
0.03442695658107217 0.04979502872920833
0.03439671969364688 0.049795220239671326
0.03439671969364688 0.049795220239671326
0.03426259621557373 0.04979493338529206
0.03426259621557373 0.04979493338529206
0.03426259621557373 0.04979493338529206
0.03426259621557373 0.04979493338529206
0.03426259621557373 0.04979493338529206
0.03426259621557373 0.04979493338529206
0.03426259621557373 0.04979493338529206
0.03426259621557373 0.04979493338529206
0.03442848875600039 0.04979483488648154
0.03442848875600039 0.04979483488648154
0.0346610297851867 0.04979492033443761
0.0346610297851867 0.04979492033443761
0.03441927126398765 0.04979475795631704
0.03441927126398765 0.04979475795631704
0.03441927126398765 0.04979475795631704
0.03441927126398765 0.04979475795631704
0.03441927126398765 0.04979475795631704
0.03441927126398765 0.04979475795631704
0.04786403403529219 0.049795014340817886
0.04786403403529219 0.049795014340817886
0.04786403403529219 0.049795014340817886
0.04786403403529219 0.049795014340817886
0.04786403403529219 0.049795014340817886
0.04786403403529219 0.049795014340817886
0.04786403403529219 0.049795014340817886
0.04786403403529219 0.049795014340817886
0.04786403403529219 0.049795014340817886
0.04786403403529219 0.049795014340817886
0.048140680072985935 0.049794708608027934
0.048140680072985935 0.049794708608027934
0.048140680072985935 0.049794708608027934
0.048140680072985935 0.049794708608027934
0.048140680072985935 0.049794708608027934
0.04811514799339587 0.049795237691226284
0.04811514799339587 0.049795237691226284
0.04811514799339587 0.049795237691226284
0.04811514799339587 0.049795237691226284
0.04811514799339587 0.049795237691226284
0.04849318883673687 0.04979524501860083
0.04849318883673687 0.04979524501860083
0.04849318883673687 0.04979524501860083
0.04849318883673687 0.04979524501860083
0.04849318883673687 0.04979524501860083
0.04836251613715063 0.04979496192149971
0.04836251613715063 0.04979496192149971
0.04836251613715063 0.04979496192149971
0.04836251613715063 0.04979496192149971
0.04836251613715063 0.04979496192149971
0.04837070565180445 0.04979531889628449
0.04837070565180445 0.04979531889628449
0.04837070565180445 0.04979531889628449
0.04837070565180445 0.04979531889628449
0.04837070565180445 0.04979531889628449
0.04843408076846563 0.04979554668277776
0.04843408076846563 0.04979554668277776
0.04843408076846563 0.04979554668277776
0.04843408076846563 0.04979554668277776
0.04843408076846563 0.04979554668277776
0.04840947503847027 0.04979517986562173
0.04840947503847027 0.04979517986562173
0.04840947503847027 0.04979517986562173
0.04840947503847027 0.04979517986562173
0.04840947503847027 0.04979517986562173
0.04741165306032668 0.049796782103389205
0.04741165306032668 0.049796782103389205
0.04741165306032668 0.049796782103389205
0.04741165306032668 0.049796782103389205
0.04741165306032668 0.049796782103389205
0.04741165306032668 0.049796782103389205
0.04741165306032668 0.049796782103389205
0.04741165306032668 0.049796782103389205
0.04741165306032668 0.049796782103389205
0.04741165306032668 0.049796782103389205
0.04741165306032668 0.049796782103389205
0.04741165306032668 0.049796782103389205
0.04741165306032668 0.049796782103389205
0.04741165306032668 0.049796782103389205
0.04741165306032668 0.049796782103389205
0.04741165306032668 0.049796782103389205
0.04741165306032668 0.049796782103389205
0.04741165306032668 0.049796782103389205
0.04741165306032668 0.049796782103389205
0.04741165306032668 0.049796782103389205
0.04741165306032668 0.049796782103389205
0.04741165306032668 0.049796782103389205
0.04741165306032668 0.049796782103389205
0.04741165306032668 0.049796782103389205
0.04741165306032668 0.049796782103389205
0.04741165306032668 0.049796782103389205
0.04741165306032668 0.049796782103389205
0.04741165306032668 0.049796782103389205
0.04741165306032668 0.049796782103389205
0.04741165306032668 0.049796782103389205
0.04817265748923635 0.049795216208011334
0.04817265748923635 0.049795216208011334
0.04817265748923635 0.049795216208011334
0.04817265748923635 0.049795216208011334
0.04817265748923635 0.049795216208011334
0.048148060641858635 0.0497949687228618
0.048148060641858635 0.0497949687228618
0.048148060641858635 0.0497949687228618
0.048148060641858635 0.0497949687228618
0.048148060641858635 0.0497949687228618
0.04811769810204592 0.04979534216411755
0.04811769810204592 0.04979534216411755
0.04811769810204592 0.04979534216411755
0.04811769810204592 0.04979534216411755
0.04811769810204592 0.04979534216411755
0.04811769810204592 0.04979534216411755
0.04811769810204592 0.04979534216411755
0.04811769810204592 0.04979534216411755
0.04811769810204592 0.04979534216411755
0.04811769810204592 0.04979534216411755
0.04836869560795941 0.04979472671616124
0.04836869560795941 0.04979472671616124
0.04836869560795941 0.04979472671616124
0.04836869560795941 0.04979472671616124
0.04836869560795941 0.04979472671616124
0.048452145857091206 0.04979432475772154
0.048452145857091206 0.04979432475772154
0.048452145857091206 0.04979432475772154
0.048452145857091206 0.04979432475772154
0.048452145857091206 0.04979432475772154
0.048452145857091206 0.04979432475772154
0.048452145857091206 0.04979432475772154
0.048452145857091206 0.04979432475772154
0.048452145857091206 0.04979432475772154
0.048452145857091206 0.04979432475772154
0.0482374892734663 0.04979510241161332
0.0482374892734663 0.04979510241161332
0.0482374892734663 0.04979510241161332
0.0482374892734663 0.04979510241161332
0.0482374892734663 0.04979510241161332
0.0482374892734663 0.04979510241161332
0.0482374892734663 0.04979510241161332
0.0482374892734663 0.04979510241161332
0.0482374892734663 0.04979510241161332
0.0482374892734663 0.04979510241161332
0.04808424033271392 0.04979473078269385
0.04808424033271392 0.04979473078269385
0.04808424033271392 0.04979473078269385
0.04808424033271392 0.04979473078269385
0.04808424033271392 0.04979473078269385
0.04808424033271392 0.04979473078269385
0.04808424033271392 0.04979473078269385
0.04808424033271392 0.04979473078269385
0.04808424033271392 0.04979473078269385
0.04808424033271392 0.04979473078269385
0.04808424033271392 0.04979473078269385
0.04808424033271392 0.04979473078269385
0.04808424033271392 0.04979473078269385
0.04808424033271392 0.04979473078269385
0.04808424033271392 0.04979473078269385
0.04808424033271392 0.04979473078269385
0.04808424033271392 0.04979473078269385
0.04808424033271392 0.04979473078269385
0.04808424033271392 0.04979473078269385
0.04808424033271392 0.04979473078269385
0.04802941317996135 0.049794741201308196
0.04802941317996135 0.049794741201308196
0.04802941317996135 0.049794741201308196
0.04802941317996135 0.049794741201308196
0.04802941317996135 0.049794741201308196
0.048202910736091925 0.04979525531686066
0.048202910736091925 0.04979525531686066
0.048202910736091925 0.04979525531686066
0.048202910736091925 0.04979525531686066
0.048202910736091925 0.04979525531686066
0.04802941317996135 0.049794741201308196
0.04802941317996135 0.049794741201308196
0.04802941317996135 0.049794741201308196
0.04802941317996135 0.049794741201308196
0.04802941317996135 0.049794741201308196
0.047962511067441205 0.04979444297040606
0.047962511067441205 0.04979444297040606
0.047962511067441205 0.04979444297040606
0.047962511067441205 0.04979444297040606
0.047962511067441205 0.04979444297040606
0.047962511067441205 0.04979444297040606
0.047962511067441205 0.04979444297040606
0.047962511067441205 0.04979444297040606
0.047962511067441205 0.04979444297040606
0.047962511067441205 0.04979444297040606
0.04806350800825939 0.049794919013937136
0.04806350800825939 0.049794919013937136
0.04806350800825939 0.049794919013937136
0.04806350800825939 0.049794919013937136
0.04806350800825939 0.049794919013937136
0.048597273778577955 0.04979654459342272
0.048597273778577955 0.04979654459342272
0.048597273778577955 0.04979654459342272
0.048597273778577955 0.04979654459342272
0.048597273778577955 0.04979654459342272
0.048597273778577955 0.04979654459342272
0.048597273778577955 0.04979654459342272
0.048597273778577955 0.04979654459342272
0.048597273778577955 0.04979654459342272
0.048597273778577955 0.04979654459342272
0.048597273778577955 0.04979654459342272
0.048597273778577955 0.04979654459342272
0.048597273778577955 0.04979654459342272
0.048597273778577955 0.04979654459342272
0.048597273778577955 0.04979654459342272
0.048597273778577955 0.04979654459342272
0.048597273778577955 0.04979654459342272
0.048597273778577955 0.04979654459342272
0.048597273778577955 0.04979654459342272
0.048597273778577955 0.04979654459342272
0.046448866335975066 0.049796866684838334
0.046448866335975066 0.049796866684838334
0.046448866335975066 0.049796866684838334
0.046448866335975066 0.049796866684838334
0.046448866335975066 0.049796866684838334
0.046448866335975066 0.049796866684838334
0.046448866335975066 0.049796866684838334
0.046448866335975066 0.049796866684838334
0.046448866335975066 0.049796866684838334
0.046448866335975066 0.049796866684838334
0.04809279868103398 0.04979515985977953
0.04809279868103398 0.04979515985977953
0.04809279868103398 0.04979515985977953
0.04809279868103398 0.04979515985977953
0.04809279868103398 0.04979515985977953
0.0481734560884103 0.049795033041563984
0.0481734560884103 0.049795033041563984
0.0481734560884103 0.049795033041563984
0.0481734560884103 0.049795033041563984
0.0481734560884103 0.049795033041563984
0.0481734560884103 0.049795033041563984
0.0481734560884103 0.049795033041563984
0.0481734560884103 0.049795033041563984
0.0481734560884103 0.049795033041563984
0.0481734560884103 0.049795033041563984
0.0481734560884103 0.049795033041563984
0.0481734560884103 0.049795033041563984
0.0481734560884103 0.049795033041563984
0.0481734560884103 0.049795033041563984
0.0481734560884103 0.049795033041563984
0.0481734560884103 0.049795033041563984
0.0481734560884103 0.049795033041563984
0.0481734560884103 0.049795033041563984
0.0481734560884103 0.049795033041563984
0.0481734560884103 0.049795033041563984
0.048218641297978156 0.04979566752347244
0.048218641297978156 0.04979566752347244
0.048218641297978156 0.04979566752347244
0.048218641297978156 0.04979566752347244
0.048218641297978156 0.04979566752347244
0.048218641297978156 0.04979566752347244
0.048218641297978156 0.04979566752347244
0.048218641297978156 0.04979566752347244
0.048218641297978156 0.04979566752347244
0.048218641297978156 0.04979566752347244
0.048074118555374454 0.04979396948400119
0.048074118555374454 0.04979396948400119
0.048074118555374454 0.04979396948400119
0.048074118555374454 0.04979396948400119
0.048074118555374454 0.04979396948400119
0.048074118555374454 0.04979396948400119
0.048074118555374454 0.04979396948400119
0.048074118555374454 0.04979396948400119
0.048074118555374454 0.04979396948400119
0.048074118555374454 0.04979396948400119
0.0481693794509798 0.04979482078378765
0.0481693794509798 0.04979482078378765
0.0481693794509798 0.04979482078378765
0.0481693794509798 0.04979482078378765
0.0481693794509798 0.04979482078378765
0.048074118555374454 0.04979396948400119
0.048074118555374454 0.04979396948400119
0.048074118555374454 0.04979396948400119
0.048074118555374454 0.04979396948400119
0.048074118555374454 0.04979396948400119
0.048074118555374454 0.04979396948400119
0.048074118555374454 0.04979396948400119
0.048074118555374454 0.04979396948400119
0.048074118555374454 0.04979396948400119
0.048074118555374454 0.04979396948400119
0.0481693794509798 0.04979482078378765
0.0481693794509798 0.04979482078378765
0.0481693794509798 0.04979482078378765
0.0481693794509798 0.04979482078378765
0.0481693794509798 0.04979482078378765
0.04816857007915237 0.049795106342997324
0.04816857007915237 0.049795106342997324
0.04816857007915237 0.049795106342997324
0.04816857007915237 0.049795106342997324
0.04816857007915237 0.049795106342997324
0.04783827773446583 0.04979377700620443
0.04783827773446583 0.04979377700620443
0.04783827773446583 0.04979377700620443
0.04783827773446583 0.04979377700620443
0.04783827773446583 0.04979377700620443
0.04783827773446583 0.04979377700620443
0.04783827773446583 0.04979377700620443
0.04783827773446583 0.04979377700620443
0.04783827773446583 0.04979377700620443
0.04783827773446583 0.04979377700620443
0.04783827773446583 0.04979377700620443
0.04783827773446583 0.04979377700620443
0.04783827773446583 0.04979377700620443
0.04783827773446583 0.04979377700620443
0.04783827773446583 0.04979377700620443
0.04783827773446583 0.04979377700620443
0.04783827773446583 0.04979377700620443
0.04783827773446583 0.04979377700620443
0.04783827773446583 0.04979377700620443
0.04783827773446583 0.04979377700620443
0.04783827773446583 0.04979377700620443
0.04783827773446583 0.04979377700620443
0.04783827773446583 0.04979377700620443
0.04783827773446583 0.04979377700620443
0.04783827773446583 0.04979377700620443
0.04783827773446583 0.04979377700620443
0.04783827773446583 0.04979377700620443
0.04783827773446583 0.04979377700620443
0.04783827773446583 0.04979377700620443
0.04783827773446583 0.04979377700620443
0.04805092155842286 0.04979518444196778
0.04805092155842286 0.04979518444196778
0.04805092155842286 0.04979518444196778
0.04805092155842286 0.04979518444196778
0.04805092155842286 0.04979518444196778
0.04812403584074687 0.049794207655977835
0.04812403584074687 0.049794207655977835
0.04812403584074687 0.049794207655977835
0.04812403584074687 0.049794207655977835
0.04812403584074687 0.049794207655977835
0.04812403584074687 0.049794207655977835
0.04812403584074687 0.049794207655977835
0.04812403584074687 0.049794207655977835
0.04812403584074687 0.049794207655977835
0.04812403584074687 0.049794207655977835
0.04812403584074687 0.049794207655977835
0.04812403584074687 0.049794207655977835
0.04812403584074687 0.049794207655977835
0.04812403584074687 0.049794207655977835
0.04812403584074687 0.049794207655977835
0.04812403584074687 0.049794207655977835
0.04812403584074687 0.049794207655977835
0.04812403584074687 0.049794207655977835
0.04812403584074687 0.049794207655977835
0.04812403584074687 0.049794207655977835
0.04845792786812103 0.04979456580088368
0.04845792786812103 0.04979456580088368
0.04845792786812103 0.04979456580088368
0.04845792786812103 0.04979456580088368
0.04845792786812103 0.04979456580088368
0.04845792786812103 0.04979456580088368
0.04845792786812103 0.04979456580088368
0.04845792786812103 0.04979456580088368
0.04845792786812103 0.04979456580088368
0.04845792786812103 0.04979456580088368
0.04845792786812103 0.04979456580088368
0.04845792786812103 0.04979456580088368
0.04845792786812103 0.04979456580088368
0.04845792786812103 0.04979456580088368
0.04845792786812103 0.04979456580088368
0.04845792786812103 0.04979456580088368
0.04845792786812103 0.04979456580088368
0.04845792786812103 0.04979456580088368
0.04845792786812103 0.04979456580088368
0.04845792786812103 0.04979456580088368
0.048095667710378744 0.049794776983604315
0.048095667710378744 0.049794776983604315
0.048095667710378744 0.049794776983604315
0.048095667710378744 0.049794776983604315
0.048095667710378744 0.049794776983604315
0.047954131380950775 0.049794864348534154
0.047954131380950775 0.049794864348534154
0.047954131380950775 0.049794864348534154
0.047954131380950775 0.049794864348534154
0.047954131380950775 0.049794864348534154
0.04777250220874728 0.049795199567294536
0.04777250220874728 0.049795199567294536
0.04777250220874728 0.049795199567294536
0.04777250220874728 0.049795199567294536
0.04777250220874728 0.049795199567294536
0.04777250220874728 0.049795199567294536
0.04777250220874728 0.049795199567294536
0.04777250220874728 0.049795199567294536
0.04777250220874728 0.049795199567294536
0.04777250220874728 0.049795199567294536
0.04777250220874728 0.049795199567294536
0.04777250220874728 0.049795199567294536
0.04777250220874728 0.049795199567294536
0.04777250220874728 0.049795199567294536
0.04777250220874728 0.049795199567294536
0.04777250220874728 0.049795199567294536
0.04777250220874728 0.049795199567294536
0.04777250220874728 0.049795199567294536
0.04777250220874728 0.049795199567294536
0.04777250220874728 0.049795199567294536
0.04800308644265226 0.04979483488648154
0.04800308644265226 0.04979483488648154
0.04800308644265226 0.04979483488648154
0.04800308644265226 0.04979483488648154
0.04800308644265226 0.04979483488648154
0.04832630950577795 0.049794544730654526
0.04832630950577795 0.049794544730654526
0.04832630950577795 0.049794544730654526
0.04832630950577795 0.049794544730654526
0.04832630950577795 0.049794544730654526
0.0482376936221818 0.04979475795631704
0.0482376936221818 0.04979475795631704
0.0482376936221818 0.04979475795631704
0.0482376936221818 0.04979475795631704
0.0482376936221818 0.04979475795631704
0.0482376936221818 0.04979475795631704
0.0482376936221818 0.04979475795631704
0.0482376936221818 0.04979475795631704
0.0482376936221818 0.04979475795631704
0.0482376936221818 0.04979475795631704
0.0482376936221818 0.04979475795631704
0.0482376936221818 0.04979475795631704
0.0482376936221818 0.04979475795631704
0.0482376936221818 0.04979475795631704
0.0482376936221818 0.04979475795631704
0.0386810562519282 0.049795014340817886
0.0386810562519282 0.049795014340817886
0.0386810562519282 0.049795014340817886
0.0386810562519282 0.049795014340817886
0.0386810562519282 0.049795014340817886
0.0386810562519282 0.049795014340817886
0.03832613806186762 0.049794708608027934
0.03832613806186762 0.049794708608027934
0.03832613806186762 0.049794708608027934
0.038435854155713586 0.049795237691226284
0.038435854155713586 0.049795237691226284
0.038435854155713586 0.049795237691226284
0.03857065233714781 0.04979524501860083
0.03857065233714781 0.04979524501860083
0.03857065233714781 0.04979524501860083
0.03867789548252993 0.04979496192149971
0.03867789548252993 0.04979496192149971
0.03867789548252993 0.04979496192149971
0.03853771049026239 0.04979531889628449
0.03853771049026239 0.04979531889628449
0.03853771049026239 0.04979531889628449
0.03852985477591156 0.04979554668277776
0.03852985477591156 0.04979554668277776
0.03852985477591156 0.04979554668277776
0.038421920065925014 0.04979517986562173
0.038421920065925014 0.04979517986562173
0.038421920065925014 0.04979517986562173
0.03811660601946995 0.049796782103389205
0.03811660601946995 0.049796782103389205
0.03811660601946995 0.049796782103389205
0.03811660601946995 0.049796782103389205
0.03811660601946995 0.049796782103389205
0.03811660601946995 0.049796782103389205
0.03811660601946995 0.049796782103389205
0.03811660601946995 0.049796782103389205
0.03811660601946995 0.049796782103389205
0.03811660601946995 0.049796782103389205
0.03811660601946995 0.049796782103389205
0.03811660601946995 0.049796782103389205
0.03811660601946995 0.049796782103389205
0.03811660601946995 0.049796782103389205
0.03811660601946995 0.049796782103389205
0.03811660601946995 0.049796782103389205
0.03811660601946995 0.049796782103389205
0.03811660601946995 0.049796782103389205
0.038522547020167684 0.049795216208011334
0.038522547020167684 0.049795216208011334
0.038522547020167684 0.049795216208011334
0.03860208702500492 0.0497949687228618
0.03860208702500492 0.0497949687228618
0.03860208702500492 0.0497949687228618
0.03856163152968461 0.04979534216411755
0.03856163152968461 0.04979534216411755
0.03856163152968461 0.04979534216411755
0.03856163152968461 0.04979534216411755
0.03856163152968461 0.04979534216411755
0.03856163152968461 0.04979534216411755
0.0384472378337409 0.04979472671616124
0.0384472378337409 0.04979472671616124
0.0384472378337409 0.04979472671616124
0.03909270436403082 0.04979432475772154
0.03909270436403082 0.04979432475772154
0.03909270436403082 0.04979432475772154
0.03909270436403082 0.04979432475772154
0.03909270436403082 0.04979432475772154
0.03909270436403082 0.04979432475772154
0.03850253008773617 0.04979510241161332
0.03850253008773617 0.04979510241161332
0.03850253008773617 0.04979510241161332
0.03850253008773617 0.04979510241161332
0.03850253008773617 0.04979510241161332
0.03850253008773617 0.04979510241161332
0.038435143399305864 0.04979473078269385
0.038435143399305864 0.04979473078269385
0.038435143399305864 0.04979473078269385
0.038435143399305864 0.04979473078269385
0.038435143399305864 0.04979473078269385
0.038435143399305864 0.04979473078269385
0.038435143399305864 0.04979473078269385
0.038435143399305864 0.04979473078269385
0.038435143399305864 0.04979473078269385
0.038435143399305864 0.04979473078269385
0.038435143399305864 0.04979473078269385
0.038435143399305864 0.04979473078269385
0.03847152260185333 0.049794741201308196
0.03847152260185333 0.049794741201308196
0.03847152260185333 0.049794741201308196
0.038922987608351854 0.04979525531686066
0.038922987608351854 0.04979525531686066
0.038922987608351854 0.04979525531686066
0.03847152260185333 0.049794741201308196
0.03847152260185333 0.049794741201308196
0.03847152260185333 0.049794741201308196
0.03865506294944609 0.04979444297040606
0.03865506294944609 0.04979444297040606
0.03865506294944609 0.04979444297040606
0.03865506294944609 0.04979444297040606
0.03865506294944609 0.04979444297040606
0.03865506294944609 0.04979444297040606
0.038422031084323904 0.049794919013937136
0.038422031084323904 0.049794919013937136
0.038422031084323904 0.049794919013937136
0.038620908223505654 0.04979654459342272
0.038620908223505654 0.04979654459342272
0.038620908223505654 0.04979654459342272
0.038620908223505654 0.04979654459342272
0.038620908223505654 0.04979654459342272
0.038620908223505654 0.04979654459342272
0.038620908223505654 0.04979654459342272
0.038620908223505654 0.04979654459342272
0.038620908223505654 0.04979654459342272
0.038620908223505654 0.04979654459342272
0.038620908223505654 0.04979654459342272
0.038620908223505654 0.04979654459342272
0.03899880266833913 0.049796866684838334
0.03899880266833913 0.049796866684838334
0.03899880266833913 0.049796866684838334
0.03899880266833913 0.049796866684838334
0.03899880266833913 0.049796866684838334
0.03899880266833913 0.049796866684838334
0.0385609138550315 0.04979515985977953
0.0385609138550315 0.04979515985977953
0.0385609138550315 0.04979515985977953
0.0384713078745633 0.049795033041563984
0.0384713078745633 0.049795033041563984
0.0384713078745633 0.049795033041563984
0.0384713078745633 0.049795033041563984
0.0384713078745633 0.049795033041563984
0.0384713078745633 0.049795033041563984
0.0384713078745633 0.049795033041563984
0.0384713078745633 0.049795033041563984
0.0384713078745633 0.049795033041563984
0.0384713078745633 0.049795033041563984
0.0384713078745633 0.049795033041563984
0.0384713078745633 0.049795033041563984
0.03806408955111663 0.04979566752347244
0.03806408955111663 0.04979566752347244
0.03806408955111663 0.04979566752347244
0.03806408955111663 0.04979566752347244
0.03806408955111663 0.04979566752347244
0.03806408955111663 0.04979566752347244
0.0382774298704641 0.04979396948400119
0.0382774298704641 0.04979396948400119
0.0382774298704641 0.04979396948400119
0.0382774298704641 0.04979396948400119
0.0382774298704641 0.04979396948400119
0.0382774298704641 0.04979396948400119
0.03853199632491785 0.04979482078378765
0.03853199632491785 0.04979482078378765
0.03853199632491785 0.04979482078378765
0.0382774298704641 0.04979396948400119
0.0382774298704641 0.04979396948400119
0.0382774298704641 0.04979396948400119
0.0382774298704641 0.04979396948400119
0.0382774298704641 0.04979396948400119
0.0382774298704641 0.04979396948400119
0.03853199632491785 0.04979482078378765
0.03853199632491785 0.04979482078378765
0.03853199632491785 0.04979482078378765
0.03878181600915004 0.049795106342997324
0.03878181600915004 0.049795106342997324
0.03878181600915004 0.049795106342997324
0.03884671672616361 0.04979377700620443
0.03884671672616361 0.04979377700620443
0.03884671672616361 0.04979377700620443
0.03884671672616361 0.04979377700620443
0.03884671672616361 0.04979377700620443
0.03884671672616361 0.04979377700620443
0.03884671672616361 0.04979377700620443
0.03884671672616361 0.04979377700620443
0.03884671672616361 0.04979377700620443
0.03884671672616361 0.04979377700620443
0.03884671672616361 0.04979377700620443
0.03884671672616361 0.04979377700620443
0.03884671672616361 0.04979377700620443
0.03884671672616361 0.04979377700620443
0.03884671672616361 0.04979377700620443
0.03884671672616361 0.04979377700620443
0.03884671672616361 0.04979377700620443
0.03884671672616361 0.04979377700620443
0.03845863498267469 0.04979518444196778
0.03845863498267469 0.04979518444196778
0.03845863498267469 0.04979518444196778
0.038620323078275745 0.049794207655977835
0.038620323078275745 0.049794207655977835
0.038620323078275745 0.049794207655977835
0.038620323078275745 0.049794207655977835
0.038620323078275745 0.049794207655977835
0.038620323078275745 0.049794207655977835
0.038620323078275745 0.049794207655977835
0.038620323078275745 0.049794207655977835
0.038620323078275745 0.049794207655977835
0.038620323078275745 0.049794207655977835
0.038620323078275745 0.049794207655977835
0.038620323078275745 0.049794207655977835
0.03832557034990096 0.04979456580088368
0.03832557034990096 0.04979456580088368
0.03832557034990096 0.04979456580088368
0.03832557034990096 0.04979456580088368
0.03832557034990096 0.04979456580088368
0.03832557034990096 0.04979456580088368
0.03832557034990096 0.04979456580088368
0.03832557034990096 0.04979456580088368
0.03832557034990096 0.04979456580088368
0.03832557034990096 0.04979456580088368
0.03832557034990096 0.04979456580088368
0.03832557034990096 0.04979456580088368
0.03841264786974069 0.049794776983604315
0.03841264786974069 0.049794776983604315
0.03841264786974069 0.049794776983604315
0.03844666936581306 0.049794864348534154
0.03844666936581306 0.049794864348534154
0.03844666936581306 0.049794864348534154
0.03845127090364777 0.049795199567294536
0.03845127090364777 0.049795199567294536
0.03845127090364777 0.049795199567294536
0.03845127090364777 0.049795199567294536
0.03845127090364777 0.049795199567294536
0.03845127090364777 0.049795199567294536
0.03845127090364777 0.049795199567294536
0.03845127090364777 0.049795199567294536
0.03845127090364777 0.049795199567294536
0.03845127090364777 0.049795199567294536
0.03845127090364777 0.049795199567294536
0.03845127090364777 0.049795199567294536
0.03843709270951579 0.04979483488648154
0.03843709270951579 0.04979483488648154
0.03843709270951579 0.04979483488648154
0.03841721832669559 0.049794544730654526
0.03841721832669559 0.049794544730654526
0.03841721832669559 0.049794544730654526
0.03852782830788454 0.04979475795631704
0.03852782830788454 0.04979475795631704
0.03852782830788454 0.04979475795631704
0.03852782830788454 0.04979475795631704
0.03852782830788454 0.04979475795631704
0.03852782830788454 0.04979475795631704
0.03852782830788454 0.04979475795631704
0.03852782830788454 0.04979475795631704
0.03852782830788454 0.04979475795631704