0.24762491821809976 0.04348788547173323
0.24762491821809976 0.04348788547173323
0.24762491821809976 0.04348788547173323
0.24762491821809976 0.04348788547173323
0.24762491821809976 0.04348788547173323
0.24762491821809976 0.04348788547173323
0.24762491821809976 0.04348788547173323
0.24762491821809976 0.04348788547173323
0.24762491821809976 0.04348788547173323
0.24762491821809976 0.04348788547173323
0.24762491821809976 0.04348788547173323
0.24762491821809976 0.04348788547173323
0.24762491821809976 0.04348788547173323
0.24762491821809976 0.04348788547173323
0.24762491821809976 0.04348788547173323
0.24762491821809976 0.04348788547173323
0.02352471874751009 0.04348788547173323
0.02352471874751009 0.04348788547173323
0.02352471874751009 0.04348788547173323
0.02352471874751009 0.04348788547173323
0.02352471874751009 0.04348788547173323
0.02352471874751009 0.04348788547173323
0.05619217223315926 0.04348788547173323
0.05619217223315926 0.04348788547173323
0.05619217223315926 0.04348788547173323
0.05619217223315926 0.04348788547173323
0.05619217223315926 0.04348788547173323
0.05619217223315926 0.04348788547173323
0.05619217223315926 0.04348788547173323
0.05619217223315926 0.04348788547173323
0.05619217223315926 0.04348788547173323
0.05619217223315926 0.04348788547173323
0.05619217223315926 0.04348788547173323
0.05619217223315926 0.04348788547173323
0.029645682069004104 0.04348788547173323
0.029645682069004104 0.04348788547173323
0.029645682069004104 0.04348788547173323
0.029645682069004104 0.04348788547173323
0.08930626902855861 0.04348788547173323
0.08930626902855861 0.04348788547173323