0.20016563818350705 0.20366275288161315
0.20016563818350705 0.20366275288161315
0.2925687267402208 0.2966791297451078
0.2925687267402208 0.2966791297451078
0.2925687267402208 0.2966791297451078
0.2925687267402208 0.2966791297451078
0.2925687267402208 0.2966791297451078
0.2925687267402208 0.2966791297451078
0.2925687267402208 0.2966791297451078
0.2925687267402208 0.2966791297451078
0.1881732739961418 0.1884989260945061
0.1881732739961418 0.1884989260945061
0.2289167606503946 0.22935802271544897
0.2289167606503946 0.22935802271544897
0.2289167606503946 0.22935802271544897
0.2289167606503946 0.22935802271544897
0.2289167606503946 0.22935802271544897
0.2289167606503946 0.22935802271544897
0.2289167606503946 0.22935802271544897
0.2289167606503946 0.22935802271544897
0.2289167606503946 0.22935802271544897
0.2289167606503946 0.22935802271544897
0.21144993472203008 0.21279437795328351
0.21144993472203008 0.21279437795328351
0.21144993472203008 0.21279437795328351
0.21144993472203008 0.21279437795328351
0.2443791597238484 0.2460216544758329
0.2443791597238484 0.2460216544758329
0.23773557917555513 0.24218899313266382
0.23773557917555513 0.24218899313266382
0.23773557917555513 0.24218899313266382
0.23773557917555513 0.24218899313266382
0.2443791597238484 0.2460216544758329
0.2443791597238484 0.2460216544758329
0.2443791597238484 0.2460216544758329
0.2443791597238484 0.2460216544758329
0.15015165562672492 0.15073907924125837
0.15015165562672492 0.15073907924125837
0.15015165562672492 0.15073907924125837
0.15015165562672492 0.15073907924125837
0.21902013088922986 0.21945983065743707
0.21902013088922986 0.21945983065743707
0.21902013088922986 0.21945983065743707
0.21902013088922986 0.21945983065743707
0.21902013088922986 0.21945983065743707
0.21902013088922986 0.21945983065743707
0.21902013088922986 0.21945983065743707
0.21902013088922986 0.21945983065743707
0.1925964835475387 0.19153169145192753
0.1925964835475387 0.19153169145192753
0.1925964835475387 0.19153169145192753
0.1925964835475387 0.19153169145192753
0.23773557917555513 0.24218899313266382
0.23773557917555513 0.24218899313266382
0.15185299689328594 0.15067242124244606
0.15185299689328594 0.15067242124244606
0.18837359516965588 0.18803232010281995
0.18837359516965588 0.18803232010281995
0.18837359516965588 0.18803232010281995
0.18837359516965588 0.18803232010281995
0.18837359516965588 0.18803232010281995
0.18837359516965588 0.18803232010281995
0.2401623469448157 0.23732330639644256
0.2401623469448157 0.23732330639644256
0.23773557917555513 0.24218899313266382
0.23773557917555513 0.24218899313266382
0.23773557917555513 0.24218899313266382
0.23773557917555513 0.24218899313266382
0.2401623469448157 0.23732330639644256
0.2401623469448157 0.23732330639644256
0.2401623469448157 0.23732330639644256
0.2401623469448157 0.23732330639644256
0.2401623469448157 0.23732330639644256
0.2401623469448157 0.23732330639644256
0.2401623469448157 0.23732330639644256
0.2401623469448157 0.23732330639644256
0.17129387168231075 0.16860255498026386
0.17129387168231075 0.16860255498026386
0.17129387168231075 0.16860255498026386
0.17129387168231075 0.16860255498026386
0.1794258003603351 0.17596774308340807
0.1794258003603351 0.17596774308340807
0.1794258003603351 0.17596774308340807
0.1794258003603351 0.17596774308340807
0.1794258003603351 0.17596774308340807
0.1794258003603351 0.17596774308340807
0.1794258003603351 0.17596774308340807
0.1794258003603351 0.17596774308340807
0.1794258003603351 0.17596774308340807
0.1794258003603351 0.17596774308340807
0.14875930195882514 0.14680643089987083
0.14875930195882514 0.14680643089987083
0.14875930195882514 0.14680643089987083
0.14875930195882514 0.14680643089987083
0.23773557917555513 0.24218899313266382
0.23773557917555513 0.24218899313266382
0.14875930195882514 0.14680643089987083
0.14875930195882514 0.14680643089987083
0.14875930195882514 0.14680643089987083
0.14875930195882514 0.14680643089987083
0.14875930195882514 0.14680643089987083
0.14875930195882514 0.14680643089987083
0.14875930195882514 0.14680643089987083
0.14875930195882514 0.14680643089987083
0.14875930195882514 0.14680643089987083
0.14875930195882514 0.14680643089987083
0.14875930195882514 0.14680643089987083
0.14875930195882514 0.14680643089987083
0.1418643652066771 0.13947457179613276
0.1418643652066771 0.13947457179613276
0.1418643652066771 0.13947457179613276
0.1418643652066771 0.13947457179613276
0.1418643652066771 0.13947457179613276
0.1418643652066771 0.13947457179613276
0.1418643652066771 0.13947457179613276
0.1418643652066771 0.13947457179613276
0.1418643652066771 0.13947457179613276
0.1418643652066771 0.13947457179613276
0.057146388429698984 0.05695630897996076
0.057146388429698984 0.05695630897996076
0.0812026352823218 0.08065183884942739
0.0812026352823218 0.08065183884942739
0.0812026352823218 0.08065183884942739
0.0812026352823218 0.08065183884942739
0.0812026352823218 0.08065183884942739
0.0812026352823218 0.08065183884942739
0.0812026352823218 0.08065183884942739
0.0812026352823218 0.08065183884942739
0.0812026352823218 0.08065183884942739
0.0812026352823218 0.08065183884942739
0.07307070660429746 0.07328665074628317
0.07307070660429746 0.07328665074628317
0.11806936910460775 0.11761178971692743
0.11806936910460775 0.11761178971692743
0.11806936910460775 0.11761178971692743
0.11806936910460775 0.11761178971692743
0.21608978276956695 0.22002642364734168
0.21608978276956695 0.22002642364734168
0.15432698074503853 0.15413846359214747
0.15432698074503853 0.15413846359214747
0.15432698074503853 0.15413846359214747
0.15432698074503853 0.15413846359214747
0.15432698074503853 0.15413846359214747
0.15432698074503853 0.15413846359214747
0.15134143147010917 0.14910613185889543
0.15134143147010917 0.14910613185889543
0.15134143147010917 0.14910613185889543
0.15134143147010917 0.14910613185889543
0.15134143147010917 0.14910613185889543
0.15134143147010917 0.14910613185889543
0.15134143147010917 0.14910613185889543
0.15134143147010917 0.14910613185889543
0.15134143147010917 0.14910613185889543
0.15134143147010917 0.14910613185889543
0.15134143147010917 0.14910613185889543
0.15134143147010917 0.14910613185889543
0.15134143147010917 0.14910613185889543
0.15134143147010917 0.14910613185889543
0.15134143147010917 0.14910613185889543
0.15134143147010917 0.14910613185889543
0.2925687267402208 0.2966791297451078
0.2925687267402208 0.2966791297451078
0.2925687267402208 0.2966791297451078
0.2925687267402208 0.2966791297451078
0.18906413037610215 0.18809897810163226
0.18906413037610215 0.18809897810163226
0.18906413037610215 0.18809897810163226
0.18906413037610215 0.18809897810163226
0.18906413037610215 0.18809897810163226
0.18906413037610215 0.18809897810163226
0.18906413037610215 0.18809897810163226
0.18906413037610215 0.18809897810163226
0.18906413037610215 0.18809897810163226
0.18906413037610215 0.18809897810163226
0.18906413037610215 0.18809897810163226
0.18906413037610215 0.18809897810163226
0.18906413037610215 0.18809897810163226
0.18906413037610215 0.18809897810163226
0.18906413037610215 0.18809897810163226
0.18906413037610215 0.18809897810163226
0.18906413037610215 0.18809897810163226
0.18906413037610215 0.18809897810163226
0.18906413037610215 0.18809897810163226
0.18906413037610215 0.18809897810163226
0.18906413037610215 0.18809897810163226
0.18906413037610215 0.18809897810163226
0.18906413037610215 0.18809897810163226
0.18906413037610215 0.18809897810163226
0.18906413037610215 0.18809897810163226
0.18906413037610215 0.18809897810163226
0.18906413037610215 0.18809897810163226
0.18906413037610215 0.18809897810163226
0.18906413037610215 0.18809897810163226
0.18906413037610215 0.18809897810163226
0.18906413037610215 0.18809897810163226
0.18906413037610215 0.18809897810163226
0.18906413037610215 0.18809897810163226
0.18906413037610215 0.18809897810163226
0.2925687267402208 0.2966791297451078
0.2925687267402208 0.2966791297451078