0.04438060621197615 0.043487863936617396
0.04438060621197615 0.043487863936617396
0.044381381116547235 0.04348787347937775
0.044381381116547235 0.04348787347937775
0.044381381116547235 0.04348787347937775
0.044381381116547235 0.04348787347937775
0.044381381116547235 0.04348787347937775
0.044381381116547235 0.04348787347937775
0.044381381116547235 0.04348787347937775
0.044381381116547235 0.04348787347937775
0.04437787026376341 0.043487881173845284
0.04437787026376341 0.043487881173845284
0.044379270114294364 0.043487882975756044
0.044379270114294364 0.043487882975756044
0.044379270114294364 0.043487882975756044
0.044379270114294364 0.043487882975756044
0.044379270114294364 0.043487882975756044
0.044379270114294364 0.043487882975756044
0.044379270114294364 0.043487882975756044
0.044379270114294364 0.043487882975756044
0.044379270114294364 0.043487882975756044
0.044379270114294364 0.043487882975756044
0.044379631336474316 0.043487866168362636
0.044379631336474316 0.043487866168362636
0.044379631336474316 0.043487866168362636
0.044379631336474316 0.043487866168362636
0.044379113950084974 0.04348786292510455
0.044379113950084974 0.04348786292510455
0.04437853325797044 0.043487885977080996
0.04437853325797044 0.043487885977080996
0.04437853325797044 0.043487885977080996
0.04437853325797044 0.043487885977080996
0.044379113950084974 0.04348786292510455
0.044379113950084974 0.04348786292510455
0.044379113950084974 0.04348786292510455
0.044379113950084974 0.04348786292510455
0.04438248396243092 0.04348790366904765
0.04438248396243092 0.04348790366904765
0.04438248396243092 0.04348790366904765
0.04438248396243092 0.04348790366904765
0.044386558896513564 0.04348787926007043
0.044386558896513564 0.04348787926007043
0.044386558896513564 0.04348787926007043
0.044386558896513564 0.04348787926007043
0.044386558896513564 0.04348787926007043
0.044386558896513564 0.04348787926007043
0.044386558896513564 0.04348787926007043
0.044386558896513564 0.04348787926007043
0.04438428448523086 0.043487877508048514
0.04438428448523086 0.043487877508048514
0.04438428448523086 0.043487877508048514
0.04438428448523086 0.043487877508048514
0.04437853325797044 0.043487885977080996
0.04437853325797044 0.043487885977080996
0.04438389521729809 0.04348787150525888
0.04438389521729809 0.04348787150525888
0.0443839578825429 0.04348786855731512
0.0443839578825429 0.04348786855731512
0.0443839578825429 0.04348786855731512
0.0443839578825429 0.04348786855731512
0.0443839578825429 0.04348786855731512
0.0443839578825429 0.04348786855731512
0.04438595632402711 0.04348789394870322
0.04438595632402711 0.04348789394870322
0.04437853325797044 0.043487885977080996
0.04437853325797044 0.043487885977080996
0.04437853325797044 0.043487885977080996
0.04437853325797044 0.043487885977080996
0.04438595632402711 0.04348789394870322
0.04438595632402711 0.04348789394870322
0.04438595632402711 0.04348789394870322
0.04438595632402711 0.04348789394870322
0.04438595632402711 0.04348789394870322
0.04438595632402711 0.04348789394870322
0.04438595632402711 0.04348789394870322
0.04438595632402711 0.04348789394870322
0.04438214208163163 0.04348787495974138
0.04438214208163163 0.04348787495974138
0.04438214208163163 0.04348787495974138
0.04438214208163163 0.04348787495974138
0.0443843070873905 0.04348786442115277
0.0443843070873905 0.04348786442115277
0.0443843070873905 0.04348786442115277
0.0443843070873905 0.04348786442115277
0.0443843070873905 0.04348786442115277
0.0443843070873905 0.04348786442115277
0.0443843070873905 0.04348786442115277
0.0443843070873905 0.04348786442115277
0.0443843070873905 0.04348786442115277
0.0443843070873905 0.04348786442115277
0.044385020497813905 0.04348789324579041
0.044385020497813905 0.04348789324579041
0.044385020497813905 0.04348789324579041
0.044385020497813905 0.04348789324579041
0.04437853325797044 0.043487885977080996
0.04437853325797044 0.043487885977080996
0.044385020497813905 0.04348789324579041
0.044385020497813905 0.04348789324579041
0.044385020497813905 0.04348789324579041
0.044385020497813905 0.04348789324579041
0.044385020497813905 0.04348789324579041
0.044385020497813905 0.04348789324579041
0.044385020497813905 0.04348789324579041
0.044385020497813905 0.04348789324579041
0.044385020497813905 0.04348789324579041
0.044385020497813905 0.04348789324579041
0.044385020497813905 0.04348789324579041
0.044385020497813905 0.04348789324579041
0.04439032692432836 0.04348786831070105
0.04439032692432836 0.04348786831070105
0.04439032692432836 0.04348786831070105
0.04439032692432836 0.04348786831070105
0.04439032692432836 0.04348786831070105
0.04439032692432836 0.04348786831070105
0.04439032692432836 0.04348786831070105
0.04439032692432836 0.04348786831070105
0.04439032692432836 0.04348786831070105
0.04439032692432836 0.04348786831070105
0.044396075847507474 0.043487916090480465
0.044396075847507474 0.043487916090480465
0.044397345495278746 0.043487912279277174
0.044397345495278746 0.043487912279277174
0.044397345495278746 0.043487912279277174
0.044397345495278746 0.043487912279277174
0.044397345495278746 0.043487912279277174
0.044397345495278746 0.043487912279277174
0.044397345495278746 0.043487912279277174
0.044397345495278746 0.043487912279277174
0.044397345495278746 0.043487912279277174
0.044397345495278746 0.043487912279277174
0.044393721268445104 0.043487833669175545
0.044393721268445104 0.043487833669175545
0.04438829818515425 0.04348784867859982
0.04438829818515425 0.04348784867859982
0.04438829818515425 0.04348784867859982
0.04438829818515425 0.04348784867859982
0.04438058400980514 0.043487887234361644
0.04438058400980514 0.043487887234361644
0.04438638493106295 0.0434878668332466
0.04438638493106295 0.0434878668332466
0.04438638493106295 0.0434878668332466
0.04438638493106295 0.0434878668332466
0.04438638493106295 0.0434878668332466
0.04438638493106295 0.0434878668332466
0.044375688199669666 0.043487903437051424
0.044375688199669666 0.043487903437051424
0.044375688199669666 0.043487903437051424
0.044375688199669666 0.043487903437051424
0.044375688199669666 0.043487903437051424
0.044375688199669666 0.043487903437051424
0.044375688199669666 0.043487903437051424
0.044375688199669666 0.043487903437051424
0.044375688199669666 0.043487903437051424
0.044375688199669666 0.043487903437051424
0.044375688199669666 0.043487903437051424
0.044375688199669666 0.043487903437051424
0.044375688199669666 0.043487903437051424
0.044375688199669666 0.043487903437051424
0.044375688199669666 0.043487903437051424
0.044375688199669666 0.043487903437051424
0.044381381116547235 0.04348787347937775
0.044381381116547235 0.04348787347937775
0.044381381116547235 0.04348787347937775
0.044381381116547235 0.04348787347937775
0.04437008942995716 0.043487894333831593
0.04437008942995716 0.043487894333831593
0.04437008942995716 0.043487894333831593
0.04437008942995716 0.043487894333831593
0.04437008942995716 0.043487894333831593
0.04437008942995716 0.043487894333831593
0.04437008942995716 0.043487894333831593
0.04437008942995716 0.043487894333831593
0.04437008942995716 0.043487894333831593
0.04437008942995716 0.043487894333831593
0.04437008942995716 0.043487894333831593
0.04437008942995716 0.043487894333831593
0.04437008942995716 0.043487894333831593
0.04437008942995716 0.043487894333831593
0.04437008942995716 0.043487894333831593
0.04437008942995716 0.043487894333831593
0.04437008942995716 0.043487894333831593
0.04437008942995716 0.043487894333831593
0.04437008942995716 0.043487894333831593
0.04437008942995716 0.043487894333831593
0.04437008942995716 0.043487894333831593
0.04437008942995716 0.043487894333831593
0.04437008942995716 0.043487894333831593
0.04437008942995716 0.043487894333831593
0.04437008942995716 0.043487894333831593
0.04437008942995716 0.043487894333831593
0.04437008942995716 0.043487894333831593
0.04437008942995716 0.043487894333831593
0.04437008942995716 0.043487894333831593
0.04437008942995716 0.043487894333831593
0.04437008942995716 0.043487894333831593
0.04437008942995716 0.043487894333831593
0.04437008942995716 0.043487894333831593
0.04437008942995716 0.043487894333831593
0.044381381116547235 0.04348787347937775
0.044381381116547235 0.04348787347937775