0.24762491821809976 0.04348788547173323
0.24762491821809976 0.04348788547173323
0.24762491821809976 0.04348788547173323
0.24762491821809976 0.04348788547173323
0.02352471874751009 0.04348788547173323
0.02352471874751009 0.04348788547173323
0.025410584630574946 0.04348788547173323
0.025410584630574946 0.04348788547173323
0.02352471874751009 0.04348788547173323
0.02352471874751009 0.04348788547173323
0.05619217223315926 0.04348788547173323
0.05619217223315926 0.04348788547173323
0.05619217223315926 0.04348788547173323
0.05619217223315926 0.04348788547173323
0.12381245910904988 0.04348788547173323
0.12381245910904988 0.04348788547173323
0.09038321232186995 0.04348788547173323
0.09038321232186995 0.04348788547173323
0.24762491821809976 0.04348788547173323
0.24762491821809976 0.04348788547173323
0.18381400288978628 0.04348788547173323
0.18381400288978628 0.04348788547173323
0.24762491821809976 0.04348788547173323
0.24762491821809976 0.04348788547173323
0.18381400288978628 0.04348788547173323
0.18381400288978628 0.04348788547173323
0.24762491821809976 0.04348788547173323
0.24762491821809976 0.04348788547173323
0.24762491821809976 0.04348788547173323
0.24762491821809976 0.04348788547173323
0.24762491821809976 0.04348788547173323
0.24762491821809976 0.04348788547173323
0.18381400288978628 0.04348788547173323
0.18381400288978628 0.04348788547173323
0.12381245910904988 0.04348788547173323
0.12381245910904988 0.04348788547173323
0.11028840173387176 0.04348788547173323
0.11028840173387176 0.04348788547173323
0.24762491821809976 0.04348788547173323
0.24762491821809976 0.04348788547173323
0.24762491821809976 0.04348788547173323
0.24762491821809976 0.04348788547173323
0.18381400288978628 0.04348788547173323
0.18381400288978628 0.04348788547173323
0.05619217223315926 0.04348788547173323
0.05619217223315926 0.04348788547173323
0.029645682069004104 0.04348788547173323
0.029645682069004104 0.04348788547173323
0.029645682069004104 0.04348788547173323
0.029645682069004104 0.04348788547173323
0.08930626902855861 0.04348788547173323
0.08930626902855861 0.04348788547173323
0.05619217223315926 0.04348788547173323
0.05619217223315926 0.04348788547173323
0.029645682069004104 0.04348788547173323
0.029645682069004104 0.04348788547173323
0.029645682069004104 0.04348788547173323
0.029645682069004104 0.04348788547173323
0.02352471874751009 0.04348788547173323
0.02352471874751009 0.04348788547173323
0.029645682069004104 0.04348788547173323
0.029645682069004104 0.04348788547173323
0.015683145831673392 0.04348788547173323
0.015683145831673392 0.04348788547173323
0.011762359373755044 0.04348788547173323
0.011762359373755044 0.04348788547173323
0.019763788046002737 0.04348788547173323
0.019763788046002737 0.04348788547173323
0.02352471874751009 0.04348788547173323
0.02352471874751009 0.04348788547173323
0.02352471874751009 0.04348788547173323
0.02352471874751009 0.04348788547173323
0.05641549388803435 0.04348788547173323
0.05641549388803435 0.04348788547173323
0.03441386990939315 0.04348788547173323
0.03441386990939315 0.04348788547173323
0.028115441238630603 0.04348788547173323
0.028115441238630603 0.04348788547173323
0.02352471874751009 0.04348788547173323
0.02352471874751009 0.04348788547173323
0.05619217223315926 0.04348788547173323
0.05619217223315926 0.04348788547173323
0.05619217223315926 0.04348788547173323
0.05619217223315926 0.04348788547173323
0.029645682069004104 0.04348788547173323
0.029645682069004104 0.04348788547173323
0.05619217223315926 0.04348788547173323
0.05619217223315926 0.04348788547173323
0.029645682069004104 0.04348788547173323
0.029645682069004104 0.04348788547173323
0.029645682069004104 0.04348788547173323
0.029645682069004104 0.04348788547173323