0.04438887800145899 0.04332876599983058
0.04438887800145899 0.04332876599983058
0.04438887800145899 0.04332876599983058
0.04438887800145899 0.04332876599983058
0.044382738205659994 0.04332879800585447
0.044382738205659994 0.04332879800585447
0.04437799500048189 0.043328757357618694
0.04437799500048189 0.043328757357618694
0.04438084282123937 0.04332883993094776
0.04438084282123937 0.04332883993094776
0.04437558508677391 0.04332878851059439
0.04437558508677391 0.04332878851059439
0.044376359722664536 0.043328794198305196
0.044376359722664536 0.043328794198305196
0.04437495942138136 0.04332877407005314
0.04437495942138136 0.04332877407005314
0.04437312513141469 0.043328810077151676
0.04437312513141469 0.043328810077151676
0.044379118718584035 0.04332867932655532
0.044379118718584035 0.04332867932655532
0.044379118718584035 0.04332867932655532
0.044379118718584035 0.04332867932655532
0.044379118718584035 0.04332867932655532
0.044379118718584035 0.04332867932655532
0.044379118718584035 0.04332867932655532
0.044379118718584035 0.04332867932655532
0.044379118718584035 0.04332867932655532
0.044379118718584035 0.04332867932655532
0.044379118718584035 0.04332867932655532
0.044379118718584035 0.04332867932655532
0.04438882798803974 0.043328769763526766
0.04438882798803974 0.043328769763526766
0.04438021275949729 0.04332878701759638
0.04438021275949729 0.04332878701759638
0.04437549210240214 0.04332880959692518
0.04437549210240214 0.04332880959692518
0.04437549210240214 0.04332880959692518
0.04437549210240214 0.04332880959692518
0.04438834946970323 0.043328793565110796
0.04438834946970323 0.043328793565110796
0.04490767090246194 0.043328967508797396
0.04491001044187453 0.043328967508797396
0.04490677938232107 0.043328967508797396
0.04490745050698801 0.043328967508797396
0.04490745050698801 0.043328967508797396
0.04489838927090637 0.043328967508797396
0.04490783129329929 0.043328967508797396
0.044908404314037066 0.043328967508797396
0.04491028183919224 0.043328967508797396
0.04490738244390405 0.043328967508797396
0.04489605572034822 0.043328967508797396
0.04490738244390405 0.043328967508797396
0.04490738244390405 0.043328967508797396
0.044908460062565485 0.043328967508797396
0.04490094431205756 0.043328967508797396
0.044906138747913854 0.043328967508797396
0.044906138747913854 0.043328967508797396
0.044906138747913854 0.043328967508797396
0.044906138747913854 0.043328967508797396
0.044906138747913854 0.043328967508797396
0.044374897230137635 0.04332857019554439
0.044373743830839266 0.043328785866119754
0.044373743830839266 0.043328785866119754
0.044385735306135966 0.04332874882189862
0.044385735306135966 0.04332874882189862
0.04437579163326012 0.04332887534776453
0.04439544334032833 0.043328768820449455
0.04439544334032833 0.043328768820449455
0.0443733377554765 0.04332882470979705
0.04438644899653139 0.04332875158865676
0.04438644899653139 0.04332875158865676
0.044429911547701754 0.0433292775297739
0.044429911547701754 0.0433292775297739
0.044429911547701754 0.0433292775297739
0.04436146159067712 0.04332875623567591
0.04436146159067712 0.04332875623567591
0.04440944194029167 0.043328724608103907
0.04440944194029167 0.043328724608103907
0.04440036158441146 0.04332881375963966
0.04440036158441146 0.04332881375963966
0.04438029181898385 0.0433287697255843
0.04438029181898385 0.0433287697255843
0.04438029181898385 0.0433287697255843
0.04438029181898385 0.0433287697255843
0.04438029181898385 0.0433287697255843
0.04438029181898385 0.0433287697255843
0.04438029181898385 0.0433287697255843
0.04438029181898385 0.0433287697255843
0.04438029181898385 0.0433287697255843
0.04438029181898385 0.0433287697255843
0.04438029181898385 0.0433287697255843
0.04438029181898385 0.0433287697255843
0.04438029181898385 0.0433287697255843
0.04438029181898385 0.0433287697255843
0.04438029181898385 0.0433287697255843
0.04438029181898385 0.0433287697255843
0.04438029181898385 0.0433287697255843
0.04438029181898385 0.0433287697255843
0.04438029181898385 0.0433287697255843
0.04438029181898385 0.0433287697255843
0.04438059803465389 0.04332873840820609
0.04438059803465389 0.04332873840820609
0.04438059803465389 0.04332873840820609
0.04438059803465389 0.04332873840820609
0.04438059803465389 0.04332873840820609
0.04438059803465389 0.04332873840820609
0.04438059803465389 0.04332873840820609
0.04438059803465389 0.04332873840820609
0.04438059803465389 0.04332873840820609
0.04438059803465389 0.04332873840820609
0.04438059803465389 0.04332873840820609
0.04438059803465389 0.04332873840820609
0.04438059803465389 0.04332873840820609
0.04438059803465389 0.04332873840820609
0.04438059803465389 0.04332873840820609
0.04438059803465389 0.04332873840820609
0.04438059803465389 0.04332873840820609
0.04438059803465389 0.04332873840820609
0.04438059803465389 0.04332873840820609
0.04438059803465389 0.04332873840820609
0.04436016832767242 0.04332891312403588
0.04436016832767242 0.04332891312403588
0.04436016832767242 0.04332891312403588
0.04436016832767242 0.04332891312403588
0.04436016832767242 0.04332891312403588
0.04436016832767242 0.04332891312403588
0.04436016832767242 0.04332891312403588
0.04436016832767242 0.04332891312403588
0.04436016832767242 0.04332891312403588
0.04436016832767242 0.04332891312403588
0.04436016832767242 0.04332891312403588
0.04436016832767242 0.04332891312403588
0.04436016832767242 0.04332891312403588
0.04436016832767242 0.04332891312403588
0.04436016832767242 0.04332891312403588
0.04436016832767242 0.04332891312403588
0.04436016832767242 0.04332891312403588
0.04436016832767242 0.04332891312403588
0.04436016832767242 0.04332891312403588
0.04436016832767242 0.04332891312403588
0.044385043896861126 0.04332882288191678
0.044385043896861126 0.04332882288191678
0.044385043896861126 0.04332882288191678
0.044385043896861126 0.04332882288191678
0.044385043896861126 0.04332882288191678
0.044385043896861126 0.04332882288191678
0.044385043896861126 0.04332882288191678
0.044385043896861126 0.04332882288191678
0.044385043896861126 0.04332882288191678
0.044385043896861126 0.04332882288191678
0.044385043896861126 0.04332882288191678
0.044385043896861126 0.04332882288191678
0.044385043896861126 0.04332882288191678
0.044385043896861126 0.04332882288191678
0.044385043896861126 0.04332882288191678
0.044385043896861126 0.04332882288191678
0.044385043896861126 0.04332882288191678
0.044385043896861126 0.04332882288191678
0.044385043896861126 0.04332882288191678
0.044385043896861126 0.04332882288191678
0.04438207823610328 0.04332873681974029
0.04438207823610328 0.04332873681974029
0.04438207823610328 0.04332873681974029
0.04438207823610328 0.04332873681974029
0.04438207823610328 0.04332873681974029
0.04438207823610328 0.04332873681974029
0.04438207823610328 0.04332873681974029
0.04438207823610328 0.04332873681974029
0.04438207823610328 0.04332873681974029
0.04438207823610328 0.04332873681974029
0.04438207823610328 0.04332873681974029
0.04438207823610328 0.04332873681974029
0.04438207823610328 0.04332873681974029
0.04438207823610328 0.04332873681974029
0.04438207823610328 0.04332873681974029
0.04438207823610328 0.04332873681974029
0.04438207823610328 0.04332873681974029
0.04438207823610328 0.04332873681974029
0.04438207823610328 0.04332873681974029
0.04438207823610328 0.04332873681974029
0.044384528502467165 0.04332879283743305
0.044384528502467165 0.04332879283743305
0.044384528502467165 0.04332879283743305
0.044384528502467165 0.04332879283743305
0.044384528502467165 0.04332879283743305
0.044384528502467165 0.04332879283743305
0.044384528502467165 0.04332879283743305
0.044384528502467165 0.04332879283743305
0.044384528502467165 0.04332879283743305
0.044384528502467165 0.04332879283743305
0.044384528502467165 0.04332879283743305
0.044384528502467165 0.04332879283743305
0.044384528502467165 0.04332879283743305
0.044384528502467165 0.04332879283743305
0.044384528502467165 0.04332879283743305
0.044384528502467165 0.04332879283743305
0.044384528502467165 0.04332879283743305
0.044384528502467165 0.04332879283743305
0.044384528502467165 0.04332879283743305
0.044384528502467165 0.04332879283743305