0.14097906365995116 0.005001085796308778
0.14097906365995116 0.005001085796308778
0.12393145405224217 0.005001085796308778
0.12393145405224217 0.005001085796308778
0.12393145405224217 0.005001085796308778
0.12393145405224217 0.005001085796308778
0.1683102318813057 0.005001085796308778
0.1683102318813057 0.005001085796308778
0.18783807452815598 0.005001085796308778
0.18783807452815598 0.005001085796308778
0.18783807452815598 0.005001085796308778
0.18783807452815598 0.005001085796308778
0.18783807452815598 0.005001085796308778
0.18783807452815598 0.005001085796308778
0.18783807452815598 0.005001085796308778
0.18783807452815598 0.005001085796308778
0.18783807452815598 0.005001085796308778
0.18783807452815598 0.005001085796308778
0.18783807452815598 0.005001085796308778
0.18783807452815598 0.005001085796308778
0.18783807452815598 0.005001085796308778
0.18783807452815598 0.005001085796308778
0.12718259379118932 0.005001085796308778
0.12718259379118932 0.005001085796308778
0.2036821947979334 0.005001085796308778
0.2036821947979334 0.005001085796308778
0.2036821947979334 0.005001085796308778
0.2036821947979334 0.005001085796308778
0.2036821947979334 0.005001085796308778
0.2036821947979334 0.005001085796308778
0.2036821947979334 0.005001085796308778
0.2036821947979334 0.005001085796308778
0.2036821947979334 0.005001085796308778
0.2036821947979334 0.005001085796308778
0.2036821947979334 0.005001085796308778
0.2036821947979334 0.005001085796308778
0.2036821947979334 0.005001085796308778
0.2036821947979334 0.005001085796308778
0.16346676447802186 0.005001085796308778
0.16346676447802186 0.005001085796308778
0.2036821947979334 0.005001085796308778
0.2036821947979334 0.005001085796308778
0.1673249433363613 0.005001085796308778
0.1673249433363613 0.005001085796308778
0.1831843393975332 0.005001085796308778
0.1831843393975332 0.005001085796308778
0.1831843393975332 0.005001085796308778
0.1831843393975332 0.005001085796308778
0.1831843393975332 0.005001085796308778
0.1831843393975332 0.005001085796308778
0.1831843393975332 0.005001085796308778
0.1831843393975332 0.005001085796308778
0.1831843393975332 0.005001085796308778
0.1831843393975332 0.005001085796308778
0.1831843393975332 0.005001085796308778
0.1831843393975332 0.005001085796308778
0.1831843393975332 0.005001085796308778
0.1831843393975332 0.005001085796308778
0.25927600733862904 0.005001085796308778
0.25927600733862904 0.005001085796308778
0.25927600733862904 0.005001085796308778
0.25927600733862904 0.005001085796308778
0.25927600733862904 0.005001085796308778
0.25927600733862904 0.005001085796308778
0.25927600733862904 0.005001085796308778
0.25927600733862904 0.005001085796308778
0.25927600733862904 0.005001085796308778
0.25927600733862904 0.005001085796308778
0.16346676447802186 0.005001085796308778
0.16346676447802186 0.005001085796308778
0.16346676447802186 0.005001085796308778
0.16346676447802186 0.005001085796308778
0.25927600733862904 0.005001085796308778
0.25927600733862904 0.005001085796308778
0.20913061825814663 0.005001085796308778
0.20913061825814663 0.005001085796308778
0.2784624013301048 0.005001085796308778
0.2784624013301048 0.005001085796308778
0.2784624013301048 0.005001085796308778
0.2784624013301048 0.005001085796308778
0.2192966574311778 0.005001085796308778
0.2192966574311778 0.005001085796308778
0.2192966574311778 0.005001085796308778
0.2192966574311778 0.005001085796308778
0.16346676447802186 0.005001085796308778
0.16346676447802186 0.005001085796308778
0.2192966574311778 0.005001085796308778
0.2192966574311778 0.005001085796308778
0.2192966574311778 0.005001085796308778
0.2192966574311778 0.005001085796308778
0.2192966574311778 0.005001085796308778
0.2192966574311778 0.005001085796308778
0.2192966574311778 0.005001085796308778
0.2192966574311778 0.005001085796308778
0.2192966574311778 0.005001085796308778
0.2192966574311778 0.005001085796308778
0.20174494670745072 0.005001085796308778
0.20174494670745072 0.005001085796308778
0.20174494670745072 0.005001085796308778
0.20174494670745072 0.005001085796308778
0.23240155056226194 0.005001085796308778
0.23240155056226194 0.005001085796308778
0.23240155056226194 0.005001085796308778
0.23240155056226194 0.005001085796308778
0.1398712216067737 0.005001085796308778
0.1398712216067737 0.005001085796308778
0.22220096727005464 0.005001085796308778
0.22220096727005464 0.005001085796308778
0.22220096727005464 0.005001085796308778
0.22220096727005464 0.005001085796308778
0.22220096727005464 0.005001085796308778
0.22220096727005464 0.005001085796308778
0.15353385471229522 0.005001085796308778
0.15353385471229522 0.005001085796308778
0.15353385471229522 0.005001085796308778
0.15353385471229522 0.005001085796308778
0.15487534693839292 0.005001085796308778
0.15487534693839292 0.005001085796308778
0.15487534693839292 0.005001085796308778
0.15487534693839292 0.005001085796308778
0.21335194433918228 0.005001085796308778
0.21335194433918228 0.005001085796308778
0.14403578423569574 0.005001085796308778
0.14403578423569574 0.005001085796308778
0.21335194433918228 0.005001085796308778
0.21335194433918228 0.005001085796308778
0.18423611235275136 0.005001085796308778
0.18423611235275136 0.005001085796308778
0.18423611235275136 0.005001085796308778
0.18423611235275136 0.005001085796308778
0.18906517190733357 0.005001085796308778
0.18906517190733357 0.005001085796308778
0.18906517190733357 0.005001085796308778
0.18906517190733357 0.005001085796308778
0.18906517190733357 0.005001085796308778
0.18906517190733357 0.005001085796308778
0.18906517190733357 0.005001085796308778
0.18906517190733357 0.005001085796308778
0.18906517190733357 0.005001085796308778
0.18906517190733357 0.005001085796308778
0.18906517190733357 0.005001085796308778
0.18906517190733357 0.005001085796308778
0.18906517190733357 0.005001085796308778
0.18906517190733357 0.005001085796308778
0.10440656241054766 0.005001085796308778
0.10440656241054766 0.005001085796308778
0.151456347082645 0.005001085796308778
0.151456347082645 0.005001085796308778
0.151456347082645 0.005001085796308778
0.151456347082645 0.005001085796308778
0.12487022086884883 0.005001085796308778
0.12487022086884883 0.005001085796308778
0.16645891011741704 0.005001085796308778
0.16645891011741704 0.005001085796308778
0.16645891011741704 0.005001085796308778
0.16645891011741704 0.005001085796308778
0.16645891011741704 0.005001085796308778
0.16645891011741704 0.005001085796308778
0.11083975365008959 0.005001085796308778
0.11083975365008959 0.005001085796308778
0.11083975365008959 0.005001085796308778
0.11083975365008959 0.005001085796308778
0.1683102318813057 0.005001085796308778
0.1683102318813057 0.005001085796308778
0.1683102318813057 0.005001085796308778
0.1683102318813057 0.005001085796308778
0.15515846984480663 0.005001085796308778
0.15515846984480663 0.005001085796308778
0.15515846984480663 0.005001085796308778
0.15515846984480663 0.005001085796308778
0.15515846984480663 0.005001085796308778
0.15515846984480663 0.005001085796308778
0.15515846984480663 0.005001085796308778
0.15515846984480663 0.005001085796308778
0.15515846984480663 0.005001085796308778
0.15515846984480663 0.005001085796308778
0.15515846984480663 0.005001085796308778
0.15515846984480663 0.005001085796308778
0.15515846984480663 0.005001085796308778
0.15515846984480663 0.005001085796308778
0.15515846984480663 0.005001085796308778
0.15515846984480663 0.005001085796308778
0.15515846984480663 0.005001085796308778
0.15515846984480663 0.005001085796308778
0.15515846984480663 0.005001085796308778
0.15515846984480663 0.005001085796308778
0.15515846984480663 0.005001085796308778
0.15515846984480663 0.005001085796308778
0.15515846984480663 0.005001085796308778
0.15515846984480663 0.005001085796308778
0.15515846984480663 0.005001085796308778
0.15515846984480663 0.005001085796308778
0.15515846984480663 0.005001085796308778
0.15515846984480663 0.005001085796308778
0.15515846984480663 0.005001085796308778
0.15515846984480663 0.005001085796308778
0.15515846984480663 0.005001085796308778
0.15515846984480663 0.005001085796308778
0.15515846984480663 0.005001085796308778
0.15515846984480663 0.005001085796308778