2.046832783962573e-08 3.4440350234157204e-12
2.046832783962573e-08 3.4440350234157204e-12
2.046832783962573e-08 3.4440350234157204e-12
2.046832783962573e-08 3.4440350234157204e-12
2.0817028515650454e-08 4.782399573586715e-12
2.0817028515650454e-08 4.782399573586715e-12
2.0656068973397635e-08 5.184248589522556e-12
2.0656068973397635e-08 5.184248589522556e-12
2.0565672011325133e-08 6.456240089456591e-12
2.0565672011325133e-08 6.456240089456591e-12
2.0528881697098173e-08 6.409884286684042e-12
2.0528881697098173e-08 6.409884286684042e-12
2.0814685500596783e-08 6.43265777499734e-12
2.0814685500596783e-08 6.43265777499734e-12
2.0834121955188518e-08 6.5129974079677126e-12
2.0834121955188518e-08 6.5129974079677126e-12
2.119464513412765e-08 1.0670430463253934e-11
2.119464513412765e-08 1.0670430463253934e-11
1.9111899253848773e-08 4.740478858428979e-11
1.9111899253848773e-08 4.740478858428979e-11
1.9111899253848773e-08 4.740478858428979e-11
1.9111899253848773e-08 4.740478858428979e-11
1.9111899253848773e-08 4.740478858428979e-11
1.9111899253848773e-08 4.740478858428979e-11
1.9111899253848773e-08 4.740478858428979e-11
1.9111899253848773e-08 4.740478858428979e-11
1.9111899253848773e-08 4.740478858428979e-11
1.9111899253848773e-08 4.740478858428979e-11
1.9111899253848773e-08 4.740478858428979e-11
1.9111899253848773e-08 4.740478858428979e-11
2.0572471828966176e-08 2.191029139968137e-12
2.0572471828966176e-08 2.191029139968137e-12
2.0492593739899078e-08 2.1210572244844454e-12
2.0492593739899078e-08 2.1210572244844454e-12
2.0554525233756253e-08 2.299307638749433e-12
2.0554525233756253e-08 2.299307638749433e-12
2.0554525233756253e-08 2.299307638749433e-12
2.0554525233756253e-08 2.299307638749433e-12
2.0790007246592386e-08 2.964986815083893e-12
2.0790007246592386e-08 2.964986815083893e-12
2.0925249586960415e-08 8.058073488079032e-11
2.111338170004989e-08 8.058073488079032e-11
2.085006749586266e-08 8.058073488079032e-11
2.0905300201486825e-08 8.058073488079032e-11
2.0905300201486825e-08 8.058073488079032e-11
2.0850175194678526e-08 8.058073488079032e-11
2.0809648505157333e-08 8.058073488079032e-11
2.073209010944996e-08 8.058073488079032e-11
2.084389124695215e-08 8.058073488079032e-11
2.0894679417005136e-08 8.058073488079032e-11
2.0706124901020187e-08 8.058073488079032e-11
2.0894679417005136e-08 8.058073488079032e-11
2.0894679417005136e-08 8.058073488079032e-11
2.088074796620408e-08 8.058073488079032e-11
2.108294415678815e-08 8.058073488079032e-11
2.0899342819717078e-08 8.058073488079032e-11
2.0899342819717078e-08 8.058073488079032e-11
2.0899342819717078e-08 8.058073488079032e-11
2.0899342819717078e-08 8.058073488079032e-11
2.0899342819717078e-08 8.058073488079032e-11
2.106090046216716e-08 2.2260106338564778e-11
2.0512197102457107e-08 4.241122306489902e-12
2.0512197102457107e-08 4.241122306489902e-12
2.0263008064428248e-08 1.0047521019159644e-11
2.0263008064428248e-08 1.0047521019159644e-11
1.9773338314668776e-08 1.2512617414495535e-11
1.99446621278593e-08 5.9572163246982805e-12
1.99446621278593e-08 5.9572163246982805e-12
2.05826286621144e-08 8.106761903608428e-12
2.0826654859197856e-08 4.723404220999095e-12
2.0826654859197856e-08 4.723404220999095e-12
2.1801143107759737e-08 5.143432166816977e-11
2.1801143107759737e-08 5.143432166816977e-11
2.1801143107759737e-08 5.143432166816977e-11
2.1238319746293185e-08 2.1094644094017895e-11
2.1238319746293185e-08 2.1094644094017895e-11
2.0223813984476186e-08 1.3520320533566903e-11
2.0223813984476186e-08 1.3520320533566903e-11
2.112065415459518e-08 1.676449437175375e-11
2.112065415459518e-08 1.676449437175375e-11
2.0709774886102192e-08 1.8865545646177682e-12
2.0709774886102192e-08 1.8865545646177682e-12
2.0709774886102192e-08 1.8865545646177682e-12
2.0709774886102192e-08 1.8865545646177682e-12
2.0709774886102192e-08 1.8865545646177682e-12
2.0709774886102192e-08 1.8865545646177682e-12
2.0709774886102192e-08 1.8865545646177682e-12
2.0709774886102192e-08 1.8865545646177682e-12
2.0709774886102192e-08 1.8865545646177682e-12
2.0709774886102192e-08 1.8865545646177682e-12
2.0709774886102192e-08 1.8865545646177682e-12
2.0709774886102192e-08 1.8865545646177682e-12
2.0709774886102192e-08 1.8865545646177682e-12
2.0709774886102192e-08 1.8865545646177682e-12
2.0709774886102192e-08 1.8865545646177682e-12
2.0709774886102192e-08 1.8865545646177682e-12
2.0709774886102192e-08 1.8865545646177682e-12
2.0709774886102192e-08 1.8865545646177682e-12
2.0709774886102192e-08 1.8865545646177682e-12
2.0709774886102192e-08 1.8865545646177682e-12
2.0693614582122757e-08 1.1453254786274445e-11
2.0693614582122757e-08 1.1453254786274445e-11
2.0693614582122757e-08 1.1453254786274445e-11
2.0693614582122757e-08 1.1453254786274445e-11
2.0693614582122757e-08 1.1453254786274445e-11
2.0693614582122757e-08 1.1453254786274445e-11
2.0693614582122757e-08 1.1453254786274445e-11
2.0693614582122757e-08 1.1453254786274445e-11
2.0693614582122757e-08 1.1453254786274445e-11
2.0693614582122757e-08 1.1453254786274445e-11
2.0693614582122757e-08 1.1453254786274445e-11
2.0693614582122757e-08 1.1453254786274445e-11
2.0693614582122757e-08 1.1453254786274445e-11
2.0693614582122757e-08 1.1453254786274445e-11
2.0693614582122757e-08 1.1453254786274445e-11
2.0693614582122757e-08 1.1453254786274445e-11
2.0693614582122757e-08 1.1453254786274445e-11
2.0693614582122757e-08 1.1453254786274445e-11
2.0693614582122757e-08 1.1453254786274445e-11
2.0693614582122757e-08 1.1453254786274445e-11
2.0338982653083782e-08 1.3752062211116961e-11
2.0338982653083782e-08 1.3752062211116961e-11
2.0338982653083782e-08 1.3752062211116961e-11
2.0338982653083782e-08 1.3752062211116961e-11
2.0338982653083782e-08 1.3752062211116961e-11
2.0338982653083782e-08 1.3752062211116961e-11
2.0338982653083782e-08 1.3752062211116961e-11
2.0338982653083782e-08 1.3752062211116961e-11
2.0338982653083782e-08 1.3752062211116961e-11
2.0338982653083782e-08 1.3752062211116961e-11
2.0338982653083782e-08 1.3752062211116961e-11
2.0338982653083782e-08 1.3752062211116961e-11
2.0338982653083782e-08 1.3752062211116961e-11
2.0338982653083782e-08 1.3752062211116961e-11
2.0338982653083782e-08 1.3752062211116961e-11
2.0338982653083782e-08 1.3752062211116961e-11
2.0338982653083782e-08 1.3752062211116961e-11
2.0338982653083782e-08 1.3752062211116961e-11
2.0338982653083782e-08 1.3752062211116961e-11
2.0338982653083782e-08 1.3752062211116961e-11
2.0561341388162838e-08 5.388148279047423e-12
2.0561341388162838e-08 5.388148279047423e-12
2.0561341388162838e-08 5.388148279047423e-12
2.0561341388162838e-08 5.388148279047423e-12
2.0561341388162838e-08 5.388148279047423e-12
2.0561341388162838e-08 5.388148279047423e-12
2.0561341388162838e-08 5.388148279047423e-12
2.0561341388162838e-08 5.388148279047423e-12
2.0561341388162838e-08 5.388148279047423e-12
2.0561341388162838e-08 5.388148279047423e-12
2.0561341388162838e-08 5.388148279047423e-12
2.0561341388162838e-08 5.388148279047423e-12
2.0561341388162838e-08 5.388148279047423e-12
2.0561341388162838e-08 5.388148279047423e-12
2.0561341388162838e-08 5.388148279047423e-12
2.0561341388162838e-08 5.388148279047423e-12
2.0561341388162838e-08 5.388148279047423e-12
2.0561341388162838e-08 5.388148279047423e-12
2.0561341388162838e-08 5.388148279047423e-12
2.0561341388162838e-08 5.388148279047423e-12
2.0886569562488218e-08 9.669876178427348e-12
2.0886569562488218e-08 9.669876178427348e-12
2.0886569562488218e-08 9.669876178427348e-12
2.0886569562488218e-08 9.669876178427348e-12
2.0886569562488218e-08 9.669876178427348e-12
2.0886569562488218e-08 9.669876178427348e-12
2.0886569562488218e-08 9.669876178427348e-12
2.0886569562488218e-08 9.669876178427348e-12
2.0886569562488218e-08 9.669876178427348e-12
2.0886569562488218e-08 9.669876178427348e-12
2.0886569562488218e-08 9.669876178427348e-12
2.0886569562488218e-08 9.669876178427348e-12
2.0886569562488218e-08 9.669876178427348e-12
2.0886569562488218e-08 9.669876178427348e-12
2.0886569562488218e-08 9.669876178427348e-12
2.0886569562488218e-08 9.669876178427348e-12
2.0886569562488218e-08 9.669876178427348e-12
2.0886569562488218e-08 9.669876178427348e-12
2.0886569562488218e-08 9.669876178427348e-12
2.0886569562488218e-08 9.669876178427348e-12
2.0516408780900394e-08 5.2679398935148796e-12
2.0516408780900394e-08 5.2679398935148796e-12
2.0516408780900394e-08 5.2679398935148796e-12
2.0516408780900394e-08 5.2679398935148796e-12
2.0516408780900394e-08 5.2679398935148796e-12
2.0516408780900394e-08 5.2679398935148796e-12
2.0516408780900394e-08 5.2679398935148796e-12
2.0516408780900394e-08 5.2679398935148796e-12
2.0516408780900394e-08 5.2679398935148796e-12
2.0516408780900394e-08 5.2679398935148796e-12
2.0516408780900394e-08 5.2679398935148796e-12
2.0516408780900394e-08 5.2679398935148796e-12
2.0516408780900394e-08 5.2679398935148796e-12
2.0516408780900394e-08 5.2679398935148796e-12
2.0516408780900394e-08 5.2679398935148796e-12
2.0516408780900394e-08 5.2679398935148796e-12
2.0516408780900394e-08 5.2679398935148796e-12
2.0516408780900394e-08 5.2679398935148796e-12
2.0516408780900394e-08 5.2679398935148796e-12
2.0516408780900394e-08 5.2679398935148796e-12