0.045454545454545456 0.13636363636363635
0.045454545454545456 0.13636363636363635
0.045454545454545456 0.13636363636363635
0.045454545454545456 0.13636363636363635
0.09090909090909091 0.18181818181818182
0.09090909090909091 0.18181818181818182
0.18181818181818182 0.22727272727272727
0.18181818181818182 0.22727272727272727
0.18181818181818182 0.22727272727272727
0.18181818181818182 0.22727272727272727
0.09090909090909091 0.18181818181818182
0.09090909090909091 0.18181818181818182
0.09090909090909091 0.18181818181818182
0.09090909090909091 0.18181818181818182
0.09090909090909091 0.18181818181818182
0.09090909090909091 0.18181818181818182
0.09090909090909091 0.18181818181818182
0.09090909090909091 0.18181818181818182
0.045454545454545456 0.13636363636363635
0.045454545454545456 0.13636363636363635
0.09090909090909091 0.18181818181818182
0.09090909090909091 0.18181818181818182
0.09090909090909091 0.18181818181818182
0.09090909090909091 0.18181818181818182
0.09090909090909091 0.18181818181818182
0.09090909090909091 0.18181818181818182
0.3181818181818182 0.36363636363636365
0.3181818181818182 0.36363636363636365
0.045454545454545456 0.13636363636363635
0.045454545454545456 0.13636363636363635
0.045454545454545456 0.13636363636363635
0.045454545454545456 0.13636363636363635
0.045454545454545456 0.13636363636363635
0.045454545454545456 0.13636363636363635
0.045454545454545456 0.13636363636363635
0.045454545454545456 0.13636363636363635
0.09090909090909091 0.18181818181818182
0.09090909090909091 0.18181818181818182
0.09090909090909091 0.18181818181818182
0.09090909090909091 0.18181818181818182
0.09090909090909091 0.18181818181818182
0.09090909090909091 0.18181818181818182
0.045454545454545456 0.13636363636363635
0.045454545454545456 0.13636363636363635
0.045454545454545456 0.13636363636363635
0.045454545454545456 0.13636363636363635
0.045454545454545456 0.13636363636363635
0.045454545454545456 0.13636363636363635
0.045454545454545456 0.13636363636363635
0.045454545454545456 0.13636363636363635
0.045454545454545456 0.13636363636363635
0.045454545454545456 0.13636363636363635
0.045454545454545456 0.13636363636363635
0.045454545454545456 0.13636363636363635
0.045454545454545456 0.13636363636363635
0.045454545454545456 0.13636363636363635
0.18181818181818182 0.22727272727272727
0.18181818181818182 0.22727272727272727
0.2727272727272727 0.2727272727272727
0.2727272727272727 0.2727272727272727
0.13636363636363635 0.18181818181818182
0.13636363636363635 0.18181818181818182
0.09090909090909091 0.18181818181818182
0.09090909090909091 0.18181818181818182
0.09090909090909091 0.18181818181818182
0.09090909090909091 0.18181818181818182
0.13636363636363635 0.18181818181818182
0.13636363636363635 0.18181818181818182
0.09090909090909091 0.18181818181818182
0.09090909090909091 0.18181818181818182
0.13636363636363635 0.18181818181818182
0.13636363636363635 0.18181818181818182
0.09090909090909091 0.18181818181818182
0.09090909090909091 0.18181818181818182
0.09090909090909091 0.18181818181818182
0.09090909090909091 0.18181818181818182
0.09090909090909091 0.18181818181818182
0.09090909090909091 0.18181818181818182
0.13636363636363635 0.18181818181818182
0.13636363636363635 0.18181818181818182
0.18181818181818182 0.22727272727272727
0.18181818181818182 0.22727272727272727
0.22727272727272727 0.22727272727272727
0.22727272727272727 0.22727272727272727
0.09090909090909091 0.18181818181818182
0.09090909090909091 0.18181818181818182
0.09090909090909091 0.18181818181818182
0.09090909090909091 0.18181818181818182
0.13636363636363635 0.18181818181818182
0.13636363636363635 0.18181818181818182
0.045454545454545456 0.13636363636363635
0.045454545454545456 0.13636363636363635
0.045454545454545456 0.13636363636363635
0.045454545454545456 0.13636363636363635
0.045454545454545456 0.13636363636363635
0.045454545454545456 0.13636363636363635
0.045454545454545456 0.13636363636363635
0.045454545454545456 0.13636363636363635
0.045454545454545456 0.13636363636363635
0.045454545454545456 0.13636363636363635
0.045454545454545456 0.13636363636363635
0.045454545454545456 0.13636363636363635
0.045454545454545456 0.13636363636363635
0.045454545454545456 0.13636363636363635
0.2727272727272727 0.36363636363636365
0.2727272727272727 0.36363636363636365
0.045454545454545456 0.13636363636363635
0.045454545454545456 0.13636363636363635
0.2727272727272727 0.36363636363636365
0.2727272727272727 0.36363636363636365
0.09090909090909091 0.18181818181818182
0.09090909090909091 0.18181818181818182
0.045454545454545456 0.13636363636363635
0.045454545454545456 0.13636363636363635
0.045454545454545456 0.13636363636363635
0.045454545454545456 0.13636363636363635
0.045454545454545456 0.13636363636363635
0.045454545454545456 0.13636363636363635
0.045454545454545456 0.13636363636363635
0.045454545454545456 0.13636363636363635
0.045454545454545456 0.13636363636363635
0.045454545454545456 0.13636363636363635
0.045454545454545456 0.13636363636363635
0.045454545454545456 0.13636363636363635
0.045454545454545456 0.13636363636363635
0.045454545454545456 0.13636363636363635
0.2727272727272727 0.36363636363636365
0.2727272727272727 0.36363636363636365
0.2727272727272727 0.36363636363636365
0.2727272727272727 0.36363636363636365
0.09090909090909091 0.18181818181818182
0.09090909090909091 0.18181818181818182
0.2727272727272727 0.36363636363636365
0.2727272727272727 0.36363636363636365
0.045454545454545456 0.13636363636363635
0.045454545454545456 0.13636363636363635
0.045454545454545456 0.13636363636363635
0.045454545454545456 0.13636363636363635
0.045454545454545456 0.13636363636363635
0.045454545454545456 0.13636363636363635
0.13636363636363635 0.18181818181818182
0.13636363636363635 0.18181818181818182
0.045454545454545456 0.13636363636363635
0.045454545454545456 0.13636363636363635
0.18181818181818182 0.22727272727272727
0.18181818181818182 0.22727272727272727
0.09090909090909091 0.18181818181818182
0.09090909090909091 0.18181818181818182
0.09090909090909091 0.18181818181818182
0.09090909090909091 0.18181818181818182
0.09090909090909091 0.18181818181818182
0.09090909090909091 0.18181818181818182
0.09090909090909091 0.18181818181818182
0.09090909090909091 0.18181818181818182
0.09090909090909091 0.18181818181818182
0.09090909090909091 0.18181818181818182
0.09090909090909091 0.18181818181818182
0.09090909090909091 0.18181818181818182
0.09090909090909091 0.18181818181818182
0.09090909090909091 0.18181818181818182
0.4090909090909091 0.4090909090909091
0.4090909090909091 0.4090909090909091
0.09090909090909091 0.18181818181818182
0.09090909090909091 0.18181818181818182
0.09090909090909091 0.18181818181818182
0.09090909090909091 0.18181818181818182
0.18181818181818182 0.22727272727272727
0.18181818181818182 0.22727272727272727
0.13636363636363635 0.18181818181818182
0.13636363636363635 0.18181818181818182
0.36363636363636365 0.4090909090909091
0.36363636363636365 0.4090909090909091
0.09090909090909091 0.18181818181818182
0.09090909090909091 0.18181818181818182
0.045454545454545456 0.13636363636363635
0.045454545454545456 0.13636363636363635
0.045454545454545456 0.13636363636363635
0.045454545454545456 0.13636363636363635
0.045454545454545456 0.13636363636363635
0.045454545454545456 0.13636363636363635
0.2727272727272727 0.36363636363636365
0.2727272727272727 0.36363636363636365
0.045454545454545456 0.13636363636363635
0.045454545454545456 0.13636363636363635
0.045454545454545456 0.13636363636363635
0.045454545454545456 0.13636363636363635
0.045454545454545456 0.13636363636363635
0.045454545454545456 0.13636363636363635
0.045454545454545456 0.13636363636363635
0.045454545454545456 0.13636363636363635
0.045454545454545456 0.13636363636363635
0.045454545454545456 0.13636363636363635
0.045454545454545456 0.13636363636363635
0.045454545454545456 0.13636363636363635
0.2727272727272727 0.36363636363636365
0.2727272727272727 0.36363636363636365
0.2727272727272727 0.36363636363636365
0.2727272727272727 0.36363636363636365
0.045454545454545456 0.13636363636363635
0.045454545454545456 0.13636363636363635