0.035304508368817954 0.04391056140314347
0.035304508368817954 0.04391056140314347
0.035304508368817954 0.04391056140314347
0.035304508368817954 0.04391056140314347
0.027017938386898626 0.04391052669935763
0.027017938386898626 0.04391052669935763
0.027017938386898626 0.04391052669935763
0.027017938386898626 0.04391052669935763
0.049092669519317865 0.04391052669935763
0.049092669519317865 0.04391052669935763
0.042102038054188475 0.043910613458822224
0.042102038054188475 0.043910613458822224
0.05923658611917974 0.04391052669935763
0.05923658611917974 0.04391052669935763
0.05923658611917974 0.04391052669935763
0.05923658611917974 0.04391052669935763
0.049092669519317865 0.04391052669935763
0.049092669519317865 0.04391052669935763
0.056774005476257404 0.043910700218286816
0.056774005476257404 0.043910700218286816
0.056774005476257404 0.043910700218286816
0.056774005476257404 0.043910700218286816
0.04881347756226727 0.04391056140314347
0.04881347756226727 0.04391056140314347
0.0489065415479508 0.043910584539000694
0.0489065415479508 0.043910584539000694
0.04707267782509061 0.04391052669935763
0.04707267782509061 0.04391052669935763
0.07060901673763591 0.04391052669935763
0.07060901673763591 0.04391052669935763
0.027017938386898626 0.04391052669935763
0.027017938386898626 0.04391052669935763
0.03693662741668489 0.04391052669935763
0.03693662741668489 0.04391052669935763
0.027017938386898626 0.04391052669935763
0.027017938386898626 0.04391052669935763
0.03693662741668489 0.04391052669935763
0.03693662741668489 0.04391052669935763
0.027017938386898626 0.04391052669935763
0.027017938386898626 0.04391052669935763
0.027017938386898626 0.04391052669935763
0.027017938386898626 0.04391052669935763
0.027017938386898626 0.04391052669935763
0.027017938386898626 0.04391052669935763
0.03693662741668489 0.04391052669935763
0.03693662741668489 0.04391052669935763
0.043127262253039186 0.04391056140314347
0.043127262253039186 0.04391056140314347
0.04585661089768283 0.04391056140314347
0.04585661089768283 0.04391056140314347
0.027017938386898626 0.04391052669935763
0.027017938386898626 0.04391052669935763
0.027017938386898626 0.04391052669935763
0.027017938386898626 0.04391052669935763
0.03693662741668489 0.04391052669935763
0.03693662741668489 0.04391052669935763
0.056774005476257404 0.043910700218286816
0.056774005476257404 0.043910700218286816
0.041253431336824534 0.043910613458822224
0.041253431336824534 0.043910613458822224
0.041253431336824534 0.043910613458822224
0.041253431336824534 0.043910613458822224
0.10087661763021728 0.04391052669935763
0.10087661763021728 0.04391052669935763
0.056774005476257404 0.043910700218286816
0.056774005476257404 0.043910700218286816
0.041253431336824534 0.043910613458822224
0.041253431336824534 0.043910613458822224
0.041253431336824534 0.043910613458822224
0.041253431336824534 0.043910613458822224
0.049092669519317865 0.04391052669935763
0.049092669519317865 0.04391052669935763
0.041253431336824534 0.043910613458822224
0.041253431336824534 0.043910613458822224
0.04845967246566928 0.04391052669935763
0.04845967246566928 0.04391052669935763
0.0541646278192488 0.04391056140314347
0.0541646278192488 0.04391056140314347
0.05923658611917974 0.04391052669935763
0.05923658611917974 0.04391052669935763
0.05923658611917974 0.04391052669935763
0.05923658611917974 0.04391052669935763
0.05923658611917974 0.04391052669935763
0.05923658611917974 0.04391052669935763
0.05923658611917974 0.04391052669935763
0.05923658611917974 0.04391052669935763
0.05923658611917974 0.04391052669935763
0.05923658611917974 0.04391052669935763
0.05923658611917974 0.04391052669935763
0.05923658611917974 0.04391052669935763
0.05923658611917974 0.04391052669935763
0.05923658611917974 0.04391052669935763
0.04066597336214519 0.04391062309876273
0.04066597336214519 0.04391062309876273
0.049092669519317865 0.04391052669935763
0.049092669519317865 0.04391052669935763
0.049092669519317865 0.04391052669935763
0.049092669519317865 0.04391052669935763
0.07498464357476757 0.04391056140314347
0.07498464357476757 0.04391056140314347
0.05165311483829771 0.04391052669935763
0.05165311483829771 0.04391052669935763
0.043213240882447865 0.04391062309876273
0.043213240882447865 0.04391062309876273
0.049092669519317865 0.04391052669935763
0.049092669519317865 0.04391052669935763
0.056774005476257404 0.043910700218286816
0.056774005476257404 0.043910700218286816
0.056774005476257404 0.043910700218286816
0.056774005476257404 0.043910700218286816
0.041253431336824534 0.043910613458822224
0.041253431336824534 0.043910613458822224
0.056774005476257404 0.043910700218286816
0.056774005476257404 0.043910700218286816
0.041253431336824534 0.043910613458822224
0.041253431336824534 0.043910613458822224
0.041253431336824534 0.043910613458822224
0.041253431336824534 0.043910613458822224