0.09870122791324532 0.09729238333418103
0.09870122791324532 0.09729238333418103
0.06783579704652988 0.06697427712958853
0.06783579704652988 0.06697427712958853
0.05937283502544548 0.06393127004839128
0.05937283502544548 0.06393127004839128
0.06094971330984912 0.062063804550415234
0.06094971330984912 0.062063804550415234
0.05573945332455901 0.05644561149947689
0.05573945332455901 0.05644561149947689
0.05741145812810105 0.06095943426800925
0.05741145812810105 0.06095943426800925
0.05402578727175928 0.05729081409379232
0.05402578727175928 0.05729081409379232
0.05402578727175928 0.05729081409379232
0.05402578727175928 0.05729081409379232
0.05446444550873506 0.05765066313425563
0.05446444550873506 0.05765066313425563
0.05384473442602689 0.056392146229596186
0.05384473442602689 0.056392146229596186
0.05384473442602689 0.056392146229596186
0.05384473442602689 0.056392146229596186
0.047369708348688686 0.04934323644373327
0.047369708348688686 0.04934323644373327
0.047369708348688686 0.04934323644373327
0.047369708348688686 0.04934323644373327
0.04341136890359222 0.046931918054405775
0.04341136890359222 0.046931918054405775
0.04892402012307775 0.04775472772724519
0.04892402012307775 0.04775472772724519
0.05019086927758873 0.05197344998020223
0.05019086927758873 0.05197344998020223
0.03645255156924907 0.03946743730719738
0.03645255156924907 0.03946743730719738
0.10333118141408348 0.1063823471565937
0.10333118141408348 0.1063823471565937
0.040171859596729524 0.039474728025817474
0.040171859596729524 0.039474728025817474
0.03737882001107842 0.03799818391670944
0.03737882001107842 0.03799818391670944
0.03300924931810082 0.03608055133108559
0.03300924931810082 0.03608055133108559
0.032444392213581946 0.03355900421976379
0.032444392213581946 0.03355900421976379
0.03539852196302946 0.03509960249960552
0.03539852196302946 0.03509960249960552
0.09986687494976781 0.10262953654116852
0.09986687494976781 0.10262953654116852
0.031429940794157146 0.033000569891172137
0.031429940794157146 0.033000569891172137
0.03164328110806425 0.03175837030913862
0.03164328110806425 0.03175837030913862
0.028591421011399734 0.03042382162458389
0.028591421011399734 0.03042382162458389
0.026460968877484507 0.030596021454849014
0.026460968877484507 0.030596021454849014
0.02682255380333356 0.030790440618051577
0.02682255380333356 0.030790440618051577
0.028061975968749896 0.03130565140053837
0.028061975968749896 0.03130565140053837
0.10632992341794444 0.10970101283704602
0.10632992341794444 0.10970101283704602
0.03150736128236103 0.0316469264673743
0.03150736128236103 0.0316469264673743
0.027317801903884373 0.028384156296342715
0.027317801903884373 0.028384156296342715
0.03445454749026559 0.03328664380274162
0.03445454749026559 0.03328664380274162
0.026076991030159445 0.02473254779890601
0.026076991030159445 0.02473254779890601
0.021031640156514368 0.024963941320824776
0.021031640156514368 0.024963941320824776
0.01976739483008199 0.0213927043167477
0.01976739483008199 0.0213927043167477
0.1167936669346295 0.12102679703628816
0.1167936669346295 0.12102679703628816
0.01955075633394199 0.022925838289430768
0.01955075633394199 0.022925838289430768
0.01955075633394199 0.022925838289430768
0.01955075633394199 0.022925838289430768
0.027183444375028315 0.02833485715138778
0.027183444375028315 0.02833485715138778
0.02326693976772812 0.024192687443941752
0.02326693976772812 0.024192687443941752
0.02326693976772812 0.024192687443941752
0.02326693976772812 0.024192687443941752
0.020078986256821814 0.018289462012665368
0.020078986256821814 0.018289462012665368
0.01813878716118338 0.018885912231204657
0.01813878716118338 0.018885912231204657
0.019852279625444537 0.021280739709367655
0.019852279625444537 0.021280739709367655
0.014442219232256083 0.015956952819850337
0.014442219232256083 0.015956952819850337
0.013035804892731831 0.013782235608598812
0.013035804892731831 0.013782235608598812
0.013035804892731831 0.013782235608598812
0.013035804892731831 0.013782235608598812
0.013035804892731831 0.01384420671686963
0.013035804892731831 0.01384420671686963
0.008593153425014698 0.009929264406416597
0.008593153425014698 0.009929264406416597
0.1028800248023304 0.10668178738563336
0.1028800248023304 0.10668178738563336
0.010884522134187759 0.010177322428038437
0.010884522134187759 0.010177322428038437
0.010884522134187759 0.010177322428038437
0.010884522134187759 0.010177322428038437
0.006199888243698866 0.00768997225881565
0.006199888243698866 0.00768997225881565
0.007350259488826887 0.007150459080928539
0.007350259488826887 0.007150459080928539
0.007350259488826887 0.006938333886791457
0.007350259488826887 0.006938333886791457
0.004582563829807548 0.007054117442020127
0.004582563829807548 0.007054117442020127
0.004582563829807548 0.0071311907531468564
0.004582563829807548 0.0071311907531468564
0.0062333908316435935 0.006822723920101362
0.0062333908316435935 0.006822723920101362
0.0062333908316435935 0.0066300406422845366
0.0062333908316435935 0.0066300406422845366
0.004059020797469218 0.005512477630946948
0.004059020797469218 0.005512477630946948
0.004059020797469218 0.005281257697566757
0.004059020797469218 0.005281257697566757
0.001901488851536493 0.004125158030665804
0.001901488851536493 0.004125158030665804
0.002602960135912882 0.0040826288387152436
0.002602960135912882 0.0040826288387152436
0.002602960135912882 0.0040826288387152436
0.002602960135912882 0.0040826288387152436
0.002602960135912882 0.0040826288387152436
0.002602960135912882 0.0040826288387152436
0.08102696368128519 0.08194403193057014
0.08102696368128519 0.08194403193057014
0.08102696368128519 0.08194403193057014
0.08102696368128519 0.08194403193057014
0.08093687122976544 0.08002587857933056
0.08093687122976544 0.08002587857933056
0.08909778919373158 0.08838590259704077
0.08909778919373158 0.08838590259704077
0.08269098341205285 0.08668143673678544
0.08269098341205285 0.08668143673678544
0.0815137059434459 0.08210824668806088
0.0815137059434459 0.08210824668806088
0.0815137059434459 0.08106463239415569
0.0815137059434459 0.08106463239415569
0.08895145405571393 0.09028218379242005
0.08895145405571393 0.09028218379242005
0.09306723830529676 0.09351457596920122
0.09306723830529676 0.09351457596920122
0.09306723830529676 0.09351457596920122
0.09306723830529676 0.09351457596920122
0.0990982249009634 0.09957368390811681
0.0990982249009634 0.09957368390811681
0.09861616952934418 0.09960423549090579
0.09861616952934418 0.09960423549090579
0.09861616952934418 0.09960423549090579
0.09861616952934418 0.09960423549090579
0.07329220557951753 0.07446687922004587
0.07329220557951753 0.07446687922004587
0.06748688408399672 0.0697721771943197
0.06748688408399672 0.0697721771943197
0.06824997929956678 0.0700429753144947
0.06824997929956678 0.0700429753144947
0.0780033985164082 0.08260852885623032
0.0780033985164082 0.08260852885623032
0.0780033985164082 0.08260852885623032
0.0780033985164082 0.08260852885623032
0.06595583317377654 0.06693452535425515
0.06595583317377654 0.06693452535425515
0.06595583317377654 0.06693452535425515
0.06595583317377654 0.06693452535425515
0.05981600656442417 0.06775212737093736
0.05981600656442417 0.06775212737093736
0.05981600656442417 0.06775212737093736
0.05981600656442417 0.06775212737093736
0.06930886938486645 0.06894034091747445
0.06930886938486645 0.06894034091747445
0.06931390345248509 0.07199411048806327
0.06931390345248509 0.07199411048806327
0.06931390345248509 0.07199411048806327
0.06931390345248509 0.07199411048806327
0.06566715543412845 0.06657606502210042
0.06566715543412845 0.06657606502210042
0.057239258297835924 0.056321495694396685
0.057239258297835924 0.056321495694396685
0.057239258297835924 0.056321495694396685
0.057239258297835924 0.056321495694396685
0.0647566835493093 0.06246184306936477
0.0647566835493093 0.06246184306936477
0.0647566835493093 0.06246184306936477
0.0647566835493093 0.06246184306936477
0.0647566835493093 0.06246184306936477
0.0647566835493093 0.06246184306936477
0.06795730902353149 0.06850567521688586
0.06795730902353149 0.06850567521688586
0.06157983970487171 0.06416075409638573
0.06157983970487171 0.06416075409638573