3.524387454465609e-06 6.748457438743392e-06
3.524387454465609e-06 6.748457438743392e-06
3.524387454465609e-06 6.748457438743392e-06
3.524387454465609e-06 6.748457438743392e-06
2.8045907111570005e-05 6.748354622757809e-06
2.8045907111570005e-05 6.748354622757809e-06
2.8045907111570005e-05 6.748354622757809e-06
2.8045907111570005e-05 6.748354622757809e-06
2.8045907111570005e-05 6.748354622757809e-06
2.8045907111570005e-05 6.748354622757809e-06
2.8045907111570005e-05 6.748354622757809e-06
2.8045907111570005e-05 6.748354622757809e-06
2.8045907111570005e-05 6.748354622757809e-06
2.8045907111570005e-05 6.748354622757809e-06
2.8045907111570005e-05 6.748354622757809e-06
2.8045907111570005e-05 6.748354622757809e-06
2.9711650417002465e-06 6.74845750970758e-06
2.9711650417002465e-06 6.74845750970758e-06
2.9711650417002465e-06 6.74845750970758e-06
2.9711650417002465e-06 6.74845750970758e-06
3.124191257493556e-06 6.747994320187028e-06
3.124191257493556e-06 6.747994320187028e-06
3.124191257493556e-06 6.747994320187028e-06
3.124191257493556e-06 6.747994320187028e-06
3.124191257493556e-06 6.747994320187028e-06
2.8249557100603504e-06 6.748457884343846e-06
2.8249557100603504e-06 6.748457884343846e-06
2.8249557100603504e-06 6.748457884343846e-06
2.8249557100603504e-06 6.748457884343846e-06
2.8249557100603504e-06 6.748457884343846e-06
2.8249557100603504e-06 6.748457884343846e-06
2.8249557100603504e-06 6.748457884343846e-06
2.8249557100603504e-06 6.748457884343846e-06
2.8249557100603504e-06 6.748457884343846e-06
2.8249557100603504e-06 6.748457884343846e-06
2.8249557100603504e-06 6.748457884343846e-06
2.8249557100603504e-06 6.748457884343846e-06
2.8249557100603504e-06 6.748457884343846e-06
2.8249557100603504e-06 6.748457884343846e-06
2.8249557100603504e-06 6.748457884343846e-06
2.8249557100603504e-06 6.748457884343846e-06
2.8249557100603504e-06 6.748457884343846e-06
2.8249557100603504e-06 6.748457884343846e-06
2.8249557100603504e-06 6.748457884343846e-06
2.8249557100603504e-06 6.748457884343846e-06
6.904225970297481e-06 6.748454007127911e-06
6.904225970297481e-06 6.748454007127911e-06
6.904225970297481e-06 6.748454007127911e-06
6.904225970297481e-06 6.748454007127911e-06
6.904225970297481e-06 6.748454007127911e-06
6.904225970297481e-06 6.748454007127911e-06
6.904225970297481e-06 6.748454007127911e-06
6.904225970297481e-06 6.748454007127911e-06
6.904225970297481e-06 6.748454007127911e-06
6.904225970297481e-06 6.748454007127911e-06
6.904225970297481e-06 6.748454007127911e-06
6.904225970297481e-06 6.748454007127911e-06
6.904225970297481e-06 6.748454007127911e-06
6.904225970297481e-06 6.748454007127911e-06
6.904225970297481e-06 6.748454007127911e-06
6.904225970297481e-06 6.748454007127911e-06
6.904225970297481e-06 6.748454007127911e-06
6.904225970297481e-06 6.748454007127911e-06
6.904225970297481e-06 6.748454007127911e-06
6.904225970297481e-06 6.748454007127911e-06
7.923790309692316e-06 6.748446332914159e-06
7.923790309692316e-06 6.748446332914159e-06
7.923790309692316e-06 6.748446332914159e-06
7.923790309692316e-06 6.748446332914159e-06
7.923790309692316e-06 6.748446332914159e-06
7.923790309692316e-06 6.748446332914159e-06
7.923790309692316e-06 6.748446332914159e-06
7.923790309692316e-06 6.748446332914159e-06
7.923790309692316e-06 6.748446332914159e-06
7.923790309692316e-06 6.748446332914159e-06
7.923790309692316e-06 6.748446332914159e-06
7.923790309692316e-06 6.748446332914159e-06
7.923790309692316e-06 6.748446332914159e-06
7.923790309692316e-06 6.748446332914159e-06
7.923790309692316e-06 6.748446332914159e-06
7.923790309692316e-06 6.748446332914159e-06
7.923790309692316e-06 6.748446332914159e-06
7.923790309692316e-06 6.748446332914159e-06
7.923790309692316e-06 6.748446332914159e-06
7.923790309692316e-06 6.748446332914159e-06
4.2927976728381465e-06 6.7484573937642005e-06
4.2927976728381465e-06 6.7484573937642005e-06
4.2927976728381465e-06 6.7484573937642005e-06
4.2927976728381465e-06 6.7484573937642005e-06
4.2927976728381465e-06 6.7484573937642005e-06
4.2927976728381465e-06 6.7484573937642005e-06
4.2927976728381465e-06 6.7484573937642005e-06
4.2927976728381465e-06 6.7484573937642005e-06
4.2927976728381465e-06 6.7484573937642005e-06
4.2927976728381465e-06 6.7484573937642005e-06
4.2927976728381465e-06 6.7484573937642005e-06
4.2927976728381465e-06 6.7484573937642005e-06
4.2927976728381465e-06 6.7484573937642005e-06
4.2927976728381465e-06 6.7484573937642005e-06
4.2927976728381465e-06 6.7484573937642005e-06
4.2927976728381465e-06 6.7484573937642005e-06
4.2927976728381465e-06 6.7484573937642005e-06
4.2927976728381465e-06 6.7484573937642005e-06
4.2927976728381465e-06 6.7484573937642005e-06
4.2927976728381465e-06 6.7484573937642005e-06
6.191027080131074e-06 6.748457259729674e-06
6.191027080131074e-06 6.748457259729674e-06
6.191027080131074e-06 6.748457259729674e-06
6.191027080131074e-06 6.748457259729674e-06
6.191027080131074e-06 6.748457259729674e-06
6.191027080131074e-06 6.748457259729674e-06
6.191027080131074e-06 6.748457259729674e-06
6.191027080131074e-06 6.748457259729674e-06
6.191027080131074e-06 6.748457259729674e-06
6.191027080131074e-06 6.748457259729674e-06
6.191027080131074e-06 6.748457259729674e-06
6.191027080131074e-06 6.748457259729674e-06
6.191027080131074e-06 6.748457259729674e-06
6.191027080131074e-06 6.748457259729674e-06
6.191027080131074e-06 6.748457259729674e-06
6.191027080131074e-06 6.748457259729674e-06
6.191027080131074e-06 6.748457259729674e-06
6.191027080131074e-06 6.748457259729674e-06
6.191027080131074e-06 6.748457259729674e-06
6.191027080131074e-06 6.748457259729674e-06
4.214786410289882e-06 6.748456249886616e-06
4.214786410289882e-06 6.748456249886616e-06
4.214786410289882e-06 6.748456249886616e-06
4.214786410289882e-06 6.748456249886616e-06
4.214786410289882e-06 6.748456249886616e-06
4.214786410289882e-06 6.748456249886616e-06
4.214786410289882e-06 6.748456249886616e-06
4.214786410289882e-06 6.748456249886616e-06
4.214786410289882e-06 6.748456249886616e-06
4.214786410289882e-06 6.748456249886616e-06
4.214786410289882e-06 6.748456249886616e-06
4.214786410289882e-06 6.748456249886616e-06
4.214786410289882e-06 6.748456249886616e-06
4.214786410289882e-06 6.748456249886616e-06
4.214786410289882e-06 6.748456249886616e-06
4.214786410289882e-06 6.748456249886616e-06
4.214786410289882e-06 6.748456249886616e-06
4.214786410289882e-06 6.748456249886616e-06
4.214786410289882e-06 6.748456249886616e-06
4.214786410289882e-06 6.748456249886616e-06