0.04438310743480983 0.02387068201948627
0.04438310743480983 0.02387068201948627
0.04438310743480983 0.02387068201948627
0.04438310743480983 0.02387068201948627
0.04442427760785114 0.02387068201948627
0.04442427760785114 0.02387068201948627
0.04442427760785114 0.02387068201948627
0.04442427760785114 0.02387068201948627
0.04442427760785114 0.02387068201948627
0.04442427760785114 0.02387068201948627
0.04442427760785114 0.02387068201948627
0.04442427760785114 0.02387068201948627
0.04437153311064631 0.02387068201948627
0.04437153311064631 0.02387068201948627
0.04437153311064631 0.02387068201948627
0.04437153311064631 0.02387068201948627
0.04437392908529705 0.02387068201948627
0.04437392908529705 0.02387068201948627
0.04437392908529705 0.02387068201948627
0.04437392908529705 0.02387068201948627
0.044326635839964046 0.02387068201948627
0.044326635839964046 0.02387068201948627
0.04445816693317657 0.023874839262751822
0.04445816693317657 0.023874839262751822
0.04436247148473523 0.023874839262751822
0.04436247148473523 0.023874839262751822
0.04436247148473523 0.023874839262751822
0.04436247148473523 0.023874839262751822
0.044413317438130956 0.023874839262751822
0.044413317438130956 0.023874839262751822
0.044413317438130956 0.023874839262751822
0.044413317438130956 0.023874839262751822
0.044413317438130956 0.023874839262751822
0.044413317438130956 0.023874839262751822
0.044413317438130956 0.023874839262751822
0.044413317438130956 0.023874839262751822
0.044413317438130956 0.023874839262751822
0.044413317438130956 0.023874839262751822
0.044386885670425605 0.02388467014712862
0.044386885670425605 0.02388467014712862
0.044386885670425605 0.02388467014712862
0.044386885670425605 0.02388467014712862
0.044386885670425605 0.02388467014712862
0.044386885670425605 0.02388467014712862
0.044402780598123456 0.02388467014712862
0.044402780598123456 0.02388467014712862
0.044402780598123456 0.02388467014712862
0.044402780598123456 0.02388467014712862
0.044378365055689414 0.02388467014712862
0.044378365055689414 0.02388467014712862
0.04433997509339975 0.02388467014712862
0.04433997509339975 0.02388467014712862
0.04433997509339975 0.02388467014712862
0.04433997509339975 0.02388467014712862
0.04441185107948565 0.02388467014712862
0.04441185107948565 0.02388467014712862
0.044370893782291615 0.023874839262751822
0.044370893782291615 0.023874839262751822
0.044370893782291615 0.023874839262751822
0.044370893782291615 0.023874839262751822
0.04445012271968893 0.023874839262751822
0.04445012271968893 0.023874839262751822
0.04445012271968893 0.023874839262751822
0.04445012271968893 0.023874839262751822
0.04428766565914904 0.023874839262751822
0.04428766565914904 0.023874839262751822
0.044382685006019856 0.023874839262751822
0.044382685006019856 0.023874839262751822
0.044382685006019856 0.023874839262751822
0.044382685006019856 0.023874839262751822
0.044382685006019856 0.023874839262751822
0.044382685006019856 0.023874839262751822
0.044382685006019856 0.023874839262751822
0.044382685006019856 0.023874839262751822
0.044396544231404385 0.023874839262751822
0.044396544231404385 0.023874839262751822
0.044396544231404385 0.023874839262751822
0.044396544231404385 0.023874839262751822
0.044396544231404385 0.023874839262751822
0.044396544231404385 0.023874839262751822
0.04439649215744985 0.02387068201948627
0.04439649215744985 0.02387068201948627
0.04439649215744985 0.02387068201948627
0.04439649215744985 0.02387068201948627
0.044404212388402114 0.02387068201948627
0.044404212388402114 0.02387068201948627
0.0444638837504736 0.02387068201948627
0.0444638837504736 0.02387068201948627
0.0444638837504736 0.02387068201948627
0.0444638837504736 0.02387068201948627
0.044402732605565966 0.02387068201948627
0.044402732605565966 0.02387068201948627
0.044402732605565966 0.02387068201948627
0.044402732605565966 0.02387068201948627
0.0444236847621897 0.02387068201948627
0.0444236847621897 0.02387068201948627
0.04439120425219469 0.02387068201948627
0.04439120425219469 0.02387068201948627
0.044363175933715304 0.02387068201948627
0.044363175933715304 0.02387068201948627
0.044363175933715304 0.02387068201948627
0.044363175933715304 0.02387068201948627
0.044363175933715304 0.02387068201948627
0.044363175933715304 0.02387068201948627
0.044363175933715304 0.02387068201948627
0.044363175933715304 0.02387068201948627
0.044363175933715304 0.02387068201948627
0.044363175933715304 0.02387068201948627
0.044363175933715304 0.02387068201948627
0.044363175933715304 0.02387068201948627
0.0443348134848752 0.02387068201948627
0.0443348134848752 0.02387068201948627
0.0443348134848752 0.02387068201948627
0.0443348134848752 0.02387068201948627
0.04437063787343445 0.02387068201948627
0.04437063787343445 0.02387068201948627
0.04437063787343445 0.02387068201948627
0.04437063787343445 0.02387068201948627
0.04437063787343445 0.02387068201948627
0.04437063787343445 0.02387068201948627
0.04436239804687764 0.023874839262751822
0.04436239804687764 0.023874839262751822
0.04439719248942065 0.023874839262751822
0.04439719248942065 0.023874839262751822
0.04439719248942065 0.023874839262751822
0.04439719248942065 0.023874839262751822
0.04439719248942065 0.023874839262751822
0.04439719248942065 0.023874839262751822
0.04438400117454001 0.023874839262751822
0.04438400117454001 0.023874839262751822
0.04438400117454001 0.023874839262751822
0.04438400117454001 0.023874839262751822
0.04438400117454001 0.023874839262751822
0.04438400117454001 0.023874839262751822
0.044389831786796945 0.023874839262751822
0.044389831786796945 0.023874839262751822
0.04439433069309377 0.023874839262751822
0.04439433069309377 0.023874839262751822
0.04439433069309377 0.023874839262751822
0.04439433069309377 0.023874839262751822
0.04439433069309377 0.023874839262751822
0.04439433069309377 0.023874839262751822
0.04439433069309377 0.023874839262751822
0.04439433069309377 0.023874839262751822
0.04438225590573043 0.023874839262751822
0.04438225590573043 0.023874839262751822
0.04438225590573043 0.023874839262751822
0.04438225590573043 0.023874839262751822
0.04438225590573043 0.023874839262751822
0.04438225590573043 0.023874839262751822
0.04438225590573043 0.023874839262751822
0.04438225590573043 0.023874839262751822
0.04439932557459817 0.023874839262751822
0.04439932557459817 0.023874839262751822
0.04439932557459817 0.023874839262751822
0.04439932557459817 0.023874839262751822
0.04439932557459817 0.023874839262751822
0.04439932557459817 0.023874839262751822
0.04437173615234066 0.023874839262751822
0.04437173615234066 0.023874839262751822
0.04440165655981023 0.023874839262751822
0.04440165655981023 0.023874839262751822
0.04440165655981023 0.023874839262751822
0.04440165655981023 0.023874839262751822
0.0444315172911819 0.02387873754152824
0.0444315172911819 0.02387873754152824
0.0444315172911819 0.02387873754152824
0.0444315172911819 0.02387873754152824
0.04440056568028391 0.02387873754152824
0.04440056568028391 0.02387873754152824
0.04440056568028391 0.02387873754152824
0.04440056568028391 0.02387873754152824
0.04440056568028391 0.02387873754152824
0.04440056568028391 0.02387873754152824
0.04440056568028391 0.02387873754152824
0.04440056568028391 0.02387873754152824
0.04437528801641197 0.02387873754152824
0.04437528801641197 0.02387873754152824
0.04437528801641197 0.02387873754152824
0.04437528801641197 0.02387873754152824
0.04440147653366145 0.02387873754152824
0.04440147653366145 0.02387873754152824
0.044411355040241504 0.02387068201948627
0.044411355040241504 0.02387068201948627
0.044411355040241504 0.02387068201948627
0.044411355040241504 0.02387068201948627
0.044411355040241504 0.02387068201948627
0.044411355040241504 0.02387068201948627
0.0443841872413301 0.02387068201948627
0.0443841872413301 0.02387068201948627
0.0443841872413301 0.02387068201948627
0.0443841872413301 0.02387068201948627
0.0443841872413301 0.02387068201948627
0.0443841872413301 0.02387068201948627
0.044389769473288404 0.02387068201948627
0.044389769473288404 0.02387068201948627
0.044389769473288404 0.02387068201948627
0.044389769473288404 0.02387068201948627
0.04437349706171118 0.02387068201948627
0.04437349706171118 0.02387068201948627