0.11458700943228042 0.11703217758662979
0.11458700943228042 0.11703217758662979
0.11458700943228042 0.11703217758662979
0.11458700943228042 0.11703217758662979
0.08226031024785145 0.08448883990606082
0.08226031024785145 0.08448883990606082
0.07269957430882686 0.0771024740012106
0.07269957430882686 0.0771024740012106
0.06030396394635489 0.05949347905975421
0.06030396394635489 0.05949347905975421
0.05817455334367111 0.05845680830739197
0.05817455334367111 0.05845680830739197
0.061692498666406054 0.06123561363288003
0.061692498666406054 0.06123561363288003
0.06076466792772953 0.060979570538483796
0.06076466792772953 0.060979570538483796
0.0345991467428975 0.039704559250889074
0.0345991467428975 0.039704559250889074
0.0066619809333821 0.008548193993524106
0.0066619809333821 0.008548193993524106
0.0066619809333821 0.008548193993524106
0.0066619809333821 0.008548193993524106
0.0066619809333821 0.008548193993524106
0.0066619809333821 0.008548193993524106
0.0066619809333821 0.008548193993524106
0.0066619809333821 0.008548193993524106
0.0066619809333821 0.008548193993524106
0.0066619809333821 0.008548193993524106
0.0066619809333821 0.008548193993524106
0.0066619809333821 0.008548193993524106
0.18498462613108121 0.18787383376710215
0.18498462613108121 0.18787383376710215
0.1891858159416423 0.19524388234932646
0.1891858159416423 0.19524388234932646
0.17948100151560153 0.18264829799041757
0.17948100151560153 0.18264829799041757
0.17948100151560153 0.18264829799041757
0.17948100151560153 0.18264829799041757
0.13661331191482218 0.13786766269455586
0.13661331191482218 0.13786766269455586
0.2036821947979334 0.004999697088000189
0.1831843393975332 0.004999697088000189
0.2192966574311778 0.004999697088000189
0.23240155056226194 0.004999697088000189
0.23240155056226194 0.004999697088000189
0.16346676447802186 0.004999697088000189
0.22220096727005464 0.004999697088000189
0.15353385471229522 0.004999697088000189
0.15487534693839292 0.004999697088000189
0.21335194433918228 0.004999697088000189
0.14403578423569574 0.004999697088000189
0.21335194433918228 0.004999697088000189
0.21335194433918228 0.004999697088000189
0.18906517190733357 0.004999697088000189
0.16645891011741704 0.004999697088000189
0.15515846984480663 0.004999697088000189
0.15515846984480663 0.004999697088000189
0.15515846984480663 0.004999697088000189
0.15515846984480663 0.004999697088000189
0.15515846984480663 0.004999697088000189
0.017466825928364522 0.017799074391194616
0.09422750409712348 0.09532822902021942
0.09422750409712348 0.09532822902021942
0.04074348665425277 0.04159771585257403
0.04074348665425277 0.04159771585257403
0.03292922500181834 0.03399818322235529
0.06886847526250493 0.06796303744530442
0.06886847526250493 0.06796303744530442
0.05005529662896266 0.0484640104958574
0.08471797677697814 0.08582876983531135
0.08471797677697814 0.08582876983531135
0.008131928678024333 0.008366273205098852
0.008131928678024333 0.008366273205098852
0.008131928678024333 0.008366273205098852
0.019388798227452715 0.01839899638050538
0.019388798227452715 0.01839899638050538
0.029625661524221938 0.02853188014266895
0.029625661524221938 0.02853188014266895
0.02405624685262281 0.02476535603269644
0.02405624685262281 0.02476535603269644
0.21191046511486614 0.20959305812490703
0.21191046511486614 0.20959305812490703
0.21191046511486614 0.20959305812490703
0.21191046511486614 0.20959305812490703
0.21191046511486614 0.20959305812490703
0.21191046511486614 0.20959305812490703
0.21191046511486614 0.20959305812490703
0.21191046511486614 0.20959305812490703
0.21191046511486614 0.20959305812490703
0.21191046511486614 0.20959305812490703
0.21191046511486614 0.20959305812490703
0.21191046511486614 0.20959305812490703
0.21191046511486614 0.20959305812490703
0.21191046511486614 0.20959305812490703
0.21191046511486614 0.20959305812490703
0.21191046511486614 0.20959305812490703
0.21191046511486614 0.20959305812490703
0.21191046511486614 0.20959305812490703
0.21191046511486614 0.20959305812490703
0.21191046511486614 0.20959305812490703
0.0353395018599144 0.03538480846848214
0.0353395018599144 0.03538480846848214
0.0353395018599144 0.03538480846848214
0.0353395018599144 0.03538480846848214
0.0353395018599144 0.03538480846848214
0.0353395018599144 0.03538480846848214
0.0353395018599144 0.03538480846848214
0.0353395018599144 0.03538480846848214
0.0353395018599144 0.03538480846848214
0.0353395018599144 0.03538480846848214
0.0353395018599144 0.03538480846848214
0.0353395018599144 0.03538480846848214
0.0353395018599144 0.03538480846848214
0.0353395018599144 0.03538480846848214
0.0353395018599144 0.03538480846848214
0.0353395018599144 0.03538480846848214
0.0353395018599144 0.03538480846848214
0.0353395018599144 0.03538480846848214
0.0353395018599144 0.03538480846848214
0.0353395018599144 0.03538480846848214
0.029358855940434133 0.028489177362179815
0.029358855940434133 0.028489177362179815
0.029358855940434133 0.028489177362179815
0.029358855940434133 0.028489177362179815
0.029358855940434133 0.028489177362179815
0.029358855940434133 0.028489177362179815
0.029358855940434133 0.028489177362179815
0.029358855940434133 0.028489177362179815
0.029358855940434133 0.028489177362179815
0.029358855940434133 0.028489177362179815
0.029358855940434133 0.028489177362179815
0.029358855940434133 0.028489177362179815
0.029358855940434133 0.028489177362179815
0.029358855940434133 0.028489177362179815
0.029358855940434133 0.028489177362179815
0.029358855940434133 0.028489177362179815
0.029358855940434133 0.028489177362179815
0.029358855940434133 0.028489177362179815
0.029358855940434133 0.028489177362179815
0.029358855940434133 0.028489177362179815
0.07573876244217549 0.07615780517429244
0.07573876244217549 0.07615780517429244
0.07573876244217549 0.07615780517429244
0.07573876244217549 0.07615780517429244
0.07573876244217549 0.07615780517429244
0.07573876244217549 0.07615780517429244
0.07573876244217549 0.07615780517429244
0.07573876244217549 0.07615780517429244
0.07573876244217549 0.07615780517429244
0.07573876244217549 0.07615780517429244
0.07573876244217549 0.07615780517429244
0.07573876244217549 0.07615780517429244
0.07573876244217549 0.07615780517429244
0.07573876244217549 0.07615780517429244
0.07573876244217549 0.07615780517429244
0.07573876244217549 0.07615780517429244
0.07573876244217549 0.07615780517429244
0.07573876244217549 0.07615780517429244
0.07573876244217549 0.07615780517429244
0.07573876244217549 0.07615780517429244
0.04149477784919982 0.040931830218605254
0.04149477784919982 0.040931830218605254
0.04149477784919982 0.040931830218605254
0.04149477784919982 0.040931830218605254
0.04149477784919982 0.040931830218605254
0.04149477784919982 0.040931830218605254
0.04149477784919982 0.040931830218605254
0.04149477784919982 0.040931830218605254
0.04149477784919982 0.040931830218605254
0.04149477784919982 0.040931830218605254
0.04149477784919982 0.040931830218605254
0.04149477784919982 0.040931830218605254
0.04149477784919982 0.040931830218605254
0.04149477784919982 0.040931830218605254
0.04149477784919982 0.040931830218605254
0.04149477784919982 0.040931830218605254
0.04149477784919982 0.040931830218605254
0.04149477784919982 0.040931830218605254
0.04149477784919982 0.040931830218605254
0.04149477784919982 0.040931830218605254
0.07843806421699678 0.07994429196620093
0.07843806421699678 0.07994429196620093
0.07843806421699678 0.07994429196620093
0.07843806421699678 0.07994429196620093
0.07843806421699678 0.07994429196620093
0.07843806421699678 0.07994429196620093
0.07843806421699678 0.07994429196620093
0.07843806421699678 0.07994429196620093
0.07843806421699678 0.07994429196620093
0.07843806421699678 0.07994429196620093
0.07843806421699678 0.07994429196620093
0.07843806421699678 0.07994429196620093
0.07843806421699678 0.07994429196620093
0.07843806421699678 0.07994429196620093
0.07843806421699678 0.07994429196620093
0.07843806421699678 0.07994429196620093
0.07843806421699678 0.07994429196620093
0.07843806421699678 0.07994429196620093
0.07843806421699678 0.07994429196620093
0.07843806421699678 0.07994429196620093