0.1999735282438931 0.19995255744996293
0.19998262665650005 0.1999533536763134
0.19998262665650005 0.1999533536763134
0.19998910596266978 0.19995484817699516
0.19998910596266978 0.19995484817699516
0.19995700773860706 0.1999553770638108
0.19998048463164741 0.1999519700292983
0.19998048463164741 0.1999519700292983
0.19996216563883318 0.19995619318804075
0.19997180954528795 0.19995350541027954
0.19997180954528795 0.19995350541027954
0.19996937826092076 0.19995278564683663
0.19996937826092076 0.19995278564683663
0.19996937826092076 0.19995278564683663
0.1999713186261622 0.19995389356693927
0.1999713186261622 0.19995389356693927
0.19997984846042238 0.1999546022017932
0.19997984846042238 0.1999546022017932
0.19997776690826627 0.1999516759653824
0.19997776690826627 0.1999516759653824