0.19997436154418088 0.009997333897198753
0.19997436154418088 0.009997333897198753
0.19997659652124006 0.009997320553863846
0.19997659652124006 0.009997320553863846
0.19999501246882792 0.0099973339150246
0.19999501246882792 0.0099973339150246
0.19997659652124006 0.009997320553863846
0.19997659652124006 0.009997320553863846
0.19997659652124006 0.009997320553863846
0.19997659652124006 0.009997320553863846
0.19998203223261227 0.009997342743148771
0.19998203223261227 0.009997342743148771
0.1999809593754675 0.009997352867346706
0.1999809593754675 0.009997352867346706
0.1999809593754675 0.009997352867346706
0.1999809593754675 0.009997352867346706
0.1999748425191024 0.009997342853136049
0.1999748425191024 0.009997342853136049
0.1999748425191024 0.009997342853136049
0.1999748425191024 0.009997342853136049
0.1999809593754675 0.009997352867346706
0.1999809593754675 0.009997352867346706
0.1999809593754675 0.009997352867346706
0.1999809593754675 0.009997352867346706
0.19997948262006943 0.009997302855601633
0.19997948262006943 0.009997302855601633
0.19997948262006943 0.009997302855601633
0.19997948262006943 0.009997302855601633
0.19997982786444324 0.009997320561342398
0.19997982786444324 0.009997320561342398
0.19997982786444324 0.009997320561342398
0.19997982786444324 0.009997320561342398
0.19997982786444324 0.009997320561342398
0.19997982786444324 0.009997320561342398
0.19997982786444324 0.009997320561342398
0.19997982786444324 0.009997320561342398
0.19997982786444324 0.009997320561342398
0.19997982786444324 0.009997320561342398
0.19997982786444324 0.009997320561342398
0.19997982786444324 0.009997320561342398
0.1999760766912925 0.00999732770825397
0.1999760766912925 0.00999732770825397
0.1999748425191024 0.009997342853136049
0.1999748425191024 0.009997342853136049
0.1999748425191024 0.009997342853136049
0.1999748425191024 0.009997342853136049
0.1999760766912925 0.00999732770825397
0.1999760766912925 0.00999732770825397
0.1999760766912925 0.00999732770825397
0.1999760766912925 0.00999732770825397
0.1999760766912925 0.00999732770825397
0.1999760766912925 0.00999732770825397
0.1999760766912925 0.00999732770825397
0.1999760766912925 0.00999732770825397
0.1999760766912925 0.00999732770825397
0.1999760766912925 0.00999732770825397
0.1999760766912925 0.00999732770825397
0.1999760766912925 0.00999732770825397
0.1999760766912925 0.00999732770825397
0.1999760766912925 0.00999732770825397
0.19996980380019175 0.009997304997304998
0.19996980380019175 0.009997304997304998
0.19997397475551285 0.009997343441877573
0.19997397475551285 0.009997343441877573
0.1999727041502099 0.009997353030150247
0.1999727041502099 0.009997353030150247
0.1999748425191024 0.009997342853136049
0.1999748425191024 0.009997342853136049
0.1999727041502099 0.009997353030150247
0.1999727041502099 0.009997353030150247
0.1999727041502099 0.009997353030150247
0.1999727041502099 0.009997353030150247
0.19997005074734478 0.009997352261844403
0.19997005074734478 0.009997352261844403
0.1999698354523928 0.009997316403674227
0.1999698354523928 0.009997316403674227
0.1999698354523928 0.009997316403674227
0.1999698354523928 0.009997316403674227
0.1999706844346912 0.009997312401348065
0.1999706844346912 0.009997312401348065
0.1999708490071606 0.009997324123339245
0.1999708490071606 0.009997324123339245
0.1999708490071606 0.009997324123339245
0.1999708490071606 0.009997324123339245
0.1999708490071606 0.009997324123339245
0.1999708490071606 0.009997324123339245
0.1999708490071606 0.009997324123339245
0.1999708490071606 0.009997324123339245
0.1999748425191024 0.009997342853136049
0.1999748425191024 0.009997342853136049
0.1999748425191024 0.009997342853136049
0.1999748425191024 0.009997342853136049
0.1999722300132463 0.009997340633992857
0.1999722300132463 0.009997340633992857
0.1999722300132463 0.009997340633992857
0.1999722300132463 0.009997340633992857
0.1999722300132463 0.009997340633992857
0.1999722300132463 0.009997340633992857
0.1999722300132463 0.009997340633992857
0.1999722300132463 0.009997340633992857
0.1999722300132463 0.009997340633992857
0.1999722300132463 0.009997340633992857
0.1999722300132463 0.009997340633992857
0.1999722300132463 0.009997340633992857
0.1999722300132463 0.009997340633992857
0.1999722300132463 0.009997340633992857
0.1999722300132463 0.009997340633992857
0.1999722300132463 0.009997340633992857
0.1999725034256149 0.009997328297019669
0.1999725034256149 0.009997328297019669
0.1999748425191024 0.009997342853136049
0.1999748425191024 0.009997342853136049
0.19997340294163465 0.009997315588491058
0.19997340294163465 0.009997315588491058
0.19997340294163465 0.009997315588491058
0.19997340294163465 0.009997315588491058
0.19997340294163465 0.009997315588491058
0.19997340294163465 0.009997315588491058
0.19997531972178595 0.009997350349974607
0.19997531972178595 0.009997350349974607
0.19997482106637446 0.009997340645031133
0.19997482106637446 0.009997340645031133
0.19997482106637446 0.009997340645031133
0.19997482106637446 0.009997340645031133
0.19997482106637446 0.009997340645031133
0.19997482106637446 0.009997340645031133
0.19997482106637446 0.009997340645031133
0.19997482106637446 0.009997340645031133
0.19997706194040693 0.009997330648728627
0.19997706194040693 0.009997330648728627
0.19997706194040693 0.009997330648728627
0.19997706194040693 0.009997330648728627
0.19998123466939507 0.009997339274117901
0.19998123466939507 0.009997339274117901
0.19998123466939507 0.009997339274117901
0.19998123466939507 0.009997339274117901
0.1999816295717968 0.009997313794522428
0.1999816295717968 0.009997313794522428
0.1999816295717968 0.009997313794522428
0.1999816295717968 0.009997313794522428
0.1999816295717968 0.009997313794522428
0.1999816295717968 0.009997313794522428
0.1999816295717968 0.009997313794522428
0.1999816295717968 0.009997313794522428
0.1999816295717968 0.009997313794522428
0.1999816295717968 0.009997313794522428
0.19997717550308997 0.009997328151566674
0.19997717550308997 0.009997328151566674
0.19997717550308997 0.009997328151566674
0.19997717550308997 0.009997328151566674
0.19997717550308997 0.009997328151566674
0.19997717550308997 0.009997328151566674
0.19997717550308997 0.009997328151566674
0.19997717550308997 0.009997328151566674
0.19997659652124006 0.009997320553863846
0.19997659652124006 0.009997320553863846
0.19997959793868827 0.009997340897004077
0.19997959793868827 0.009997340897004077
0.19997959793868827 0.009997340897004077
0.19997959793868827 0.009997340897004077
0.19997959793868827 0.009997340897004077
0.19997959793868827 0.009997340897004077
0.19997959793868827 0.009997340897004077
0.19997959793868827 0.009997340897004077
0.19997959793868827 0.009997340897004077
0.19997959793868827 0.009997340897004077
0.19997959793868827 0.009997340897004077
0.19997959793868827 0.009997340897004077
0.19997959793868827 0.009997340897004077
0.19997959793868827 0.009997340897004077
0.19997959793868827 0.009997340897004077
0.19997959793868827 0.009997340897004077
0.19997959793868827 0.009997340897004077
0.19997959793868827 0.009997340897004077
0.19997959793868827 0.009997340897004077
0.19997959793868827 0.009997340897004077
0.19997959793868827 0.009997340897004077
0.19997959793868827 0.009997340897004077
0.19997959793868827 0.009997340897004077
0.19997959793868827 0.009997340897004077
0.19997959793868827 0.009997340897004077
0.19997959793868827 0.009997340897004077
0.19997959793868827 0.009997340897004077
0.19997959793868827 0.009997340897004077
0.19997959793868827 0.009997340897004077
0.19997959793868827 0.009997340897004077
0.19997959793868827 0.009997340897004077
0.19997959793868827 0.009997340897004077
0.19997959793868827 0.009997340897004077
0.19997959793868827 0.009997340897004077
0.19997959793868827 0.009997340897004077
0.19997959793868827 0.009997340897004077
0.19997659652124006 0.009997320553863846
0.19997659652124006 0.009997320553863846
0.19997659652124006 0.009997320553863846
0.19997659652124006 0.009997320553863846
0.19997659652124006 0.009997320553863846
0.19997659652124006 0.009997320553863846
0.19997659652124006 0.009997320553863846
0.19997659652124006 0.009997320553863846