0.19949143362125488 0.009954333731712813
0.19949143362125488 0.009954333731712813
0.19950682258591446 0.009954333903318029
0.19950682258591446 0.009954333903318029
0.19949538720878032 0.009954332191025282
0.19949538720878032 0.009954332191025282
0.19949538720878032 0.009954332191025282
0.19949538720878032 0.009954332191025282
0.1994909878254924 0.009954338192794296
0.1994909878254924 0.009954338192794296
0.1994909878254924 0.009954338192794296
0.1994909878254924 0.009954338192794296
0.1994909878254924 0.009954338192794296
0.1994909878254924 0.009954338192794296
0.19951122623635048 0.009954322002033228
0.19951122623635048 0.009954322002033228
0.19951122623635048 0.009954322002033228
0.19951122623635048 0.009954322002033228
0.19951122623635048 0.009954322002033228
0.19951122623635048 0.009954322002033228
0.19951122623635048 0.009954322002033228
0.19951122623635048 0.009954322002033228
0.19951122623635048 0.009954322002033228
0.19951122623635048 0.009954322002033228
0.19949208542984861 0.00995432462550157
0.19949208542984861 0.00995432462550157
0.19949208542984861 0.00995432462550157
0.19949208542984861 0.00995432462550157
0.19949208542984861 0.00995432462550157
0.19949208542984861 0.00995432462550157
0.19949208542984861 0.00995432462550157
0.19949208542984861 0.00995432462550157
0.1994893688263854 0.00995433948831321
0.1994893688263854 0.00995433948831321
0.19947831134024138 0.00995432484974604
0.19947831134024138 0.00995432484974604
0.1994893688263854 0.00995433948831321
0.1994893688263854 0.00995433948831321
0.1994893688263854 0.00995433948831321
0.1994893688263854 0.00995433948831321
0.1994893688263854 0.00995433948831321
0.1994893688263854 0.00995433948831321
0.19950530160018348 0.009954344699336055
0.19950530160018348 0.009954344699336055
0.19950530160018348 0.009954344699336055
0.19950530160018348 0.009954344699336055
0.19950530160018348 0.009954344699336055
0.19950530160018348 0.009954344699336055
0.19950530160018348 0.009954344699336055
0.19950530160018348 0.009954344699336055
0.19950185479597243 0.009954341882289278
0.19950185479597243 0.009954341882289278
0.19950185479597243 0.009954341882289278
0.19950185479597243 0.009954341882289278
0.19950185479597243 0.009954341882289278
0.19950185479597243 0.009954341882289278
0.19950185479597243 0.009954341882289278
0.19950185479597243 0.009954341882289278
0.19950185479597243 0.009954341882289278
0.19950185479597243 0.009954341882289278
0.19950185479597243 0.009954341882289278
0.19950185479597243 0.009954341882289278
0.19950185479597243 0.009954341882289278
0.19950185479597243 0.009954341882289278
0.19949832808486356 0.009954334865925838
0.19949832808486356 0.009954334865925838
0.19949832808486356 0.009954334865925838
0.19949832808486356 0.009954334865925838
0.19949157747240792 0.009954327211741408
0.19949157747240792 0.009954327211741408
0.19949157747240792 0.009954327211741408
0.19949157747240792 0.009954327211741408
0.19949157747240792 0.009954327211741408
0.19949157747240792 0.009954327211741408
0.19949157747240792 0.009954327211741408
0.19949157747240792 0.009954327211741408
0.19949157747240792 0.009954327211741408
0.19949157747240792 0.009954327211741408
0.19949410990071254 0.00995432738249837
0.19949410990071254 0.00995432738249837
0.19949410990071254 0.00995432738249837
0.19949410990071254 0.00995432738249837
0.19949410990071254 0.00995432738249837
0.19949410990071254 0.00995432738249837
0.19949701297438613 0.00995433789954338
0.19949701297438613 0.00995433789954338
0.19949701297438613 0.00995433789954338
0.19949701297438613 0.00995433789954338
0.19947831134024138 0.00995432484974604
0.19947831134024138 0.00995432484974604
0.19947831134024138 0.00995432484974604
0.19947831134024138 0.00995432484974604
0.19947831134024138 0.00995432484974604
0.19947831134024138 0.00995432484974604
0.19949431983317636 0.009954338976494951
0.19949431983317636 0.009954338976494951
0.19949431983317636 0.009954338976494951
0.19949431983317636 0.009954338976494951
0.19949431983317636 0.009954338976494951
0.19949431983317636 0.009954338976494951
0.19949431983317636 0.009954338976494951
0.19949431983317636 0.009954338976494951
0.19949431983317636 0.009954338976494951
0.19949431983317636 0.009954338976494951
0.19949431983317636 0.009954338976494951
0.19949431983317636 0.009954338976494951
0.19950623129343728 0.009954335215172541
0.19950623129343728 0.009954335215172541
0.19951007283499456 0.009954333129374543
0.19951007283499456 0.009954333129374543
0.19951007283499456 0.009954333129374543
0.19951007283499456 0.009954333129374543
0.19950697813610346 0.009954330361362276
0.19950697813610346 0.009954330361362276
0.19950697813610346 0.009954330361362276
0.19950697813610346 0.009954330361362276
0.1995074623060183 0.009954330771872393
0.1995074623060183 0.009954330771872393
0.19950482656630072 0.009954334679450462
0.19950482656630072 0.009954334679450462
0.19950482656630072 0.009954334679450462
0.19950482656630072 0.009954334679450462
0.19950482656630072 0.009954334679450462
0.19950482656630072 0.009954334679450462
0.19951054726766732 0.009954332327182657
0.19951054726766732 0.009954332327182657
0.19950963222416812 0.009954339352236902
0.19950963222416812 0.009954339352236902
0.19950963222416812 0.009954339352236902
0.19950963222416812 0.009954339352236902
0.19950963222416812 0.009954339352236902
0.19950963222416812 0.009954339352236902
0.19950963222416812 0.009954339352236902
0.19950963222416812 0.009954339352236902
0.19950963222416812 0.009954339352236902
0.19950963222416812 0.009954339352236902
0.19950963222416812 0.009954339352236902
0.19950963222416812 0.009954339352236902
0.19949981443368534 0.00995434348544569
0.19949981443368534 0.00995434348544569
0.19949981443368534 0.00995434348544569
0.19949981443368534 0.00995434348544569
0.19949981443368534 0.00995434348544569
0.19949981443368534 0.00995434348544569
0.19949981443368534 0.00995434348544569
0.19949981443368534 0.00995434348544569
0.199494001469028 0.009954340494171127
0.199494001469028 0.009954340494171127
0.199494001469028 0.009954340494171127
0.199494001469028 0.009954340494171127
0.199494001469028 0.009954340494171127
0.199494001469028 0.009954340494171127
0.199494001469028 0.009954340494171127
0.199494001469028 0.009954340494171127
0.19948234539412138 0.009954316213221159
0.19948234539412138 0.009954316213221159
0.19947169395292433 0.009954326828565063
0.19947169395292433 0.009954326828565063
0.19947169395292433 0.009954326828565063
0.19947169395292433 0.009954326828565063
0.19947169395292433 0.009954326828565063
0.19947169395292433 0.009954326828565063
0.19947169395292433 0.009954326828565063
0.19947169395292433 0.009954326828565063
0.19947169395292433 0.009954326828565063
0.19947169395292433 0.009954326828565063
0.19947169395292433 0.009954326828565063
0.19947169395292433 0.009954326828565063
0.19947169395292433 0.009954326828565063
0.19947169395292433 0.009954326828565063
0.19947169395292433 0.009954326828565063
0.19947169395292433 0.009954326828565063
0.19947169395292433 0.009954326828565063
0.19947169395292433 0.009954326828565063
0.19947169395292433 0.009954326828565063
0.19947169395292433 0.009954326828565063
0.19947169395292433 0.009954326828565063
0.19947169395292433 0.009954326828565063
0.19947169395292433 0.009954326828565063
0.19947169395292433 0.009954326828565063
0.19947169395292433 0.009954326828565063
0.19947169395292433 0.009954326828565063
0.19947169395292433 0.009954326828565063
0.19947169395292433 0.009954326828565063
0.19947169395292433 0.009954326828565063
0.19947169395292433 0.009954326828565063
0.19947169395292433 0.009954326828565063
0.19947169395292433 0.009954326828565063
0.19947169395292433 0.009954326828565063
0.19947169395292433 0.009954326828565063
0.19947169395292433 0.009954326828565063
0.19947169395292433 0.009954326828565063
0.19947169395292433 0.009954326828565063
0.19947169395292433 0.009954326828565063
0.19947169395292433 0.009954326828565063
0.19947169395292433 0.009954326828565063
0.19949143362125488 0.009954333731712813
0.19949143362125488 0.009954333731712813
0.19949143362125488 0.009954333731712813
0.19949143362125488 0.009954333731712813