0.19950466766456804 0.19912021174956054
0.19950466766456804 0.19912021174956054
0.1995225876134813 0.19911996224059442
0.19952516671739673 0.19911982768765926
0.1995216212452592 0.1991201576384231
0.1995180992417287 0.19911982088258662
0.19951823526351387 0.19911981917231752
0.19952041947310087 0.19911949355118339
0.19953583411114756 0.19912054401854054
0.19947208657780124 0.19911994894360283
0.19947208657780124 0.19911994894360283
0.19947208657780124 0.19911994894360283
0.19947208657780124 0.19911994894360283
0.19947208657780124 0.19911994894360283
0.19947208657780124 0.19911994894360283
0.19948695615227735 0.19912014870126066
0.19949580626107502 0.19911996767796855
0.19949348139744527 0.19911983704095843
0.19949348139744527 0.19911983704095843
0.1994894675876271 0.19911995896855106
0.19952437905042694 0.19911873387715262
0.19952437905042694 0.19911873387715262
0.19949538720878032 0.19911992876144938
0.19949538720878032 0.19911992876144938
0.199467893696723 0.19911984120721365
0.199467893696723 0.19911984120721365
0.199467893696723 0.19911984120721365
0.199467893696723 0.19911984120721365
0.1994955135656706 0.1991200986169666
0.19948255360038436 0.1991201837645733
0.1994955135656706 0.1991200986169666
0.19949208542984861 0.19912014173592268
0.19949208542984861 0.19912014173592268
0.1994893688263854 0.19912003515674045
0.19944369708800713 0.1991194716830098
0.19944369708800713 0.1991194716830098
0.19944369708800713 0.1991194716830098
0.19944369708800713 0.1991194716830098
0.1995362715472186 0.1991199719637086
0.1995362715472186 0.1991199719637086
0.19950185479597243 0.19912010249046191
0.19952280421231464 0.19912104988406112
0.19952280421231464 0.19912104988406112
0.19952280421231464 0.19912104988406112
0.19952280421231464 0.19912104988406112
0.1994851960699762 0.19911986757640598
0.1994851960699762 0.19911986757640598
0.19947499356609763 0.1991210855599725
0.19947499356609763 0.1991210855599725
0.19950623129343728 0.1991199043612371
0.19947499356609763 0.1991210855599725
0.19947499356609763 0.1991210855599725
0.19950623129343728 0.1991199043612371
0.19947831134024138 0.1991200864742603
0.19950432891551434 0.1991205155711326
0.19950432891551434 0.1991205155711326
0.19950432891551434 0.1991205155711326
0.19950432891551434 0.1991205155711326
0.19950432891551434 0.1991205155711326
0.19950432891551434 0.1991205155711326
0.1995074623060183 0.1991198844572302
0.19948684746900702 0.1991196070129855
0.19948684746900702 0.1991196070129855
0.19948684746900702 0.1991196070129855
0.19948684746900702 0.1991196070129855
0.19953476071480616 0.19912045257463765
0.19953476071480616 0.19912045257463765
0.19953476071480616 0.19912045257463765
0.19953476071480616 0.19912045257463765
0.19950963222416812 0.19911999806659375
0.19949981443368534 0.19911981003954662
0.19950231680109834 0.19911968288140952
0.19950231680109834 0.19911968288140952
0.19950231680109834 0.19911968288140952
0.19950231680109834 0.19911968288140952
0.199494001469028 0.1991198930711208
0.19948234539412138 0.19912018569851037
0.19947169395292433 0.19912004275598705
0.19947169395292433 0.19912004275598705
0.19947169395292433 0.19912004275598705