3.2844267619594114e-05 3.292170237449593e-05
3.2844267619594114e-05 3.292170237449593e-05
3.2844267619594114e-05 3.292170237449593e-05
3.2844267619594114e-05 3.292170237449593e-05
3.275501633623622e-05 3.2921702336498176e-05
3.275501633623622e-05 3.2921702336498176e-05
3.265339872029145e-05 3.292170186450459e-05
3.265339872029145e-05 3.292170186450459e-05
3.27742939232466e-05 3.292170193426188e-05
3.27742939232466e-05 3.292170193426188e-05
3.284895829670647e-05 3.292170236459946e-05
3.284895829670647e-05 3.292170236459946e-05
3.2608348534636506e-05 3.2921702434622864e-05
3.2608348534636506e-05 3.2921702434622864e-05
3.2601325419293585e-05 3.292170130987941e-05
3.2601325419293585e-05 3.292170130987941e-05
3.283801862891417e-05 3.2921703256061335e-05
3.283801862891417e-05 3.2921703256061335e-05
3.154321913207074e-05 3.292170532534528e-05
3.154321913207074e-05 3.292170532534528e-05
3.154321913207074e-05 3.292170532534528e-05
3.154321913207074e-05 3.292170532534528e-05
3.154321913207074e-05 3.292170532534528e-05
3.154321913207074e-05 3.292170532534528e-05
3.154321913207074e-05 3.292170532534528e-05
3.154321913207074e-05 3.292170532534528e-05
3.154321913207074e-05 3.292170532534528e-05
3.154321913207074e-05 3.292170532534528e-05
3.154321913207074e-05 3.292170532534528e-05
3.154321913207074e-05 3.292170532534528e-05
3.290390008639007e-05 3.2921701825790895e-05
3.290390008639007e-05 3.2921701825790895e-05
3.288433748912113e-05 3.2921701760363035e-05
3.288433748912113e-05 3.2921701760363035e-05
3.282528828073184e-05 3.2921702172910405e-05
3.282528828073184e-05 3.2921702172910405e-05
3.282528828073184e-05 3.2921702172910405e-05
3.282528828073184e-05 3.2921702172910405e-05
3.295011181302018e-05 3.2921701808402664e-05
3.295011181302018e-05 3.2921701808402664e-05
3.3194381719100984e-05 3.2921712234232386e-05
3.3218646291709724e-05 3.2921712234232386e-05
3.3287183874357744e-05 3.2921712234232386e-05
3.3256685380486395e-05 3.2921712234232386e-05
3.3256685380486395e-05 3.2921712234232386e-05
3.321810676640831e-05 3.2921712234232386e-05
3.3191175178556205e-05 3.2921712234232386e-05
3.311134881938224e-05 3.2921712234232386e-05
3.3181635765117106e-05 3.2921712234232386e-05
3.317753730767669e-05 3.2921712234232386e-05
3.3210184284612536e-05 3.2921712234232386e-05
3.317753730767669e-05 3.2921712234232386e-05
3.317753730767669e-05 3.2921712234232386e-05
3.318049500452301e-05 3.2921712234232386e-05
3.3244760857542235e-05 3.2921712234232386e-05
3.3307308121348055e-05 3.2921712234232386e-05
3.3307308121348055e-05 3.2921712234232386e-05
3.3307308121348055e-05 3.2921712234232386e-05
3.3307308121348055e-05 3.2921712234232386e-05
3.3307308121348055e-05 3.2921712234232386e-05
3.291261502800814e-05 3.2921702230615995e-05
3.2945514021760476e-05 3.292170147167359e-05
3.2945514021760476e-05 3.292170147167359e-05
3.2779472541284916e-05 3.2921700500326316e-05
3.2779472541284916e-05 3.2921700500326316e-05
3.3011912426813025e-05 3.2921702558546155e-05
3.2859610355821154e-05 3.2921702561305186e-05
3.2859610355821154e-05 3.2921702561305186e-05
3.251468617941621e-05 3.292170157386759e-05
3.2766389558267315e-05 3.292170134151639e-05
3.2766389558267315e-05 3.292170134151639e-05
3.2992289811842404e-05 3.2921694833881186e-05
3.2992289811842404e-05 3.2921694833881186e-05
3.2992289811842404e-05 3.2921694833881186e-05
3.309328842320143e-05 3.292170149142689e-05
3.309328842320143e-05 3.292170149142689e-05
3.271924320243671e-05 3.2921699867844714e-05
3.271924320243671e-05 3.2921699867844714e-05
3.297299114966332e-05 3.2921699621388775e-05
3.297299114966332e-05 3.2921699621388775e-05
3.286413442946355e-05 3.292170168775319e-05
3.286413442946355e-05 3.292170168775319e-05
3.286413442946355e-05 3.292170168775319e-05
3.286413442946355e-05 3.292170168775319e-05
3.286413442946355e-05 3.292170168775319e-05
3.286413442946355e-05 3.292170168775319e-05
3.286413442946355e-05 3.292170168775319e-05
3.286413442946355e-05 3.292170168775319e-05
3.286413442946355e-05 3.292170168775319e-05
3.286413442946355e-05 3.292170168775319e-05
3.286413442946355e-05 3.292170168775319e-05
3.286413442946355e-05 3.292170168775319e-05
3.286413442946355e-05 3.292170168775319e-05
3.286413442946355e-05 3.292170168775319e-05
3.286413442946355e-05 3.292170168775319e-05
3.286413442946355e-05 3.292170168775319e-05
3.286413442946355e-05 3.292170168775319e-05
3.286413442946355e-05 3.292170168775319e-05
3.286413442946355e-05 3.292170168775319e-05
3.286413442946355e-05 3.292170168775319e-05
3.313453080440361e-05 3.292170333392244e-05
3.313453080440361e-05 3.292170333392244e-05
3.313453080440361e-05 3.292170333392244e-05
3.313453080440361e-05 3.292170333392244e-05
3.313453080440361e-05 3.292170333392244e-05
3.313453080440361e-05 3.292170333392244e-05
3.313453080440361e-05 3.292170333392244e-05
3.313453080440361e-05 3.292170333392244e-05
3.313453080440361e-05 3.292170333392244e-05
3.313453080440361e-05 3.292170333392244e-05
3.313453080440361e-05 3.292170333392244e-05
3.313453080440361e-05 3.292170333392244e-05
3.313453080440361e-05 3.292170333392244e-05
3.313453080440361e-05 3.292170333392244e-05
3.313453080440361e-05 3.292170333392244e-05
3.313453080440361e-05 3.292170333392244e-05
3.313453080440361e-05 3.292170333392244e-05
3.313453080440361e-05 3.292170333392244e-05
3.313453080440361e-05 3.292170333392244e-05
3.313453080440361e-05 3.292170333392244e-05
3.292166001822503e-05 3.292170113263601e-05
3.292166001822503e-05 3.292170113263601e-05
3.292166001822503e-05 3.292170113263601e-05
3.292166001822503e-05 3.292170113263601e-05
3.292166001822503e-05 3.292170113263601e-05
3.292166001822503e-05 3.292170113263601e-05
3.292166001822503e-05 3.292170113263601e-05
3.292166001822503e-05 3.292170113263601e-05
3.292166001822503e-05 3.292170113263601e-05
3.292166001822503e-05 3.292170113263601e-05
3.292166001822503e-05 3.292170113263601e-05
3.292166001822503e-05 3.292170113263601e-05
3.292166001822503e-05 3.292170113263601e-05
3.292166001822503e-05 3.292170113263601e-05
3.292166001822503e-05 3.292170113263601e-05
3.292166001822503e-05 3.292170113263601e-05
3.292166001822503e-05 3.292170113263601e-05
3.292166001822503e-05 3.292170113263601e-05
3.292166001822503e-05 3.292170113263601e-05
3.292166001822503e-05 3.292170113263601e-05
3.299886884152133e-05 3.292170171916395e-05
3.299886884152133e-05 3.292170171916395e-05
3.299886884152133e-05 3.292170171916395e-05
3.299886884152133e-05 3.292170171916395e-05
3.299886884152133e-05 3.292170171916395e-05
3.299886884152133e-05 3.292170171916395e-05
3.299886884152133e-05 3.292170171916395e-05
3.299886884152133e-05 3.292170171916395e-05
3.299886884152133e-05 3.292170171916395e-05
3.299886884152133e-05 3.292170171916395e-05
3.299886884152133e-05 3.292170171916395e-05
3.299886884152133e-05 3.292170171916395e-05
3.299886884152133e-05 3.292170171916395e-05
3.299886884152133e-05 3.292170171916395e-05
3.299886884152133e-05 3.292170171916395e-05
3.299886884152133e-05 3.292170171916395e-05
3.299886884152133e-05 3.292170171916395e-05
3.299886884152133e-05 3.292170171916395e-05
3.299886884152133e-05 3.292170171916395e-05
3.299886884152133e-05 3.292170171916395e-05
3.2997702614836635e-05 3.292170193854534e-05
3.2997702614836635e-05 3.292170193854534e-05
3.2997702614836635e-05 3.292170193854534e-05
3.2997702614836635e-05 3.292170193854534e-05
3.2997702614836635e-05 3.292170193854534e-05
3.2997702614836635e-05 3.292170193854534e-05
3.2997702614836635e-05 3.292170193854534e-05
3.2997702614836635e-05 3.292170193854534e-05
3.2997702614836635e-05 3.292170193854534e-05
3.2997702614836635e-05 3.292170193854534e-05
3.2997702614836635e-05 3.292170193854534e-05
3.2997702614836635e-05 3.292170193854534e-05
3.2997702614836635e-05 3.292170193854534e-05
3.2997702614836635e-05 3.292170193854534e-05
3.2997702614836635e-05 3.292170193854534e-05
3.2997702614836635e-05 3.292170193854534e-05
3.2997702614836635e-05 3.292170193854534e-05
3.2997702614836635e-05 3.292170193854534e-05
3.2997702614836635e-05 3.292170193854534e-05
3.2997702614836635e-05 3.292170193854534e-05
3.2792001557097076e-05 3.29217015447979e-05
3.2792001557097076e-05 3.29217015447979e-05
3.2792001557097076e-05 3.29217015447979e-05
3.2792001557097076e-05 3.29217015447979e-05
3.2792001557097076e-05 3.29217015447979e-05
3.2792001557097076e-05 3.29217015447979e-05
3.2792001557097076e-05 3.29217015447979e-05
3.2792001557097076e-05 3.29217015447979e-05
3.2792001557097076e-05 3.29217015447979e-05
3.2792001557097076e-05 3.29217015447979e-05
3.2792001557097076e-05 3.29217015447979e-05
3.2792001557097076e-05 3.29217015447979e-05
3.2792001557097076e-05 3.29217015447979e-05
3.2792001557097076e-05 3.29217015447979e-05
3.2792001557097076e-05 3.29217015447979e-05
3.2792001557097076e-05 3.29217015447979e-05
3.2792001557097076e-05 3.29217015447979e-05
3.2792001557097076e-05 3.29217015447979e-05
3.2792001557097076e-05 3.29217015447979e-05
3.2792001557097076e-05 3.29217015447979e-05