0.29810241049659997 0.30230530270342754
0.29810241049659997 0.30230530270342754
0.24938109997797459 0.24893781262007147
0.24938109997797459 0.24893781262007147
0.027861791617422166 0.028667073824020478
0.027861791617422166 0.028667073824020478
0.24938109997797459 0.24893781262007147
0.24938109997797459 0.24893781262007147
0.24938109997797459 0.24893781262007147
0.24938109997797459 0.24893781262007147
0.17788051668685084 0.17780339302426895
0.17788051668685084 0.17780339302426895
0.15326139293672317 0.1522358566667153
0.15326139293672317 0.1522358566667153
0.15326139293672317 0.1522358566667153
0.15326139293672317 0.1522358566667153
0.28170703152412335 0.28240531333398644
0.28170703152412335 0.28240531333398644
0.28170703152412335 0.28240531333398644
0.28170703152412335 0.28240531333398644
0.15326139293672317 0.1522358566667153
0.15326139293672317 0.1522358566667153
0.15326139293672317 0.1522358566667153
0.15326139293672317 0.1522358566667153
0.08127444420589378 0.0824347731834772
0.08127444420589378 0.0824347731834772
0.08127444420589378 0.0824347731834772
0.08127444420589378 0.0824347731834772
0.1239981740451778 0.12446925371392124
0.1239981740451778 0.12446925371392124
0.1239981740451778 0.12446925371392124
0.1239981740451778 0.12446925371392124
0.1239981740451778 0.12446925371392124
0.1239981740451778 0.12446925371392124
0.1239981740451778 0.12446925371392124
0.1239981740451778 0.12446925371392124
0.1239981740451778 0.12446925371392124
0.1239981740451778 0.12446925371392124
0.1239981740451778 0.12446925371392124
0.1239981740451778 0.12446925371392124
0.12198114708594147 0.12220209595712202
0.12198114708594147 0.12220209595712202
0.28170703152412335 0.28240531333398644
0.28170703152412335 0.28240531333398644
0.28170703152412335 0.28240531333398644
0.28170703152412335 0.28240531333398644
0.12198114708594147 0.12220209595712202
0.12198114708594147 0.12220209595712202
0.12198114708594147 0.12220209595712202
0.12198114708594147 0.12220209595712202
0.12198114708594147 0.12220209595712202
0.12198114708594147 0.12220209595712202
0.12198114708594147 0.12220209595712202
0.12198114708594147 0.12220209595712202
0.12198114708594147 0.12220209595712202
0.12198114708594147 0.12220209595712202
0.12198114708594147 0.12220209595712202
0.12198114708594147 0.12220209595712202
0.12198114708594147 0.12220209595712202
0.12198114708594147 0.12220209595712202
0.09203910100212125 0.09023468522081339
0.09203910100212125 0.09023468522081339
0.06941338074701563 0.0680015313563273
0.06941338074701563 0.0680015313563273
0.16800104499088758 0.16536980796208017
0.16800104499088758 0.16536980796208017
0.28170703152412335 0.28240531333398644
0.28170703152412335 0.28240531333398644
0.16800104499088758 0.16536980796208017
0.16800104499088758 0.16536980796208017
0.16800104499088758 0.16536980796208017
0.16800104499088758 0.16536980796208017
0.1252773151516036 0.12333532743163612
0.1252773151516036 0.12333532743163612
0.18427135856458274 0.18123643822081964
0.18427135856458274 0.18123643822081964
0.18427135856458274 0.18123643822081964
0.18427135856458274 0.18123643822081964
0.16590689436906939 0.16286988960199325
0.16590689436906939 0.16286988960199325
0.22404701903147967 0.22330426952427207
0.22404701903147967 0.22330426952427207
0.22404701903147967 0.22330426952427207
0.22404701903147967 0.22330426952427207
0.22404701903147967 0.22330426952427207
0.22404701903147967 0.22330426952427207
0.22404701903147967 0.22330426952427207
0.22404701903147967 0.22330426952427207
0.28170703152412335 0.28240531333398644
0.28170703152412335 0.28240531333398644
0.28170703152412335 0.28240531333398644
0.28170703152412335 0.28240531333398644
0.25020097314776407 0.248204790421658
0.25020097314776407 0.248204790421658
0.25020097314776407 0.248204790421658
0.25020097314776407 0.248204790421658
0.25020097314776407 0.248204790421658
0.25020097314776407 0.248204790421658
0.25020097314776407 0.248204790421658
0.25020097314776407 0.248204790421658
0.25020097314776407 0.248204790421658
0.25020097314776407 0.248204790421658
0.25020097314776407 0.248204790421658
0.25020097314776407 0.248204790421658
0.25020097314776407 0.248204790421658
0.25020097314776407 0.248204790421658
0.25020097314776407 0.248204790421658
0.25020097314776407 0.248204790421658
0.1516133089038921 0.15083581900813411
0.1516133089038921 0.15083581900813411
0.28170703152412335 0.28240531333398644
0.28170703152412335 0.28240531333398644
0.18286437282829146 0.18376970735391493
0.18286437282829146 0.18376970735391493
0.18286437282829146 0.18376970735391493
0.18286437282829146 0.18376970735391493
0.18286437282829146 0.18376970735391493
0.18286437282829146 0.18376970735391493
0.12387032941531231 0.12586859656473143
0.12387032941531231 0.12586859656473143
0.14901194860923803 0.1515361852413102
0.14901194860923803 0.1515361852413102
0.14901194860923803 0.1515361852413102
0.14901194860923803 0.1515361852413102
0.14901194860923803 0.1515361852413102
0.14901194860923803 0.1515361852413102
0.14901194860923803 0.1515361852413102
0.14901194860923803 0.1515361852413102
0.09087182394682775 0.0911018053190314
0.09087182394682775 0.0911018053190314
0.09087182394682775 0.0911018053190314
0.09087182394682775 0.0911018053190314
0.15550979088370517 0.1540694543744055
0.15550979088370517 0.1540694543744055
0.15550979088370517 0.1540694543744055
0.15550979088370517 0.1540694543744055
0.12103065005520247 0.12156912607773371
0.12103065005520247 0.12156912607773371
0.12103065005520247 0.12156912607773371
0.12103065005520247 0.12156912607773371
0.12103065005520247 0.12156912607773371
0.12103065005520247 0.12156912607773371
0.12103065005520247 0.12156912607773371
0.12103065005520247 0.12156912607773371
0.12103065005520247 0.12156912607773371
0.12103065005520247 0.12156912607773371
0.20091269948799614 0.20023665152680534
0.20091269948799614 0.20023665152680534
0.20091269948799614 0.20023665152680534
0.20091269948799614 0.20023665152680534
0.20091269948799614 0.20023665152680534
0.20091269948799614 0.20023665152680534
0.20091269948799614 0.20023665152680534
0.20091269948799614 0.20023665152680534
0.24938109997797459 0.24893781262007147
0.24938109997797459 0.24893781262007147
0.19752342718101895 0.195970531812816
0.19752342718101895 0.195970531812816
0.19752342718101895 0.195970531812816
0.19752342718101895 0.195970531812816
0.19752342718101895 0.195970531812816
0.19752342718101895 0.195970531812816
0.19752342718101895 0.195970531812816
0.19752342718101895 0.195970531812816
0.19752342718101895 0.195970531812816
0.19752342718101895 0.195970531812816
0.19752342718101895 0.195970531812816
0.19752342718101895 0.195970531812816
0.19752342718101895 0.195970531812816
0.19752342718101895 0.195970531812816
0.19752342718101895 0.195970531812816
0.19752342718101895 0.195970531812816
0.19752342718101895 0.195970531812816
0.19752342718101895 0.195970531812816
0.19752342718101895 0.195970531812816
0.19752342718101895 0.195970531812816
0.19752342718101895 0.195970531812816
0.19752342718101895 0.195970531812816
0.19752342718101895 0.195970531812816
0.19752342718101895 0.195970531812816
0.19752342718101895 0.195970531812816
0.19752342718101895 0.195970531812816
0.19752342718101895 0.195970531812816
0.19752342718101895 0.195970531812816
0.19752342718101895 0.195970531812816
0.19752342718101895 0.195970531812816
0.19752342718101895 0.195970531812816
0.19752342718101895 0.195970531812816
0.19752342718101895 0.195970531812816
0.19752342718101895 0.195970531812816
0.19752342718101895 0.195970531812816
0.19752342718101895 0.195970531812816
0.24938109997797459 0.24893781262007147
0.24938109997797459 0.24893781262007147
0.24938109997797459 0.24893781262007147
0.24938109997797459 0.24893781262007147
0.24938109997797459 0.24893781262007147
0.24938109997797459 0.24893781262007147
0.24938109997797459 0.24893781262007147
0.24938109997797459 0.24893781262007147