6.899247002915887e-07 1.2165942530955502e-07
6.969280222204799e-07 1.2162219658857556e-07
6.969280222204799e-07 1.2162219658857556e-07
6.95677474858454e-07 1.2163885986024784e-07
6.95677474858454e-07 1.2163885986024784e-07
6.897626762868492e-07 1.2165973985169644e-07
7.010287458714698e-07 1.2166371500336925e-07
7.010287458714698e-07 1.2166371500336925e-07
6.918920268848386e-07 1.2162230973839643e-07
6.934490255130554e-07 1.216478626082224e-07
6.934490255130554e-07 1.216478626082224e-07
6.95631250173747e-07 1.2165736865546387e-07
6.95631250173747e-07 1.2165736865546387e-07
6.95631250173747e-07 1.2165736865546387e-07
7.092040176743187e-07 1.2164819626831034e-07
7.092040176743187e-07 1.2164819626831034e-07
6.971475591787388e-07 1.216457440249463e-07
6.971475591787388e-07 1.216457440249463e-07
6.963208553391419e-07 1.2161156539541613e-07
6.963208553391419e-07 1.2161156539541613e-07