0.047244844005233294 0.04529799263086878
0.07198694873082938 0.07209742316641966
0.07198694873082938 0.07209742316641966
0.03826723279603848 0.0402321491724492
0.03826723279603848 0.0402321491724492
0.022625720255105623 0.02309888434716209
0.04272372983928401 0.0425319628944858
0.04272372983928401 0.0425319628944858
0.01836446419551335 0.01723262233654126
0.09858766424387197 0.09632953898809586
0.09858766424387197 0.09632953898809586
0.05899404341297915 0.057664181339269774
0.05899404341297915 0.057664181339269774
0.05899404341297915 0.057664181339269774
0.058140124662410274 0.057097913005898226
0.058140124662410274 0.057097913005898226
0.03447914082850268 0.036731707622110726
0.03447914082850268 0.036731707622110726
0.03125106392439936 0.031798572447953685
0.03125106392439936 0.031798572447953685