3.320345386149433e-05 3.294781151483288e-05
3.320345386149433e-05 3.294781151483288e-05
3.320529059384481e-05 3.294781151483288e-05
3.320529059384481e-05 3.294781151483288e-05
3.320529059384481e-05 3.294781151483288e-05
3.320529059384481e-05 3.294781151483288e-05
3.3245034770321975e-05 3.294781151483288e-05
3.3245034770321975e-05 3.294781151483288e-05
3.32227968714801e-05 3.294781151483288e-05
3.32227968714801e-05 3.294781151483288e-05
3.32227968714801e-05 3.294781151483288e-05
3.32227968714801e-05 3.294781151483288e-05
3.32227968714801e-05 3.294781151483288e-05
3.32227968714801e-05 3.294781151483288e-05
3.32227968714801e-05 3.294781151483288e-05
3.32227968714801e-05 3.294781151483288e-05
3.32227968714801e-05 3.294781151483288e-05
3.32227968714801e-05 3.294781151483288e-05
3.32227968714801e-05 3.294781151483288e-05
3.32227968714801e-05 3.294781151483288e-05
3.32227968714801e-05 3.294781151483288e-05
3.32227968714801e-05 3.294781151483288e-05
3.327373567863305e-05 3.294781151483288e-05
3.327373567863305e-05 3.294781151483288e-05
3.3194381719100984e-05 3.294781151483288e-05
3.3194381719100984e-05 3.294781151483288e-05
3.3194381719100984e-05 3.294781151483288e-05
3.3194381719100984e-05 3.294781151483288e-05
3.3194381719100984e-05 3.294781151483288e-05
3.3194381719100984e-05 3.294781151483288e-05
3.3194381719100984e-05 3.294781151483288e-05
3.3194381719100984e-05 3.294781151483288e-05
3.3194381719100984e-05 3.294781151483288e-05
3.3194381719100984e-05 3.294781151483288e-05
3.3194381719100984e-05 3.294781151483288e-05
3.3194381719100984e-05 3.294781151483288e-05
3.3194381719100984e-05 3.294781151483288e-05
3.3194381719100984e-05 3.294781151483288e-05
3.321810676640831e-05 3.294781151483288e-05
3.321810676640831e-05 3.294781151483288e-05
3.3194381719100984e-05 3.294781151483288e-05
3.3194381719100984e-05 3.294781151483288e-05
3.3177856936380116e-05 3.294781151483288e-05
3.3177856936380116e-05 3.294781151483288e-05
3.3218646291709724e-05 3.294781151483288e-05
3.3218646291709724e-05 3.294781151483288e-05
3.3218646291709724e-05 3.294781151483288e-05
3.3218646291709724e-05 3.294781151483288e-05
3.3218646291709724e-05 3.294781151483288e-05
3.3218646291709724e-05 3.294781151483288e-05
3.3218646291709724e-05 3.294781151483288e-05
3.3218646291709724e-05 3.294781151483288e-05
3.3218646291709724e-05 3.294781151483288e-05
3.3218646291709724e-05 3.294781151483288e-05
3.3218646291709724e-05 3.294781151483288e-05
3.3218646291709724e-05 3.294781151483288e-05
3.3218646291709724e-05 3.294781151483288e-05
3.3218646291709724e-05 3.294781151483288e-05
3.322305714848364e-05 3.294781151483288e-05
3.322305714848364e-05 3.294781151483288e-05
3.322305714848364e-05 3.294781151483288e-05
3.322305714848364e-05 3.294781151483288e-05
3.322305714848364e-05 3.294781151483288e-05
3.322305714848364e-05 3.294781151483288e-05
3.322305714848364e-05 3.294781151483288e-05
3.322305714848364e-05 3.294781151483288e-05
3.322305714848364e-05 3.294781151483288e-05
3.322305714848364e-05 3.294781151483288e-05
3.321810676640831e-05 3.294781151483288e-05
3.321810676640831e-05 3.294781151483288e-05
3.321810676640831e-05 3.294781151483288e-05
3.321810676640831e-05 3.294781151483288e-05
3.322305714848364e-05 3.294781151483288e-05
3.322305714848364e-05 3.294781151483288e-05
3.323020249335328e-05 3.294781151483288e-05
3.323020249335328e-05 3.294781151483288e-05
3.325432602231359e-05 3.294781151483288e-05
3.325432602231359e-05 3.294781151483288e-05
3.325432602231359e-05 3.294781151483288e-05
3.325432602231359e-05 3.294781151483288e-05
3.3287183874357744e-05 3.294781151483288e-05
3.3287183874357744e-05 3.294781151483288e-05
3.3287183874357744e-05 3.294781151483288e-05
3.3287183874357744e-05 3.294781151483288e-05
3.321810676640831e-05 3.294781151483288e-05
3.321810676640831e-05 3.294781151483288e-05
3.3287183874357744e-05 3.294781151483288e-05
3.3287183874357744e-05 3.294781151483288e-05
3.3287183874357744e-05 3.294781151483288e-05
3.3287183874357744e-05 3.294781151483288e-05
3.3287183874357744e-05 3.294781151483288e-05
3.3287183874357744e-05 3.294781151483288e-05
3.3287183874357744e-05 3.294781151483288e-05
3.3287183874357744e-05 3.294781151483288e-05
3.3287183874357744e-05 3.294781151483288e-05
3.3287183874357744e-05 3.294781151483288e-05
3.325753130513158e-05 3.294781151483288e-05
3.325753130513158e-05 3.294781151483288e-05
3.325753130513158e-05 3.294781151483288e-05
3.325753130513158e-05 3.294781151483288e-05
3.3256685380486395e-05 3.294781151483288e-05
3.3256685380486395e-05 3.294781151483288e-05
3.3256685380486395e-05 3.294781151483288e-05
3.3256685380486395e-05 3.294781151483288e-05
3.322782656881181e-05 3.294781151483288e-05
3.322782656881181e-05 3.294781151483288e-05
3.3191175178556205e-05 3.294781151483288e-05
3.3191175178556205e-05 3.294781151483288e-05
3.3191175178556205e-05 3.294781151483288e-05
3.3191175178556205e-05 3.294781151483288e-05
3.3191175178556205e-05 3.294781151483288e-05
3.3191175178556205e-05 3.294781151483288e-05
3.311134881938224e-05 3.294781151483288e-05
3.311134881938224e-05 3.294781151483288e-05
3.311134881938224e-05 3.294781151483288e-05
3.311134881938224e-05 3.294781151483288e-05
3.3181635765117106e-05 3.294781151483288e-05
3.3181635765117106e-05 3.294781151483288e-05
3.3181635765117106e-05 3.294781151483288e-05
3.3181635765117106e-05 3.294781151483288e-05
3.317753730767669e-05 3.294781151483288e-05
3.317753730767669e-05 3.294781151483288e-05
3.3210184284612536e-05 3.294781151483288e-05
3.3210184284612536e-05 3.294781151483288e-05
3.317753730767669e-05 3.294781151483288e-05
3.317753730767669e-05 3.294781151483288e-05
3.31708057121153e-05 3.294781151483288e-05
3.31708057121153e-05 3.294781151483288e-05
3.31708057121153e-05 3.294781151483288e-05
3.31708057121153e-05 3.294781151483288e-05
3.318049500452301e-05 3.294781151483288e-05
3.318049500452301e-05 3.294781151483288e-05
3.318049500452301e-05 3.294781151483288e-05
3.318049500452301e-05 3.294781151483288e-05
3.318049500452301e-05 3.294781151483288e-05
3.318049500452301e-05 3.294781151483288e-05
3.318049500452301e-05 3.294781151483288e-05
3.318049500452301e-05 3.294781151483288e-05
3.318049500452301e-05 3.294781151483288e-05
3.318049500452301e-05 3.294781151483288e-05
3.318049500452301e-05 3.294781151483288e-05
3.318049500452301e-05 3.294781151483288e-05
3.318049500452301e-05 3.294781151483288e-05
3.318049500452301e-05 3.294781151483288e-05
3.323899566671248e-05 3.294781151483288e-05
3.323899566671248e-05 3.294781151483288e-05
3.3171754305232924e-05 3.294781151483288e-05
3.3171754305232924e-05 3.294781151483288e-05
3.3171754305232924e-05 3.294781151483288e-05
3.3171754305232924e-05 3.294781151483288e-05
3.3135307511229026e-05 3.294781151483288e-05
3.3135307511229026e-05 3.294781151483288e-05
3.3244760857542235e-05 3.294781151483288e-05
3.3244760857542235e-05 3.294781151483288e-05
3.3244760857542235e-05 3.294781151483288e-05
3.3244760857542235e-05 3.294781151483288e-05
3.3244760857542235e-05 3.294781151483288e-05
3.3244760857542235e-05 3.294781151483288e-05
3.329088756882281e-05 3.294781151483288e-05
3.329088756882281e-05 3.294781151483288e-05
3.329088756882281e-05 3.294781151483288e-05
3.329088756882281e-05 3.294781151483288e-05
3.3245034770321975e-05 3.294781151483288e-05
3.3245034770321975e-05 3.294781151483288e-05
3.3245034770321975e-05 3.294781151483288e-05
3.3245034770321975e-05 3.294781151483288e-05
3.3307308121348055e-05 3.294781151483288e-05
3.3307308121348055e-05 3.294781151483288e-05
3.3307308121348055e-05 3.294781151483288e-05
3.3307308121348055e-05 3.294781151483288e-05
3.3307308121348055e-05 3.294781151483288e-05
3.3307308121348055e-05 3.294781151483288e-05
3.3307308121348055e-05 3.294781151483288e-05
3.3307308121348055e-05 3.294781151483288e-05
3.3307308121348055e-05 3.294781151483288e-05
3.3307308121348055e-05 3.294781151483288e-05
3.3307308121348055e-05 3.294781151483288e-05
3.3307308121348055e-05 3.294781151483288e-05
3.3307308121348055e-05 3.294781151483288e-05
3.3307308121348055e-05 3.294781151483288e-05
3.3307308121348055e-05 3.294781151483288e-05
3.3307308121348055e-05 3.294781151483288e-05
3.3307308121348055e-05 3.294781151483288e-05
3.3307308121348055e-05 3.294781151483288e-05
3.3307308121348055e-05 3.294781151483288e-05
3.3307308121348055e-05 3.294781151483288e-05
3.3307308121348055e-05 3.294781151483288e-05
3.3307308121348055e-05 3.294781151483288e-05
3.3307308121348055e-05 3.294781151483288e-05
3.3307308121348055e-05 3.294781151483288e-05
3.3307308121348055e-05 3.294781151483288e-05
3.3307308121348055e-05 3.294781151483288e-05
3.3307308121348055e-05 3.294781151483288e-05
3.3307308121348055e-05 3.294781151483288e-05
3.3307308121348055e-05 3.294781151483288e-05
3.3307308121348055e-05 3.294781151483288e-05
3.3307308121348055e-05 3.294781151483288e-05
3.3307308121348055e-05 3.294781151483288e-05
3.3307308121348055e-05 3.294781151483288e-05
3.3307308121348055e-05 3.294781151483288e-05