0.013511923618251839 0.013510908981628033
0.013512470069459463 0.013510755707214474
0.013512470069459463 0.013510755707214474
0.013512286707507856 0.013510716947899475
0.013512286707507856 0.013510716947899475
0.01351143859742312 0.013510929173579775
0.013511975139882117 0.013510917298880988
0.013511975139882117 0.013510917298880988
0.013510445862608097 0.013511046913741033
0.013511894467128025 0.013510847976019301
0.013511894467128025 0.013510847976019301
0.013510648693849136 0.013510801878365617
0.013510648693849136 0.013510801878365617
0.013510648693849136 0.013510801878365617
0.013511252594404678 0.013510890103382035
0.013511252594404678 0.013510890103382035
0.013511879604899111 0.013510701712948905
0.013511879604899111 0.013510701712948905
0.01351261217195674 0.013510842037398291
0.01351261217195674 0.013510842037398291