0.5 0.25000370134580935
0.5 0.25000370134580935
0.5 0.25000370134580935
0.5 0.25000370134580935
0.5 0.25000370134580935
0.5 0.25000370134580935
0.5 0.25000370134580935
0.18204699228639534 0.25000370134580935
0.18204699228639534 0.25000370134580935
0.18204699228639534 0.25000370134580935
0.18204699228639534 0.25000370134580935
0.18204699228639534 0.25000370134580935
0.18204699228639534 0.25000370134580935
0.18204699228639534 0.25000370134580935
0.18204699228639534 0.25000370134580935
0.18204699228639534 0.25000370134580935
0.8179530077136047 0.25000370134580935
0.8179530077136047 0.25000370134580935
0.8179530077136047 0.25000370134580935
0.27265100257120156 0.24999876621806355
0.27265100257120156 0.24999876621806355