2.4872207158488777e-06 2.54216600226919e-06
2.4872207158488777e-06 2.54216600226919e-06
2.310546259343219e-06 2.5421616856764623e-06
2.310546259343219e-06 2.5421616856764623e-06
2.310546259343219e-06 2.5421616856764623e-06
2.310546259343219e-06 2.5421616856764623e-06
2.310546259343219e-06 2.5421616856764623e-06
2.310546259343219e-06 2.5421616856764623e-06
2.310546259343219e-06 2.5421616856764623e-06
2.310546259343219e-06 2.5421616856764623e-06
2.310546259343219e-06 2.5421616856764623e-06
2.310546259343219e-06 2.5421616856764623e-06
2.310546259343219e-06 2.5421616856764623e-06
2.310546259343219e-06 2.5421616856764623e-06
2.310546259343219e-06 2.5421616856764623e-06
2.310546259343219e-06 2.5421616856764623e-06
2.338029141249366e-06 2.542161351688411e-06
2.338029141249366e-06 2.542161351688411e-06
2.1824194821398585e-06 2.5421692179602953e-06
7.874740849543411e-07 2.5421616541143236e-06
7.874740849543411e-07 2.5421616541143236e-06
7.702624195678936e-07 2.5421617412275143e-06
7.91879211602987e-07 2.5421621087269205e-06
7.91879211602987e-07 2.5421621087269205e-06
7.91879211602987e-07 2.5421621087269205e-06
7.91879211602987e-07 2.5421621087269205e-06
7.91879211602987e-07 2.5421621087269205e-06
7.91879211602987e-07 2.5421621087269205e-06
7.91879211602987e-07 2.5421621087269205e-06
7.91879211602987e-07 2.5421621087269205e-06
7.91879211602987e-07 2.5421621087269205e-06
7.91879211602987e-07 2.5421621087269205e-06
7.91879211602987e-07 2.5421621087269205e-06
2.348183018163342e-06 2.5421619005344416e-06
2.348183018163342e-06 2.5421619005344416e-06