1.0645534861369485e-06 1.0207849287982407e-06
1.0645534861369485e-06 1.0207849287982407e-06
1.0645534861369485e-06 1.0207849287982407e-06
1.0645534861369485e-06 1.0207849287982407e-06
1.0645534861369485e-06 1.0207849287982407e-06
1.0645534861369485e-06 1.0207849287982407e-06
1.0645534861369485e-06 1.0207849287982407e-06
1.4931782577746944e-06 1.0207849287982407e-06
1.4931782577746944e-06 1.0207849287982407e-06
1.4931782577746944e-06 1.0207849287982407e-06
1.4931782577746944e-06 1.0207849287982407e-06
1.4931782577746944e-06 1.0207849287982407e-06
1.4931782577746944e-06 1.0207849287982407e-06
1.4931782577746944e-06 1.0207849287982407e-06
1.4931782577746944e-06 1.0207849287982407e-06
1.4931782577746944e-06 1.0207849287982407e-06
9.691569905433827e-07 1.0207849287982407e-06
9.691569905433827e-07 1.0207849287982407e-06
9.691569905433827e-07 1.0207849287982407e-06
9.691569905433827e-07 1.020785193261957e-06
9.691569905433827e-07 1.020785193261957e-06
1.0946085529691456e-06 1.0207849287982407e-06
1.0946085529691456e-06 1.0207849287982407e-06
1.0946085529691456e-06 1.0207849287982407e-06
1.0946085529691456e-06 1.0207849287982407e-06
1.0946085529691456e-06 1.0207849287982407e-06
1.0946085529691456e-06 1.0207849287982407e-06
1.0946085529691456e-06 1.0207849287982407e-06
1.0946085529691456e-06 1.0207849287982407e-06
1.0946085529691456e-06 1.0207849287982407e-06
1.0946085529691456e-06 1.0207849287982407e-06
1.0946085529691456e-06 1.0207849287982407e-06
1.0946085529691456e-06 1.0207849287982407e-06
1.0645534861369485e-06 1.020785331456902e-06
1.0645534861369485e-06 1.020785331456902e-06
1.0645534861369485e-06 1.020785331456902e-06
1.0645534861369485e-06 1.020785331456902e-06
1.011995494507569e-06 1.0207849287982407e-06
1.011995494507569e-06 1.0207849287982407e-06
1.0645534861369485e-06 1.020785193261957e-06
1.0645534861369485e-06 1.020785193261957e-06