3.1128456927419507e-07 3.1844537515412755e-07
3.1128456927419507e-07 3.1844537515412755e-07
2.941293878419269e-07 3.1844537515412755e-07
2.941293878419269e-07 3.1844537515412755e-07
2.941293878419269e-07 3.1844537515412755e-07
2.941293878419269e-07 3.1844537515412755e-07
2.941293878419269e-07 3.1844537515412755e-07
2.941293878419269e-07 3.1844537515412755e-07
2.941293878419269e-07 3.1844537515412755e-07
2.941293878419269e-07 3.1844537515412755e-07
2.941293878419269e-07 3.1844537515412755e-07
2.941293878419269e-07 3.1844537515412755e-07
2.941293878419269e-07 3.1844537515412755e-07
2.941293878419269e-07 3.1844537515412755e-07
2.941293878419269e-07 3.1844537515412755e-07
2.941293878419269e-07 3.1844537515412755e-07
2.9018872014904137e-07 3.1844537515412755e-07
2.9018872014904137e-07 3.1844537515412755e-07
3.1253924729596786e-07 3.1844537515412755e-07
3.327591335030526e-12 3.1844537515412755e-07
3.327591335030526e-12 3.1844537515412755e-07
2.1414085814194945e-12 3.1844537515412755e-07
7.163268440041302e-12 3.1844537515412755e-07
7.163268440041302e-12 3.1844537515412755e-07
7.163268440041302e-12 3.1844537515412755e-07
7.163268440041302e-12 3.1844537515412755e-07
7.163268440041302e-12 3.1844537515412755e-07
7.163268440041302e-12 3.1844537515412755e-07
7.163268440041302e-12 3.1844537515412755e-07
7.163268440041302e-12 3.1844537515412755e-07
7.163268440041302e-12 3.1844537515412755e-07
7.163268440041302e-12 3.1844537515412755e-07
7.163268440041302e-12 3.1844537515412755e-07
2.9331864170630226e-07 3.1844537515412755e-07
2.9331864170630226e-07 3.1844537515412755e-07