3.880655904101829e-06 2.0740503171665367e-06
2.8760083665305015e-06 2.07412562279781e-06
2.8760083665305015e-06 2.07412562279781e-06
3.2369639848511253e-06 2.0741411227183086e-06
5.041819523749164e-06 2.0739773522929027e-06
5.42953095470219e-06 2.074849504249292e-06
3.4279406159072666e-06 2.074117920381134e-06
2.466435958259024e-06 2.0741700213707073e-06
1.7566042171580343e-06 2.074849504249292e-06
2.1112984149880067e-06 2.0741248607257443e-06
1.9930723739103928e-06 2.0741141405448546e-06
1.9930723739103928e-06 2.0741141405448546e-06
1.9930723739103928e-06 2.0741141405448546e-06
1.2096063984115154e-06 2.074124947186879e-06
1.2096063984115154e-06 2.074124947186879e-06
1.2096063984115154e-06 2.074124947186879e-06
1.2096063984115154e-06 2.074124947186879e-06
1.2096063984115154e-06 2.074124947186879e-06
1.2096063984115154e-06 2.074124947186879e-06
1.2096063984115154e-06 2.074124947186879e-06
1.2096063984115154e-06 2.074124947186879e-06
2.8761551393558217e-06 2.0741241145164455e-06
2.8761551393558217e-06 2.0741241145164455e-06
7.09907903551091e-06 2.074849504249292e-06
9.40564345627625e-07 2.074146767979847e-06
9.40564345627625e-07 2.074146767979847e-06
3.1808826516272344e-06 2.074124169483067e-06
3.1808826516272344e-06 2.074124169483067e-06
3.1808826516272344e-06 2.074124169483067e-06
3.1808826516272344e-06 2.074124169483067e-06
3.1808826516272344e-06 2.074124169483067e-06
3.1808826516272344e-06 2.074124169483067e-06