0.5116201613641947 0.24999990418258353
0.5116201613641947 0.24999990418258353
0.5116201613641947 0.24999990418258353
0.5116201613641947 0.24999990418258353
0.5116201613641947 0.24999990418258353
0.5116201613641947 0.24999990418258353
0.5116201613641947 0.24999990418258353
0.5116201613641947 0.24999990418258353
0.5116201613641947 0.24999990418258353
0.5116201613641947 0.24999990418258353
0.5116201613641947 0.24999990418258353
0.5116201613641947 0.24999990418258353
0.5116201613641947 0.24999990418258353
0.5116201613641947 0.24999990418258353
0.5116201613641947 0.24999990418258353
0.5116201613641947 0.24999990418258353
0.5116201613641947 0.24999990418258353
0.5116201613641947 0.24999990418258353
0.5116201613641947 0.24999990418258353
0.5116201613641947 0.24999990418258353
0.5116201613641947 0.24999990418258353
0.16279327954526843 0.25000003193913883
0.16279327954526843 0.25000003193913883
0.5 0.24999990418258353