0.991969261656686 0.25
0.991969261656686 0.25
0.991969261656686 0.25
0.991969261656686 0.25
0.991969261656686 0.25
0.991969261656686 0.25
0.991969261656686 0.25
0.991969261656686 0.25
0.991969261656686 0.25
0.991969261656686 0.25
0.991969261656686 0.25
0.991969261656686 0.25
0.991969261656686 0.25
0.991969261656686 0.25
0.991969261656686 0.25
0.991969261656686 0.25
0.991969261656686 0.25
0.991969261656686 0.25
0.991969261656686 0.25
0.991969261656686 0.25
0.991969261656686 0.25
0.002676912781104688 0.25
0.002676912781104688 0.25
0.5 0.25
0.10538124641010914 0.2500001878412606
0.10538124641010914 0.2500001878412606
0.10538124641010914 0.2500001878412606
0.10538124641010914 0.2500001878412606
0.10538124641010914 0.2500001878412606
0.10538124641010914 0.2500001878412606
0.10538124641010914 0.2500001878412606
0.10538124641010914 0.2500001878412606
0.10538124641010914 0.2500001878412606
0.10538124641010914 0.2500001878412606
0.10538124641010914 0.2500001878412606
0.10538124641010914 0.2500001878412606
0.10538124641010914 0.2500001878412606
0.10538124641010914 0.2500001878412606
0.10538124641010914 0.2500001878412606
0.10538124641010914 0.2500001878412606
0.10538124641010914 0.2500001878412606
0.10538124641010914 0.2500001878412606
0.10538124641010914 0.2500001878412606
0.10538124641010914 0.2500001878412606
0.10538124641010914 0.2500001878412606
0.10538124641010914 0.2500001878412606
0.10538124641010914 0.2500001878412606
0.10538124641010914 0.2500001878412606
0.10538124641010914 0.2500001878412606
0.10538124641010914 0.2500001878412606
0.10538124641010914 0.2500001878412606
0.10538124641010914 0.2500001878412606
0.10538124641010914 0.2500001878412606
0.10538124641010914 0.2500001878412606
0.10538124641010914 0.2500001878412606
0.10538124641010914 0.2500001878412606
0.10538124641010914 0.2500001878412606
0.10538124641010914 0.2500001878412606
0.10538124641010914 0.2500001878412606
0.10538124641010914 0.2500001878412606
0.10538124641010914 0.2500001878412606
0.10538124641010914 0.2500001878412606
0.10538124641010914 0.2500001878412606
0.10538124641010914 0.2500001878412606
0.10538124641010914 0.2500001878412606
0.10538124641010914 0.2500001878412606
0.2982062511966303 0.24999993738624646
0.2982062511966303 0.24999993738624646
0.2982062511966303 0.24999993738624646
0.2982062511966303 0.24999993738624646
0.5 0.2500001878412606
0.5 0.2500001878412606
0.999719353390211 0.25002845112097416
0.999719353390211 0.25002845112097416
0.999719353390211 0.25002845112097416
0.999719353390211 0.25002845112097416
0.999719353390211 0.25002845112097416
0.999719353390211 0.25002845112097416
0.999719353390211 0.25002845112097416
0.999719353390211 0.25002845112097416
0.999719353390211 0.25002845112097416
0.999719353390211 0.25002845112097416
0.999719353390211 0.25002845112097416
0.999719353390211 0.25002845112097416
0.999719353390211 0.25002845112097416
0.999719353390211 0.25002845112097416
0.999719353390211 0.25002845112097416
0.999719353390211 0.25002845112097416
0.999719353390211 0.25002845112097416
0.999719353390211 0.25002845112097416
0.999719353390211 0.25002845112097416
0.999719353390211 0.25002845112097416
0.999719353390211 0.25002845112097416
9.354886992965124e-05 0.2499905162930086
9.354886992965124e-05 0.2499905162930086
0.5 0.25002845112097416
4.162330905306972e-05 0.25
4.162330905306972e-05 0.25
4.162330905306972e-05 0.25
4.162330905306972e-05 0.25
4.162330905306972e-05 0.25
4.162330905306972e-05 0.25
4.162330905306972e-05 0.25
4.162330905306972e-05 0.25
4.162330905306972e-05 0.25
4.162330905306972e-05 0.25
4.162330905306972e-05 0.25
4.162330905306972e-05 0.25
4.162330905306972e-05 0.25
4.162330905306972e-05 0.25
4.162330905306972e-05 0.25
4.162330905306972e-05 0.25
4.162330905306972e-05 0.25
4.162330905306972e-05 0.25
4.162330905306972e-05 0.25
4.162330905306972e-05 0.25
4.162330905306972e-05 0.25
0.3333333333333333 0.25
0.3333333333333333 0.25
0.5 0.25
0.0007052186177715092 0.25
0.0007052186177715092 0.25
0.0007052186177715092 0.25
0.0007052186177715092 0.25
0.0007052186177715092 0.25
0.0007052186177715092 0.25
0.0007052186177715092 0.25
0.0007052186177715092 0.25
0.0007052186177715092 0.25
0.0007052186177715092 0.25
0.0007052186177715092 0.25
0.0007052186177715092 0.25
0.0007052186177715092 0.25
0.0007052186177715092 0.25
0.0007052186177715092 0.25
0.0007052186177715092 0.25
0.0007052186177715092 0.25
0.0007052186177715092 0.25
0.0007052186177715092 0.25
0.0007052186177715092 0.25
0.0007052186177715092 0.25
0.3333333333333333 0.25
0.3333333333333333 0.25
0.5 0.25
0.002699338357665715 0.24999852264198888
0.002699338357665715 0.24999852264198888
0.002699338357665715 0.24999852264198888
0.002699338357665715 0.24999852264198888
0.002699338357665715 0.24999852264198888
0.002699338357665715 0.24999852264198888
0.002699338357665715 0.24999852264198888
0.002699338357665715 0.24999852264198888
0.002699338357665715 0.24999852264198888
0.002699338357665715 0.24999852264198888
0.002699338357665715 0.24999852264198888
0.002699338357665715 0.24999852264198888
0.002699338357665715 0.24999852264198888
0.002699338357665715 0.24999852264198888
0.002699338357665715 0.24999852264198888
0.002699338357665715 0.24999852264198888
0.002699338357665715 0.24999852264198888
0.002699338357665715 0.24999852264198888
0.002699338357665715 0.24999852264198888
0.002699338357665715 0.24999852264198888
0.002699338357665715 0.24999852264198888
0.3324335538807781 0.25000049245267036
0.3324335538807781 0.25000049245267036
0.5 0.24999852264198888
2.0451152422439004e-05 0.24996491228070175
2.0451152422439004e-05 0.24996491228070175
2.0451152422439004e-05 0.24996491228070175
2.0451152422439004e-05 0.24996491228070175
2.0451152422439004e-05 0.24996491228070175
2.0451152422439004e-05 0.24996491228070175
2.0451152422439004e-05 0.24996491228070175
2.0451152422439004e-05 0.24996491228070175
2.0451152422439004e-05 0.24996491228070175
2.0451152422439004e-05 0.24996491228070175
2.0451152422439004e-05 0.24996491228070175
2.0451152422439004e-05 0.24996491228070175
2.0451152422439004e-05 0.24996491228070175
2.0451152422439004e-05 0.24996491228070175
2.0451152422439004e-05 0.24996491228070175
2.0451152422439004e-05 0.24996491228070175
2.0451152422439004e-05 0.24996491228070175
2.0451152422439004e-05 0.24996491228070175
2.0451152422439004e-05 0.24996491228070175
2.0451152422439004e-05 0.24996491228070175
2.0451152422439004e-05 0.24996491228070175
0.3333333333333333 0.25001169590643274
0.3333333333333333 0.25001169590643274
0.5 0.25
0.00011669973159061734 0.25
0.00011669973159061734 0.25
0.00011669973159061734 0.25
0.00011669973159061734 0.25
0.00011669973159061734 0.25
0.00011669973159061734 0.25
0.00011669973159061734 0.25
0.00011669973159061734 0.25
0.00011669973159061734 0.25
0.00011669973159061734 0.25
0.00011669973159061734 0.25
0.00011669973159061734 0.25
0.00011669973159061734 0.25
0.00011669973159061734 0.25
0.00011669973159061734 0.25
0.00011669973159061734 0.25
0.00011669973159061734 0.25
0.00011669973159061734 0.25
0.00011669973159061734 0.25
0.00011669973159061734 0.25
0.00011669973159061734 0.25
0.3333333333333333 0.25
0.3333333333333333 0.25
0.5 0.25
0.0013604199027401293 0.25
0.0013604199027401293 0.25
0.0013604199027401293 0.25
0.0013604199027401293 0.25
0.0013604199027401293 0.25
0.0013604199027401293 0.25
0.0013604199027401293 0.25
0.0013604199027401293 0.25
0.0013604199027401293 0.25
0.0013604199027401293 0.25
0.0013604199027401293 0.25
0.0013604199027401293 0.25
0.0013604199027401293 0.25
0.0013604199027401293 0.25
0.0013604199027401293 0.25
0.0013604199027401293 0.25
0.0013604199027401293 0.25
0.0013604199027401293 0.25
0.0013604199027401293 0.25
0.0013604199027401293 0.25
0.0013604199027401293 0.25
0.33287986003242 0.25
0.33287986003242 0.25
0.5 0.25
1.0074602431001567e-05 0.2500050153469617
1.0074602431001567e-05 0.2500050153469617
1.0074602431001567e-05 0.2500050153469617
1.0074602431001567e-05 0.2500050153469617
1.0074602431001567e-05 0.2500050153469617
1.0074602431001567e-05 0.2500050153469617
1.0074602431001567e-05 0.2500050153469617
1.0074602431001567e-05 0.2500050153469617
1.0074602431001567e-05 0.2500050153469617
1.0074602431001567e-05 0.2500050153469617
1.0074602431001567e-05 0.2500050153469617
1.0074602431001567e-05 0.2500050153469617
1.0074602431001567e-05 0.2500050153469617
1.0074602431001567e-05 0.2500050153469617
1.0074602431001567e-05 0.2500050153469617
1.0074602431001567e-05 0.2500050153469617
1.0074602431001567e-05 0.2500050153469617
1.0074602431001567e-05 0.2500050153469617
1.0074602431001567e-05 0.2500050153469617
1.0074602431001567e-05 0.2500050153469617
1.0074602431001567e-05 0.2500050153469617
1.0074602431001567e-05 0.2500050153469617
1.0074602431001567e-05 0.2500050153469617
1.0074602431001567e-05 0.2500050153469617
1.0074602431001567e-05 0.2500050153469617
1.0074602431001567e-05 0.2500050153469617
1.0074602431001567e-05 0.2500050153469617
1.0074602431001567e-05 0.2500050153469617
1.0074602431001567e-05 0.2500050153469617
1.0074602431001567e-05 0.2500050153469617
1.0074602431001567e-05 0.2500050153469617
1.0074602431001567e-05 0.2500050153469617
1.0074602431001567e-05 0.2500050153469617
1.0074602431001567e-05 0.2500050153469617
1.0074602431001567e-05 0.2500050153469617
1.0074602431001567e-05 0.2500050153469617
1.0074602431001567e-05 0.2500050153469617
1.0074602431001567e-05 0.2500050153469617
1.0074602431001567e-05 0.2500050153469617
1.0074602431001567e-05 0.2500050153469617
1.0074602431001567e-05 0.2500050153469617
1.0074602431001567e-05 0.2500050153469617
1.0074602431001567e-05 0.2500050153469617
1.0074602431001567e-05 0.2500050153469617
1.0074602431001567e-05 0.2500050153469617
1.0074602431001567e-05 0.2500050153469617
1.0074602431001567e-05 0.2500050153469617
1.0074602431001567e-05 0.2500050153469617
1.0074602431001567e-05 0.2500050153469617
1.0074602431001567e-05 0.2500050153469617
1.0074602431001567e-05 0.2500050153469617
1.0074602431001567e-05 0.2500050153469617
1.0074602431001567e-05 0.2500050153469617
1.0074602431001567e-05 0.2500050153469617
1.0074602431001567e-05 0.2500050153469617
1.0074602431001567e-05 0.2500050153469617
1.0074602431001567e-05 0.2500050153469617
1.0074602431001567e-05 0.2500050153469617
1.0074602431001567e-05 0.2500050153469617
1.0074602431001567e-05 0.2500050153469617
1.0074602431001567e-05 0.2500050153469617
1.0074602431001567e-05 0.2500050153469617
1.0074602431001567e-05 0.2500050153469617
0.333329975132523 0.24999832821767942
0.333329975132523 0.24999832821767942
0.333329975132523 0.24999832821767942
0.333329975132523 0.24999832821767942
0.333329975132523 0.24999832821767942
0.333329975132523 0.24999832821767942
0.5 0.25
0.5 0.25
0.5 0.25
0.9386307585993275 0.249999804400978
0.9386307585993275 0.249999804400978
0.9386307585993275 0.249999804400978
0.9386307585993275 0.249999804400978
0.9386307585993275 0.249999804400978
0.9386307585993275 0.249999804400978
0.9386307585993275 0.249999804400978
0.9386307585993275 0.249999804400978
0.9386307585993275 0.249999804400978
0.9386307585993275 0.249999804400978
0.9386307585993275 0.249999804400978
0.9386307585993275 0.249999804400978
0.9386307585993275 0.249999804400978
0.9386307585993275 0.249999804400978
0.9386307585993275 0.249999804400978
0.9386307585993275 0.249999804400978
0.9386307585993275 0.249999804400978
0.9386307585993275 0.249999804400978
0.9386307585993275 0.249999804400978
0.9386307585993275 0.249999804400978
0.9386307585993275 0.249999804400978
0.9386307585993275 0.249999804400978
0.9386307585993275 0.249999804400978
0.9386307585993275 0.249999804400978
0.9386307585993275 0.249999804400978
0.9386307585993275 0.249999804400978
0.9386307585993275 0.249999804400978
0.9386307585993275 0.249999804400978
0.9386307585993275 0.249999804400978
0.9386307585993275 0.249999804400978
0.9386307585993275 0.249999804400978
0.9386307585993275 0.249999804400978
0.9386307585993275 0.249999804400978
0.9386307585993275 0.249999804400978
0.9386307585993275 0.249999804400978
0.9386307585993275 0.249999804400978
0.9386307585993275 0.249999804400978
0.9386307585993275 0.249999804400978
0.9386307585993275 0.249999804400978
0.9386307585993275 0.249999804400978
0.9386307585993275 0.249999804400978
0.9386307585993275 0.249999804400978
0.9386307585993275 0.249999804400978
0.9386307585993275 0.249999804400978
0.9386307585993275 0.249999804400978
0.9386307585993275 0.249999804400978
0.9386307585993275 0.249999804400978
0.9386307585993275 0.249999804400978
0.9386307585993275 0.249999804400978
0.9386307585993275 0.249999804400978
0.9386307585993275 0.249999804400978
0.9386307585993275 0.249999804400978
0.9386307585993275 0.249999804400978
0.9386307585993275 0.249999804400978
0.9386307585993275 0.249999804400978
0.9386307585993275 0.249999804400978
0.9386307585993275 0.249999804400978
0.9386307585993275 0.249999804400978
0.9386307585993275 0.249999804400978
0.9386307585993275 0.249999804400978
0.9386307585993275 0.249999804400978
0.9386307585993275 0.249999804400978
0.9386307585993275 0.249999804400978
0.9386307585993275 0.249999804400978
0.9386307585993275 0.249999804400978
0.9386307585993275 0.249999804400978
0.9386307585993275 0.249999804400978
0.9386307585993275 0.249999804400978
0.9386307585993275 0.249999804400978
0.9386307585993275 0.249999804400978
0.9386307585993275 0.249999804400978
0.9386307585993275 0.249999804400978
0.9386307585993275 0.249999804400978
0.9386307585993275 0.249999804400978
0.9386307585993275 0.249999804400978
0.9386307585993275 0.249999804400978
0.9386307585993275 0.249999804400978
0.9386307585993275 0.249999804400978
0.9386307585993275 0.249999804400978
0.9386307585993275 0.249999804400978
0.9386307585993275 0.249999804400978
0.9386307585993275 0.249999804400978
0.9386307585993275 0.249999804400978
0.9386307585993275 0.249999804400978
0.9386307585993275 0.249999804400978
0.9386307585993275 0.249999804400978
0.9386307585993275 0.249999804400978
0.9386307585993275 0.249999804400978
0.9386307585993275 0.249999804400978
0.9386307585993275 0.249999804400978
0.9386307585993275 0.249999804400978
0.9386307585993275 0.249999804400978
0.9386307585993275 0.249999804400978
0.9386307585993275 0.249999804400978
0.9386307585993275 0.249999804400978
0.9386307585993275 0.249999804400978
0.9386307585993275 0.249999804400978
0.9386307585993275 0.249999804400978
0.9386307585993275 0.249999804400978
0.9386307585993275 0.249999804400978
0.9386307585993275 0.249999804400978
0.9386307585993275 0.249999804400978
0.9386307585993275 0.249999804400978
0.9386307585993275 0.249999804400978
0.9386307585993275 0.249999804400978
0.9386307585993275 0.249999804400978
0.9386307585993275 0.249999804400978
0.9386307585993275 0.249999804400978
0.9386307585993275 0.249999804400978
0.9386307585993275 0.249999804400978
0.9386307585993275 0.249999804400978
0.9386307585993275 0.249999804400978
0.9386307585993275 0.249999804400978
0.9386307585993275 0.249999804400978
0.9386307585993275 0.249999804400978
0.9386307585993275 0.249999804400978
0.9386307585993275 0.249999804400978
0.9386307585993275 0.249999804400978
0.9386307585993275 0.249999804400978
0.9386307585993275 0.249999804400978
0.9386307585993275 0.249999804400978
0.9386307585993275 0.249999804400978
0.9386307585993275 0.249999804400978
0.9386307585993275 0.249999804400978
0.9386307585993275 0.249999804400978
0.9386307585993275 0.249999804400978
0.9386307585993275 0.249999804400978
0.9386307585993275 0.249999804400978
0.9386307585993275 0.249999804400978
0.9386307585993275 0.249999804400978
0.9386307585993275 0.249999804400978
0.9386307585993275 0.249999804400978
0.9386307585993275 0.249999804400978
0.9386307585993275 0.249999804400978
0.9386307585993275 0.249999804400978
0.9386307585993275 0.249999804400978
0.9386307585993275 0.249999804400978
0.9386307585993275 0.249999804400978
0.9386307585993275 0.249999804400978
0.9386307585993275 0.249999804400978
0.9386307585993275 0.249999804400978
0.9386307585993275 0.249999804400978
0.9386307585993275 0.249999804400978
0.9386307585993275 0.249999804400978
0.9386307585993275 0.249999804400978
0.9386307585993275 0.249999804400978
0.9386307585993275 0.249999804400978
0.9386307585993275 0.249999804400978
0.9386307585993275 0.249999804400978
0.9386307585993275 0.249999804400978
0.9386307585993275 0.249999804400978
0.9386307585993275 0.249999804400978
0.9386307585993275 0.249999804400978
0.9386307585993275 0.249999804400978
0.9386307585993275 0.249999804400978
0.9386307585993275 0.249999804400978
0.9386307585993275 0.249999804400978
0.9386307585993275 0.249999804400978
0.9386307585993275 0.249999804400978
0.9386307585993275 0.249999804400978
0.9386307585993275 0.249999804400978
0.9386307585993275 0.249999804400978
0.9386307585993275 0.249999804400978
0.9386307585993275 0.249999804400978
0.9386307585993275 0.249999804400978
0.9386307585993275 0.249999804400978
0.9386307585993275 0.249999804400978
0.9386307585993275 0.249999804400978
0.020456413800224164 0.250000065199674
0.020456413800224164 0.250000065199674
0.020456413800224164 0.250000065199674
0.020456413800224164 0.250000065199674
0.020456413800224164 0.250000065199674
0.020456413800224164 0.250000065199674
0.020456413800224164 0.250000065199674
0.020456413800224164 0.250000065199674
0.020456413800224164 0.250000065199674
0.020456413800224164 0.250000065199674
0.020456413800224164 0.250000065199674
0.020456413800224164 0.250000065199674
0.020456413800224164 0.250000065199674
0.020456413800224164 0.250000065199674
0.020456413800224164 0.250000065199674
0.020456413800224164 0.250000065199674
0.5 0.249999804400978
0.5 0.249999804400978
0.5 0.249999804400978
0.5 0.249999804400978
0.5 0.249999804400978
0.5 0.249999804400978
0.5 0.249999804400978
0.5 0.249999804400978
0.10541528934890887 0.25
0.10541528934890887 0.25
0.10541528934890887 0.25
0.10541528934890887 0.25
0.10541528934890887 0.25
0.10541528934890887 0.25
0.10541528934890887 0.25
0.10541528934890887 0.25
0.10541528934890887 0.25
0.10541528934890887 0.25
0.10541528934890887 0.25
0.10541528934890887 0.25
0.10541528934890887 0.25
0.10541528934890887 0.25
0.10541528934890887 0.25
0.10541528934890887 0.25
0.10541528934890887 0.25
0.10541528934890887 0.25
0.10541528934890887 0.25
0.10541528934890887 0.25
0.10541528934890887 0.25
0.10541528934890887 0.25
0.10541528934890887 0.25
0.10541528934890887 0.25
0.10541528934890887 0.25
0.10541528934890887 0.25
0.10541528934890887 0.25
0.10541528934890887 0.25
0.10541528934890887 0.25
0.10541528934890887 0.25
0.10541528934890887 0.25
0.10541528934890887 0.25
0.10541528934890887 0.25
0.10541528934890887 0.25
0.10541528934890887 0.25
0.10541528934890887 0.25
0.10541528934890887 0.25
0.10541528934890887 0.25
0.10541528934890887 0.25
0.10541528934890887 0.25
0.10541528934890887 0.25
0.10541528934890887 0.25
0.2981949035503637 0.25
0.2981949035503637 0.25
0.2981949035503637 0.25
0.2981949035503637 0.25
0.5 0.25
0.5 0.25
0.0001255808112520407 0.25
0.0001255808112520407 0.25
0.0001255808112520407 0.25
0.0001255808112520407 0.25
0.0001255808112520407 0.25
0.0001255808112520407 0.25
0.0001255808112520407 0.25
0.0001255808112520407 0.25
0.0001255808112520407 0.25
0.0001255808112520407 0.25
0.0001255808112520407 0.25
0.0001255808112520407 0.25
0.0001255808112520407 0.25
0.0001255808112520407 0.25
0.0001255808112520407 0.25
0.0001255808112520407 0.25
0.0001255808112520407 0.25
0.0001255808112520407 0.25
0.0001255808112520407 0.25
0.0001255808112520407 0.25
0.0001255808112520407 0.25
0.3333333333333333 0.25
0.3333333333333333 0.25
0.5 0.25
3.243383497664764e-05 0.2500149423226346
3.243383497664764e-05 0.2500149423226346
3.243383497664764e-05 0.2500149423226346
3.243383497664764e-05 0.2500149423226346
3.243383497664764e-05 0.2500149423226346
3.243383497664764e-05 0.2500149423226346
3.243383497664764e-05 0.2500149423226346
3.243383497664764e-05 0.2500149423226346
3.243383497664764e-05 0.2500149423226346
3.243383497664764e-05 0.2500149423226346
3.243383497664764e-05 0.2500149423226346
3.243383497664764e-05 0.2500149423226346
3.243383497664764e-05 0.2500149423226346
3.243383497664764e-05 0.2500149423226346
3.243383497664764e-05 0.2500149423226346
3.243383497664764e-05 0.2500149423226346
3.243383497664764e-05 0.2500149423226346
3.243383497664764e-05 0.2500149423226346
3.243383497664764e-05 0.2500149423226346
3.243383497664764e-05 0.2500149423226346
3.243383497664764e-05 0.2500149423226346
3.243383497664764e-05 0.2500149423226346
3.243383497664764e-05 0.2500149423226346
3.243383497664764e-05 0.2500149423226346
3.243383497664764e-05 0.2500149423226346
3.243383497664764e-05 0.2500149423226346
3.243383497664764e-05 0.2500149423226346
3.243383497664764e-05 0.2500149423226346
3.243383497664764e-05 0.2500149423226346
3.243383497664764e-05 0.2500149423226346
3.243383497664764e-05 0.2500149423226346
3.243383497664764e-05 0.2500149423226346
3.243383497664764e-05 0.2500149423226346
3.243383497664764e-05 0.2500149423226346
3.243383497664764e-05 0.2500149423226346
3.243383497664764e-05 0.2500149423226346
3.243383497664764e-05 0.2500149423226346
3.243383497664764e-05 0.2500149423226346
3.243383497664764e-05 0.2500149423226346
3.243383497664764e-05 0.2500149423226346
3.243383497664764e-05 0.2500149423226346
3.243383497664764e-05 0.2500149423226346
0.3333225220550078 0.24999501922578846
0.3333225220550078 0.24999501922578846
0.3333225220550078 0.24999501922578846
0.3333225220550078 0.24999501922578846
0.5 0.2500149423226346
0.5 0.2500149423226346
0.0021993530538693116 0.25
0.0021993530538693116 0.25
0.0021993530538693116 0.25
0.0021993530538693116 0.25
0.0021993530538693116 0.25
0.0021993530538693116 0.25
0.0021993530538693116 0.25
0.0021993530538693116 0.25
0.0021993530538693116 0.25
0.0021993530538693116 0.25
0.0021993530538693116 0.25
0.0021993530538693116 0.25
0.0021993530538693116 0.25
0.0021993530538693116 0.25
0.0021993530538693116 0.25
0.0021993530538693116 0.25
0.0021993530538693116 0.25
0.0021993530538693116 0.25
0.0021993530538693116 0.25
0.0021993530538693116 0.25
0.0021993530538693116 0.25
0.0021993530538693116 0.25
0.0021993530538693116 0.25
0.0021993530538693116 0.25
0.0021993530538693116 0.25
0.0021993530538693116 0.25
0.0021993530538693116 0.25
0.0021993530538693116 0.25
0.0021993530538693116 0.25
0.0021993530538693116 0.25
0.0021993530538693116 0.25
0.0021993530538693116 0.25
0.0021993530538693116 0.25
0.0021993530538693116 0.25
0.0021993530538693116 0.25
0.0021993530538693116 0.25
0.0021993530538693116 0.25
0.0021993530538693116 0.25
0.0021993530538693116 0.25
0.0021993530538693116 0.25
0.0021993530538693116 0.25
0.0021993530538693116 0.25
0.0021993530538693116 0.25
0.0021993530538693116 0.25
0.0021993530538693116 0.25
0.0021993530538693116 0.25
0.0021993530538693116 0.25
0.0021993530538693116 0.25
0.0021993530538693116 0.25
0.0021993530538693116 0.25
0.0021993530538693116 0.25
0.0021993530538693116 0.25
0.0021993530538693116 0.25
0.0021993530538693116 0.25
0.0021993530538693116 0.25
0.0021993530538693116 0.25
0.0021993530538693116 0.25
0.0021993530538693116 0.25
0.0021993530538693116 0.25
0.0021993530538693116 0.25
0.0021993530538693116 0.25
0.0021993530538693116 0.25
0.0021993530538693116 0.25
0.0021993530538693116 0.25
0.0021993530538693116 0.25
0.0021993530538693116 0.25
0.0021993530538693116 0.25
0.0021993530538693116 0.25
0.0021993530538693116 0.25
0.0021993530538693116 0.25
0.0021993530538693116 0.25
0.0021993530538693116 0.25
0.0021993530538693116 0.25
0.0021993530538693116 0.25
0.0021993530538693116 0.25
0.0021993530538693116 0.25
0.0021993530538693116 0.25
0.0021993530538693116 0.25
0.0021993530538693116 0.25
0.0021993530538693116 0.25
0.0021993530538693116 0.25
0.0021993530538693116 0.25
0.0021993530538693116 0.25
0.0021993530538693116 0.25
0.0021993530538693116 0.25
0.0021993530538693116 0.25
0.0021993530538693116 0.25
0.0021993530538693116 0.25
0.0021993530538693116 0.25
0.0021993530538693116 0.25
0.0021993530538693116 0.25
0.0021993530538693116 0.25
0.0021993530538693116 0.25
0.0021993530538693116 0.25
0.0021993530538693116 0.25
0.0021993530538693116 0.25
0.0021993530538693116 0.25
0.0021993530538693116 0.25
0.0021993530538693116 0.25
0.0021993530538693116 0.25
0.0021993530538693116 0.25
0.0021993530538693116 0.25
0.0021993530538693116 0.25
0.0021993530538693116 0.25
0.0021993530538693116 0.25
0.0021993530538693116 0.25
0.0021993530538693116 0.25
0.0021993530538693116 0.25
0.0021993530538693116 0.25
0.0021993530538693116 0.25
0.0021993530538693116 0.25
0.0021993530538693116 0.25
0.0021993530538693116 0.25
0.0021993530538693116 0.25
0.0021993530538693116 0.25
0.0021993530538693116 0.25
0.0021993530538693116 0.25
0.0021993530538693116 0.25
0.0021993530538693116 0.25
0.0021993530538693116 0.25
0.0021993530538693116 0.25
0.0021993530538693116 0.25
0.0021993530538693116 0.25
0.0021993530538693116 0.25
0.0021993530538693116 0.25
0.0021993530538693116 0.25
0.33260021564871023 0.25
0.33260021564871023 0.25
0.33260021564871023 0.25
0.33260021564871023 0.25
0.33260021564871023 0.25
0.33260021564871023 0.25
0.33260021564871023 0.25
0.33260021564871023 0.25
0.33260021564871023 0.25
0.33260021564871023 0.25
0.33260021564871023 0.25
0.33260021564871023 0.25
0.5 0.25
0.5 0.25
0.5 0.25
0.5 0.25
0.5 0.25
0.5 0.25