5.808133211487038e-06 4.255366330039648e-06
5.808133211487038e-06 4.255366330039648e-06
9.239419594369465e-06 4.25542984023572e-06
9.239419594369465e-06 4.25542984023572e-06
7.665393317080144e-07 4.252468197332556e-06
5.212165693375079e-06 4.255374147540769e-06
5.212165693375079e-06 4.255374147540769e-06
5.212165693375079e-06 4.255374147540769e-06
5.212165693375079e-06 4.255374147540769e-06
5.212165693375079e-06 4.255374147540769e-06
5.212165693375079e-06 4.255374147540769e-06
5.212165693375079e-06 4.255374147540769e-06
5.212165693375079e-06 4.255374147540769e-06
5.212165693375079e-06 4.255374147540769e-06
5.212165693375079e-06 4.255374147540769e-06
5.212165693375079e-06 4.255374147540769e-06
5.212165693375079e-06 4.255374147540769e-06
5.212165693375079e-06 4.255374147540769e-06
5.212165693375079e-06 4.255374147540769e-06
5.212165693375079e-06 4.255374147540769e-06
5.212165693375079e-06 4.255374147540769e-06
5.212165693375079e-06 4.255374147540769e-06
5.212165693375079e-06 4.255374147540769e-06
5.212165693375079e-06 4.255374147540769e-06
5.212165693375079e-06 4.255374147540769e-06
5.212165693375079e-06 4.255374147540769e-06
5.212165693375079e-06 4.255374147540769e-06
5.212165693375079e-06 4.255374147540769e-06
5.212165693375079e-06 4.255374147540769e-06
5.212165693375079e-06 4.255374147540769e-06
5.212165693375079e-06 4.255374147540769e-06
5.212165693375079e-06 4.255374147540769e-06
5.212165693375079e-06 4.255374147540769e-06
5.212165693375079e-06 4.255374147540769e-06
5.212165693375079e-06 4.255374147540769e-06
5.212165693375079e-06 4.255374147540769e-06
5.212165693375079e-06 4.255374147540769e-06
5.212165693375079e-06 4.255374147540769e-06
5.212165693375079e-06 4.255374147540769e-06
5.212165693375079e-06 4.255374147540769e-06
5.212165693375079e-06 4.255374147540769e-06
5.212165693375079e-06 4.255374147540769e-06
5.212165693375079e-06 4.255374147540769e-06
5.212165693375079e-06 4.255374147540769e-06
5.95992277345105e-06 4.255379981819936e-06
5.95992277345105e-06 4.255379981819936e-06
2.475341927154095e-06 4.255386702939123e-06
2.475341927154095e-06 4.255386702939123e-06
3.794744217403479e-06 4.255372611209814e-06
3.794744217403479e-06 4.255372611209814e-06
0.00010210045514306357 4.252468197332556e-06
4.543540528761305e-06 4.255374178589586e-06
0.0005588071728151425 4.21596632439408e-06
3.794744217403479e-06 4.255372611209814e-06
3.794744217403479e-06 4.255372611209814e-06
3.794744217403479e-06 4.255372611209814e-06
3.794744217403479e-06 4.255372611209814e-06
3.794744217403479e-06 4.255372611209814e-06
3.794744217403479e-06 4.255372611209814e-06
3.7943696919546716e-05 4.21596632439408e-06
4.080566439429383e-06 4.2553726418454694e-06
4.080566439429383e-06 4.2553726418454694e-06
4.080566439429383e-06 4.2553726418454694e-06
4.080566439429383e-06 4.2553726418454694e-06
6.952511738591691e-05 4.249294121424863e-06
6.952511738591691e-05 4.249294121424863e-06
6.952511738591691e-05 4.249294121424863e-06