0.011072277376856414 0.006633631376601157
0.5124652709774028 0.5100978142514226
0.5124652709774028 0.5100978142514226
0.006828332366854993 0.0033677905538591615
0.009208053722142524 0.001215731380088911
0.0005434763861809823 2.759541594148852e-05
0.11330524477708845 0.06485727612548095
0.01874073685126339 0.005461592738419603
0.0032842377667029877 0.00027442108075146916
0.22651007290172315 0.11413004109800627
0.07608631079567166 0.03820968606764939
0.07608631079567166 0.03820968606764939
0.07608631079567166 0.03820968606764939
0.4875147989999728 0.489866541669653
0.4875147989999728 0.489866541669653
0.4875147989999728 0.489866541669653
0.4875147989999728 0.489866541669653
0.4875147989999728 0.489866541669653
0.4875147989999728 0.489866541669653
0.4875147989999728 0.489866541669653
0.4875147989999728 0.489866541669653
0.5124852010000273 0.5101334583303471
0.5124852010000273 0.5101334583303471
0.0030519763491954595 3.526080925856866e-05
0.023633940675221503 0.006412484779403395
0.023633940675221503 0.006412484779403395
0.11623457483321062 0.0540870152453175
0.11623457483321062 0.0540870152453175
0.11623457483321062 0.0540870152453175
0.11623457483321062 0.0540870152453175
0.11623457483321062 0.0540870152453175
0.11623457483321062 0.0540870152453175