9.10564031596986e-07 2.0741251391509857e-06
9.075150880580264e-07 2.0741260306256943e-06
9.075150880580264e-07 2.0741260306256943e-06
9.075150880580264e-07 2.0741260306256943e-06
8.883745075173119e-07 2.0742835984014773e-06
9.099000433027863e-07 2.074125313512557e-06
9.099000433027863e-07 2.074125313512557e-06
9.099000433027863e-07 2.074125313512557e-06
9.099000433027863e-07 2.074125313512557e-06
9.099000433027863e-07 2.074125313512557e-06
9.099000433027863e-07 2.074125313512557e-06
9.099000433027863e-07 2.074125313512557e-06
9.099000433027863e-07 2.074125313512557e-06
9.099000433027863e-07 2.074125313512557e-06
1.0278745284905702e-06 2.074124728951323e-06
1.033955617250425e-06 2.074124904840717e-06
6.204597018652957e-07 2.0750268533497208e-06
6.204597018652957e-07 2.0750268533497208e-06
6.204597018652957e-07 2.0750268533497208e-06
6.19938147124485e-07 2.074057378377427e-06
5.33280207595756e-07 2.0741267115733348e-06
1.4688724550699573e-06 2.074125562354181e-06
1.4807228884328022e-06 2.0741247033461846e-06
7.563735571816453e-07 2.0741250371371552e-06
7.563735571816453e-07 2.0741250371371552e-06
6.740952046407204e-07 2.0741268550847248e-06
9.201378752042042e-07 2.074123862513022e-06
9.122312325797716e-07 2.0741249106488994e-06
9.122312325797716e-07 2.0741249106488994e-06
6.19938147124485e-07 2.074057378377427e-06
6.19938147124485e-07 2.074057378377427e-06
5.893989158814028e-07 2.0741256324433074e-06
5.893989158814028e-07 2.0741256324433074e-06
1.296068912903991e-06 2.0741258945050344e-06
1.296068912903991e-06 2.0741258945050344e-06
9.249675864519637e-07 2.0741249145333078e-06
9.249675864519637e-07 2.0741249145333078e-06
9.249675864519637e-07 2.0741249145333078e-06
8.389780571329771e-07 2.0741249558478797e-06
8.389780571329771e-07 2.0741249558478797e-06
7.563735571816453e-07 2.0741250371371552e-06
7.563735571816453e-07 2.0741250371371552e-06
7.088100816045049e-07 2.0741253917909827e-06
1.4688724550699573e-06 2.0741228113161724e-06
1.4688724550699573e-06 2.0741228113161724e-06
1.4688724550699573e-06 2.0741228113161724e-06
1.4688724550699573e-06 2.0741228113161724e-06
1.4807228884328022e-06 2.0741247033461846e-06
1.4807228884328022e-06 2.0741247033461846e-06
1.4807228884328022e-06 2.0741247033461846e-06