0.03725987009730569 0.03553713604732362
0.010373409581739207 0.00864063220389708
0.010373409581739207 0.00864063220389708
0.010373409581739207 0.00864063220389708
0.00015415497191912492 2.5681261172359683e-05
0.0476332796790449 0.0441777682512207
0.0476332796790449 0.0441777682512207
0.0476332796790449 0.0441777682512207
0.0476332796790449 0.0441777682512207
0.0476332796790449 0.0441777682512207
0.0476332796790449 0.0441777682512207
0.0476332796790449 0.0441777682512207
0.0476332796790449 0.0441777682512207
0.0476332796790449 0.0441777682512207
0.01851234722682822 0.017888717231115174
0.02206249511314584 0.020640993494080502
0.00011937405127624409 1.058256693979126e-05
0.00011937405127624409 1.058256693979126e-05
0.00011937405127624409 1.058256693979126e-05
0.00012018290989584597 1.4087620958066073e-05
0.00072864680649136 0.0006703415809950579
0.0049237246321715425 0.00505428789435228
0.012737568517065569 0.012967688794342304
0.030406613228073864 0.031290089055334015
0.030406613228073864 0.031290089055334015
0.00468315659772495 0.005303618563844559
0.007856645986847958 0.0077473826683167385
0.04511651608415365 0.04328451871564036
0.04511651608415365 0.04328451871564036
0.00012018290989584597 1.4087620958066073e-05
0.00012018290989584597 1.4087620958066073e-05
0.020305519381600624 0.02105843194668004
0.020305519381600624 0.02105843194668004
0.0020761378618631247 0.0023940192993666637
0.0020761378618631247 0.0023940192993666637
0.009048364353061396 0.007798745190661457
0.009048364353061396 0.007798745190661457
0.009048364353061396 0.007798745190661457
0.06310600361829423 0.05868255804234644
0.06310600361829423 0.05868255804234644
0.030406613228073864 0.031290089055334015
0.030406613228073864 0.031290089055334015
0.026131728018592964 0.021007541258530087
0.0049237246321715425 0.005586045031855549
0.0049237246321715425 0.005586045031855549
0.0049237246321715425 0.005586045031855549
0.0049237246321715425 0.005586045031855549
0.012737568517065569 0.012967688794342304
0.012737568517065569 0.012967688794342304
0.012737568517065569 0.012967688794342304