1.5735542535266447e-06 2.0647910787003355e-06
1.3364333846243596e-06 2.064758831395305e-06
1.3364333846243596e-06 2.064758831395305e-06
1.4958220021744646e-06 2.0646544597957447e-06
1.4162226340895956e-06 2.0644627739715407e-06
1.6047448660274798e-06 2.066459483975546e-06
1.3701596093040926e-06 2.064764291603639e-06
1.1675774120892456e-06 2.0647532071083947e-06
1.5376406156281287e-06 2.064510418221234e-06
1.1734844654181183e-06 2.0647583026266585e-06
1.3360843000127434e-06 2.0647500950997102e-06
1.3360843000127434e-06 2.0647500950997102e-06
1.3360843000127434e-06 2.0647500950997102e-06
9.105177231641179e-07 2.0647591880150834e-06
9.105177231641179e-07 2.0647591880150834e-06
9.105177231641179e-07 2.0647591880150834e-06
9.105177231641179e-07 2.0647591880150834e-06
9.105177231641179e-07 2.0647591880150834e-06
9.105177231641179e-07 2.0647591880150834e-06
9.105177231641179e-07 2.0647591880150834e-06
9.105177231641179e-07 2.0647591880150834e-06
1.3364594227391538e-06 2.0647597365834187e-06
1.3364594227391538e-06 2.0647597365834187e-06
2.2936215097068176e-06 2.058291659928212e-06
8.540726515537735e-07 2.064741560789689e-06
8.540726515537735e-07 2.064741560789689e-06
1.522707898692542e-06 2.064761624341217e-06
1.522707898692542e-06 2.064761624341217e-06
1.522707898692542e-06 2.064761624341217e-06
1.522707898692542e-06 2.064761624341217e-06
1.522707898692542e-06 2.064761624341217e-06
1.522707898692542e-06 2.064761624341217e-06
3.2152835128439013e-06 2.066048548946116e-06
2.5797038308687985e-06 2.064730191457771e-06
2.5797038308687985e-06 2.064730191457771e-06
2.792302245917492e-06 2.067281268087492e-06
2.8259035826705587e-06 2.05298014199131e-06
3.5591422670515962e-06 1.5867575561394824e-06
2.5107549327688846e-06 2.0645542319249187e-06
2.1355505233236595e-06 2.0684637447611946e-06
3.042999489925975e-06 2.074308760539882e-06
1.946016565981343e-06 2.064862986212217e-06
2.4393563925099923e-06 2.0650417513968846e-06
2.4393563925099923e-06 2.0650417513968846e-06
2.4393563925099923e-06 2.0650417513968846e-06
1.251429732963303e-06 2.064728348813414e-06
1.251429732963303e-06 2.064728348813414e-06
1.251429732963303e-06 2.064728348813414e-06
1.251429732963303e-06 2.064728348813414e-06
1.251429732963303e-06 2.064728348813414e-06
1.251429732963303e-06 2.064728348813414e-06
1.251429732963303e-06 2.064728348813414e-06
1.251429732963303e-06 2.064728348813414e-06
2.5798731068365786e-06 2.064757594215598e-06
2.5798731068365786e-06 2.064757594215598e-06
6.081358679953424e-06 2.483620522653103e-06
1.3114618444655047e-06 2.0621873349289884e-06
1.3114618444655047e-06 2.0621873349289884e-06
3.2874752760522547e-06 2.0644039633447345e-06
3.2874752760522547e-06 2.0644039633447345e-06
3.2874752760522547e-06 2.0644039633447345e-06
3.2874752760522547e-06 2.0644039633447345e-06
3.2874752760522547e-06 2.0644039633447345e-06
3.2874752760522547e-06 2.0644039633447345e-06
1.5547919284033269e-06 2.06479368910616e-06
1.317191682976834e-06 2.0647595337769077e-06
1.317191682976834e-06 2.0647595337769077e-06
1.4867537500963617e-06 2.0647306910855003e-06
1.3440411242102885e-06 2.06463222938716e-06
1.7701195889820796e-06 2.0668476398460114e-06
1.39663274018048e-06 2.0647590636857616e-06
1.0903443152828746e-06 2.06475903591522e-06
1.4014995699510002e-06 2.0645383128741168e-06
1.1691783858616815e-06 2.064757054483927e-06
1.363503700811574e-06 2.064762009090214e-06
1.363503700811574e-06 2.064762009090214e-06
1.363503700811574e-06 2.064762009090214e-06
9.272220666274029e-07 2.0647593252898477e-06
9.272220666274029e-07 2.0647593252898477e-06
9.272220666274029e-07 2.0647593252898477e-06
9.272220666274029e-07 2.0647593252898477e-06
9.272220666274029e-07 2.0647593252898477e-06
9.272220666274029e-07 2.0647593252898477e-06
9.272220666274029e-07 2.0647593252898477e-06
9.272220666274029e-07 2.0647593252898477e-06
1.3172202196198568e-06 2.06475874796806e-06
1.3172202196198568e-06 2.06475874796806e-06
2.1278337032691546e-06 2.0623544928028683e-06
9.27063110947602e-07 2.064772268358987e-06
9.27063110947602e-07 2.064772268358987e-06
1.5066217100739639e-06 2.0647561868771198e-06
1.5066217100739639e-06 2.0647561868771198e-06
1.5066217100739639e-06 2.0647561868771198e-06
1.5066217100739639e-06 2.0647561868771198e-06
1.5066217100739639e-06 2.0647561868771198e-06
1.5066217100739639e-06 2.0647561868771198e-06
1.4917135107296536e-06 2.064475228186172e-06
1.4917135107296536e-06 2.064475228186172e-06
1.4917135107296536e-06 2.064475228186172e-06
1.6337167312314521e-06 2.0647581236387907e-06
1.6337167312314521e-06 2.0647581236387907e-06
1.6337167312314521e-06 2.0647581236387907e-06
1.6337167312314521e-06 2.0647581236387907e-06
1.6337167312314521e-06 2.0647581236387907e-06
1.6337167312314521e-06 2.0647581236387907e-06
1.2766117232604748e-06 2.0644757096339954e-06
1.2766117232604748e-06 2.0644757096339954e-06
1.2766117232604748e-06 2.0644757096339954e-06
1.2329844536992093e-06 2.0659823040651813e-06
1.2329844536992093e-06 2.0659823040651813e-06
1.2329844536992093e-06 2.0659823040651813e-06
1.581177618747042e-06 2.03392174689471e-06
1.581177618747042e-06 2.03392174689471e-06
1.581177618747042e-06 2.03392174689471e-06
1.4037247284978683e-06 2.064715250747921e-06
1.4037247284978683e-06 2.064715250747921e-06
1.4037247284978683e-06 2.064715250747921e-06
1.595942978186114e-06 2.0643235245851364e-06
1.595942978186114e-06 2.0643235245851364e-06
1.595942978186114e-06 2.0643235245851364e-06
3.188626309207998e-06 2.070850493695871e-06
3.188626309207998e-06 2.070850493695871e-06
3.188626309207998e-06 2.070850493695871e-06
1.3320720262509925e-06 2.0647399849294638e-06
1.3320720262509925e-06 2.0647399849294638e-06
1.3320720262509925e-06 2.0647399849294638e-06
1.7315513555192891e-06 2.064748634767179e-06
1.7315513555192891e-06 2.064748634767179e-06
1.7315513555192891e-06 2.064748634767179e-06
1.7315513555192891e-06 2.064748634767179e-06
1.7315513555192891e-06 2.064748634767179e-06
1.7315513555192891e-06 2.064748634767179e-06
1.7315513555192891e-06 2.064748634767179e-06
1.7315513555192891e-06 2.064748634767179e-06
1.7315513555192891e-06 2.064748634767179e-06
9.839191417393813e-07 2.064758586492813e-06
9.839191417393813e-07 2.064758586492813e-06
9.839191417393813e-07 2.064758586492813e-06
9.839191417393813e-07 2.064758586492813e-06
9.839191417393813e-07 2.064758586492813e-06
9.839191417393813e-07 2.064758586492813e-06
9.839191417393813e-07 2.064758586492813e-06
9.839191417393813e-07 2.064758586492813e-06
9.839191417393813e-07 2.064758586492813e-06
9.839191417393813e-07 2.064758586492813e-06
9.839191417393813e-07 2.064758586492813e-06
9.839191417393813e-07 2.064758586492813e-06
9.839191417393813e-07 2.064758586492813e-06
9.839191417393813e-07 2.064758586492813e-06
9.839191417393813e-07 2.064758586492813e-06
9.839191417393813e-07 2.064758586492813e-06
9.839191417393813e-07 2.064758586492813e-06
9.839191417393813e-07 2.064758586492813e-06
9.839191417393813e-07 2.064758586492813e-06
9.839191417393813e-07 2.064758586492813e-06
9.839191417393813e-07 2.064758586492813e-06
9.839191417393813e-07 2.064758586492813e-06
9.839191417393813e-07 2.064758586492813e-06
9.839191417393813e-07 2.064758586492813e-06
1.6337242483090984e-06 2.064765137702944e-06
1.6337242483090984e-06 2.064765137702944e-06
1.6337242483090984e-06 2.064765137702944e-06
1.6337242483090984e-06 2.064765137702944e-06
1.6337242483090984e-06 2.064765137702944e-06
1.6337242483090984e-06 2.064765137702944e-06
3.4813962571344196e-06 1.989706056744825e-06
3.4813962571344196e-06 1.989706056744825e-06
3.4813962571344196e-06 1.989706056744825e-06
9.401245559838867e-07 2.0645563939700473e-06
9.401245559838867e-07 2.0645563939700473e-06
9.401245559838867e-07 2.0645563939700473e-06
9.401245559838867e-07 2.0645563939700473e-06
9.401245559838867e-07 2.0645563939700473e-06
9.401245559838867e-07 2.0645563939700473e-06
2.0883600265526444e-06 2.064793773410076e-06
2.0883600265526444e-06 2.064793773410076e-06
2.0883600265526444e-06 2.064793773410076e-06
2.0883600265526444e-06 2.064793773410076e-06
2.0883600265526444e-06 2.064793773410076e-06
2.0883600265526444e-06 2.064793773410076e-06
2.0883600265526444e-06 2.064793773410076e-06
2.0883600265526444e-06 2.064793773410076e-06
2.0883600265526444e-06 2.064793773410076e-06
2.0883600265526444e-06 2.064793773410076e-06
2.0883600265526444e-06 2.064793773410076e-06
2.0883600265526444e-06 2.064793773410076e-06
2.0883600265526444e-06 2.064793773410076e-06
2.0883600265526444e-06 2.064793773410076e-06
2.0883600265526444e-06 2.064793773410076e-06
2.0883600265526444e-06 2.064793773410076e-06
2.0883600265526444e-06 2.064793773410076e-06
2.0883600265526444e-06 2.064793773410076e-06
1.2471894548388256e-06 2.0647460359156775e-06
1.2471894548388256e-06 2.0647460359156775e-06
1.4275873688927353e-06 2.064758071587834e-06
1.4275873688927353e-06 2.064758071587834e-06
1.4275873688927353e-06 2.064758071587834e-06
1.4275873688927353e-06 2.064758071587834e-06
1.0920883015657148e-06 2.064898206132305e-06
1.0920883015657148e-06 2.064898206132305e-06
1.1390133835637444e-06 2.0646828482434444e-06
1.1390133835637444e-06 2.0646828482434444e-06
1.4225858997045052e-06 2.044061796076219e-06
1.4225858997045052e-06 2.044061796076219e-06
1.284577938453337e-06 2.0647742488014404e-06
1.284577938453337e-06 2.0647742488014404e-06
1.354402727596433e-06 2.0648405295220464e-06
1.354402727596433e-06 2.0648405295220464e-06
2.34381043487293e-06 2.0628221397752426e-06
2.34381043487293e-06 2.0628221397752426e-06
1.245995628638268e-06 2.0647607091719737e-06
1.245995628638268e-06 2.0647607091719737e-06
1.4996262451095705e-06 2.0647350392814356e-06
1.4996262451095705e-06 2.0647350392814356e-06
1.4996262451095705e-06 2.0647350392814356e-06
1.4996262451095705e-06 2.0647350392814356e-06
1.4996262451095705e-06 2.0647350392814356e-06
1.4996262451095705e-06 2.0647350392814356e-06
8.896074540964805e-07 2.064761095304866e-06
8.896074540964805e-07 2.064761095304866e-06
8.896074540964805e-07 2.064761095304866e-06
8.896074540964805e-07 2.064761095304866e-06
8.896074540964805e-07 2.064761095304866e-06
8.896074540964805e-07 2.064761095304866e-06
8.896074540964805e-07 2.064761095304866e-06
8.896074540964805e-07 2.064761095304866e-06
8.896074540964805e-07 2.064761095304866e-06
8.896074540964805e-07 2.064761095304866e-06
8.896074540964805e-07 2.064761095304866e-06
8.896074540964805e-07 2.064761095304866e-06
8.896074540964805e-07 2.064761095304866e-06
8.896074540964805e-07 2.064761095304866e-06
8.896074540964805e-07 2.064761095304866e-06
8.896074540964805e-07 2.064761095304866e-06
1.427578389678209e-06 2.0647599163447225e-06
1.427578389678209e-06 2.0647599163447225e-06
1.427578389678209e-06 2.0647599163447225e-06
1.427578389678209e-06 2.0647599163447225e-06
2.617257299726464e-06 2.0567578320766923e-06
2.617257299726464e-06 2.0567578320766923e-06
7.878919717904878e-07 2.064639072283549e-06
7.878919717904878e-07 2.064639072283549e-06
7.878919717904878e-07 2.064639072283549e-06
7.878919717904878e-07 2.064639072283549e-06
1.7209770558442064e-06 2.0647705854096442e-06
1.7209770558442064e-06 2.0647705854096442e-06
1.7209770558442064e-06 2.0647705854096442e-06
1.7209770558442064e-06 2.0647705854096442e-06
1.7209770558442064e-06 2.0647705854096442e-06
1.7209770558442064e-06 2.0647705854096442e-06
1.7209770558442064e-06 2.0647705854096442e-06
1.7209770558442064e-06 2.0647705854096442e-06
1.7209770558442064e-06 2.0647705854096442e-06
1.7209770558442064e-06 2.0647705854096442e-06
1.7209770558442064e-06 2.0647705854096442e-06
1.7209770558442064e-06 2.0647705854096442e-06
1.567609741447934e-06 2.0647502228863363e-06
1.567609741447934e-06 2.0647502228863363e-06
1.567609741447934e-06 2.0647502228863363e-06
1.567609741447934e-06 2.0647502228863363e-06
1.567609741447934e-06 2.0647502228863363e-06
1.567609741447934e-06 2.0647502228863363e-06
1.3181468803835034e-06 2.064759264066261e-06
1.3181468803835034e-06 2.064759264066261e-06
1.3181468803835034e-06 2.064759264066261e-06
1.3181468803835034e-06 2.064759264066261e-06
1.3181468803835034e-06 2.064759264066261e-06
1.3181468803835034e-06 2.064759264066261e-06
1.3181468803835034e-06 2.064759264066261e-06
1.3181468803835034e-06 2.064759264066261e-06
1.3181468803835034e-06 2.064759264066261e-06
1.3181468803835034e-06 2.064759264066261e-06
1.3181468803835034e-06 2.064759264066261e-06
1.3181468803835034e-06 2.064759264066261e-06
1.5041990591005648e-06 2.0647683193393698e-06
1.5041990591005648e-06 2.0647683193393698e-06
1.5041990591005648e-06 2.0647683193393698e-06
1.5041990591005648e-06 2.0647683193393698e-06
1.5041990591005648e-06 2.0647683193393698e-06
1.5041990591005648e-06 2.0647683193393698e-06
1.3740694997027982e-06 2.064790698619352e-06
1.3740694997027982e-06 2.064790698619352e-06
1.3740694997027982e-06 2.064790698619352e-06
1.3740694997027982e-06 2.064790698619352e-06
1.3740694997027982e-06 2.064790698619352e-06
1.3740694997027982e-06 2.064790698619352e-06
1.7529846759952783e-06 2.061718093413073e-06
1.7529846759952783e-06 2.061718093413073e-06
1.7529846759952783e-06 2.061718093413073e-06
1.7529846759952783e-06 2.061718093413073e-06
1.7529846759952783e-06 2.061718093413073e-06
1.7529846759952783e-06 2.061718093413073e-06
1.3946973526519071e-06 2.064758451162793e-06
1.3946973526519071e-06 2.064758451162793e-06
1.3946973526519071e-06 2.064758451162793e-06
1.3946973526519071e-06 2.064758451162793e-06
1.3946973526519071e-06 2.064758451162793e-06
1.3946973526519071e-06 2.064758451162793e-06
1.1018053513315802e-06 2.0647432619073955e-06
1.1018053513315802e-06 2.0647432619073955e-06
1.1018053513315802e-06 2.0647432619073955e-06
1.1018053513315802e-06 2.0647432619073955e-06
1.1018053513315802e-06 2.0647432619073955e-06
1.1018053513315802e-06 2.0647432619073955e-06
1.422939774439771e-06 2.064859360188207e-06
1.422939774439771e-06 2.064859360188207e-06
1.422939774439771e-06 2.064859360188207e-06
1.422939774439771e-06 2.064859360188207e-06
1.422939774439771e-06 2.064859360188207e-06
1.422939774439771e-06 2.064859360188207e-06
1.1678781526242294e-06 2.0647594545849485e-06
1.1678781526242294e-06 2.0647594545849485e-06
1.1678781526242294e-06 2.0647594545849485e-06
1.1678781526242294e-06 2.0647594545849485e-06
1.1678781526242294e-06 2.0647594545849485e-06
1.1678781526242294e-06 2.0647594545849485e-06
1.3490932581321151e-06 2.06476000153843e-06
1.3490932581321151e-06 2.06476000153843e-06
1.3490932581321151e-06 2.06476000153843e-06
1.3490932581321151e-06 2.06476000153843e-06
1.3490932581321151e-06 2.06476000153843e-06
1.3490932581321151e-06 2.06476000153843e-06
1.3490932581321151e-06 2.06476000153843e-06
1.3490932581321151e-06 2.06476000153843e-06
1.3490932581321151e-06 2.06476000153843e-06
1.3490932581321151e-06 2.06476000153843e-06
1.3490932581321151e-06 2.06476000153843e-06
1.3490932581321151e-06 2.06476000153843e-06
1.3490932581321151e-06 2.06476000153843e-06
1.3490932581321151e-06 2.06476000153843e-06
1.3490932581321151e-06 2.06476000153843e-06
1.3490932581321151e-06 2.06476000153843e-06
1.3490932581321151e-06 2.06476000153843e-06
1.3490932581321151e-06 2.06476000153843e-06
9.258983166563689e-07 2.064759042822496e-06
9.258983166563689e-07 2.064759042822496e-06
9.258983166563689e-07 2.064759042822496e-06
9.258983166563689e-07 2.064759042822496e-06
9.258983166563689e-07 2.064759042822496e-06
9.258983166563689e-07 2.064759042822496e-06
9.258983166563689e-07 2.064759042822496e-06
9.258983166563689e-07 2.064759042822496e-06
9.258983166563689e-07 2.064759042822496e-06
9.258983166563689e-07 2.064759042822496e-06
9.258983166563689e-07 2.064759042822496e-06
9.258983166563689e-07 2.064759042822496e-06
9.258983166563689e-07 2.064759042822496e-06
9.258983166563689e-07 2.064759042822496e-06
9.258983166563689e-07 2.064759042822496e-06
9.258983166563689e-07 2.064759042822496e-06
9.258983166563689e-07 2.064759042822496e-06
9.258983166563689e-07 2.064759042822496e-06
9.258983166563689e-07 2.064759042822496e-06
9.258983166563689e-07 2.064759042822496e-06
9.258983166563689e-07 2.064759042822496e-06
9.258983166563689e-07 2.064759042822496e-06
9.258983166563689e-07 2.064759042822496e-06
9.258983166563689e-07 2.064759042822496e-06
9.258983166563689e-07 2.064759042822496e-06
9.258983166563689e-07 2.064759042822496e-06
9.258983166563689e-07 2.064759042822496e-06
9.258983166563689e-07 2.064759042822496e-06
9.258983166563689e-07 2.064759042822496e-06
9.258983166563689e-07 2.064759042822496e-06
9.258983166563689e-07 2.064759042822496e-06
9.258983166563689e-07 2.064759042822496e-06
9.258983166563689e-07 2.064759042822496e-06
9.258983166563689e-07 2.064759042822496e-06
9.258983166563689e-07 2.064759042822496e-06
9.258983166563689e-07 2.064759042822496e-06
9.258983166563689e-07 2.064759042822496e-06
9.258983166563689e-07 2.064759042822496e-06
9.258983166563689e-07 2.064759042822496e-06
9.258983166563689e-07 2.064759042822496e-06
9.258983166563689e-07 2.064759042822496e-06
9.258983166563689e-07 2.064759042822496e-06
9.258983166563689e-07 2.064759042822496e-06
9.258983166563689e-07 2.064759042822496e-06
9.258983166563689e-07 2.064759042822496e-06
9.258983166563689e-07 2.064759042822496e-06
9.258983166563689e-07 2.064759042822496e-06
9.258983166563689e-07 2.064759042822496e-06
1.3181794832972897e-06 2.0647591923910797e-06
1.3181794832972897e-06 2.0647591923910797e-06
1.3181794832972897e-06 2.0647591923910797e-06
1.3181794832972897e-06 2.0647591923910797e-06
1.3181794832972897e-06 2.0647591923910797e-06
1.3181794832972897e-06 2.0647591923910797e-06
1.3181794832972897e-06 2.0647591923910797e-06
1.3181794832972897e-06 2.0647591923910797e-06
1.3181794832972897e-06 2.0647591923910797e-06
1.3181794832972897e-06 2.0647591923910797e-06
1.3181794832972897e-06 2.0647591923910797e-06
1.3181794832972897e-06 2.0647591923910797e-06
2.123628698523782e-06 2.061718093413073e-06
2.123628698523782e-06 2.061718093413073e-06
2.123628698523782e-06 2.061718093413073e-06
2.123628698523782e-06 2.061718093413073e-06
2.123628698523782e-06 2.061718093413073e-06
2.123628698523782e-06 2.061718093413073e-06
9.119359506948222e-07 2.0647539691326952e-06
9.119359506948222e-07 2.0647539691326952e-06
9.119359506948222e-07 2.0647539691326952e-06
9.119359506948222e-07 2.0647539691326952e-06
9.119359506948222e-07 2.0647539691326952e-06
9.119359506948222e-07 2.0647539691326952e-06
9.119359506948222e-07 2.0647539691326952e-06
9.119359506948222e-07 2.0647539691326952e-06
9.119359506948222e-07 2.0647539691326952e-06
9.119359506948222e-07 2.0647539691326952e-06
9.119359506948222e-07 2.0647539691326952e-06
9.119359506948222e-07 2.0647539691326952e-06
1.498379450415118e-06 2.0647569069294415e-06
1.498379450415118e-06 2.0647569069294415e-06
1.498379450415118e-06 2.0647569069294415e-06
1.498379450415118e-06 2.0647569069294415e-06
1.498379450415118e-06 2.0647569069294415e-06
1.498379450415118e-06 2.0647569069294415e-06
1.498379450415118e-06 2.0647569069294415e-06
1.498379450415118e-06 2.0647569069294415e-06
1.498379450415118e-06 2.0647569069294415e-06
1.498379450415118e-06 2.0647569069294415e-06
1.498379450415118e-06 2.0647569069294415e-06
1.498379450415118e-06 2.0647569069294415e-06
1.498379450415118e-06 2.0647569069294415e-06
1.498379450415118e-06 2.0647569069294415e-06
1.498379450415118e-06 2.0647569069294415e-06
1.498379450415118e-06 2.0647569069294415e-06
1.498379450415118e-06 2.0647569069294415e-06
1.498379450415118e-06 2.0647569069294415e-06
1.498379450415118e-06 2.0647569069294415e-06
1.498379450415118e-06 2.0647569069294415e-06
1.498379450415118e-06 2.0647569069294415e-06
1.498379450415118e-06 2.0647569069294415e-06
1.498379450415118e-06 2.0647569069294415e-06
1.498379450415118e-06 2.0647569069294415e-06
1.498379450415118e-06 2.0647569069294415e-06
1.498379450415118e-06 2.0647569069294415e-06
1.498379450415118e-06 2.0647569069294415e-06
1.498379450415118e-06 2.0647569069294415e-06
1.498379450415118e-06 2.0647569069294415e-06
1.498379450415118e-06 2.0647569069294415e-06
1.498379450415118e-06 2.0647569069294415e-06
1.498379450415118e-06 2.0647569069294415e-06
1.498379450415118e-06 2.0647569069294415e-06
1.498379450415118e-06 2.0647569069294415e-06
1.498379450415118e-06 2.0647569069294415e-06
1.498379450415118e-06 2.0647569069294415e-06
1.5189926079661594e-06 2.0648252157552283e-06
1.3712827465791276e-06 2.0647599978596755e-06
1.3712827465791276e-06 2.0647599978596755e-06
1.4236421946504669e-06 2.064617762572244e-06
1.380424840625736e-06 2.064899235611754e-06
1.491990573444915e-06 2.0530839411208377e-06
1.352276376891223e-06 2.0647570080153173e-06
1.2677327678823908e-06 2.0646990916087864e-06
1.8113962017498724e-06 2.0645536838086635e-06
1.1963342161981775e-06 2.0647556780095643e-06
1.3791943998949386e-06 2.0647535435787173e-06
1.3791943998949386e-06 2.0647535435787173e-06
1.3791943998949386e-06 2.0647535435787173e-06
9.031266540128723e-07 2.0647599075285224e-06
9.031266540128723e-07 2.0647599075285224e-06
9.031266540128723e-07 2.0647599075285224e-06
9.031266540128723e-07 2.0647599075285224e-06
9.031266540128723e-07 2.0647599075285224e-06
9.031266540128723e-07 2.0647599075285224e-06
9.031266540128723e-07 2.0647599075285224e-06
9.031266540128723e-07 2.0647599075285224e-06
1.3712915057107922e-06 2.064759097892678e-06
1.3712915057107922e-06 2.064759097892678e-06
2.411671913340021e-06 2.074182827472277e-06
8.168630135799692e-07 2.0647102857040346e-06
8.168630135799692e-07 2.0647102857040346e-06
1.5928773932242652e-06 2.064758713439085e-06
1.5928773932242652e-06 2.064758713439085e-06
1.5928773932242652e-06 2.064758713439085e-06
1.5928773932242652e-06 2.064758713439085e-06
1.5928773932242652e-06 2.064758713439085e-06
1.5928773932242652e-06 2.064758713439085e-06
1.624758973427891e-06 2.0647820763988436e-06
1.624758973427891e-06 2.0647820763988436e-06
1.307835005945315e-06 2.064759229013878e-06
1.307835005945315e-06 2.064759229013878e-06
1.307835005945315e-06 2.064759229013878e-06
1.307835005945315e-06 2.064759229013878e-06
1.5732537494938332e-06 2.064743139298442e-06
1.5732537494938332e-06 2.064743139298442e-06
1.409066256205917e-06 2.0647556800262456e-06
1.409066256205917e-06 2.0647556800262456e-06
1.8084995244993006e-06 2.067094240976224e-06
1.8084995244993006e-06 2.067094240976224e-06
1.4138143271140008e-06 2.0647570600464473e-06
1.4138143271140008e-06 2.0647570600464473e-06
1.0718477997284116e-06 2.0647417944776212e-06
1.0718477997284116e-06 2.0647417944776212e-06
1.3055294962591058e-06 2.0643887066145313e-06
1.3055294962591058e-06 2.0643887066145313e-06
1.1586868470608564e-06 2.0647585036191024e-06
1.1586868470608564e-06 2.0647585036191024e-06
1.3335131521375203e-06 2.0647584823624887e-06
1.3335131521375203e-06 2.0647584823624887e-06
1.3335131521375203e-06 2.0647584823624887e-06
1.3335131521375203e-06 2.0647584823624887e-06
1.3335131521375203e-06 2.0647584823624887e-06
1.3335131521375203e-06 2.0647584823624887e-06
9.33978062158383e-07 2.0647588146542766e-06
9.33978062158383e-07 2.0647588146542766e-06
9.33978062158383e-07 2.0647588146542766e-06
9.33978062158383e-07 2.0647588146542766e-06
9.33978062158383e-07 2.0647588146542766e-06
9.33978062158383e-07 2.0647588146542766e-06
9.33978062158383e-07 2.0647588146542766e-06
9.33978062158383e-07 2.0647588146542766e-06
9.33978062158383e-07 2.0647588146542766e-06
9.33978062158383e-07 2.0647588146542766e-06
9.33978062158383e-07 2.0647588146542766e-06
9.33978062158383e-07 2.0647588146542766e-06
9.33978062158383e-07 2.0647588146542766e-06
9.33978062158383e-07 2.0647588146542766e-06
9.33978062158383e-07 2.0647588146542766e-06
9.33978062158383e-07 2.0647588146542766e-06
1.307874045449376e-06 2.064759365542552e-06
1.307874045449376e-06 2.064759365542552e-06
1.307874045449376e-06 2.064759365542552e-06
1.307874045449376e-06 2.064759365542552e-06
2.0785243057283438e-06 2.0614450393238667e-06
2.0785243057283438e-06 2.0614450393238667e-06
9.37350439804749e-07 2.064775054323012e-06
9.37350439804749e-07 2.064775054323012e-06
9.37350439804749e-07 2.064775054323012e-06
9.37350439804749e-07 2.064775054323012e-06
1.4763746318214597e-06 2.064761980127076e-06
1.4763746318214597e-06 2.064761980127076e-06
1.4763746318214597e-06 2.064761980127076e-06
1.4763746318214597e-06 2.064761980127076e-06
1.4763746318214597e-06 2.064761980127076e-06
1.4763746318214597e-06 2.064761980127076e-06
1.4763746318214597e-06 2.064761980127076e-06
1.4763746318214597e-06 2.064761980127076e-06
1.4763746318214597e-06 2.064761980127076e-06
1.4763746318214597e-06 2.064761980127076e-06
1.4763746318214597e-06 2.064761980127076e-06
1.4763746318214597e-06 2.064761980127076e-06
1.3876778175652702e-06 2.0647220888203205e-06
1.3707648455020306e-06 2.064759749844312e-06
1.3707648455020306e-06 2.064759749844312e-06
1.274197351843109e-06 2.06485233288864e-06
1.296091192376791e-06 2.0646663604930315e-06
1.448106300866993e-06 2.051729854474905e-06
1.3182035929027707e-06 2.0647637544847177e-06
1.2885671625604842e-06 2.0648033331265766e-06
1.9696844082110054e-06 2.063192032432865e-06
1.2009565229258058e-06 2.0647548733374857e-06
1.4032093282040675e-06 2.0647448198687093e-06
1.4032093282040675e-06 2.0647448198687093e-06
1.4032093282040675e-06 2.0647448198687093e-06
8.927520502624988e-07 2.064759151716435e-06
8.927520502624988e-07 2.064759151716435e-06
8.927520502624988e-07 2.064759151716435e-06
8.927520502624988e-07 2.064759151716435e-06
8.927520502624988e-07 2.064759151716435e-06
8.927520502624988e-07 2.064759151716435e-06
8.927520502624988e-07 2.064759151716435e-06
8.927520502624988e-07 2.064759151716435e-06
1.370760058457004e-06 2.064758531120521e-06
1.370760058457004e-06 2.064758531120521e-06
2.4137072948721113e-06 2.069570983644252e-06
7.948876241977666e-07 2.064704154791888e-06
7.948876241977666e-07 2.064704154791888e-06
1.6181144728077467e-06 2.0647567106937932e-06
1.6181144728077467e-06 2.0647567106937932e-06
1.6181144728077467e-06 2.0647567106937932e-06
1.6181144728077467e-06 2.0647567106937932e-06
1.6181144728077467e-06 2.0647567106937932e-06
1.6181144728077467e-06 2.0647567106937932e-06
1.5823458387158389e-06 2.0647866019793214e-06
1.5823458387158389e-06 2.0647866019793214e-06
1.3340575222355382e-06 2.064759630647953e-06
1.3340575222355382e-06 2.064759630647953e-06
1.3340575222355382e-06 2.064759630647953e-06
1.3340575222355382e-06 2.064759630647953e-06
1.5118023494946929e-06 2.0646870128984286e-06
1.5118023494946929e-06 2.0646870128984286e-06
1.3829245560037168e-06 2.064653567551565e-06
1.3829245560037168e-06 2.064653567551565e-06
1.7671535304575714e-06 2.0551165826535006e-06
1.7671535304575714e-06 2.0551165826535006e-06
1.4095977239043596e-06 2.0647598584365904e-06
1.4095977239043596e-06 2.0647598584365904e-06
1.1219785856300224e-06 2.064808079801172e-06
1.1219785856300224e-06 2.064808079801172e-06
1.4637011626414215e-06 2.0645310831997347e-06
1.4637011626414215e-06 2.0645310831997347e-06
1.1798200366483412e-06 2.0647598538557647e-06
1.1798200366483412e-06 2.0647598538557647e-06
1.3710997832994472e-06 2.06476569864853e-06
1.3710997832994472e-06 2.06476569864853e-06
1.3710997832994472e-06 2.06476569864853e-06
1.3710997832994472e-06 2.06476569864853e-06
1.3710997832994472e-06 2.06476569864853e-06
1.3710997832994472e-06 2.06476569864853e-06
9.328802983396199e-07 2.064759507222558e-06
9.328802983396199e-07 2.064759507222558e-06
9.328802983396199e-07 2.064759507222558e-06
9.328802983396199e-07 2.064759507222558e-06
9.328802983396199e-07 2.064759507222558e-06
9.328802983396199e-07 2.064759507222558e-06
9.328802983396199e-07 2.064759507222558e-06
9.328802983396199e-07 2.064759507222558e-06
9.328802983396199e-07 2.064759507222558e-06
9.328802983396199e-07 2.064759507222558e-06
9.328802983396199e-07 2.064759507222558e-06
9.328802983396199e-07 2.064759507222558e-06
9.328802983396199e-07 2.064759507222558e-06
9.328802983396199e-07 2.064759507222558e-06
9.328802983396199e-07 2.064759507222558e-06
9.328802983396199e-07 2.064759507222558e-06
1.3340898676137404e-06 2.0647587715840785e-06
1.3340898676137404e-06 2.0647587715840785e-06
1.3340898676137404e-06 2.0647587715840785e-06
1.3340898676137404e-06 2.0647587715840785e-06
2.159423932866864e-06 2.05869069844942e-06
2.159423932866864e-06 2.05869069844942e-06
9.245518362134978e-07 2.0648007253452944e-06
9.245518362134978e-07 2.0648007253452944e-06
9.245518362134978e-07 2.0648007253452944e-06
9.245518362134978e-07 2.0648007253452944e-06
1.5201526522873115e-06 2.064763048245548e-06
1.5201526522873115e-06 2.064763048245548e-06
1.5201526522873115e-06 2.064763048245548e-06
1.5201526522873115e-06 2.064763048245548e-06
1.5201526522873115e-06 2.064763048245548e-06
1.5201526522873115e-06 2.064763048245548e-06
1.5201526522873115e-06 2.064763048245548e-06
1.5201526522873115e-06 2.064763048245548e-06
1.5201526522873115e-06 2.064763048245548e-06
1.5201526522873115e-06 2.064763048245548e-06
1.5201526522873115e-06 2.064763048245548e-06
1.5201526522873115e-06 2.064763048245548e-06
1.5704786587915704e-06 2.064792930141197e-06
1.3269992595525123e-06 2.0647596341346884e-06
1.3269992595525123e-06 2.0647596341346884e-06
1.5008556348818154e-06 2.064705599408264e-06
1.3680088013693933e-06 2.0646581460368014e-06
1.7762142331328034e-06 2.063586630095056e-06
1.405391814277187e-06 2.064759466083708e-06
1.1109856514160585e-06 2.0647621717047697e-06
1.4458692393118056e-06 2.0649429144395156e-06
1.1753507361970726e-06 2.0647606372568127e-06
1.3693277861237828e-06 2.0647530912258993e-06
1.3693277861237828e-06 2.0647530912258993e-06
1.3693277861237828e-06 2.0647530912258993e-06
9.316937395194029e-07 2.0647592625298284e-06
9.316937395194029e-07 2.0647592625298284e-06
9.316937395194029e-07 2.0647592625298284e-06
9.316937395194029e-07 2.0647592625298284e-06
9.316937395194029e-07 2.0647592625298284e-06
9.316937395194029e-07 2.0647592625298284e-06
9.316937395194029e-07 2.0647592625298284e-06
9.316937395194029e-07 2.0647592625298284e-06
1.3270303550029585e-06 2.0647587313752564e-06
1.3270303550029585e-06 2.0647587313752564e-06
2.1349580274752657e-06 2.0583089149285724e-06
9.297626683551275e-07 2.0647837449750277e-06
9.297626683551275e-07 2.0647837449750277e-06
1.5132025086812252e-06 2.0647633451602362e-06
1.5132025086812252e-06 2.0647633451602362e-06
1.5132025086812252e-06 2.0647633451602362e-06
1.5132025086812252e-06 2.0647633451602362e-06
1.5132025086812252e-06 2.0647633451602362e-06
1.5132025086812252e-06 2.0647633451602362e-06