1.1288065406851233e-06 2.0647594678581453e-06
1.932237302439903e-06 2.0647432678715705e-06
1.12709034845338e-06 2.0647590307786875e-06
1.3169346423906068e-06 2.0647619284842937e-06
1.3169346423906068e-06 2.0647619284842937e-06
1.3169346423906068e-06 2.0647619284842937e-06
1.1653095971502555e-06 2.064758479351584e-06
1.1653095971502555e-06 2.064758479351584e-06
1.1269366091908663e-06 2.064759119122435e-06
1.1269366091908663e-06 2.064759119122435e-06
1.1269366091908663e-06 2.064759119122435e-06
1.1269366091908663e-06 2.064759119122435e-06
1.1269366091908663e-06 2.064759119122435e-06
1.1269366091908663e-06 2.064759119122435e-06
1.1430542121364287e-06 2.0647594945061894e-06
1.1255942203083703e-06 2.0647590956808176e-06
1.1255942203083703e-06 2.0647590956808176e-06
1.1377240804216825e-06 2.0647588351296955e-06
1.138494265092202e-06 2.0647591319487563e-06
1.138494265092202e-06 2.0647591319487563e-06
1.1342979043681634e-06 2.0647589915701096e-06