1.0836834766581339e-06 1.0207864047765417e-06
1.0836834766581339e-06 1.0207864047765417e-06
1.1659048284073933e-06 1.0207852893221859e-06
1.1659048284073933e-06 1.0207852893221859e-06
1.1659048284073933e-06 1.0207852893221859e-06
1.1659048284073933e-06 1.0207852893221859e-06
1.1659048284073933e-06 1.0207852893221859e-06
1.1659048284073933e-06 1.0207852893221859e-06
1.1659048284073933e-06 1.0207852893221859e-06
1.1659048284073933e-06 1.0207852893221859e-06
1.1659048284073933e-06 1.0207852893221859e-06
1.1659048284073933e-06 1.0207852893221859e-06
1.1659048284073933e-06 1.0207852893221859e-06
1.1659048284073933e-06 1.0207852893221859e-06
1.1659048284073933e-06 1.0207852893221859e-06
1.1659048284073933e-06 1.0207852893221859e-06
1.115351061908337e-06 1.0207851683778464e-06
1.115351061908337e-06 1.0207851683778464e-06
2.9424657144833137e-06 1.0207862648580261e-06
8.820883701366745e-07 1.0207852277462895e-06
8.820883701366745e-07 1.0207852277462895e-06
8.604107627462317e-07 1.0207852651250372e-06
4.6514229334039893e-07 1.0207852097958402e-06
4.6514229334039893e-07 1.0207852097958402e-06
4.6514229334039893e-07 1.0207852097958402e-06
4.6514229334039893e-07 1.0207852097958402e-06
4.6514229334039893e-07 1.0207852097958402e-06
4.6514229334039893e-07 1.0207852097958402e-06
4.6514229334039893e-07 1.0207852097958402e-06
4.6514229334039893e-07 1.0207852097958402e-06
4.6514229334039893e-07 1.0207852097958402e-06
4.6514229334039893e-07 1.0207852097958402e-06
4.6514229334039893e-07 1.0207852097958402e-06
1.180388206225954e-06 1.0207851479656182e-06
1.180388206225954e-06 1.0207851479656182e-06