1.6922782013349697e-06 2.0647591910243674e-06
3.4945678835570457e-06 2.0647528677228456e-06
1.6593970754174145e-06 2.064759013215997e-06
1.9343448707647485e-06 2.0647592471698045e-06
1.9343448707647485e-06 2.0647592471698045e-06
1.9343448707647485e-06 2.0647592471698045e-06
1.6939359317202336e-06 2.0647589842956856e-06
1.6939359317202336e-06 2.0647589842956856e-06
1.6623242888392641e-06 2.0647591787986623e-06
1.6623242888392641e-06 2.0647591787986623e-06
1.6623242888392641e-06 2.0647591787986623e-06
1.6623242888392641e-06 2.0647591787986623e-06
1.6623242888392641e-06 2.0647591787986623e-06
1.6623242888392641e-06 2.0647591787986623e-06
1.7299421131657393e-06 2.064759305982904e-06
1.6630477169609704e-06 2.0647591585852748e-06
1.6630477169609704e-06 2.0647591585852748e-06
1.7065244382346754e-06 2.0647593569948775e-06
1.6838853920434666e-06 2.0647591716881198e-06
1.6838853920434666e-06 2.0647591716881198e-06
1.6723486098518444e-06 2.0647590406295117e-06