1.2584885423147053e-05 6.429769657211884e-06
1.2584885423147053e-05 6.429769657211884e-06
8.617468627396834e-06 2.0741434259180067e-06
8.617468627396834e-06 2.0741434259180067e-06
4.420934895102267e-07 3.527067036749473e-06
2.3330129636027762e-06 2.0741250096606312e-06
2.3330129636027762e-06 2.0741250096606312e-06
2.3330129636027762e-06 2.0741250096606312e-06
2.3330129636027762e-06 2.0741250096606312e-06
2.3330129636027762e-06 2.0741250096606312e-06
2.3330129636027762e-06 2.0741250096606312e-06
2.3330129636027762e-06 2.0741250096606312e-06
2.3330129636027762e-06 2.0741250096606312e-06
2.3330129636027762e-06 2.0741250096606312e-06
2.3330129636027762e-06 2.0741250096606312e-06
2.3330129636027762e-06 2.0741250096606312e-06
2.3330129636027762e-06 2.0741250096606312e-06
2.3330129636027762e-06 2.0741250096606312e-06
2.3330129636027762e-06 2.0741250096606312e-06
2.3330129636027762e-06 2.0741250096606312e-06
2.3330129636027762e-06 2.0741250096606312e-06
2.3330129636027762e-06 2.0741250096606312e-06
2.3330129636027762e-06 2.0741250096606312e-06
2.3330129636027762e-06 2.0741250096606312e-06
2.3330129636027762e-06 2.0741250096606312e-06
2.3330129636027762e-06 2.0741250096606312e-06
2.3330129636027762e-06 2.0741250096606312e-06
2.3330129636027762e-06 2.0741250096606312e-06
2.3330129636027762e-06 2.0741250096606312e-06
2.3330129636027762e-06 2.0741250096606312e-06
2.3330129636027762e-06 2.0741250096606312e-06
2.3330129636027762e-06 2.0741250096606312e-06
2.3330129636027762e-06 2.0741250096606312e-06
2.3330129636027762e-06 2.0741250096606312e-06
2.3330129636027762e-06 2.0741250096606312e-06
2.3330129636027762e-06 2.0741250096606312e-06
2.3330129636027762e-06 2.0741250096606312e-06
2.3330129636027762e-06 2.0741250096606312e-06
2.3330129636027762e-06 2.0741250096606312e-06
2.3330129636027762e-06 2.0741250096606312e-06
2.3330129636027762e-06 2.0741250096606312e-06
2.3330129636027762e-06 2.0741250096606312e-06
2.3330129636027762e-06 2.0741250096606312e-06
2.3330129636027762e-06 2.0741250096606312e-06
9.556741143866068e-06 6.429703988107779e-06
9.556741143866068e-06 6.429703988107779e-06
5.64021184387888e-06 2.0739753683122815e-06
5.64021184387888e-06 2.0739753683122815e-06
1.587747342660075e-05 2.73451383241277e-05
1.587747342660075e-05 2.73451383241277e-05
8.688230695058407e-06 8.787612861946462e-05
2.996454348668013e-06 2.3168489505088465e-06
3.2171549545291536e-07 2.0698013372524253e-06
1.587747342660075e-05 2.73451383241277e-05
1.587747342660075e-05 2.73451383241277e-05
1.587747342660075e-05 2.73451383241277e-05
1.587747342660075e-05 2.73451383241277e-05
1.587747342660075e-05 2.73451383241277e-05
1.587747342660075e-05 2.73451383241277e-05
6.153584126718105e-06 2.0698013372524253e-06
3.564172833801458e-06 3.85786112732771e-06
3.564172833801458e-06 3.85786112732771e-06
3.564172833801458e-06 3.85786112732771e-06
3.564172833801458e-06 3.85786112732771e-06
8.861488602721388e-06 4.808771456354421e-05
8.861488602721388e-06 4.808771456354421e-05
8.861488602721388e-06 4.808771456354421e-05