1.3791619444602244e-06 2.7459095711825643e-06
8.790707746446846e-07 2.7459096033170593e-06
8.790707746446846e-07 2.7459096033170593e-06
8.790707746446846e-07 2.7459096033170593e-06
7.320542390796802e-07 2.7459691415379305e-06
1.2702538329956707e-06 2.7459095774676792e-06
1.2702538329956707e-06 2.7459095774676792e-06
1.2702538329956707e-06 2.7459095774676792e-06
1.2702538329956707e-06 2.7459095774676792e-06
1.2702538329956707e-06 2.7459095774676792e-06
1.2702538329956707e-06 2.7459095774676792e-06
1.2702538329956707e-06 2.7459095774676792e-06
1.2702538329956707e-06 2.7459095774676792e-06
1.2702538329956707e-06 2.7459095774676792e-06
1.6981332409370626e-06 2.745909775629117e-06
1.6991991374096877e-06 2.7459094139442516e-06
5.52804083862449e-07 2.745485046321472e-06
5.52804083862449e-07 2.745485046321472e-06
5.52804083862449e-07 2.745485046321472e-06
5.532987222894397e-07 2.7456332506424607e-06
4.145904486503167e-07 2.7459140117694023e-06
3.0775751785888107e-06 2.7459097343969978e-06
3.0590440628089997e-06 2.7459099132166178e-06
1.4197004333150157e-06 2.7459097843491302e-06
1.4197004333150157e-06 2.7459097843491302e-06
1.1698952575042712e-06 2.745909452429647e-06
8.524595959805076e-07 2.745910290135787e-06
1.2874413451850512e-06 2.745909699866119e-06
1.2874413451850512e-06 2.745909699866119e-06
5.532987222894397e-07 2.7456332506424607e-06
5.532987222894397e-07 2.7456332506424607e-06
7.006440771954891e-07 2.7459098978069853e-06
7.006440771954891e-07 2.7459098978069853e-06
2.71327505220789e-06 2.745910040999811e-06
2.71327505220789e-06 2.745910040999811e-06
8.617165801130697e-07 2.74591067773102e-06
8.617165801130697e-07 2.74591067773102e-06
8.617165801130697e-07 2.74591067773102e-06
1.0374633823283006e-06 2.745909603138799e-06
1.0374633823283006e-06 2.745909603138799e-06
1.4197004333150157e-06 2.7459097843491302e-06
1.4197004333150157e-06 2.7459097843491302e-06
1.3476363335668122e-06 2.7459097840741147e-06
3.0775751785888107e-06 2.7459109300981693e-06
3.0775751785888107e-06 2.7459109300981693e-06
3.0775751785888107e-06 2.7459109300981693e-06
3.0775751785888107e-06 2.7459109300981693e-06
3.0590440628089997e-06 2.7459099132166178e-06
3.0590440628089997e-06 2.7459099132166178e-06
3.0590440628089997e-06 2.7459099132166178e-06