1.360790521078979e-06 2.074165250504039e-06
1.360790521078979e-06 2.074165250504039e-06
1.360790521078979e-06 2.074165250504039e-06
1.360790521078979e-06 2.074165250504039e-06
1.360790521078979e-06 2.074165250504039e-06
1.360790521078979e-06 2.074165250504039e-06
1.360790521078979e-06 2.074165250504039e-06
1.360790521078979e-06 2.074165250504039e-06
1.360790521078979e-06 2.074165250504039e-06
1.360790521078979e-06 2.074165250504039e-06
1.360790521078979e-06 2.074165250504039e-06
1.360790521078979e-06 2.074165250504039e-06
1.360790521078979e-06 2.074165250504039e-06
1.360790521078979e-06 2.074165250504039e-06
1.0348280978058194e-05 2.074165250504039e-06
1.91673304903346e-06 2.0738564111278475e-06
1.91673304903346e-06 2.0738564111278475e-06
1.91673304903346e-06 2.0738564111278475e-06
1.91673304903346e-06 2.0738564111278475e-06
1.91673304903346e-06 2.0738564111278475e-06
1.91673304903346e-06 2.0738564111278475e-06
1.91673304903346e-06 2.0738564111278475e-06
2.3543708045317586e-06 2.074165250504039e-06
2.3543708045317586e-06 2.074165250504039e-06
2.3543708045317586e-06 2.074165250504039e-06
2.4869616913623473e-06 2.073914747454461e-06
2.4869616913623473e-06 2.073914747454461e-06
2.4869616913623473e-06 2.073914747454461e-06
1.774694128982378e-06 2.074165250504039e-06
1.774694128982378e-06 2.074165250504039e-06
1.774694128982378e-06 2.074165250504039e-06
1.774694128982378e-06 2.074165250504039e-06
1.774694128982378e-06 2.074165250504039e-06
1.774694128982378e-06 2.074165250504039e-06
1.774694128982378e-06 2.074165250504039e-06
1.774694128982378e-06 2.074165250504039e-06
2.9791347456961236e-06 2.074165250504039e-06
2.9791347456961236e-06 2.074165250504039e-06
2.9791347456961236e-06 2.074165250504039e-06
1.955352039332263e-06 2.0757277942786333e-06
1.955352039332263e-06 2.0757277942786333e-06
3.4224986071150224e-06 2.075334264735402e-06
2.9521656113834672e-06 2.0765207269403675e-06
3.4224986071150224e-06 2.075334264735402e-06
2.4869616913623473e-06 2.073914747454461e-06
2.4869616913623473e-06 2.073914747454461e-06
2.83593461567132e-06 2.0744328502009174e-06
3.4224986071150224e-06 2.075334264735402e-06
3.4224986071150224e-06 2.075334264735402e-06
3.4224986071150224e-06 2.075334264735402e-06
3.4224986071150224e-06 2.075334264735402e-06
3.4224986071150224e-06 2.075334264735402e-06
3.4224986071150224e-06 2.075334264735402e-06
3.4224986071150224e-06 2.075334264735402e-06
3.3469285736624427e-06 2.075334264735402e-06
3.910212316000851e-06 2.0757277942786333e-06
3.910212316000851e-06 2.075334264735402e-06
2.9579090757410442e-06 2.075099078440335e-06
2.9579090757410442e-06 2.075099078440335e-06
2.83593461567132e-06 2.0744328502009174e-06
2.83593461567132e-06 2.0744328502009174e-06
2.847458680360676e-06 2.075334264735402e-06
3.0955592871463528e-06 2.0738786580320645e-06
3.0955592871463528e-06 2.0738786580320645e-06
3.0955592871463528e-06 2.0738786580320645e-06
3.0955592871463528e-06 2.0738786580320645e-06
3.0955592871463528e-06 2.0738786580320645e-06
3.0955592871463528e-06 2.0738786580320645e-06
3.0955592871463528e-06 2.0738786580320645e-06
1.2584885423147053e-05 6.429769657211884e-06
1.2584885423147053e-05 6.429769657211884e-06
8.617468627396834e-06 2.0741434259180067e-06
8.617468627396834e-06 2.0741434259180067e-06
4.420934895102267e-07 3.527067036749473e-06
2.3330129636027762e-06 2.0741250096606312e-06
2.3330129636027762e-06 2.0741250096606312e-06
2.3330129636027762e-06 2.0741250096606312e-06
2.3330129636027762e-06 2.0741250096606312e-06
2.3330129636027762e-06 2.0741250096606312e-06
2.3330129636027762e-06 2.0741250096606312e-06
2.3330129636027762e-06 2.0741250096606312e-06
2.3330129636027762e-06 2.0741250096606312e-06
2.3330129636027762e-06 2.0741250096606312e-06
2.3330129636027762e-06 2.0741250096606312e-06
2.3330129636027762e-06 2.0741250096606312e-06
2.3330129636027762e-06 2.0741250096606312e-06
2.3330129636027762e-06 2.0741250096606312e-06
2.3330129636027762e-06 2.0741250096606312e-06
2.3330129636027762e-06 2.0741250096606312e-06
2.3330129636027762e-06 2.0741250096606312e-06
2.3330129636027762e-06 2.0741250096606312e-06
2.3330129636027762e-06 2.0741250096606312e-06
2.3330129636027762e-06 2.0741250096606312e-06
2.3330129636027762e-06 2.0741250096606312e-06
2.3330129636027762e-06 2.0741250096606312e-06
2.3330129636027762e-06 2.0741250096606312e-06
2.3330129636027762e-06 2.0741250096606312e-06
2.3330129636027762e-06 2.0741250096606312e-06
2.3330129636027762e-06 2.0741250096606312e-06
2.3330129636027762e-06 2.0741250096606312e-06
2.3330129636027762e-06 2.0741250096606312e-06
2.3330129636027762e-06 2.0741250096606312e-06
2.3330129636027762e-06 2.0741250096606312e-06
2.3330129636027762e-06 2.0741250096606312e-06
2.3330129636027762e-06 2.0741250096606312e-06
2.3330129636027762e-06 2.0741250096606312e-06
2.3330129636027762e-06 2.0741250096606312e-06
2.3330129636027762e-06 2.0741250096606312e-06
2.3330129636027762e-06 2.0741250096606312e-06
2.3330129636027762e-06 2.0741250096606312e-06
2.3330129636027762e-06 2.0741250096606312e-06
2.3330129636027762e-06 2.0741250096606312e-06
2.3330129636027762e-06 2.0741250096606312e-06
9.556741143866068e-06 6.429703988107779e-06
9.556741143866068e-06 6.429703988107779e-06
5.64021184387888e-06 2.0739753683122815e-06
5.64021184387888e-06 2.0739753683122815e-06
1.587747342660075e-05 2.73451383241277e-05
1.587747342660075e-05 2.73451383241277e-05
8.688230695058407e-06 8.787612861946462e-05
2.996454348668013e-06 2.3168489505088465e-06
3.2171549545291536e-07 2.0698013372524253e-06
1.587747342660075e-05 2.73451383241277e-05
1.587747342660075e-05 2.73451383241277e-05
1.587747342660075e-05 2.73451383241277e-05
1.587747342660075e-05 2.73451383241277e-05
1.587747342660075e-05 2.73451383241277e-05
1.587747342660075e-05 2.73451383241277e-05
6.153584126718105e-06 2.0698013372524253e-06
3.564172833801458e-06 3.85786112732771e-06
3.564172833801458e-06 3.85786112732771e-06
3.564172833801458e-06 3.85786112732771e-06
3.564172833801458e-06 3.85786112732771e-06
8.861488602721388e-06 4.808771456354421e-05
8.861488602721388e-06 4.808771456354421e-05
8.861488602721388e-06 4.808771456354421e-05