7.984729304591931e-07 2.7450541890039e-06
8.933274508803777e-07 2.7451584121409775e-06
8.933274508803777e-07 2.7451584121409775e-06
8.933274508803777e-07 2.7451584121409775e-06
4.810275518150853e-07 2.712432223099825e-06
8.191300172195083e-07 2.745023709863305e-06
8.191300172195083e-07 2.745023709863305e-06
8.191300172195083e-07 2.745023709863305e-06
8.191300172195083e-07 2.745023709863305e-06
8.191300172195083e-07 2.745023709863305e-06
8.191300172195083e-07 2.745023709863305e-06
8.191300172195083e-07 2.745023709863305e-06
8.191300172195083e-07 2.745023709863305e-06
8.191300172195083e-07 2.745023709863305e-06
4.695031675774055e-07 2.745019382467175e-06
6.256615086513667e-07 2.7449973170157814e-06
9.035347351787692e-07 2.7603609617862e-06
9.035347351787692e-07 2.7603609617862e-06
9.035347351787692e-07 2.7603609617862e-06
8.974537386436344e-07 2.7115949234476877e-06
2.1895498214637992e-07 2.7453725764733335e-06
5.248287684646644e-07 2.7448599975755604e-06
1.4562773445940129e-06 2.7451177514594594e-06
3.961788673724434e-07 2.7450751836476825e-06
3.961788673724434e-07 2.7450751836476825e-06
2.778135552695717e-07 2.7450435989122934e-06
5.68295518398976e-07 2.744942634188132e-06
7.583895508526474e-07 2.745034222099522e-06
7.583895508526474e-07 2.745034222099522e-06
8.974537386436344e-07 2.7115949234476877e-06
8.974537386436344e-07 2.7115949234476877e-06
6.722730915999248e-07 2.7450035003724433e-06
6.722730915999248e-07 2.7450035003724433e-06
1.2230263208998952e-07 2.745438831407425e-06
1.2230263208998952e-07 2.745438831407425e-06
8.232410186690195e-07 2.7450166509016213e-06
8.232410186690195e-07 2.7450166509016213e-06
8.232410186690195e-07 2.7450166509016213e-06
8.13384721676098e-07 2.745054530217609e-06
8.13384721676098e-07 2.745054530217609e-06
3.961788673724434e-07 2.7450751836476825e-06
3.961788673724434e-07 2.7450751836476825e-06
4.3201124374338695e-07 2.745021482316919e-06
5.248287684646644e-07 2.745036569307585e-06
5.248287684646644e-07 2.745036569307585e-06
5.248287684646644e-07 2.745036569307585e-06
5.248287684646644e-07 2.745036569307585e-06
1.4562773445940129e-06 2.7451177514594594e-06
1.4562773445940129e-06 2.7451177514594594e-06
1.4562773445940129e-06 2.7451177514594594e-06