2.4788257531742135e-07 2.39946856324512e-07
2.4027504379675577e-07 2.399474573246724e-07
7.211461119684737e-06 2.394508396132176e-07
7.211461119684737e-06 2.394508396132176e-07
7.211461119684737e-06 2.394508396132176e-07
7.211461119684737e-06 2.394508396132176e-07
7.211461119684737e-06 2.394508396132176e-07
7.211461119684737e-06 2.394508396132176e-07
2.553977183230774e-07 2.452480704670113e-07
2.553977183230774e-07 2.452480704670113e-07
2.658262898335088e-07 2.452480704670113e-07
2.658262898335088e-07 2.452480704670113e-07
2.3348902713612807e-07 2.3995430612367446e-07
2.3348902713612807e-07 2.3995430612367446e-07
2.3348902713612807e-07 2.3995430612367446e-07
2.3348902713612807e-07 2.3995430612367446e-07
2.3348902713612807e-07 2.3995430612367446e-07
2.3348902713612807e-07 2.3995430612367446e-07
2.3348902713612807e-07 2.3995430612367446e-07
2.6779836933735365e-07 2.399484949578382e-07
2.495100790321093e-07 2.3994577021878944e-07
2.1386903303339923e-07 2.3995636779954223e-07
2.1386903303339923e-07 2.3995636779954223e-07
2.2324684274683612e-07 2.399471249178699e-07
2.2324684274683612e-07 2.399471249178699e-07
2.1809416887640577e-07 2.399335674700366e-07
2.144780825039062e-07 2.394508396132176e-07
2.3865205805469195e-07 2.399335674700366e-07
2.5208509744605044e-07 2.3994616964616623e-07
2.606522710865118e-07 2.42294891731229e-07
2.606522710865118e-07 2.42294891731229e-07
2.2324684274683612e-07 2.399464792215222e-07
2.457841081392491e-07 2.3994653599853025e-07
2.457841081392491e-07 2.3994653599853025e-07
2.457841081392491e-07 2.3994653599853025e-07
2.457841081392491e-07 2.3994653599853025e-07
2.457841081392491e-07 2.3994653599853025e-07
2.457841081392491e-07 2.3994653599853025e-07
2.457841081392491e-07 2.3994653599853025e-07
2.457841081392491e-07 2.3994653599853025e-07