4.88918461745179e-07 2.0937725342268996e-07
4.88918461745179e-07 2.0937725342268996e-07
2.7300603670948374e-07 2.047821757594219e-07
2.7300603670948374e-07 2.047821757594219e-07
0.0078125 8.269246671628214e-05
0.0078125 8.269246671628214e-05
0.0078125 8.269246671628214e-05
0.0078125 8.269246671628214e-05
0.0078125 8.269246671628214e-05
0.0078125 8.269246671628214e-05
0.0078125 8.269246671628214e-05
0.0078125 8.269246671628214e-05
0.0078125 8.269246671628214e-05
0.0078125 8.269246671628214e-05
0.0078125 8.269246671628214e-05
0.0078125 8.269246671628214e-05
2.308658392434988e-06 0.0003629764065335753
2.308658392434988e-06 0.0003629764065335753
2.308658392434988e-06 0.0003629764065335753
2.308658392434988e-06 0.0003629764065335753
2.8887040118321317e-06 0.0003629764065335753
2.8887040118321317e-06 0.0003629764065335753
2.8887040118321317e-06 0.0003629764065335753
2.8887040118321317e-06 0.0003629764065335753
9.372937953650197e-07 1.8005722218521047e-06
9.372937953650197e-07 1.8005722218521047e-06
9.372937953650197e-07 1.8005722218521047e-06
9.372937953650197e-07 1.8005722218521047e-06
9.372937953650197e-07 1.8005722218521047e-06
9.372937953650197e-07 1.8005722218521047e-06
9.372937953650197e-07 1.8005722218521047e-06
9.372937953650197e-07 1.8005722218521047e-06
9.372937953650197e-07 1.8005722218521047e-06
9.372937953650197e-07 1.8005722218521047e-06
9.372937953650197e-07 1.8005722218521047e-06
9.372937953650197e-07 1.8005722218521047e-06
9.372937953650197e-07 1.8005722218521047e-06
9.372937953650197e-07 1.8005722218521047e-06
5.096438201269896e-07 4.277727158006408e-07
5.096438201269896e-07 4.277727158006408e-07
5.540550922834161e-07 2.1203326971628465e-07
5.540550922834161e-07 2.1203326971628465e-07
7.472143847735642e-07 8.192041104385445e-07
7.472143847735642e-07 8.192041104385445e-07
7.472143847735642e-07 8.192041104385445e-07
7.472143847735642e-07 8.192041104385445e-07
2.2749608706730244e-07 2.546224801604529e-07
2.2749608706730244e-07 2.546224801604529e-07
2.2749608706730244e-07 2.546224801604529e-07
2.2749608706730244e-07 2.546224801604529e-07
4.319400674517609e-07 8.191262707720184e-07
4.319400674517609e-07 8.191262707720184e-07
5.86524024024024e-06 8.269246671628214e-05
5.86524024024024e-06 8.269246671628214e-05
2.995590490797546e-06 8.191262707720184e-07
2.995590490797546e-06 8.191262707720184e-07
2.9112230676931564e-07 2.520393130920561e-07
2.9112230676931564e-07 2.520393130920561e-07
1.7242330611344075e-06 0.00019817677368212446
1.7242330611344075e-06 0.00019817677368212446
1.7242330611344075e-06 0.00019817677368212446
1.7242330611344075e-06 0.00019817677368212446
2.2749608706730244e-07 2.2576595757530297e-07
2.2749608706730244e-07 2.2576595757530297e-07
3.2335409889404273e-07 2.381012709389482e-07
3.2335409889404273e-07 2.381012709389482e-07
3.2335409889404273e-07 2.381012709389482e-07
3.2335409889404273e-07 2.381012709389482e-07
3.2335409889404273e-07 2.381012709389482e-07
3.2335409889404273e-07 2.381012709389482e-07
3.2335409889404273e-07 2.381012709389482e-07
3.2335409889404273e-07 2.381012709389482e-07
3.2335409889404273e-07 2.381012709389482e-07
3.2335409889404273e-07 2.381012709389482e-07
3.2335409889404273e-07 2.381012709389482e-07
3.2335409889404273e-07 2.381012709389482e-07
3.2335409889404273e-07 2.381012709389482e-07
3.2335409889404273e-07 2.381012709389482e-07
3.2335409889404273e-07 2.381012709389482e-07
3.2335409889404273e-07 2.381012709389482e-07
3.0816077522256435e-07 2.399341688147505e-07
2.539058079910177e-07 2.39948639430898e-07
1.7818324364776735e-05 2.3636024835434915e-07
1.7818324364776735e-05 2.3636024835434915e-07
1.7818324364776735e-05 2.3636024835434915e-07
1.7818324364776735e-05 2.3636024835434915e-07
1.7818324364776735e-05 2.3636024835434915e-07
1.7818324364776735e-05 2.3636024835434915e-07
3.7560297616846156e-07 2.5937427253622e-07
3.7560297616846156e-07 2.5937427253622e-07
3.8871552505891196e-07 2.5937427253622e-07
3.8871552505891196e-07 2.5937427253622e-07
2.8336780531188003e-07 2.3995946288238095e-07
2.8336780531188003e-07 2.3995946288238095e-07
2.8336780531188003e-07 2.3995946288238095e-07
2.8336780531188003e-07 2.3995946288238095e-07
2.8336780531188003e-07 2.3995946288238095e-07
2.8336780531188003e-07 2.3995946288238095e-07
2.8336780531188003e-07 2.3995946288238095e-07
2.997617556075991e-07 2.399557917676294e-07
3.0568839242542306e-07 2.399475309607762e-07
1.9484753661130252e-07 2.400073151185653e-07
1.9484753661130252e-07 2.400073151185653e-07
2.9093259618742014e-07 2.3994929446145567e-07
2.9093259618742014e-07 2.3994929446145567e-07
1.9801422000995874e-07 2.399845099481143e-07
1.7390256512169487e-07 2.3636024835434915e-07
2.026879944357272e-07 2.399845099481143e-07
2.60831864696778e-07 2.399399231495524e-07
3.5917169689905286e-07 2.124185852667319e-07
3.5917169689905286e-07 2.124185852667319e-07
2.9093259618742014e-07 2.3995369037437434e-07
2.976721745929513e-07 2.399491150001918e-07
2.976721745929513e-07 2.399491150001918e-07
2.976721745929513e-07 2.399491150001918e-07
2.976721745929513e-07 2.399491150001918e-07
2.976721745929513e-07 2.399491150001918e-07
2.976721745929513e-07 2.399491150001918e-07
2.976721745929513e-07 2.399491150001918e-07
2.976721745929513e-07 2.399491150001918e-07