1.7439814306532184e-07 3.955171232096254e-07
1.078852945380458e-07 3.955193588885929e-07
1.078852945380458e-07 3.955193588885929e-07
1.078852945380458e-07 3.955193588885929e-07
1.078852945380458e-07 3.955193588885929e-07
1.078852945380458e-07 3.955193588885929e-07
1.078852945380458e-07 3.955193588885929e-07
1.078852945380458e-07 3.955193588885929e-07
1.078852945380458e-07 3.955193588885929e-07
1.4688554698367909e-07 3.9551727343673817e-07
1.4688554698367909e-07 3.9551727343673817e-07
1.4688554698367909e-07 3.9551727343673817e-07
1.4688554698367909e-07 3.9551727343673817e-07
1.4688554698367909e-07 3.9551727343673817e-07
1.4688554698367909e-07 3.9551727343673817e-07
1.4688554698367909e-07 3.9551727343673817e-07
1.4688554698367909e-07 3.9551727343673817e-07
1.4688554698367909e-07 3.9551727343673817e-07
1.4688554698367909e-07 3.9551727343673817e-07
2.2298035638154106e-07 3.955183818895366e-07
2.2298035638154106e-07 3.955183818895366e-07
2.2298035638154106e-07 3.955183818895366e-07
2.2298035638154106e-07 3.955183818895366e-07
2.2298035638154106e-07 3.955183818895366e-07
2.2298035638154106e-07 3.955183818895366e-07
2.2298035638154106e-07 3.955183818895366e-07
3.9160021084765933e-07 4.1496990084985836e-07
3.9160021084765933e-07 4.1496990084985836e-07
1.72141518999941e-07 3.955176543693865e-07
1.72141518999941e-07 3.955176543693865e-07
1.72141518999941e-07 3.955176543693865e-07
1.72141518999941e-07 3.955176543693865e-07
1.72141518999941e-07 3.955176543693865e-07
1.72141518999941e-07 3.955176543693865e-07
1.72141518999941e-07 3.955176543693865e-07
1.72141518999941e-07 3.955176543693865e-07
1.72141518999941e-07 3.955176543693865e-07
1.72141518999941e-07 3.955176543693865e-07
1.72141518999941e-07 3.955176543693865e-07
1.72141518999941e-07 3.955176543693865e-07
1.72141518999941e-07 3.955176543693865e-07
1.72141518999941e-07 3.955176543693865e-07
1.72141518999941e-07 3.955176543693865e-07
6.167797843935702e-07 3.955166668674214e-07
7.297956598920448e-07 3.955356712739831e-07
3.107816486880006e-07 3.9551842418254183e-07
2.7664660056657225e-06 3.7724536440896216e-07
1.5088752189603727e-07 3.955175570116757e-07
1.6727995782126142e-07 3.9551744312440174e-07
6.403107932431012e-07 3.955184150942267e-07
4.6107766761095375e-07 6.916165014164306e-07
3.56230707592018e-07 3.955180865657117e-07
3.56230707592018e-07 3.955180865657117e-07
3.56230707592018e-07 3.955180865657117e-07
1.843193808915488e-07 3.955173660799538e-07
3.479900062331883e-07 3.952094293808175e-07
2.0322966516113187e-07 3.9551733558703757e-07
2.5195046580003423e-07 3.952094293808175e-07
3.3875093946927214e-07 3.952094293808175e-07
1.1552275628054665e-07 3.9563042477829374e-07
1.7439814306532184e-07 3.955171232096254e-07
2.0674007808477082e-09 3.9551736063478215e-07
7.312726302485466e-09 3.955175008728496e-07
6.523138904654822e-09 3.955199414642427e-07
1.3589215836103117e-07 3.9551897601055676e-07
1.1856282881424524e-06 3.608433920433551e-07
6.403107932431012e-07 3.955184150942267e-07
2.0322966516113187e-07 3.9551733558703757e-07
4.097128863980995e-07 3.9551766204566786e-07
1.283689700558958e-07 3.955182742770399e-07
1.1670766691255851e-07 3.9551555999122434e-07
6.916165014164306e-07 3.8423138967579476e-07
1.1369038379448175e-07 3.8423138967579476e-07
6.403107932431012e-07 3.955184150942267e-07
3.383921881433846e-07 3.955031104295699e-07
4.097128863980995e-07 3.9551766204566786e-07
9.221553352219075e-07 3.952094293808175e-07
1.3832330028328613e-06 9.221553352219075e-07
2.0322966516113187e-07 3.9551733558703757e-07
3.01041328946739e-07 3.9215368637014107e-07
3.01041328946739e-07 3.9215368637014107e-07
1.843193808915488e-07 3.955173660799538e-07
1.7783680608494744e-07 3.9552649231003426e-07
2.0322966516113187e-07 3.9551733558703757e-07