3.955208059764776e-07 3.9551814657032373e-07
3.955208059764776e-07 3.9551814657032373e-07
3.955208059764776e-07 3.9551814657032373e-07
3.955208059764776e-07 3.9551814657032373e-07
3.955208059764776e-07 3.9551814657032373e-07
3.955208059764776e-07 3.9551814657032373e-07
3.955208059764776e-07 3.9551814657032373e-07
3.955208059764776e-07 3.9551814657032373e-07
3.955208059764776e-07 3.9551814657032373e-07
3.955208059764776e-07 3.9551814657032373e-07
3.955208059764776e-07 3.9551814657032373e-07
3.955208059764776e-07 3.9551814657032373e-07
3.955208059764776e-07 3.9551814657032373e-07
3.955208059764776e-07 3.9551814657032373e-07
3.955208059764776e-07 3.9551814657032373e-07
3.955208059764776e-07 3.9551814657032373e-07
3.955208059764776e-07 3.9551814657032373e-07
3.955208059764776e-07 3.9551814657032373e-07
3.955208059764776e-07 3.9551814657032373e-07
5.537297353105759e-07 5.932738336279675e-07
3.955208059764776e-07 3.9551814657032373e-07
3.955208059764776e-07 3.9551814657032373e-07
3.955208059764776e-07 3.9551814657032373e-07
3.955208059764776e-07 3.9551814657032373e-07
3.955208059764776e-07 3.9551814657032373e-07
3.955208059764776e-07 3.9551814657032373e-07
3.955208059764776e-07 3.9551814657032373e-07
3.955208059764776e-07 3.9551814657032373e-07
5.6503007177375236e-08 6.591966338478105e-08
3.955208059764776e-07 3.9551814657032373e-07
3.955208059764776e-07 3.9551814657032373e-07
3.955208059764776e-07 3.9551814657032373e-07
3.955208059764776e-07 3.9551814657032373e-07
3.955208059764776e-07 3.9551814657032373e-07
3.955208059764776e-07 3.9551814657032373e-07
3.955208059764776e-07 3.9551814657032373e-07
3.955208059764776e-07 3.9551814657032373e-07
3.955208059764776e-07 3.9551814657032373e-07
3.955208059764776e-07 3.9551814657032373e-07
3.955208059764776e-07 3.9551814657032373e-07