4.402022493266792e-07 3.955181339877137e-07
4.1810122200346823e-07 3.9551817090867965e-07
4.1810122200346823e-07 3.9551817090867965e-07
4.1810122200346823e-07 3.9551817090867965e-07
4.1810122200346823e-07 3.9551817090867965e-07
4.1810122200346823e-07 3.9551817090867965e-07
4.1810122200346823e-07 3.9551817090867965e-07
4.1810122200346823e-07 3.9551817090867965e-07
4.1810122200346823e-07 3.9551817090867965e-07
4.353063496303992e-07 3.955181581410791e-07
4.353063496303992e-07 3.955181581410791e-07
4.353063496303992e-07 3.955181581410791e-07
4.353063496303992e-07 3.955181581410791e-07
4.353063496303992e-07 3.955181581410791e-07
4.353063496303992e-07 3.955181581410791e-07
4.353063496303992e-07 3.955181581410791e-07
4.353063496303992e-07 3.955181581410791e-07
4.353063496303992e-07 3.955181581410791e-07
4.353063496303992e-07 3.955181581410791e-07
4.223759848401039e-07 3.955181543389942e-07
4.223759848401039e-07 3.955181543389942e-07
4.223759848401039e-07 3.955181543389942e-07
4.223759848401039e-07 3.955181543389942e-07
4.223759848401039e-07 3.955181543389942e-07
4.223759848401039e-07 3.955181543389942e-07
4.223759848401039e-07 3.955181543389942e-07
1.9521231963126232e-07 3.960552783873932e-07
1.9521231963126232e-07 3.960552783873932e-07
4.260990735333053e-07 3.9551815569527727e-07
4.260990735333053e-07 3.9551815569527727e-07
4.260990735333053e-07 3.9551815569527727e-07
4.260990735333053e-07 3.9551815569527727e-07
4.260990735333053e-07 3.9551815569527727e-07
4.260990735333053e-07 3.9551815569527727e-07
4.260990735333053e-07 3.9551815569527727e-07
4.260990735333053e-07 3.9551815569527727e-07
4.260990735333053e-07 3.9551815569527727e-07
4.260990735333053e-07 3.9551815569527727e-07
4.260990735333053e-07 3.9551815569527727e-07
4.260990735333053e-07 3.9551815569527727e-07
4.260990735333053e-07 3.9551815569527727e-07
4.260990735333053e-07 3.9551815569527727e-07
4.260990735333053e-07 3.9551815569527727e-07
4.2625858922599794e-07 3.95518167476754e-07
4.2154304790484955e-07 3.9551817121568526e-07
4.246421538274851e-07 3.955181474054734e-07
2.309719985945551e-06 3.9580437228768623e-07
4.323979841739339e-07 3.9551815421210717e-07
4.514412988356157e-07 3.9551812655840585e-07
3.947053229884286e-07 3.955181487494666e-07
5.839991659572226e-07 3.9329531129061694e-07
4.1373659194757255e-07 3.9551815084685046e-07
4.1373659194757255e-07 3.9551815084685046e-07
4.1373659194757255e-07 3.9551815084685046e-07
4.2919112245682344e-07 3.9551814881299635e-07
5.460005615401992e-07 3.9555976305920746e-07
4.275331831686276e-07 3.9551813394904937e-07
4.0848387094218267e-07 3.9551681998791553e-07
3.9630860964765406e-07 3.9551681998791553e-07
5.142750118352381e-07 3.9551688267543884e-07
4.402022493266792e-07 3.955181339877137e-07
4.714086259270374e-07 3.9551819208502e-07
4.711900705089525e-07 3.9551815161521914e-07
4.7113760068630744e-07 3.955181422580254e-07
4.3794774477913986e-07 3.9551816341255115e-07
1.316461561955314e-06 3.9599527910268064e-07
3.947053229884286e-07 3.955181487494666e-07
4.275331831686276e-07 3.9551813394904937e-07
4.127047908219467e-07 3.955181492597078e-07
4.3454298635192774e-07 3.9551814560645556e-07
4.2481651585476834e-07 3.9551813728245955e-07
9.001404467411522e-07 3.955952838712638e-07
4.338891441175008e-07 3.955952838712638e-07
3.947053229884286e-07 3.955181487494666e-07
3.901164389988679e-07 3.9551809803304664e-07
4.127047908219467e-07 3.955181492597078e-07
2.5567207580489434e-06 3.9428101382517984e-07
3.793695369407155e-06 3.955952838712638e-07
4.275331831686276e-07 3.9551813394904937e-07
4.85344537384431e-07 3.9550043964113403e-07
4.85344537384431e-07 3.9550043964113403e-07
4.2919112245682344e-07 3.9551814881299635e-07
4.3169961017261446e-07 3.9551822878372233e-07
4.275331831686276e-07 3.9551813394904937e-07