0.18533379685281443 0.14285733867176204
0.18533379685281443 0.14285733867176204
0.18533379685281443 0.14285733867176204
0.18533379685281443 0.14285733867176204
0.18533379685281443 0.14285733867176204
0.18533379685281443 0.14285733867176204
0.18533379685281443 0.14285733867176204
0.18533379685281443 0.14285733867176204
0.18533379685281443 0.14285733867176204
0.18533379685281443 0.14285733867176204
0.18533379685281443 0.14285733867176204
0.18533379685281443 0.14285733867176204
0.2527459621207866 0.14285714285714285
0.2527459621207866 0.14285714285714285
0.2527459621207866 0.14285714285714285
0.2527459621207866 0.14285714285714285
0.2527459621207866 0.14285714285714285
0.2527459621207866 0.14285714285714285
0.2527459621207866 0.14285714285714285
0.2527459621207866 0.14285714285714285
0.2527459621207866 0.14285714285714285
0.2527459621207866 0.14285714285714285
0.2527459621207866 0.14285714285714285
0.2527459621207866 0.14285714285714285
0.2527459621207866 0.14285714285714285
0.2527459621207866 0.14285714285714285
0.2527459621207866 0.14285714285714285
0.2527459621207866 0.14285714285714285
0.2527459621207866 0.14285714285714285
0.2527459621207866 0.14285714285714285
0.2527459621207866 0.14285714285714285
0.2527459621207866 0.14285714285714285
0.2527459621207866 0.14285714285714285
0.2527459621207866 0.14285714285714285
0.2527459621207866 0.14285714285714285
0.2527459621207866 0.14285714285714285
0.2527459621207866 0.14285714285714285
0.2527459621207866 0.14285714285714285
0.2527459621207866 0.14285714285714285
0.2527459621207866 0.14285714285714285
0.2527459621207866 0.14285714285714285
0.2527459621207866 0.14285714285714285
0.2527459621207866 0.14285714285714285
0.2527459621207866 0.14285714285714285
0.2527459621207866 0.14285714285714285
0.2527459621207866 0.14285714285714285
0.2527459621207866 0.14285714285714285
0.2527459621207866 0.14285714285714285
0.2527459621207866 0.14285714285714285
0.2527459621207866 0.14285714285714285
0.2527459621207866 0.14285714285714285
0.2527459621207866 0.14285714285714285
0.2527459621207866 0.14285714285714285
0.2527459621207866 0.14285714285714285
0.2527459621207866 0.14285714285714285
0.2527459621207866 0.14285714285714285
0.2527459621207866 0.14285714285714285
0.2527459621207866 0.14285714285714285
0.2527459621207866 0.14285714285714285
0.2527459621207866 0.14285714285714285
0.2527459621207866 0.14285714285714285
0.2527459621207866 0.14285714285714285
0.2527459621207866 0.14285714285714285
0.2527459621207866 0.14285714285714285
0.2527459621207866 0.14285714285714285
0.2527459621207866 0.14285714285714285
0.2527459621207866 0.14285714285714285
0.2527459621207866 0.14285714285714285
0.2527459621207866 0.14285714285714285
0.2527459621207866 0.14285714285714285
0.2527459621207866 0.14285714285714285
0.2527459621207866 0.14285714285714285
0.2527459621207866 0.14285714285714285
0.2527459621207866 0.14285714285714285
0.2527459621207866 0.14285714285714285
0.2527459621207866 0.14285714285714285
0.2527459621207866 0.14285714285714285
0.2527459621207866 0.14285714285714285
0.2527459621207866 0.14285714285714285
0.2527459621207866 0.14285714285714285
0.2527459621207866 0.14285714285714285
0.2527459621207866 0.14285714285714285
0.2527459621207866 0.14285714285714285
0.2527459621207866 0.14285714285714285
0.2527459621207866 0.14285714285714285
0.2527459621207866 0.14285714285714285
0.2527459621207866 0.14285714285714285
0.2527459621207866 0.14285714285714285
0.2527459621207866 0.14285714285714285
0.2527459621207866 0.14285714285714285
0.2527459621207866 0.14285714285714285
0.2527459621207866 0.14285714285714285
0.2527459621207866 0.14285714285714285
0.2527459621207866 0.14285714285714285
0.2527459621207866 0.14285714285714285
0.2527459621207866 0.14285714285714285
0.2527459621207866 0.14285714285714285
0.2527459621207866 0.14285714285714285
0.2527459621207866 0.14285714285714285
0.2527459621207866 0.14285714285714285
0.2527459621207866 0.14285714285714285
0.2527459621207866 0.14285714285714285
0.2527459621207866 0.14285714285714285
0.2527459621207866 0.14285714285714285
0.2527459621207866 0.14285714285714285
0.2527459621207866 0.14285714285714285
0.2527459621207866 0.14285714285714285
0.2527459621207866 0.14285714285714285
0.21352327923231845 0.14285742104965932
0.21352327923231845 0.14285742104965932
0.21352327923231845 0.14285742104965932
0.21352327923231845 0.14285742104965932
0.21352327923231845 0.14285742104965932
0.21352327923231845 0.14285742104965932
0.21352327923231845 0.14285742104965932
0.21352327923231845 0.14285742104965932
0.21352327923231845 0.14285742104965932
0.21352327923231845 0.14285742104965932
0.21352327923231845 0.14285742104965932
0.21352327923231845 0.14285742104965932
0.21352327923231845 0.14285742104965932
0.21352327923231845 0.14285742104965932
0.21352327923231845 0.14285742104965932
0.21352327923231845 0.14285742104965932
0.21352327923231845 0.14285742104965932
0.21352327923231845 0.14285742104965932
0.21352327923231845 0.14285742104965932
0.21352327923231845 0.14285742104965932
0.21352327923231845 0.14285742104965932
0.21352327923231845 0.14285742104965932
0.21352327923231845 0.14285742104965932
0.21352327923231845 0.14285742104965932
0.21352327923231845 0.14285742104965932
0.21352327923231845 0.14285742104965932
0.21352327923231845 0.14285742104965932
0.21352327923231845 0.14285742104965932
0.21352327923231845 0.14285742104965932
0.21352327923231845 0.14285742104965932
0.21352327923231845 0.14285742104965932
0.21352327923231845 0.14285742104965932
0.21352327923231845 0.14285742104965932
0.21352327923231845 0.14285742104965932
0.21352327923231845 0.14285742104965932
0.21352327923231845 0.14285742104965932
0.21352327923231845 0.14285742104965932
0.21352327923231845 0.14285742104965932
0.21352327923231845 0.14285742104965932
0.21352327923231845 0.14285742104965932
0.21352327923231845 0.14285742104965932
0.21352327923231845 0.14285742104965932
0.21352327923231845 0.14285742104965932
0.21352327923231845 0.14285742104965932
0.21352327923231845 0.14285742104965932
0.21352327923231845 0.14285742104965932
0.21352327923231845 0.14285742104965932
0.21352327923231845 0.14285742104965932
0.21352327923231845 0.14285742104965932
0.21352327923231845 0.14285742104965932
0.21352327923231845 0.14285742104965932
0.21352327923231845 0.14285742104965932
0.21352327923231845 0.14285742104965932
0.21352327923231845 0.14285742104965932
0.21352327923231845 0.14285742104965932
0.21352327923231845 0.14285742104965932
0.21352327923231845 0.14285742104965932
0.21352327923231845 0.14285742104965932
0.21352327923231845 0.14285742104965932
0.21352327923231845 0.14285742104965932
0.21352327923231845 0.14285742104965932
0.21352327923231845 0.14285742104965932
0.21352327923231845 0.14285742104965932
0.21352327923231845 0.14285742104965932
0.21352327923231845 0.14285742104965932
0.21352327923231845 0.14285742104965932
0.21352327923231845 0.14285742104965932
0.21352327923231845 0.14285742104965932
0.21352327923231845 0.14285742104965932
0.21352327923231845 0.14285742104965932
0.21352327923231845 0.14285742104965932
0.21352327923231845 0.14285742104965932
0.21352327923231845 0.14285742104965932
0.21352327923231845 0.14285742104965932
0.21352327923231845 0.14285742104965932
0.21352327923231845 0.14285742104965932
0.21352327923231845 0.14285742104965932
0.21352327923231845 0.14285742104965932
0.21352327923231845 0.14285742104965932
0.21352327923231845 0.14285742104965932
0.21352327923231845 0.14285742104965932
0.21352327923231845 0.14285742104965932
0.21352327923231845 0.14285742104965932
0.21352327923231845 0.14285742104965932
0.21352327923231845 0.14285742104965932
0.21352327923231845 0.14285742104965932
0.21352327923231845 0.14285742104965932
0.21352327923231845 0.14285742104965932
0.21352327923231845 0.14285742104965932
0.21352327923231845 0.14285742104965932
0.21352327923231845 0.14285742104965932
0.21352327923231845 0.14285742104965932
0.21352327923231845 0.14285742104965932
0.21352327923231845 0.14285742104965932
0.21352327923231845 0.14285742104965932
0.21352327923231845 0.14285742104965932
0.21352327923231845 0.14285742104965932
0.21352327923231845 0.14285742104965932
0.21352327923231845 0.14285742104965932
0.21352327923231845 0.14285742104965932
0.21352327923231845 0.14285742104965932
0.21352327923231845 0.14285742104965932
0.21352327923231845 0.14285742104965932
0.21352327923231845 0.14285742104965932
0.21352327923231845 0.14285742104965932
0.21352327923231845 0.14285742104965932
0.21352327923231845 0.14285742104965932
0.21352327923231845 0.14285742104965932
0.21352327923231845 0.14285742104965932
0.21352327923231845 0.14285742104965932
0.21352327923231845 0.14285742104965932
0.21352327923231845 0.14285742104965932
0.21352327923231845 0.14285742104965932
0.21352327923231845 0.14285742104965932
0.21352327923231845 0.14285742104965932
0.21352327923231845 0.14285742104965932
0.21352327923231845 0.14285742104965932
0.21352327923231845 0.14285742104965932
0.21352327923231845 0.14285742104965932
0.21352327923231845 0.14285742104965932
0.19169746465473472 0.14285738776433854
0.19169746465473472 0.14285738776433854
0.19169746465473472 0.14285738776433854
0.19169746465473472 0.14285738776433854
0.19169746465473472 0.14285738776433854
0.19169746465473472 0.14285738776433854
0.19169746465473472 0.14285738776433854
0.19169746465473472 0.14285738776433854
0.19169746465473472 0.14285738776433854
0.19169746465473472 0.14285738776433854
0.19169746465473472 0.14285738776433854
0.19169746465473472 0.14285738776433854
0.19169746465473472 0.14285738776433854
0.19169746465473472 0.14285738776433854
0.19169746465473472 0.14285738776433854
0.19169746465473472 0.14285738776433854
0.19169746465473472 0.14285738776433854
0.19169746465473472 0.14285738776433854
0.19169746465473472 0.14285738776433854
0.19169746465473472 0.14285738776433854
0.19169746465473472 0.14285738776433854
0.19169746465473472 0.14285738776433854
0.19169746465473472 0.14285738776433854
0.19169746465473472 0.14285738776433854
0.19169746465473472 0.14285738776433854
0.19169746465473472 0.14285738776433854
0.19169746465473472 0.14285738776433854
0.19169746465473472 0.14285738776433854
0.19169746465473472 0.14285738776433854
0.19169746465473472 0.14285738776433854
0.19169746465473472 0.14285738776433854
0.19169746465473472 0.14285738776433854
0.19169746465473472 0.14285738776433854
0.19169746465473472 0.14285738776433854
0.19169746465473472 0.14285738776433854
0.19169746465473472 0.14285738776433854
0.19169746465473472 0.14285738776433854
0.19169746465473472 0.14285738776433854
0.19169746465473472 0.14285738776433854
0.19169746465473472 0.14285738776433854
0.19169746465473472 0.14285738776433854
0.19169746465473472 0.14285738776433854
0.19169746465473472 0.14285738776433854
0.19169746465473472 0.14285738776433854
0.19169746465473472 0.14285738776433854
0.19169746465473472 0.14285738776433854
0.19169746465473472 0.14285738776433854
0.19169746465473472 0.14285738776433854
0.19169746465473472 0.14285738776433854
0.19169746465473472 0.14285738776433854
0.19169746465473472 0.14285738776433854
0.19169746465473472 0.14285738776433854
0.19169746465473472 0.14285738776433854
0.19169746465473472 0.14285738776433854
0.19169746465473472 0.14285738776433854
0.19169746465473472 0.14285738776433854
0.19169746465473472 0.14285738776433854
0.19169746465473472 0.14285738776433854
0.19169746465473472 0.14285738776433854
0.19169746465473472 0.14285738776433854
0.19169746465473472 0.14285738776433854
0.19169746465473472 0.14285738776433854
0.19169746465473472 0.14285738776433854
0.19169746465473472 0.14285738776433854
0.19169746465473472 0.14285738776433854
0.19169746465473472 0.14285738776433854
0.19169746465473472 0.14285738776433854
0.19169746465473472 0.14285738776433854
0.19169746465473472 0.14285738776433854
0.19169746465473472 0.14285738776433854
0.19169746465473472 0.14285738776433854
0.19169746465473472 0.14285738776433854
0.19169746465473472 0.14285738776433854
0.19169746465473472 0.14285738776433854
0.19169746465473472 0.14285738776433854
0.19169746465473472 0.14285738776433854
0.19169746465473472 0.14285738776433854
0.19169746465473472 0.14285738776433854
0.19169746465473472 0.14285738776433854
0.19169746465473472 0.14285738776433854
0.19169746465473472 0.14285738776433854
0.19169746465473472 0.14285738776433854
0.19169746465473472 0.14285738776433854
0.19169746465473472 0.14285738776433854
0.9771689497716894 0.15
0.9771689497716894 0.15
0.9771689497716894 0.15
0.9771689497716894 0.15
0.9771689497716894 0.15
0.9771689497716894 0.15
0.9771689497716894 0.15
0.9771689497716894 0.15
0.9771689497716894 0.15
0.9771689497716894 0.15
0.9771689497716894 0.15
0.9771689497716894 0.15
0.9771689497716894 0.15
0.9771689497716894 0.15
0.9771689497716894 0.15
0.9771689497716894 0.15
0.9771689497716894 0.15
0.9771689497716894 0.15
0.9771689497716894 0.15
0.9771689497716894 0.15
0.9771689497716894 0.15
0.9771689497716894 0.15
0.9771689497716894 0.15
0.9771689497716894 0.15
0.19835274888106944 0.14285724544895048
0.19835274888106944 0.14285724544895048
0.19835274888106944 0.14285724544895048
0.19835274888106944 0.14285724544895048
0.19835274888106944 0.14285724544895048
0.19835274888106944 0.14285724544895048
0.19835274888106944 0.14285724544895048
0.19835274888106944 0.14285724544895048
0.19835274888106944 0.14285724544895048
0.19835274888106944 0.14285724544895048
0.19835274888106944 0.14285724544895048
0.19835274888106944 0.14285724544895048
0.19835274888106944 0.14285724544895048
0.19835274888106944 0.14285724544895048
0.19835274888106944 0.14285724544895048
0.19835274888106944 0.14285724544895048
0.19835274888106944 0.14285724544895048
0.19835274888106944 0.14285724544895048
0.19835274888106944 0.14285724544895048
0.19835274888106944 0.14285724544895048
0.19835274888106944 0.14285724544895048
0.19835274888106944 0.14285724544895048
0.19835274888106944 0.14285724544895048
0.19835274888106944 0.14285724544895048
0.19835274888106944 0.14285724544895048
0.19835274888106944 0.14285724544895048
0.19835274888106944 0.14285724544895048
0.19835274888106944 0.14285724544895048
0.19835274888106944 0.14285724544895048
0.19835274888106944 0.14285724544895048
0.19835274888106944 0.14285724544895048
0.19835274888106944 0.14285724544895048
0.19835274888106944 0.14285724544895048
0.19835274888106944 0.14285724544895048
0.19835274888106944 0.14285724544895048
0.19835274888106944 0.14285724544895048
0.19835274888106944 0.14285724544895048
0.19835274888106944 0.14285724544895048
0.19835274888106944 0.14285724544895048
0.19835274888106944 0.14285724544895048
0.19835274888106944 0.14285724544895048
0.19835274888106944 0.14285724544895048
0.19835274888106944 0.14285724544895048
0.19835274888106944 0.14285724544895048
0.19835274888106944 0.14285724544895048
0.19835274888106944 0.14285724544895048
0.19835274888106944 0.14285724544895048
0.19835274888106944 0.14285724544895048
0.19835274888106944 0.14285724544895048
0.19835274888106944 0.14285724544895048
0.19835274888106944 0.14285724544895048
0.19835274888106944 0.14285724544895048
0.19835274888106944 0.14285724544895048
0.19835274888106944 0.14285724544895048
0.19835274888106944 0.14285724544895048
0.19835274888106944 0.14285724544895048
0.19835274888106944 0.14285724544895048
0.19835274888106944 0.14285724544895048
0.19835274888106944 0.14285724544895048
0.19835274888106944 0.14285724544895048
0.19835274888106944 0.14285724544895048
0.19835274888106944 0.14285724544895048
0.19835274888106944 0.14285724544895048
0.19835274888106944 0.14285724544895048
0.19835274888106944 0.14285724544895048
0.19835274888106944 0.14285724544895048
0.19835274888106944 0.14285724544895048
0.19835274888106944 0.14285724544895048
0.19835274888106944 0.14285724544895048
0.19835274888106944 0.14285724544895048
0.19835274888106944 0.14285724544895048
0.19835274888106944 0.14285724544895048
0.19835274888106944 0.14285724544895048
0.19835274888106944 0.14285724544895048
0.19835274888106944 0.14285724544895048
0.19835274888106944 0.14285724544895048
0.19835274888106944 0.14285724544895048
0.19835274888106944 0.14285724544895048
0.19835274888106944 0.14285724544895048
0.19835274888106944 0.14285724544895048
0.19835274888106944 0.14285724544895048
0.19835274888106944 0.14285724544895048
0.19835274888106944 0.14285724544895048
0.19835274888106944 0.14285724544895048
0.19835274888106944 0.14285724544895048
0.19835274888106944 0.14285724544895048
0.19835274888106944 0.14285724544895048
0.19835274888106944 0.14285724544895048
0.19835274888106944 0.14285724544895048
0.19835274888106944 0.14285724544895048
0.19835274888106944 0.14285724544895048
0.19835274888106944 0.14285724544895048
0.19835274888106944 0.14285724544895048
0.19835274888106944 0.14285724544895048
0.19835274888106944 0.14285724544895048
0.19835274888106944 0.14285724544895048
0.19835274888106944 0.14285724544895048
0.19835274888106944 0.14285724544895048
0.19835274888106944 0.14285724544895048
0.19835274888106944 0.14285724544895048
0.19835274888106944 0.14285724544895048
0.19835274888106944 0.14285724544895048
0.19835274888106944 0.14285724544895048
0.19835274888106944 0.14285724544895048
0.19835274888106944 0.14285724544895048
0.19835274888106944 0.14285724544895048
0.19835274888106944 0.14285724544895048
0.19835274888106944 0.14285724544895048
0.19835274888106944 0.14285724544895048
0.19835274888106944 0.14285724544895048
0.19835274888106944 0.14285724544895048
0.19835274888106944 0.14285724544895048
0.19835274888106944 0.14285724544895048
0.19835274888106944 0.14285724544895048
0.19835274888106944 0.14285724544895048
0.19835274888106944 0.14285724544895048
0.19835274888106944 0.14285724544895048
0.19835274888106944 0.14285724544895048
0.19835274888106944 0.14285724544895048
0.19835274888106944 0.14285724544895048
0.19835274888106944 0.14285724544895048
0.19835274888106944 0.14285724544895048
0.19835274888106944 0.14285724544895048
0.19835274888106944 0.14285724544895048
0.19835274888106944 0.14285724544895048
0.19835274888106944 0.14285724544895048
0.19835274888106944 0.14285724544895048
0.19835274888106944 0.14285724544895048
0.19835274888106944 0.14285724544895048
0.19835274888106944 0.14285724544895048
0.19835274888106944 0.14285724544895048
0.19835274888106944 0.14285724544895048
0.19835274888106944 0.14285724544895048
0.19835274888106944 0.14285724544895048
0.19835274888106944 0.14285724544895048
0.19835274888106944 0.14285724544895048
0.19835274888106944 0.14285724544895048
0.19835274888106944 0.14285724544895048
0.19835274888106944 0.14285724544895048
0.19835274888106944 0.14285724544895048
0.19835274888106944 0.14285724544895048
0.19835274888106944 0.14285724544895048
0.19835274888106944 0.14285724544895048
0.19835274888106944 0.14285724544895048
0.19835274888106944 0.14285724544895048
0.19835274888106944 0.14285724544895048
0.19835274888106944 0.14285724544895048
0.19835274888106944 0.14285724544895048
0.19835274888106944 0.14285724544895048
0.19835274888106944 0.14285724544895048
0.19835274888106944 0.14285724544895048
0.19835274888106944 0.14285724544895048
0.19835274888106944 0.14285724544895048
0.19835274888106944 0.14285724544895048
0.19835274888106944 0.14285724544895048
0.19835274888106944 0.14285724544895048
0.19835274888106944 0.14285724544895048
0.19835274888106944 0.14285724544895048
0.19835274888106944 0.14285724544895048
0.19835274888106944 0.14285724544895048
0.19835274888106944 0.14285724544895048
0.19835274888106944 0.14285724544895048
0.19835274888106944 0.14285724544895048
0.19835274888106944 0.14285724544895048
0.19835274888106944 0.14285724544895048
0.19835274888106944 0.14285724544895048
0.19835274888106944 0.14285724544895048
0.19835274888106944 0.14285724544895048
0.19835274888106944 0.14285724544895048
0.19835274888106944 0.14285724544895048
0.19835274888106944 0.14285724544895048
0.19835274888106944 0.14285724544895048
0.19835274888106944 0.14285724544895048
0.19835274888106944 0.14285724544895048
0.19835274888106944 0.14285724544895048
0.19835274888106944 0.14285724544895048
0.19835274888106944 0.14285724544895048
0.19835274888106944 0.14285724544895048
0.19835274888106944 0.14285724544895048
0.19835274888106944 0.14285724544895048
0.2277489373460401 0.1428584145107546
0.2277489373460401 0.1428584145107546
0.2277489373460401 0.1428584145107546
0.2277489373460401 0.1428584145107546
0.2277489373460401 0.1428584145107546
0.2277489373460401 0.1428584145107546
0.2277489373460401 0.1428584145107546
0.2277489373460401 0.1428584145107546
0.2277489373460401 0.1428584145107546
0.2277489373460401 0.1428584145107546
0.2277489373460401 0.1428584145107546
0.2277489373460401 0.1428584145107546
0.2880694143167028 0.14286077138974612
0.2880694143167028 0.14286077138974612
0.2880694143167028 0.14286077138974612
0.2880694143167028 0.14286077138974612
0.2880694143167028 0.14286077138974612
0.2880694143167028 0.14286077138974612
0.2880694143167028 0.14286077138974612
0.2880694143167028 0.14286077138974612
0.2880694143167028 0.14286077138974612
0.2880694143167028 0.14286077138974612
0.2880694143167028 0.14286077138974612
0.2880694143167028 0.14286077138974612
0.18486986025300897 0.14285705107984709
0.18486986025300897 0.14285705107984709
0.18486986025300897 0.14285705107984709
0.18486986025300897 0.14285705107984709
0.18486986025300897 0.14285705107984709
0.18486986025300897 0.14285705107984709
0.18486986025300897 0.14285705107984709
0.18486986025300897 0.14285705107984709
0.18486986025300897 0.14285705107984709
0.18486986025300897 0.14285705107984709
0.18486986025300897 0.14285705107984709
0.18486986025300897 0.14285705107984709
0.14285714285714285 0.13636363636363635
0.14285714285714285 0.13636363636363635
0.14285714285714285 0.13636363636363635
0.14285714285714285 0.13636363636363635
0.14285714285714285 0.13636363636363635
0.14285714285714285 0.13636363636363635
0.14285714285714285 0.13636363636363635
0.14285714285714285 0.13636363636363635
0.14285714285714285 0.13636363636363635
0.14285714285714285 0.13636363636363635
0.14285714285714285 0.13636363636363635
0.14285714285714285 0.13636363636363635
0.20914027410712996 0.14285714285714285
0.20914027410712996 0.14285714285714285
0.20914027410712996 0.14285714285714285
0.20914027410712996 0.14285714285714285
0.20914027410712996 0.14285714285714285
0.20914027410712996 0.14285714285714285
0.20914027410712996 0.14285714285714285
0.20914027410712996 0.14285714285714285
0.20914027410712996 0.14285714285714285
0.20914027410712996 0.14285714285714285
0.20914027410712996 0.14285714285714285
0.20914027410712996 0.14285714285714285
0.19728562375079217 0.14285632818633368
0.19728562375079217 0.14285632818633368
0.19728562375079217 0.14285632818633368
0.19728562375079217 0.14285632818633368
0.19728562375079217 0.14285632818633368
0.19728562375079217 0.14285632818633368
0.19728562375079217 0.14285632818633368
0.19728562375079217 0.14285632818633368
0.19728562375079217 0.14285632818633368
0.19728562375079217 0.14285632818633368
0.19728562375079217 0.14285632818633368
0.19728562375079217 0.14285632818633368
0.24262531284970804 0.1428576194845275
0.24262531284970804 0.1428576194845275
0.24262531284970804 0.1428576194845275
0.24262531284970804 0.1428576194845275
0.24262531284970804 0.1428576194845275
0.24262531284970804 0.1428576194845275
0.24262531284970804 0.1428576194845275
0.24262531284970804 0.1428576194845275
0.24262531284970804 0.1428576194845275
0.24262531284970804 0.1428576194845275
0.24262531284970804 0.1428576194845275
0.24262531284970804 0.1428576194845275
0.1388888888888889 0.25
0.1388888888888889 0.25
0.1388888888888889 0.25
0.1388888888888889 0.25
0.1388888888888889 0.25
0.1388888888888889 0.25
0.1388888888888889 0.25
0.1388888888888889 0.25
0.1388888888888889 0.25
0.1388888888888889 0.25
0.1388888888888889 0.25
0.1388888888888889 0.25
0.21531466975273153 0.14285720532686846
0.21531466975273153 0.14285720532686846
0.21531466975273153 0.14285720532686846
0.21531466975273153 0.14285720532686846
0.21531466975273153 0.14285720532686846
0.21531466975273153 0.14285720532686846
0.21531466975273153 0.14285720532686846
0.21531466975273153 0.14285720532686846
0.21531466975273153 0.14285720532686846
0.21531466975273153 0.14285720532686846
0.21531466975273153 0.14285720532686846
0.21531466975273153 0.14285720532686846
0.21531466975273153 0.14285720532686846
0.21531466975273153 0.14285720532686846
0.21531466975273153 0.14285720532686846
0.21531466975273153 0.14285720532686846
0.21531466975273153 0.14285720532686846
0.21531466975273153 0.14285720532686846
0.21531466975273153 0.14285720532686846
0.21531466975273153 0.14285720532686846
0.21531466975273153 0.14285720532686846
0.21531466975273153 0.14285720532686846
0.21531466975273153 0.14285720532686846
0.21531466975273153 0.14285720532686846
0.21531466975273153 0.14285720532686846
0.21531466975273153 0.14285720532686846
0.21531466975273153 0.14285720532686846
0.21531466975273153 0.14285720532686846
0.21531466975273153 0.14285720532686846
0.21531466975273153 0.14285720532686846
0.21531466975273153 0.14285720532686846
0.21531466975273153 0.14285720532686846
0.21531466975273153 0.14285720532686846
0.21531466975273153 0.14285720532686846
0.21531466975273153 0.14285720532686846
0.21531466975273153 0.14285720532686846
0.16025882564033553 0.14285651575576533
0.16025882564033553 0.14285651575576533
0.16025882564033553 0.14285651575576533
0.16025882564033553 0.14285651575576533
0.16025882564033553 0.14285651575576533
0.16025882564033553 0.14285651575576533
0.16025882564033553 0.14285651575576533
0.16025882564033553 0.14285651575576533
0.16025882564033553 0.14285651575576533
0.16025882564033553 0.14285651575576533
0.16025882564033553 0.14285651575576533
0.16025882564033553 0.14285651575576533
0.35646687697160884 0.14285714285714285
0.35646687697160884 0.14285714285714285
0.35646687697160884 0.14285714285714285
0.35646687697160884 0.14285714285714285
0.35646687697160884 0.14285714285714285
0.35646687697160884 0.14285714285714285
0.35646687697160884 0.14285714285714285
0.35646687697160884 0.14285714285714285
0.35646687697160884 0.14285714285714285
0.35646687697160884 0.14285714285714285
0.35646687697160884 0.14285714285714285
0.35646687697160884 0.14285714285714285
0.17560701956271577 0.14285741398862198
0.17560701956271577 0.14285741398862198
0.17560701956271577 0.14285741398862198
0.17560701956271577 0.14285741398862198
0.17560701956271577 0.14285741398862198
0.17560701956271577 0.14285741398862198
0.17560701956271577 0.14285741398862198
0.17560701956271577 0.14285741398862198
0.17560701956271577 0.14285741398862198
0.17560701956271577 0.14285741398862198
0.17560701956271577 0.14285741398862198
0.17560701956271577 0.14285741398862198
0.17808836789900812 0.14285714285714285
0.17808836789900812 0.14285714285714285
0.17808836789900812 0.14285714285714285
0.17808836789900812 0.14285714285714285
0.17808836789900812 0.14285714285714285
0.17808836789900812 0.14285714285714285
0.17808836789900812 0.14285714285714285
0.17808836789900812 0.14285714285714285
0.17808836789900812 0.14285714285714285
0.17808836789900812 0.14285714285714285
0.17808836789900812 0.14285714285714285
0.17808836789900812 0.14285714285714285
0.30272108843537415 0.14285714285714285
0.30272108843537415 0.14285714285714285
0.30272108843537415 0.14285714285714285
0.30272108843537415 0.14285714285714285
0.30272108843537415 0.14285714285714285
0.30272108843537415 0.14285714285714285
0.30272108843537415 0.14285714285714285
0.30272108843537415 0.14285714285714285
0.30272108843537415 0.14285714285714285
0.30272108843537415 0.14285714285714285
0.30272108843537415 0.14285714285714285
0.30272108843537415 0.14285714285714285
0.23076923076923078 0.14274300932090547
0.23076923076923078 0.14274300932090547
0.23076923076923078 0.14274300932090547
0.23076923076923078 0.14274300932090547
0.23076923076923078 0.14274300932090547
0.23076923076923078 0.14274300932090547
0.23076923076923078 0.14274300932090547
0.23076923076923078 0.14274300932090547
0.23076923076923078 0.14274300932090547
0.23076923076923078 0.14274300932090547
0.23076923076923078 0.14274300932090547
0.23076923076923078 0.14274300932090547
0.18533379685281443 0.14285733867176204
0.18533379685281443 0.14285733867176204
0.18533379685281443 0.14285733867176204
0.18533379685281443 0.14285733867176204
0.18533379685281443 0.14285733867176204
0.18533379685281443 0.14285733867176204
0.18533379685281443 0.14285733867176204
0.18533379685281443 0.14285733867176204
0.18533379685281443 0.14285733867176204
0.18533379685281443 0.14285733867176204
0.18533379685281443 0.14285733867176204
0.18533379685281443 0.14285733867176204
1.4653088138325152e-05 0.1428508423745259
1.4653088138325152e-05 0.1428508423745259
1.4653088138325152e-05 0.1428508423745259
1.4653088138325152e-05 0.1428508423745259
1.4653088138325152e-05 0.1428508423745259
1.4653088138325152e-05 0.1428508423745259
1.4653088138325152e-05 0.1428508423745259
1.4653088138325152e-05 0.1428508423745259
1.4653088138325152e-05 0.1428508423745259
1.4653088138325152e-05 0.1428508423745259
1.4653088138325152e-05 0.1428508423745259
1.4653088138325152e-05 0.1428508423745259
1.056071035562136e-06 0.14285668646690364
1.056071035562136e-06 0.14285668646690364
1.056071035562136e-06 0.14285668646690364
1.056071035562136e-06 0.14285668646690364
1.056071035562136e-06 0.14285668646690364
1.056071035562136e-06 0.14285668646690364
1.056071035562136e-06 0.14285668646690364
1.056071035562136e-06 0.14285668646690364
1.056071035562136e-06 0.14285668646690364
1.056071035562136e-06 0.14285668646690364
1.056071035562136e-06 0.14285668646690364
1.056071035562136e-06 0.14285668646690364
1.4439265561196496e-06 0.14285735071163141
1.4439265561196496e-06 0.14285735071163141
1.4439265561196496e-06 0.14285735071163141
1.4439265561196496e-06 0.14285735071163141
1.4439265561196496e-06 0.14285735071163141
1.4439265561196496e-06 0.14285735071163141
1.4439265561196496e-06 0.14285735071163141
1.4439265561196496e-06 0.14285735071163141
1.4439265561196496e-06 0.14285735071163141
1.4439265561196496e-06 0.14285735071163141
1.4439265561196496e-06 0.14285735071163141
1.4439265561196496e-06 0.14285735071163141
0.2319538348578946 0.14285696296576128
0.2319538348578946 0.14285696296576128
0.2319538348578946 0.14285696296576128
0.2319538348578946 0.14285696296576128
0.2319538348578946 0.14285696296576128
0.2319538348578946 0.14285696296576128
0.2319538348578946 0.14285696296576128
0.2319538348578946 0.14285696296576128
0.2319538348578946 0.14285696296576128
0.2319538348578946 0.14285696296576128
0.2319538348578946 0.14285696296576128
0.2319538348578946 0.14285696296576128
0.14285714285714285 0.13043478260869565
0.14285714285714285 0.13043478260869565
0.14285714285714285 0.13043478260869565
0.14285714285714285 0.13043478260869565
0.14285714285714285 0.13043478260869565
0.14285714285714285 0.13043478260869565
0.14285714285714285 0.13043478260869565
0.14285714285714285 0.13043478260869565
0.14285714285714285 0.13043478260869565
0.14285714285714285 0.13043478260869565
0.14285714285714285 0.13043478260869565
0.14285714285714285 0.13043478260869565
0.24262531284970804 0.1428576194845275
0.24262531284970804 0.1428576194845275
0.24262531284970804 0.1428576194845275
0.24262531284970804 0.1428576194845275
0.24262531284970804 0.1428576194845275
0.24262531284970804 0.1428576194845275
0.24262531284970804 0.1428576194845275
0.24262531284970804 0.1428576194845275
0.24262531284970804 0.1428576194845275
0.24262531284970804 0.1428576194845275
0.24262531284970804 0.1428576194845275
0.24262531284970804 0.1428576194845275
0.17560701956271577 0.14285741398862198
0.17560701956271577 0.14285741398862198
0.17560701956271577 0.14285741398862198
0.17560701956271577 0.14285741398862198
0.17560701956271577 0.14285741398862198
0.17560701956271577 0.14285741398862198
0.17560701956271577 0.14285741398862198
0.17560701956271577 0.14285741398862198
0.17560701956271577 0.14285741398862198
0.17560701956271577 0.14285741398862198
0.17560701956271577 0.14285741398862198
0.17560701956271577 0.14285741398862198
0.20835596052975003 0.1428569171633998
0.20835596052975003 0.1428569171633998
0.20835596052975003 0.1428569171633998
0.20835596052975003 0.1428569171633998
0.20835596052975003 0.1428569171633998
0.20835596052975003 0.1428569171633998
0.20835596052975003 0.1428569171633998
0.20835596052975003 0.1428569171633998
0.20835596052975003 0.1428569171633998
0.20835596052975003 0.1428569171633998
0.20835596052975003 0.1428569171633998
0.20835596052975003 0.1428569171633998
0.2421000959120328 0.14285778569082228
0.2421000959120328 0.14285778569082228
0.2421000959120328 0.14285778569082228
0.2421000959120328 0.14285778569082228
0.2421000959120328 0.14285778569082228
0.2421000959120328 0.14285778569082228
0.2421000959120328 0.14285778569082228
0.2421000959120328 0.14285778569082228
0.2421000959120328 0.14285778569082228
0.2421000959120328 0.14285778569082228
0.2421000959120328 0.14285778569082228
0.2421000959120328 0.14285778569082228
0.24782467672474404 0.14285714285714285
0.24782467672474404 0.14285714285714285
0.24782467672474404 0.14285714285714285
0.24782467672474404 0.14285714285714285
0.24782467672474404 0.14285714285714285
0.24782467672474404 0.14285714285714285
0.24782467672474404 0.14285714285714285
0.24782467672474404 0.14285714285714285
0.24782467672474404 0.14285714285714285
0.24782467672474404 0.14285714285714285
0.24782467672474404 0.14285714285714285
0.24782467672474404 0.14285714285714285
0.25 0.1388888888888889
0.25 0.1388888888888889
0.25 0.1388888888888889
0.25 0.1388888888888889
0.25 0.1388888888888889
0.25 0.1388888888888889
0.25 0.1388888888888889
0.25 0.1388888888888889
0.25 0.1388888888888889
0.25 0.1388888888888889
0.25 0.1388888888888889
0.25 0.1388888888888889
0.3150684931506849 0.1388888888888889
0.3150684931506849 0.1388888888888889
0.3150684931506849 0.1388888888888889
0.3150684931506849 0.1388888888888889
0.3150684931506849 0.1388888888888889
0.3150684931506849 0.1388888888888889
0.3150684931506849 0.1388888888888889
0.3150684931506849 0.1388888888888889
0.3150684931506849 0.1388888888888889
0.3150684931506849 0.1388888888888889
0.3150684931506849 0.1388888888888889
0.3150684931506849 0.1388888888888889
0.24262531284970804 0.1428576194845275
0.24262531284970804 0.1428576194845275
0.24262531284970804 0.1428576194845275
0.24262531284970804 0.1428576194845275
0.24262531284970804 0.1428576194845275
0.24262531284970804 0.1428576194845275
0.24262531284970804 0.1428576194845275
0.24262531284970804 0.1428576194845275
0.24262531284970804 0.1428576194845275
0.24262531284970804 0.1428576194845275
0.24262531284970804 0.1428576194845275
0.24262531284970804 0.1428576194845275
0.15187944099778888 0.14286741616127718
0.15187944099778888 0.14286741616127718
0.15187944099778888 0.14286741616127718
0.15187944099778888 0.14286741616127718
0.15187944099778888 0.14286741616127718
0.15187944099778888 0.14286741616127718
0.15187944099778888 0.14286741616127718
0.15187944099778888 0.14286741616127718
0.15187944099778888 0.14286741616127718
0.15187944099778888 0.14286741616127718
0.15187944099778888 0.14286741616127718
0.15187944099778888 0.14286741616127718
0.20835596052975003 0.1428569171633998
0.20835596052975003 0.1428569171633998
0.20835596052975003 0.1428569171633998
0.20835596052975003 0.1428569171633998
0.20835596052975003 0.1428569171633998
0.20835596052975003 0.1428569171633998
0.20835596052975003 0.1428569171633998
0.20835596052975003 0.1428569171633998
0.20835596052975003 0.1428569171633998
0.20835596052975003 0.1428569171633998
0.20835596052975003 0.1428569171633998
0.20835596052975003 0.1428569171633998
0.3333333333333333 0.14285714285714285
0.3333333333333333 0.14285714285714285
0.3333333333333333 0.14285714285714285
0.3333333333333333 0.14285714285714285
0.3333333333333333 0.14285714285714285
0.3333333333333333 0.14285714285714285
0.3333333333333333 0.14285714285714285
0.3333333333333333 0.14285714285714285
0.3333333333333333 0.14285714285714285
0.3333333333333333 0.14285714285714285
0.3333333333333333 0.14285714285714285
0.3333333333333333 0.14285714285714285
0.5 0.3333333333333333
0.5 0.3333333333333333
0.5 0.3333333333333333
0.5 0.3333333333333333
0.5 0.3333333333333333
0.5 0.3333333333333333
0.5 0.3333333333333333
0.5 0.3333333333333333
0.5 0.3333333333333333
0.5 0.3333333333333333
0.5 0.3333333333333333
0.5 0.3333333333333333
0.17560701956271577 0.14285741398862198
0.17560701956271577 0.14285741398862198
0.17560701956271577 0.14285741398862198
0.17560701956271577 0.14285741398862198
0.17560701956271577 0.14285741398862198
0.17560701956271577 0.14285741398862198
0.17560701956271577 0.14285741398862198
0.17560701956271577 0.14285741398862198
0.17560701956271577 0.14285741398862198
0.17560701956271577 0.14285741398862198
0.17560701956271577 0.14285741398862198
0.17560701956271577 0.14285741398862198
0.16885553470919323 0.14175257731958762
0.16885553470919323 0.14175257731958762
0.16885553470919323 0.14175257731958762
0.16885553470919323 0.14175257731958762
0.16885553470919323 0.14175257731958762
0.16885553470919323 0.14175257731958762
0.16885553470919323 0.14175257731958762
0.16885553470919323 0.14175257731958762
0.16885553470919323 0.14175257731958762
0.16885553470919323 0.14175257731958762
0.16885553470919323 0.14175257731958762
0.16885553470919323 0.14175257731958762
0.16885553470919323 0.14175257731958762
0.16885553470919323 0.14175257731958762
0.16885553470919323 0.14175257731958762
0.16885553470919323 0.14175257731958762
0.16885553470919323 0.14175257731958762
0.16885553470919323 0.14175257731958762
0.16885553470919323 0.14175257731958762
0.16885553470919323 0.14175257731958762
0.16885553470919323 0.14175257731958762
0.16885553470919323 0.14175257731958762
0.16885553470919323 0.14175257731958762
0.16885553470919323 0.14175257731958762
0.16025882564033553 0.14285651575576533
0.16025882564033553 0.14285651575576533
0.16025882564033553 0.14285651575576533
0.16025882564033553 0.14285651575576533
0.16025882564033553 0.14285651575576533
0.16025882564033553 0.14285651575576533
0.16025882564033553 0.14285651575576533
0.16025882564033553 0.14285651575576533
0.16025882564033553 0.14285651575576533
0.16025882564033553 0.14285651575576533
0.16025882564033553 0.14285651575576533
0.16025882564033553 0.14285651575576533
0.14863881570693765 0.14285943504456586
0.14863881570693765 0.14285943504456586
0.14863881570693765 0.14285943504456586
0.14863881570693765 0.14285943504456586
0.14863881570693765 0.14285943504456586
0.14863881570693765 0.14285943504456586
0.14863881570693765 0.14285943504456586
0.14863881570693765 0.14285943504456586
0.14863881570693765 0.14285943504456586
0.14863881570693765 0.14285943504456586
0.14863881570693765 0.14285943504456586
0.14863881570693765 0.14285943504456586
0.17560701956271577 0.14285741398862198
0.17560701956271577 0.14285741398862198
0.17560701956271577 0.14285741398862198
0.17560701956271577 0.14285741398862198
0.17560701956271577 0.14285741398862198
0.17560701956271577 0.14285741398862198
0.17560701956271577 0.14285741398862198
0.17560701956271577 0.14285741398862198
0.17560701956271577 0.14285741398862198
0.17560701956271577 0.14285741398862198
0.17560701956271577 0.14285741398862198
0.17560701956271577 0.14285741398862198
0.4296769743905487 0.14285733867176204
0.4296769743905487 0.14285733867176204
0.4296769743905487 0.14285733867176204
0.4296769743905487 0.14285733867176204
0.4296769743905487 0.14285733867176204
0.4296769743905487 0.14285733867176204
0.4296769743905487 0.14285733867176204
0.4296769743905487 0.14285733867176204
0.4543386456828012 0.14285714285714285
0.4543386456828012 0.14285714285714285
0.4543386456828012 0.14285714285714285
0.4543386456828012 0.14285714285714285
0.4543386456828012 0.14285714285714285
0.4543386456828012 0.14285714285714285
0.4543386456828012 0.14285714285714285
0.4543386456828012 0.14285714285714285
0.4543386456828012 0.14285714285714285
0.4543386456828012 0.14285714285714285
0.4543386456828012 0.14285714285714285
0.4543386456828012 0.14285714285714285
0.4543386456828012 0.14285714285714285
0.4543386456828012 0.14285714285714285
0.4543386456828012 0.14285714285714285
0.4543386456828012 0.14285714285714285
0.4543386456828012 0.14285714285714285
0.4543386456828012 0.14285714285714285
0.4543386456828012 0.14285714285714285
0.4543386456828012 0.14285714285714285
0.4543386456828012 0.14285714285714285
0.4543386456828012 0.14285714285714285
0.4543386456828012 0.14285714285714285
0.4543386456828012 0.14285714285714285
0.4543386456828012 0.14285714285714285
0.4543386456828012 0.14285714285714285
0.4543386456828012 0.14285714285714285
0.4543386456828012 0.14285714285714285
0.4543386456828012 0.14285714285714285
0.4543386456828012 0.14285714285714285
0.4543386456828012 0.14285714285714285
0.4543386456828012 0.14285714285714285
0.4543386456828012 0.14285714285714285
0.4543386456828012 0.14285714285714285
0.4543386456828012 0.14285714285714285
0.4543386456828012 0.14285714285714285
0.4543386456828012 0.14285714285714285
0.4543386456828012 0.14285714285714285
0.4543386456828012 0.14285714285714285
0.4543386456828012 0.14285714285714285
0.4543386456828012 0.14285714285714285
0.4543386456828012 0.14285714285714285
0.4543386456828012 0.14285714285714285
0.4543386456828012 0.14285714285714285
0.4543386456828012 0.14285714285714285
0.4543386456828012 0.14285714285714285
0.4543386456828012 0.14285714285714285
0.4543386456828012 0.14285714285714285
0.4543386456828012 0.14285714285714285
0.4543386456828012 0.14285714285714285
0.4543386456828012 0.14285714285714285
0.4543386456828012 0.14285714285714285
0.4543386456828012 0.14285714285714285
0.4543386456828012 0.14285714285714285
0.4543386456828012 0.14285714285714285
0.4543386456828012 0.14285714285714285
0.4543386456828012 0.14285714285714285
0.4543386456828012 0.14285714285714285
0.4543386456828012 0.14285714285714285
0.4543386456828012 0.14285714285714285
0.4543386456828012 0.14285714285714285
0.4543386456828012 0.14285714285714285
0.4543386456828012 0.14285714285714285
0.4543386456828012 0.14285714285714285
0.4409079690400032 0.14285693421275553
0.4409079690400032 0.14285693421275553
0.4409079690400032 0.14285693421275553
0.4409079690400032 0.14285693421275553
0.4409079690400032 0.14285693421275553
0.4409079690400032 0.14285693421275553
0.4409079690400032 0.14285693421275553
0.4409079690400032 0.14285693421275553
0.4409079690400032 0.14285693421275553
0.4409079690400032 0.14285693421275553
0.4409079690400032 0.14285693421275553
0.4409079690400032 0.14285693421275553
0.4409079690400032 0.14285693421275553
0.4409079690400032 0.14285693421275553
0.4409079690400032 0.14285693421275553
0.4409079690400032 0.14285693421275553
0.4409079690400032 0.14285693421275553
0.4409079690400032 0.14285693421275553
0.4409079690400032 0.14285693421275553
0.4409079690400032 0.14285693421275553
0.4409079690400032 0.14285693421275553
0.4409079690400032 0.14285693421275553
0.4409079690400032 0.14285693421275553
0.4409079690400032 0.14285693421275553
0.4409079690400032 0.14285693421275553
0.4409079690400032 0.14285693421275553
0.4409079690400032 0.14285693421275553
0.4409079690400032 0.14285693421275553
0.4409079690400032 0.14285693421275553
0.4409079690400032 0.14285693421275553
0.4409079690400032 0.14285693421275553
0.4409079690400032 0.14285693421275553
0.4409079690400032 0.14285693421275553
0.4409079690400032 0.14285693421275553
0.4409079690400032 0.14285693421275553
0.4409079690400032 0.14285693421275553
0.4409079690400032 0.14285693421275553
0.4409079690400032 0.14285693421275553
0.4409079690400032 0.14285693421275553
0.4409079690400032 0.14285693421275553
0.4409079690400032 0.14285693421275553
0.4409079690400032 0.14285693421275553
0.4409079690400032 0.14285693421275553
0.4409079690400032 0.14285693421275553
0.4409079690400032 0.14285693421275553
0.4409079690400032 0.14285693421275553
0.4409079690400032 0.14285693421275553
0.4409079690400032 0.14285693421275553
0.4409079690400032 0.14285693421275553
0.4409079690400032 0.14285693421275553
0.4409079690400032 0.14285693421275553
0.4409079690400032 0.14285693421275553
0.4409079690400032 0.14285693421275553
0.4409079690400032 0.14285693421275553
0.4409079690400032 0.14285693421275553
0.4409079690400032 0.14285693421275553
0.4409079690400032 0.14285693421275553
0.4409079690400032 0.14285693421275553
0.4409079690400032 0.14285693421275553
0.4409079690400032 0.14285693421275553
0.4409079690400032 0.14285693421275553
0.4409079690400032 0.14285693421275553
0.4409079690400032 0.14285693421275553
0.4409079690400032 0.14285693421275553
0.4409079690400032 0.14285693421275553
0.4409079690400032 0.14285693421275553
0.4409079690400032 0.14285693421275553
0.4409079690400032 0.14285693421275553
0.4409079690400032 0.14285693421275553
0.4409079690400032 0.14285693421275553
0.4409079690400032 0.14285693421275553
0.4409079690400032 0.14285693421275553
0.4409079690400032 0.14285693421275553
0.4409079690400032 0.14285693421275553
0.4409079690400032 0.14285693421275553
0.4409079690400032 0.14285693421275553
0.4409079690400032 0.14285693421275553
0.4409079690400032 0.14285693421275553
0.4409079690400032 0.14285693421275553
0.4409079690400032 0.14285693421275553
0.4283963929762291 0.1428571020392769
0.4283963929762291 0.1428571020392769
0.4283963929762291 0.1428571020392769
0.4283963929762291 0.1428571020392769
0.4283963929762291 0.1428571020392769
0.4283963929762291 0.1428571020392769
0.4283963929762291 0.1428571020392769
0.4283963929762291 0.1428571020392769
0.4283963929762291 0.1428571020392769
0.4283963929762291 0.1428571020392769
0.4283963929762291 0.1428571020392769
0.4283963929762291 0.1428571020392769
0.4283963929762291 0.1428571020392769
0.4283963929762291 0.1428571020392769
0.4283963929762291 0.1428571020392769
0.4283963929762291 0.1428571020392769
0.4283963929762291 0.1428571020392769
0.4283963929762291 0.1428571020392769
0.4283963929762291 0.1428571020392769
0.4283963929762291 0.1428571020392769
0.4283963929762291 0.1428571020392769
0.4283963929762291 0.1428571020392769
0.4283963929762291 0.1428571020392769
0.4283963929762291 0.1428571020392769
0.4283963929762291 0.1428571020392769
0.4283963929762291 0.1428571020392769
0.4283963929762291 0.1428571020392769
0.4283963929762291 0.1428571020392769
0.4283963929762291 0.1428571020392769
0.4283963929762291 0.1428571020392769
0.4283963929762291 0.1428571020392769
0.4283963929762291 0.1428571020392769
0.4283963929762291 0.1428571020392769
0.4283963929762291 0.1428571020392769
0.4283963929762291 0.1428571020392769
0.4283963929762291 0.1428571020392769
0.4283963929762291 0.1428571020392769
0.4283963929762291 0.1428571020392769
0.4283963929762291 0.1428571020392769
0.4283963929762291 0.1428571020392769
0.4283963929762291 0.1428571020392769
0.4283963929762291 0.1428571020392769
0.4283963929762291 0.1428571020392769
0.4283963929762291 0.1428571020392769
0.4283963929762291 0.1428571020392769
0.4283963929762291 0.1428571020392769
0.4283963929762291 0.1428571020392769
0.4283963929762291 0.1428571020392769
0.4283963929762291 0.1428571020392769
0.4283963929762291 0.1428571020392769
0.4283963929762291 0.1428571020392769
0.4283963929762291 0.1428571020392769
0.4283963929762291 0.1428571020392769
0.4283963929762291 0.1428571020392769
0.4283963929762291 0.1428571020392769
0.4283963929762291 0.1428571020392769
0.4885844748858447 0.15
0.4885844748858447 0.15
0.4885844748858447 0.15
0.4885844748858447 0.15
0.4885844748858447 0.15
0.4885844748858447 0.15
0.4885844748858447 0.15
0.4885844748858447 0.15
0.4885844748858447 0.15
0.4885844748858447 0.15
0.4885844748858447 0.15
0.4885844748858447 0.15
0.4885844748858447 0.15
0.4885844748858447 0.15
0.4885844748858447 0.15
0.4885844748858447 0.15
0.4327537744678972 0.14285724544895048
0.4327537744678972 0.14285724544895048
0.4327537744678972 0.14285724544895048
0.4327537744678972 0.14285724544895048
0.4327537744678972 0.14285724544895048
0.4327537744678972 0.14285724544895048
0.4327537744678972 0.14285724544895048
0.4327537744678972 0.14285724544895048
0.4327537744678972 0.14285724544895048
0.4327537744678972 0.14285724544895048
0.4327537744678972 0.14285724544895048
0.4327537744678972 0.14285724544895048
0.4327537744678972 0.14285724544895048
0.4327537744678972 0.14285724544895048
0.4327537744678972 0.14285724544895048
0.4327537744678972 0.14285724544895048
0.4327537744678972 0.14285724544895048
0.4327537744678972 0.14285724544895048
0.4327537744678972 0.14285724544895048
0.4327537744678972 0.14285724544895048
0.4327537744678972 0.14285724544895048
0.4327537744678972 0.14285724544895048
0.4327537744678972 0.14285724544895048
0.4327537744678972 0.14285724544895048
0.4327537744678972 0.14285724544895048
0.4327537744678972 0.14285724544895048
0.4327537744678972 0.14285724544895048
0.4327537744678972 0.14285724544895048
0.4327537744678972 0.14285724544895048
0.4327537744678972 0.14285724544895048
0.4327537744678972 0.14285724544895048
0.4327537744678972 0.14285724544895048
0.4327537744678972 0.14285724544895048
0.4327537744678972 0.14285724544895048
0.4327537744678972 0.14285724544895048
0.4327537744678972 0.14285724544895048
0.4327537744678972 0.14285724544895048
0.4327537744678972 0.14285724544895048
0.4327537744678972 0.14285724544895048
0.4327537744678972 0.14285724544895048
0.4327537744678972 0.14285724544895048
0.4327537744678972 0.14285724544895048
0.4327537744678972 0.14285724544895048
0.4327537744678972 0.14285724544895048
0.4327537744678972 0.14285724544895048
0.4327537744678972 0.14285724544895048
0.4327537744678972 0.14285724544895048
0.4327537744678972 0.14285724544895048
0.4327537744678972 0.14285724544895048
0.4327537744678972 0.14285724544895048
0.4327537744678972 0.14285724544895048
0.4327537744678972 0.14285724544895048
0.4327537744678972 0.14285724544895048
0.4327537744678972 0.14285724544895048
0.4327537744678972 0.14285724544895048
0.4327537744678972 0.14285724544895048
0.4327537744678972 0.14285724544895048
0.4327537744678972 0.14285724544895048
0.4327537744678972 0.14285724544895048
0.4327537744678972 0.14285724544895048
0.4327537744678972 0.14285724544895048
0.4327537744678972 0.14285724544895048
0.4327537744678972 0.14285724544895048
0.4327537744678972 0.14285724544895048
0.4327537744678972 0.14285724544895048
0.4327537744678972 0.14285724544895048
0.4327537744678972 0.14285724544895048
0.4327537744678972 0.14285724544895048
0.4327537744678972 0.14285724544895048
0.4327537744678972 0.14285724544895048
0.4327537744678972 0.14285724544895048
0.4327537744678972 0.14285724544895048
0.4327537744678972 0.14285724544895048
0.4327537744678972 0.14285724544895048
0.4327537744678972 0.14285724544895048
0.4327537744678972 0.14285724544895048
0.4327537744678972 0.14285724544895048
0.4327537744678972 0.14285724544895048
0.4327537744678972 0.14285724544895048
0.4327537744678972 0.14285724544895048
0.4327537744678972 0.14285724544895048
0.4327537744678972 0.14285724544895048
0.4327537744678972 0.14285724544895048
0.4327537744678972 0.14285724544895048
0.4327537744678972 0.14285724544895048
0.4327537744678972 0.14285724544895048
0.4327537744678972 0.14285724544895048
0.4327537744678972 0.14285724544895048
0.4327537744678972 0.14285724544895048
0.4327537744678972 0.14285724544895048
0.4327537744678972 0.14285724544895048
0.4327537744678972 0.14285724544895048
0.4327537744678972 0.14285724544895048
0.4327537744678972 0.14285724544895048
0.4327537744678972 0.14285724544895048
0.4327537744678972 0.14285724544895048
0.4327537744678972 0.14285724544895048
0.4327537744678972 0.14285724544895048
0.4327537744678972 0.14285724544895048
0.4327537744678972 0.14285724544895048
0.4327537744678972 0.14285724544895048
0.4327537744678972 0.14285724544895048
0.4327537744678972 0.14285724544895048
0.4327537744678972 0.14285724544895048
0.4327537744678972 0.14285724544895048
0.4327537744678972 0.14285724544895048
0.4327537744678972 0.14285724544895048
0.4327537744678972 0.14285724544895048
0.4327537744678972 0.14285724544895048
0.4327537744678972 0.14285724544895048
0.4327537744678972 0.14285724544895048
0.4327537744678972 0.14285724544895048
0.4327537744678972 0.14285724544895048
0.4327537744678972 0.14285724544895048
0.4327537744678972 0.14285724544895048
0.4327537744678972 0.14285724544895048
0.4327537744678972 0.14285724544895048
0.4327537744678972 0.14285724544895048
0.4327537744678972 0.14285724544895048
0.4327537744678972 0.14285724544895048
0.41104425226199787 0.14285693091487423
0.41104425226199787 0.14285693091487423
0.41104425226199787 0.14285693091487423
0.41104425226199787 0.14285693091487423
0.41104425226199787 0.14285693091487423
0.41104425226199787 0.14285693091487423
0.41104425226199787 0.14285693091487423
0.41104425226199787 0.14285693091487423
0.4161112206665352 0.1428544214576904
0.4161112206665352 0.1428544214576904
0.4161112206665352 0.1428544214576904
0.4161112206665352 0.1428544214576904
0.4161112206665352 0.1428544214576904
0.4161112206665352 0.1428544214576904
0.4161112206665352 0.1428544214576904
0.4161112206665352 0.1428544214576904
0.4202103758235584 0.14285705107984709
0.4202103758235584 0.14285705107984709
0.4202103758235584 0.14285705107984709
0.4202103758235584 0.14285705107984709
0.4202103758235584 0.14285705107984709
0.4202103758235584 0.14285705107984709
0.4202103758235584 0.14285705107984709
0.4202103758235584 0.14285705107984709
0.07142857142857142 0.14772727272727273
0.07142857142857142 0.14772727272727273
0.07142857142857142 0.14772727272727273
0.07142857142857142 0.14772727272727273
0.07142857142857142 0.14772727272727273
0.07142857142857142 0.14772727272727273
0.07142857142857142 0.14772727272727273
0.07142857142857142 0.14772727272727273
0.4383940434412143 0.14285714285714285
0.4383940434412143 0.14285714285714285
0.4383940434412143 0.14285714285714285
0.4383940434412143 0.14285714285714285
0.4383940434412143 0.14285714285714285
0.4383940434412143 0.14285714285714285
0.4383940434412143 0.14285714285714285
0.4383940434412143 0.14285714285714285
0.43549943937990543 0.14285727863561104
0.43549943937990543 0.14285727863561104
0.43549943937990543 0.14285727863561104
0.43549943937990543 0.14285727863561104
0.43549943937990543 0.14285727863561104
0.43549943937990543 0.14285727863561104
0.43549943937990543 0.14285727863561104
0.43549943937990543 0.14285727863561104
0.425967047412586 0.14285706341924542
0.425967047412586 0.14285706341924542
0.425967047412586 0.14285706341924542
0.425967047412586 0.14285706341924542
0.425967047412586 0.14285706341924542
0.425967047412586 0.14285706341924542
0.425967047412586 0.14285706341924542
0.425967047412586 0.14285706341924542
0.4027777777777778 0.125
0.4027777777777778 0.125
0.4027777777777778 0.125
0.4027777777777778 0.125
0.4027777777777778 0.125
0.4027777777777778 0.125
0.4027777777777778 0.125
0.4027777777777778 0.125
0.42996828972168144 0.14285720532686846
0.42996828972168144 0.14285720532686846
0.42996828972168144 0.14285720532686846
0.42996828972168144 0.14285720532686846
0.42996828972168144 0.14285720532686846
0.42996828972168144 0.14285720532686846
0.42996828972168144 0.14285720532686846
0.42996828972168144 0.14285720532686846
0.42996828972168144 0.14285720532686846
0.42996828972168144 0.14285720532686846
0.42996828972168144 0.14285720532686846
0.42996828972168144 0.14285720532686846
0.42996828972168144 0.14285720532686846
0.42996828972168144 0.14285720532686846
0.42996828972168144 0.14285720532686846
0.42996828972168144 0.14285720532686846
0.42996828972168144 0.14285720532686846
0.42996828972168144 0.14285720532686846
0.42996828972168144 0.14285720532686846
0.42996828972168144 0.14285720532686846
0.42996828972168144 0.14285720532686846
0.42996828972168144 0.14285720532686846
0.42996828972168144 0.14285720532686846
0.42996828972168144 0.14285720532686846
0.42268200780514065 0.142857613183176
0.42268200780514065 0.142857613183176
0.42268200780514065 0.142857613183176
0.42268200780514065 0.142857613183176
0.42268200780514065 0.142857613183176
0.42268200780514065 0.142857613183176
0.42268200780514065 0.142857613183176
0.42268200780514065 0.142857613183176
0.3460173501577287 0.14285714285714285
0.3460173501577287 0.14285714285714285
0.3460173501577287 0.14285714285714285
0.3460173501577287 0.14285714285714285
0.3460173501577287 0.14285714285714285
0.3460173501577287 0.14285714285714285
0.3460173501577287 0.14285714285714285
0.3460173501577287 0.14285714285714285
0.42362677406981203 0.14285693950853354
0.42362677406981203 0.14285693950853354
0.42362677406981203 0.14285693950853354
0.42362677406981203 0.14285693950853354
0.42362677406981203 0.14285693950853354
0.42362677406981203 0.14285693950853354
0.42362677406981203 0.14285693950853354
0.42362677406981203 0.14285693950853354
0.33431018935978357 0.14285714285714285
0.33431018935978357 0.14285714285714285
0.33431018935978357 0.14285714285714285
0.33431018935978357 0.14285714285714285
0.33431018935978357 0.14285714285714285
0.33431018935978357 0.14285714285714285
0.33431018935978357 0.14285714285714285
0.33431018935978357 0.14285714285714285
0.3843537414965986 0.14285714285714285
0.3843537414965986 0.14285714285714285
0.3843537414965986 0.14285714285714285
0.3843537414965986 0.14285714285714285
0.3843537414965986 0.14285714285714285
0.3843537414965986 0.14285714285714285
0.3843537414965986 0.14285714285714285
0.3843537414965986 0.14285714285714285
0.43626373626373627 0.14287616511318244
0.43626373626373627 0.14287616511318244
0.43626373626373627 0.14287616511318244
0.43626373626373627 0.14287616511318244
0.43626373626373627 0.14287616511318244
0.43626373626373627 0.14287616511318244
0.43626373626373627 0.14287616511318244
0.43626373626373627 0.14287616511318244
0.4296769743905487 0.14285733867176204
0.4296769743905487 0.14285733867176204
0.4296769743905487 0.14285733867176204
0.4296769743905487 0.14285733867176204
0.4296769743905487 0.14285733867176204
0.4296769743905487 0.14285733867176204
0.4296769743905487 0.14285733867176204
0.4296769743905487 0.14285733867176204
0.5 0.142858192937579
0.5 0.142858192937579
0.5 0.142858192937579
0.5 0.142858192937579
0.5 0.142858192937579
0.5 0.142858192937579
0.5 0.142858192937579
0.5 0.142858192937579
0.5 0.14285721892218273
0.5 0.14285721892218273
0.5 0.14285721892218273
0.5 0.14285721892218273
0.5 0.14285721892218273
0.5 0.14285721892218273
0.5 0.14285721892218273
0.5 0.14285721892218273
0.5 0.14285735071163141
0.5 0.14285735071163141
0.5 0.14285735071163141
0.5 0.14285735071163141
0.5 0.14285735071163141
0.5 0.14285735071163141
0.5 0.14285735071163141
0.5 0.14285735071163141
0.446336973924394 0.14285696296576128
0.446336973924394 0.14285696296576128
0.446336973924394 0.14285696296576128
0.446336973924394 0.14285696296576128
0.446336973924394 0.14285696296576128
0.446336973924394 0.14285696296576128
0.446336973924394 0.14285696296576128
0.446336973924394 0.14285696296576128
0.35714285714285715 0.15217391304347827
0.35714285714285715 0.15217391304347827
0.35714285714285715 0.15217391304347827
0.35714285714285715 0.15217391304347827
0.35714285714285715 0.15217391304347827
0.35714285714285715 0.15217391304347827
0.35714285714285715 0.15217391304347827
0.35714285714285715 0.15217391304347827
0.425967047412586 0.14285706341924542
0.425967047412586 0.14285706341924542
0.425967047412586 0.14285706341924542
0.425967047412586 0.14285706341924542
0.425967047412586 0.14285706341924542
0.425967047412586 0.14285706341924542
0.425967047412586 0.14285706341924542
0.425967047412586 0.14285706341924542
0.42362677406981203 0.14285693950853354
0.42362677406981203 0.14285693950853354
0.42362677406981203 0.14285693950853354
0.42362677406981203 0.14285693950853354
0.42362677406981203 0.14285693950853354
0.42362677406981203 0.14285693950853354
0.42362677406981203 0.14285693950853354
0.42362677406981203 0.14285693950853354
0.4250532002222727 0.14285718047276671
0.4250532002222727 0.14285718047276671
0.4250532002222727 0.14285718047276671
0.4250532002222727 0.14285718047276671
0.4250532002222727 0.14285718047276671
0.4250532002222727 0.14285718047276671
0.4250532002222727 0.14285718047276671
0.4250532002222727 0.14285718047276671
0.4489770641855407 0.14285703571819627
0.4489770641855407 0.14285703571819627
0.4489770641855407 0.14285703571819627
0.4489770641855407 0.14285703571819627
0.4489770641855407 0.14285703571819627
0.4489770641855407 0.14285703571819627
0.4489770641855407 0.14285703571819627
0.4489770641855407 0.14285703571819627
0.451578550684423 0.14285714285714285
0.451578550684423 0.14285714285714285
0.451578550684423 0.14285714285714285
0.451578550684423 0.14285714285714285
0.451578550684423 0.14285714285714285
0.451578550684423 0.14285714285714285
0.451578550684423 0.14285714285714285
0.451578550684423 0.14285714285714285
0.3125 0.1388888888888889
0.3125 0.1388888888888889
0.3125 0.1388888888888889
0.3125 0.1388888888888889
0.3125 0.1388888888888889
0.3125 0.1388888888888889
0.3125 0.1388888888888889
0.3125 0.1388888888888889
0.4246575342465753 0.1388888888888889
0.4246575342465753 0.1388888888888889
0.4246575342465753 0.1388888888888889
0.4246575342465753 0.1388888888888889
0.4246575342465753 0.1388888888888889
0.4246575342465753 0.1388888888888889
0.4246575342465753 0.1388888888888889
0.4246575342465753 0.1388888888888889
0.425967047412586 0.14285706341924542
0.425967047412586 0.14285706341924542
0.425967047412586 0.14285706341924542
0.425967047412586 0.14285706341924542
0.425967047412586 0.14285706341924542
0.425967047412586 0.14285706341924542
0.425967047412586 0.14285706341924542
0.425967047412586 0.14285706341924542
0.4208509542107636 0.14285543063978715
0.4208509542107636 0.14285543063978715
0.4208509542107636 0.14285543063978715
0.4208509542107636 0.14285543063978715
0.4208509542107636 0.14285543063978715
0.4208509542107636 0.14285543063978715
0.4208509542107636 0.14285543063978715
0.4208509542107636 0.14285543063978715
0.4250532002222727 0.14285718047276671
0.4250532002222727 0.14285718047276671
0.4250532002222727 0.14285718047276671
0.4250532002222727 0.14285718047276671
0.4250532002222727 0.14285718047276671
0.4250532002222727 0.14285718047276671
0.4250532002222727 0.14285718047276671
0.4250532002222727 0.14285718047276671
0.3333333333333333 0.14285714285714285
0.3333333333333333 0.14285714285714285
0.3333333333333333 0.14285714285714285
0.3333333333333333 0.14285714285714285
0.3333333333333333 0.14285714285714285
0.3333333333333333 0.14285714285714285
0.3333333333333333 0.14285714285714285
0.3333333333333333 0.14285714285714285
0.25 0.16666666666666666
0.25 0.16666666666666666
0.25 0.16666666666666666
0.25 0.16666666666666666
0.25 0.16666666666666666
0.25 0.16666666666666666
0.25 0.16666666666666666
0.25 0.16666666666666666
0.42362677406981203 0.14285693950853354
0.42362677406981203 0.14285693950853354
0.42362677406981203 0.14285693950853354
0.42362677406981203 0.14285693950853354
0.42362677406981203 0.14285693950853354
0.42362677406981203 0.14285693950853354
0.42362677406981203 0.14285693950853354
0.42362677406981203 0.14285693950853354
0.4324577861163227 0.14304123711340205
0.4324577861163227 0.14304123711340205
0.4324577861163227 0.14304123711340205
0.4324577861163227 0.14304123711340205
0.4324577861163227 0.14304123711340205
0.4324577861163227 0.14304123711340205
0.4324577861163227 0.14304123711340205
0.4324577861163227 0.14304123711340205
0.4324577861163227 0.14304123711340205
0.4324577861163227 0.14304123711340205
0.4324577861163227 0.14304123711340205
0.4324577861163227 0.14304123711340205
0.4324577861163227 0.14304123711340205
0.4324577861163227 0.14304123711340205
0.4324577861163227 0.14304123711340205
0.4324577861163227 0.14304123711340205
0.42268200780514065 0.142857613183176
0.42268200780514065 0.142857613183176
0.42268200780514065 0.142857613183176
0.42268200780514065 0.142857613183176
0.42268200780514065 0.142857613183176
0.42268200780514065 0.142857613183176
0.42268200780514065 0.142857613183176
0.42268200780514065 0.142857613183176
0.42591059256471375 0.1428554237165756
0.42591059256471375 0.1428554237165756
0.42591059256471375 0.1428554237165756
0.42591059256471375 0.1428554237165756
0.42591059256471375 0.1428554237165756
0.42591059256471375 0.1428554237165756
0.42591059256471375 0.1428554237165756
0.42591059256471375 0.1428554237165756
0.42362677406981203 0.14285693950853354
0.42362677406981203 0.14285693950853354
0.42362677406981203 0.14285693950853354
0.42362677406981203 0.14285693950853354
0.42362677406981203 0.14285693950853354
0.42362677406981203 0.14285693950853354
0.42362677406981203 0.14285693950853354
0.42362677406981203 0.14285693950853354
0.18533379685281443 0.14285733867176204
0.18533379685281443 0.14285733867176204
0.2527459621207866 0.14285714285714285
0.2527459621207866 0.14285714285714285
0.2527459621207866 0.14285714285714285
0.2527459621207866 0.14285714285714285
0.2527459621207866 0.14285714285714285
0.2527459621207866 0.14285714285714285
0.2527459621207866 0.14285714285714285
0.2527459621207866 0.14285714285714285
0.2527459621207866 0.14285714285714285
0.2527459621207866 0.14285714285714285
0.2527459621207866 0.14285714285714285
0.2527459621207866 0.14285714285714285
0.2527459621207866 0.14285714285714285
0.2527459621207866 0.14285714285714285
0.2527459621207866 0.14285714285714285
0.2527459621207866 0.14285714285714285
0.21352327923231845 0.14285742104965932
0.21352327923231845 0.14285742104965932
0.21352327923231845 0.14285742104965932
0.21352327923231845 0.14285742104965932
0.21352327923231845 0.14285742104965932
0.21352327923231845 0.14285742104965932
0.21352327923231845 0.14285742104965932
0.21352327923231845 0.14285742104965932
0.21352327923231845 0.14285742104965932
0.21352327923231845 0.14285742104965932
0.21352327923231845 0.14285742104965932
0.21352327923231845 0.14285742104965932
0.21352327923231845 0.14285742104965932
0.21352327923231845 0.14285742104965932
0.21352327923231845 0.14285742104965932
0.21352327923231845 0.14285742104965932
0.21352327923231845 0.14285742104965932
0.21352327923231845 0.14285742104965932
0.21352327923231845 0.14285742104965932
0.21352327923231845 0.14285742104965932
0.19169746465473472 0.14285738776433854
0.19169746465473472 0.14285738776433854
0.19169746465473472 0.14285738776433854
0.19169746465473472 0.14285738776433854
0.19169746465473472 0.14285738776433854
0.19169746465473472 0.14285738776433854
0.19169746465473472 0.14285738776433854
0.19169746465473472 0.14285738776433854
0.19169746465473472 0.14285738776433854
0.19169746465473472 0.14285738776433854
0.19169746465473472 0.14285738776433854
0.19169746465473472 0.14285738776433854
0.19169746465473472 0.14285738776433854
0.19169746465473472 0.14285738776433854
0.9771689497716894 0.15
0.9771689497716894 0.15
0.9771689497716894 0.15
0.9771689497716894 0.15
0.19835274888106944 0.14285724544895048
0.19835274888106944 0.14285724544895048
0.19835274888106944 0.14285724544895048
0.19835274888106944 0.14285724544895048
0.19835274888106944 0.14285724544895048
0.19835274888106944 0.14285724544895048
0.19835274888106944 0.14285724544895048
0.19835274888106944 0.14285724544895048
0.19835274888106944 0.14285724544895048
0.19835274888106944 0.14285724544895048
0.19835274888106944 0.14285724544895048
0.19835274888106944 0.14285724544895048
0.19835274888106944 0.14285724544895048
0.19835274888106944 0.14285724544895048
0.19835274888106944 0.14285724544895048
0.19835274888106944 0.14285724544895048
0.19835274888106944 0.14285724544895048
0.19835274888106944 0.14285724544895048
0.19835274888106944 0.14285724544895048
0.19835274888106944 0.14285724544895048
0.19835274888106944 0.14285724544895048
0.19835274888106944 0.14285724544895048
0.19835274888106944 0.14285724544895048
0.19835274888106944 0.14285724544895048
0.19835274888106944 0.14285724544895048
0.19835274888106944 0.14285724544895048
0.19835274888106944 0.14285724544895048
0.19835274888106944 0.14285724544895048
0.19835274888106944 0.14285724544895048
0.19835274888106944 0.14285724544895048
0.2277489373460401 0.1428584145107546
0.2277489373460401 0.1428584145107546
0.2880694143167028 0.14286077138974612
0.2880694143167028 0.14286077138974612
0.18486986025300897 0.14285705107984709
0.18486986025300897 0.14285705107984709
0.14285714285714285 0.13636363636363635
0.14285714285714285 0.13636363636363635
0.20914027410712996 0.14285714285714285
0.20914027410712996 0.14285714285714285
0.19728562375079217 0.14285632818633368
0.19728562375079217 0.14285632818633368
0.24262531284970804 0.1428576194845275
0.24262531284970804 0.1428576194845275
0.1388888888888889 0.25
0.1388888888888889 0.25
0.21531466975273153 0.14285720532686846
0.21531466975273153 0.14285720532686846
0.21531466975273153 0.14285720532686846
0.21531466975273153 0.14285720532686846
0.21531466975273153 0.14285720532686846
0.21531466975273153 0.14285720532686846
0.16025882564033553 0.14285651575576533
0.16025882564033553 0.14285651575576533
0.35646687697160884 0.14285714285714285
0.35646687697160884 0.14285714285714285
0.17560701956271577 0.14285741398862198
0.17560701956271577 0.14285741398862198
0.17808836789900812 0.14285714285714285
0.17808836789900812 0.14285714285714285
0.30272108843537415 0.14285714285714285
0.30272108843537415 0.14285714285714285
0.23076923076923078 0.14274300932090547
0.23076923076923078 0.14274300932090547
0.18533379685281443 0.14285733867176204
0.18533379685281443 0.14285733867176204
1.4653088138325152e-05 0.1428508423745259
1.4653088138325152e-05 0.1428508423745259
1.056071035562136e-06 0.14285668646690364
1.056071035562136e-06 0.14285668646690364
1.4439265561196496e-06 0.14285735071163141
1.4439265561196496e-06 0.14285735071163141
0.2319538348578946 0.14285696296576128
0.2319538348578946 0.14285696296576128
0.14285714285714285 0.13043478260869565
0.14285714285714285 0.13043478260869565
0.24262531284970804 0.1428576194845275
0.24262531284970804 0.1428576194845275
0.17560701956271577 0.14285741398862198
0.17560701956271577 0.14285741398862198
0.20835596052975003 0.1428569171633998
0.20835596052975003 0.1428569171633998
0.2421000959120328 0.14285778569082228
0.2421000959120328 0.14285778569082228
0.24782467672474404 0.14285714285714285
0.24782467672474404 0.14285714285714285
0.25 0.1388888888888889
0.25 0.1388888888888889
0.3150684931506849 0.1388888888888889
0.3150684931506849 0.1388888888888889
0.24262531284970804 0.1428576194845275
0.24262531284970804 0.1428576194845275
0.15187944099778888 0.14286741616127718
0.15187944099778888 0.14286741616127718
0.20835596052975003 0.1428569171633998
0.20835596052975003 0.1428569171633998
0.3333333333333333 0.14285714285714285
0.3333333333333333 0.14285714285714285
0.5 0.3333333333333333
0.5 0.3333333333333333
0.17560701956271577 0.14285741398862198
0.17560701956271577 0.14285741398862198
0.16885553470919323 0.14175257731958762
0.16885553470919323 0.14175257731958762
0.16885553470919323 0.14175257731958762
0.16885553470919323 0.14175257731958762
0.16025882564033553 0.14285651575576533
0.16025882564033553 0.14285651575576533
0.14863881570693765 0.14285943504456586
0.14863881570693765 0.14285943504456586
0.17560701956271577 0.14285741398862198
0.17560701956271577 0.14285741398862198
0.07299908273403895 0.1428569959961785
0.0775897065356707 0.14285714285714285
0.0775897065356707 0.14285714285714285
0.0775897065356707 0.14285714285714285
0.0775897065356707 0.14285714285714285
0.0775897065356707 0.14285714285714285
0.0775897065356707 0.14285714285714285
0.0775897065356707 0.14285714285714285
0.0775897065356707 0.14285714285714285
0.07455524621885243 0.14285717763120742
0.07455524621885243 0.14285717763120742
0.07455524621885243 0.14285717763120742
0.07455524621885243 0.14285717763120742
0.07455524621885243 0.14285717763120742
0.07455524621885243 0.14285717763120742
0.07455524621885243 0.14285717763120742
0.07455524621885243 0.14285717763120742
0.07455524621885243 0.14285717763120742
0.07455524621885243 0.14285717763120742
0.07426993902913154 0.1428571020392769
0.07426993902913154 0.1428571020392769
0.07426993902913154 0.1428571020392769
0.07426993902913154 0.1428571020392769
0.07426993902913154 0.1428571020392769
0.07426993902913154 0.1428571020392769
0.07426993902913154 0.1428571020392769
0.24771689497716895 0.1375
0.24771689497716895 0.1375
0.07430889795020171 0.14285706591328715
0.07430889795020171 0.14285706591328715
0.07430889795020171 0.14285706591328715
0.07430889795020171 0.14285706591328715
0.07430889795020171 0.14285706591328715
0.07430889795020171 0.14285706591328715
0.07430889795020171 0.14285706591328715
0.07430889795020171 0.14285706591328715
0.07430889795020171 0.14285706591328715
0.07430889795020171 0.14285706591328715
0.07430889795020171 0.14285706591328715
0.07430889795020171 0.14285706591328715
0.07430889795020171 0.14285706591328715
0.07430889795020171 0.14285706591328715
0.07430889795020171 0.14285706591328715
0.08893517075952567 0.14285693091487423
0.10028265299414973 0.14285759642371826
0.07596826170274178 0.1428572116901147
0.25 0.14204545454545456
0.07461652260878356 0.14285714285714285
0.07346755715887486 0.14285727863561104
0.08639978211713181 0.14285706341924542
0.0625 0.125
0.07900167929379596 0.14285709600484864
0.07900167929379596 0.14285709600484864
0.07900167929379596 0.14285709600484864
0.06986049432557305 0.14285706446947066
0.15270110410094637 0.14285714285714285
0.07289988492520139 0.14285717674857776
0.10076645626690713 0.14285714285714285
0.12074829931972789 0.14285714285714285
0.08021978021978023 0.14287616511318244
0.07299908273403895 0.1428569959961785
3.663272034581288e-06 0.142858192937579
2.64017758890534e-07 0.14285721892218273
3.609816390299124e-07 0.14285698696627644
0.07660920243521889 0.14285727777567905
0.10714285714285714 0.14130434782608695
0.08639978211713181 0.14285706341924542
0.07289988492520139 0.14285717674857776
0.07942619534742744 0.14285718047276671
0.07782846095171925 0.14285703571819627
0.07790666499177867 0.14285714285714285
0.125 0.14583333333333334
0.09246575342465753 0.14583333333333334
0.08639978211713181 0.14285706341924542
0.06671425198033618 0.14285543063978715
0.07942619534742744 0.14285718047276671
0.16666666666666666 0.14285714285714285
0.25 0.16666666666666666
0.07289988492520139 0.14285717674857776
0.06894934333958724 0.14304123711340205
0.06894934333958724 0.14304123711340205
0.06986049432557305 0.14285706446947066
0.06571948312633295 0.14285742938057072
0.07289988492520139 0.14285717674857776
0.033983517135561296 0.14285733867176204
0.033983517135561296 0.14285733867176204
0.033983517135561296 0.14285733867176204
0.033983517135561296 0.14285733867176204
0.03370984461250147 0.14285714285714285
0.03370984461250147 0.14285714285714285
0.03370984461250147 0.14285714285714285
0.03370984461250147 0.14285714285714285
0.03370984461250147 0.14285714285714285
0.03370984461250147 0.14285714285714285
0.03370984461250147 0.14285714285714285
0.03370984461250147 0.14285714285714285
0.03370984461250147 0.14285714285714285
0.03370984461250147 0.14285714285714285
0.03370984461250147 0.14285714285714285
0.03370984461250147 0.14285714285714285
0.03370984461250147 0.14285714285714285
0.03370984461250147 0.14285714285714285
0.03370984461250147 0.14285714285714285
0.03370984461250147 0.14285714285714285
0.03370984461250147 0.14285714285714285
0.03370984461250147 0.14285714285714285
0.03370984461250147 0.14285714285714285
0.03370984461250147 0.14285714285714285
0.03370984461250147 0.14285714285714285
0.03370984461250147 0.14285714285714285
0.03370984461250147 0.14285714285714285
0.03370984461250147 0.14285714285714285
0.03370984461250147 0.14285714285714285
0.03370984461250147 0.14285714285714285
0.03370984461250147 0.14285714285714285
0.03370984461250147 0.14285714285714285
0.03370984461250147 0.14285714285714285
0.03370984461250147 0.14285714285714285
0.03370984461250147 0.14285714285714285
0.03370984461250147 0.14285714285714285
0.03348635627690242 0.14285742104965932
0.03348635627690242 0.14285742104965932
0.03348635627690242 0.14285742104965932
0.03348635627690242 0.14285742104965932
0.03348635627690242 0.14285742104965932
0.03348635627690242 0.14285742104965932
0.03348635627690242 0.14285742104965932
0.03348635627690242 0.14285742104965932
0.03348635627690242 0.14285742104965932
0.03348635627690242 0.14285742104965932
0.03348635627690242 0.14285742104965932
0.03348635627690242 0.14285742104965932
0.03348635627690242 0.14285742104965932
0.03348635627690242 0.14285742104965932
0.03348635627690242 0.14285742104965932
0.03348635627690242 0.14285742104965932
0.03348635627690242 0.14285742104965932
0.03348635627690242 0.14285742104965932
0.03348635627690242 0.14285742104965932
0.03348635627690242 0.14285742104965932
0.03348635627690242 0.14285742104965932
0.03348635627690242 0.14285742104965932
0.03348635627690242 0.14285742104965932
0.03348635627690242 0.14285742104965932
0.03348635627690242 0.14285742104965932
0.03348635627690242 0.14285742104965932
0.03348635627690242 0.14285742104965932
0.03348635627690242 0.14285742104965932
0.03348635627690242 0.14285742104965932
0.03348635627690242 0.14285742104965932
0.03348635627690242 0.14285742104965932
0.03348635627690242 0.14285742104965932
0.03348635627690242 0.14285742104965932
0.03348635627690242 0.14285742104965932
0.03348635627690242 0.14285742104965932
0.03348635627690242 0.14285742104965932
0.03348635627690242 0.14285742104965932
0.03348635627690242 0.14285742104965932
0.03348635627690242 0.14285742104965932
0.03348635627690242 0.14285742104965932
0.03782492258575029 0.14285738776433854
0.03782492258575029 0.14285738776433854
0.03782492258575029 0.14285738776433854
0.03782492258575029 0.14285738776433854
0.03782492258575029 0.14285738776433854
0.03782492258575029 0.14285738776433854
0.03782492258575029 0.14285738776433854
0.03782492258575029 0.14285738776433854
0.03782492258575029 0.14285738776433854
0.03782492258575029 0.14285738776433854
0.03782492258575029 0.14285738776433854
0.03782492258575029 0.14285738776433854
0.03782492258575029 0.14285738776433854
0.03782492258575029 0.14285738776433854
0.03782492258575029 0.14285738776433854
0.03782492258575029 0.14285738776433854
0.03782492258575029 0.14285738776433854
0.03782492258575029 0.14285738776433854
0.03782492258575029 0.14285738776433854
0.03782492258575029 0.14285738776433854
0.03782492258575029 0.14285738776433854
0.03782492258575029 0.14285738776433854
0.03782492258575029 0.14285738776433854
0.03782492258575029 0.14285738776433854
0.03782492258575029 0.14285738776433854
0.03782492258575029 0.14285738776433854
0.03782492258575029 0.14285738776433854
0.03782492258575029 0.14285738776433854
0.0091324200913242 0.15
0.0091324200913242 0.15
0.0091324200913242 0.15
0.0091324200913242 0.15
0.0091324200913242 0.15
0.0091324200913242 0.15
0.0091324200913242 0.15
0.0091324200913242 0.15
0.03560960814446818 0.14285724544895048
0.03560960814446818 0.14285724544895048
0.03560960814446818 0.14285724544895048
0.03560960814446818 0.14285724544895048
0.03560960814446818 0.14285724544895048
0.03560960814446818 0.14285724544895048
0.03560960814446818 0.14285724544895048
0.03560960814446818 0.14285724544895048
0.03560960814446818 0.14285724544895048
0.03560960814446818 0.14285724544895048
0.03560960814446818 0.14285724544895048
0.03560960814446818 0.14285724544895048
0.03560960814446818 0.14285724544895048
0.03560960814446818 0.14285724544895048
0.03560960814446818 0.14285724544895048
0.03560960814446818 0.14285724544895048
0.03560960814446818 0.14285724544895048
0.03560960814446818 0.14285724544895048
0.03560960814446818 0.14285724544895048
0.03560960814446818 0.14285724544895048
0.03560960814446818 0.14285724544895048
0.03560960814446818 0.14285724544895048
0.03560960814446818 0.14285724544895048
0.03560960814446818 0.14285724544895048
0.03560960814446818 0.14285724544895048
0.03560960814446818 0.14285724544895048
0.03560960814446818 0.14285724544895048
0.03560960814446818 0.14285724544895048
0.03560960814446818 0.14285724544895048
0.03560960814446818 0.14285724544895048
0.03560960814446818 0.14285724544895048
0.03560960814446818 0.14285724544895048
0.03560960814446818 0.14285724544895048
0.03560960814446818 0.14285724544895048
0.03560960814446818 0.14285724544895048
0.03560960814446818 0.14285724544895048
0.03560960814446818 0.14285724544895048
0.03560960814446818 0.14285724544895048
0.03560960814446818 0.14285724544895048
0.03560960814446818 0.14285724544895048
0.03560960814446818 0.14285724544895048
0.03560960814446818 0.14285724544895048
0.03560960814446818 0.14285724544895048
0.03560960814446818 0.14285724544895048
0.03560960814446818 0.14285724544895048
0.03560960814446818 0.14285724544895048
0.03560960814446818 0.14285724544895048
0.03560960814446818 0.14285724544895048
0.03560960814446818 0.14285724544895048
0.03560960814446818 0.14285724544895048
0.03560960814446818 0.14285724544895048
0.03560960814446818 0.14285724544895048
0.03560960814446818 0.14285724544895048
0.03560960814446818 0.14285724544895048
0.03560960814446818 0.14285724544895048
0.03560960814446818 0.14285724544895048
0.03560960814446818 0.14285724544895048
0.03560960814446818 0.14285724544895048
0.03560960814446818 0.14285724544895048
0.03560960814446818 0.14285724544895048
0.04991974978394172 0.1428584145107546
0.04991974978394172 0.1428584145107546
0.04991974978394172 0.1428584145107546
0.04991974978394172 0.1428584145107546
0.054716361007033455 0.14286077138974612
0.054716361007033455 0.14286077138974612
0.054716361007033455 0.14286077138974612
0.054716361007033455 0.14286077138974612
0.04057606179492503 0.14285705107984709
0.04057606179492503 0.14285705107984709
0.04057606179492503 0.14285705107984709
0.04057606179492503 0.14285705107984709
0.14285714285714285 0.13636363636363635
0.14285714285714285 0.13636363636363635
0.14285714285714285 0.13636363636363635
0.14285714285714285 0.13636363636363635
0.03388609678956717 0.14285714285714285
0.03388609678956717 0.14285714285714285
0.03388609678956717 0.14285714285714285
0.03388609678956717 0.14285714285714285
0.032416516355481886 0.14285632818633368
0.032416516355481886 0.14285632818633368
0.032416516355481886 0.14285632818633368
0.032416516355481886 0.14285632818633368
0.04509208955600875 0.1428576194845275
0.04509208955600875 0.1428576194845275
0.04509208955600875 0.1428576194845275
0.04509208955600875 0.1428576194845275
0.08333333333333333 0.25
0.08333333333333333 0.25
0.08333333333333333 0.25
0.08333333333333333 0.25
0.039371373134184796 0.14285720532686846
0.039371373134184796 0.14285720532686846
0.039371373134184796 0.14285720532686846
0.039371373134184796 0.14285720532686846
0.039371373134184796 0.14285720532686846
0.039371373134184796 0.14285720532686846
0.039371373134184796 0.14285720532686846
0.039371373134184796 0.14285720532686846
0.039371373134184796 0.14285720532686846
0.039371373134184796 0.14285720532686846
0.039371373134184796 0.14285720532686846
0.039371373134184796 0.14285720532686846
0.035452832727762076 0.14285651575576533
0.035452832727762076 0.14285651575576533
0.035452832727762076 0.14285651575576533
0.035452832727762076 0.14285651575576533
0.05362776025236593 0.14285714285714285
0.05362776025236593 0.14285714285714285
0.05362776025236593 0.14285714285714285
0.05362776025236593 0.14285714285714285
0.03675393172228615 0.14285741398862198
0.03675393172228615 0.14285741398862198
0.03675393172228615 0.14285741398862198
0.03675393172228615 0.14285741398862198
0.10640216411181244 0.14285714285714285
0.10640216411181244 0.14285714285714285
0.10640216411181244 0.14285714285714285
0.10640216411181244 0.14285714285714285
0.05102040816326531 0.14285714285714285
0.05102040816326531 0.14285714285714285
0.05102040816326531 0.14285714285714285
0.05102040816326531 0.14285714285714285
0.03736263736263736 0.14274300932090547
0.03736263736263736 0.14274300932090547
0.03736263736263736 0.14274300932090547
0.03736263736263736 0.14274300932090547
0.033983517135561296 0.14285733867176204
0.033983517135561296 0.14285733867176204
0.033983517135561296 0.14285733867176204
0.033983517135561296 0.14285733867176204
1.4653088138325152e-05 0.1428508423745259
1.4653088138325152e-05 0.1428508423745259
1.4653088138325152e-05 0.1428508423745259
1.4653088138325152e-05 0.1428508423745259
1.056071035562136e-06 0.14285668646690364
1.056071035562136e-06 0.14285668646690364
1.056071035562136e-06 0.14285668646690364
1.056071035562136e-06 0.14285668646690364
1.4439265561196496e-06 0.14285735071163141
1.4439265561196496e-06 0.14285735071163141
1.4439265561196496e-06 0.14285735071163141
1.4439265561196496e-06 0.14285735071163141
0.032843077268231 0.14285696296576128
0.032843077268231 0.14285696296576128
0.032843077268231 0.14285696296576128
0.032843077268231 0.14285696296576128
0.14285714285714285 0.13043478260869565
0.14285714285714285 0.13043478260869565
0.14285714285714285 0.13043478260869565
0.14285714285714285 0.13043478260869565
0.04509208955600875 0.1428576194845275
0.04509208955600875 0.1428576194845275
0.04509208955600875 0.1428576194845275
0.04509208955600875 0.1428576194845275
0.03675393172228615 0.14285741398862198
0.03675393172228615 0.14285741398862198
0.03675393172228615 0.14285741398862198
0.03675393172228615 0.14285741398862198
0.04054477869549477 0.1428569171633998
0.04054477869549477 0.1428569171633998
0.04054477869549477 0.1428569171633998
0.04054477869549477 0.1428569171633998
0.03283212373407445 0.14285778569082228
0.03283212373407445 0.14285778569082228
0.03283212373407445 0.14285778569082228
0.03283212373407445 0.14285778569082228
0.03304091538878338 0.14285714285714285
0.03304091538878338 0.14285714285714285
0.03304091538878338 0.14285714285714285
0.03304091538878338 0.14285714285714285
0.125 0.1388888888888889
0.125 0.1388888888888889
0.125 0.1388888888888889
0.125 0.1388888888888889
0.0958904109589041 0.1388888888888889
0.0958904109589041 0.1388888888888889
0.0958904109589041 0.1388888888888889
0.0958904109589041 0.1388888888888889
0.04509208955600875 0.1428576194845275
0.04509208955600875 0.1428576194845275
0.04509208955600875 0.1428576194845275
0.04509208955600875 0.1428576194845275
0.04332052465491703 0.14286741616127718
0.04332052465491703 0.14286741616127718
0.04332052465491703 0.14286741616127718
0.04332052465491703 0.14286741616127718
0.04054477869549477 0.1428569171633998
0.04054477869549477 0.1428569171633998
0.04054477869549477 0.1428569171633998
0.04054477869549477 0.1428569171633998
0.3333333333333333 0.14285714285714285
0.3333333333333333 0.14285714285714285
0.3333333333333333 0.14285714285714285
0.3333333333333333 0.14285714285714285
0.5 0.3333333333333333
0.5 0.3333333333333333
0.5 0.3333333333333333
0.5 0.3333333333333333
0.03675393172228615 0.14285741398862198
0.03675393172228615 0.14285741398862198
0.03675393172228615 0.14285741398862198
0.03675393172228615 0.14285741398862198
0.028142589118198873 0.14175257731958762
0.028142589118198873 0.14175257731958762
0.028142589118198873 0.14175257731958762
0.028142589118198873 0.14175257731958762
0.028142589118198873 0.14175257731958762
0.028142589118198873 0.14175257731958762
0.028142589118198873 0.14175257731958762
0.028142589118198873 0.14175257731958762
0.035452832727762076 0.14285651575576533
0.035452832727762076 0.14285651575576533
0.035452832727762076 0.14285651575576533
0.035452832727762076 0.14285651575576533
0.033939698072178316 0.14285943504456586
0.033939698072178316 0.14285943504456586
0.033939698072178316 0.14285943504456586
0.033939698072178316 0.14285943504456586
0.03675393172228615 0.14285741398862198
0.03675393172228615 0.14285741398862198
0.03675393172228615 0.14285741398862198
0.03675393172228615 0.14285741398862198
0.35400183453192213 0.14285733867176204
0.35400183453192213 0.14285733867176204
0.3448205869286586 0.14285714285714285
0.3448205869286586 0.14285714285714285
0.3448205869286586 0.14285714285714285
0.3448205869286586 0.14285714285714285
0.3448205869286586 0.14285714285714285
0.3448205869286586 0.14285714285714285
0.3448205869286586 0.14285714285714285
0.3448205869286586 0.14285714285714285
0.3448205869286586 0.14285714285714285
0.3448205869286586 0.14285714285714285
0.3448205869286586 0.14285714285714285
0.3448205869286586 0.14285714285714285
0.3448205869286586 0.14285714285714285
0.3448205869286586 0.14285714285714285
0.3448205869286586 0.14285714285714285
0.3448205869286586 0.14285714285714285
0.35088950756229514 0.14285693421275553
0.35088950756229514 0.14285693421275553
0.35088950756229514 0.14285693421275553
0.35088950756229514 0.14285693421275553
0.35088950756229514 0.14285693421275553
0.35088950756229514 0.14285693421275553
0.35088950756229514 0.14285693421275553
0.35088950756229514 0.14285693421275553
0.35088950756229514 0.14285693421275553
0.35088950756229514 0.14285693421275553
0.35088950756229514 0.14285693421275553
0.35088950756229514 0.14285693421275553
0.35088950756229514 0.14285693421275553
0.35088950756229514 0.14285693421275553
0.35088950756229514 0.14285693421275553
0.35088950756229514 0.14285693421275553
0.35088950756229514 0.14285693421275553
0.35088950756229514 0.14285693421275553
0.35088950756229514 0.14285693421275553
0.35088950756229514 0.14285693421275553
0.3514601219417369 0.1428571020392769
0.3514601219417369 0.1428571020392769
0.3514601219417369 0.1428571020392769
0.3514601219417369 0.1428571020392769
0.3514601219417369 0.1428571020392769
0.3514601219417369 0.1428571020392769
0.3514601219417369 0.1428571020392769
0.3514601219417369 0.1428571020392769
0.3514601219417369 0.1428571020392769
0.3514601219417369 0.1428571020392769
0.3514601219417369 0.1428571020392769
0.3514601219417369 0.1428571020392769
0.3514601219417369 0.1428571020392769
0.3514601219417369 0.1428571020392769
0.0045662100456621 0.15
0.0045662100456621 0.15
0.0045662100456621 0.15
0.0045662100456621 0.15
0.3513822040995966 0.14285724544895048
0.3513822040995966 0.14285724544895048
0.3513822040995966 0.14285724544895048
0.3513822040995966 0.14285724544895048
0.3513822040995966 0.14285724544895048
0.3513822040995966 0.14285724544895048
0.3513822040995966 0.14285724544895048
0.3513822040995966 0.14285724544895048
0.3513822040995966 0.14285724544895048
0.3513822040995966 0.14285724544895048
0.3513822040995966 0.14285724544895048
0.3513822040995966 0.14285724544895048
0.3513822040995966 0.14285724544895048
0.3513822040995966 0.14285724544895048
0.3513822040995966 0.14285724544895048
0.3513822040995966 0.14285724544895048
0.3513822040995966 0.14285724544895048
0.3513822040995966 0.14285724544895048
0.3513822040995966 0.14285724544895048
0.3513822040995966 0.14285724544895048
0.3513822040995966 0.14285724544895048
0.3513822040995966 0.14285724544895048
0.3513822040995966 0.14285724544895048
0.3513822040995966 0.14285724544895048
0.3513822040995966 0.14285724544895048
0.3513822040995966 0.14285724544895048
0.3513822040995966 0.14285724544895048
0.3513822040995966 0.14285724544895048
0.3513822040995966 0.14285724544895048
0.3513822040995966 0.14285724544895048
0.32212965848094866 0.14285693091487423
0.32212965848094866 0.14285693091487423
0.29943469401170053 0.1428544214576904
0.29943469401170053 0.1428544214576904
0.3480634765945164 0.14285705107984709
0.3480634765945164 0.14285705107984709
0.07142857142857142 0.14772727272727273
0.07142857142857142 0.14772727272727273
0.35076695478243286 0.14285714285714285
0.35076695478243286 0.14285714285714285
0.3530648856822503 0.14285727863561104
0.3530648856822503 0.14285727863561104
0.3272004357657364 0.14285706341924542
0.3272004357657364 0.14285706341924542
0.375 0.125
0.375 0.125
0.34199664141240804 0.14285720532686846
0.34199664141240804 0.14285720532686846
0.34199664141240804 0.14285720532686846
0.34199664141240804 0.14285720532686846
0.34199664141240804 0.14285720532686846
0.34199664141240804 0.14285720532686846
0.3602790113488539 0.142857613183176
0.3602790113488539 0.142857613183176
0.19459779179810727 0.14285714285714285
0.19459779179810727 0.14285714285714285
0.35420023014959723 0.14285693950853354
0.35420023014959723 0.14285693950853354
0.2984670874661858 0.14285714285714285
0.2984670874661858 0.14285714285714285
0.2585034013605442 0.14285714285714285
0.2585034013605442 0.14285714285714285
0.3395604395604396 0.14287616511318244
0.3395604395604396 0.14287616511318244
0.35400183453192213 0.14285733867176204
0.35400183453192213 0.14285733867176204
0.5 0.142858192937579
0.5 0.142858192937579
0.5 0.14285721892218273
0.5 0.14285721892218273
0.5 0.14285735071163141
0.5 0.14285735071163141
0.3467815951295622 0.14285696296576128
0.3467815951295622 0.14285696296576128
0.2857142857142857 0.15217391304347827
0.2857142857142857 0.15217391304347827
0.3272004357657364 0.14285706341924542
0.3272004357657364 0.14285706341924542
0.35420023014959723 0.14285693950853354
0.35420023014959723 0.14285693950853354
0.3411476093051451 0.14285718047276671
0.3411476093051451 0.14285718047276671
0.3443430780965615 0.14285703571819627
0.3443430780965615 0.14285703571819627
0.34418667001644265 0.14285714285714285
0.34418667001644265 0.14285714285714285
0.25 0.1388888888888889
0.25 0.1388888888888889
0.3150684931506849 0.1388888888888889
0.3150684931506849 0.1388888888888889
0.3272004357657364 0.14285706341924542
0.3272004357657364 0.14285706341924542
0.36657149603932765 0.14285543063978715
0.36657149603932765 0.14285543063978715
0.3411476093051451 0.14285718047276671
0.3411476093051451 0.14285718047276671
0.16666666666666666 0.14285714285714285
0.16666666666666666 0.14285714285714285
0.25 0.16666666666666666
0.25 0.16666666666666666
0.35420023014959723 0.14285693950853354
0.35420023014959723 0.14285693950853354
0.3621013133208255 0.14304123711340205
0.3621013133208255 0.14304123711340205
0.3621013133208255 0.14304123711340205
0.3621013133208255 0.14304123711340205
0.3602790113488539 0.142857613183176
0.3602790113488539 0.142857613183176
0.36856103374733407 0.1428554237165756
0.36856103374733407 0.1428554237165756
0.35420023014959723 0.14285693950853354
0.35420023014959723 0.14285693950853354