7.561542026034424e-07 3.9551829331587715e-07
7.561542026034424e-07 3.9551829331587715e-07
7.561542026034424e-07 3.9551829331587715e-07
7.561542026034424e-07 3.9551829331587715e-07
7.561542026034424e-07 3.9551829331587715e-07
7.561542026034424e-07 3.9551829331587715e-07
7.561542026034424e-07 3.9551829331587715e-07
7.561542026034424e-07 3.9551829331587715e-07
7.561542026034424e-07 3.9551829331587715e-07
7.561542026034424e-07 3.9551829331587715e-07
7.561542026034424e-07 3.9551829331587715e-07
7.561542026034424e-07 3.9551829331587715e-07
3.5180824835944195e-07 3.9551829331587715e-07
3.5180824835944195e-07 3.9551829331587715e-07
3.5180824835944195e-07 3.9551829331587715e-07
3.5180824835944195e-07 3.9551829331587715e-07
3.5180824835944195e-07 3.9551829331587715e-07
3.5180824835944195e-07 3.9551829331587715e-07
3.5180824835944195e-07 3.9551829331587715e-07
3.5180824835944195e-07 3.9551829331587715e-07
7.561542026034424e-07 3.9551829331587715e-07
7.561542026034424e-07 3.9551829331587715e-07
7.276086976969165e-07 3.955180365110825e-07
8.194956135231132e-07 3.9551829331587715e-07
8.194956135231132e-07 3.9551829331587715e-07
8.194956135231132e-07 3.9551829331587715e-07
8.194956135231132e-07 3.9551829331587715e-07
2.1380074177978069e-07 3.9551829331587715e-07
2.1380074177978069e-07 3.9551829331587715e-07