3.955208059764776e-07 3.9551814657032373e-07
3.955208059764776e-07 3.9551814657032373e-07
3.955208059764776e-07 3.9551814657032373e-07
3.955208059764776e-07 3.9551814657032373e-07
3.955208059764776e-07 3.9551814657032373e-07
3.955208059764776e-07 3.9551814657032373e-07
3.955208059764776e-07 3.9551814657032373e-07
3.955208059764776e-07 3.9551814657032373e-07
3.955208059764776e-07 3.9551814657032373e-07
3.955208059764776e-07 3.9551814657032373e-07
3.955208059764776e-07 3.9551814657032373e-07
3.955208059764776e-07 3.9551814657032373e-07
3.955208059764776e-07 3.9551814657032373e-07
3.955208059764776e-07 3.9551814657032373e-07
3.955208059764776e-07 3.9551814657032373e-07
3.955208059764776e-07 3.9551814657032373e-07
3.955208059764776e-07 3.9551814657032373e-07
3.955208059764776e-07 3.9551814657032373e-07
3.955208059764776e-07 3.9551814657032373e-07
3.955208059764776e-07 3.9551814657032373e-07
3.955208059764776e-07 3.9551814657032373e-07
3.955208059764776e-07 3.9551814657032373e-07
3.955208059764776e-07 3.9551814657032373e-07
3.955208059764776e-07 3.9551814657032373e-07
3.955208059764776e-07 3.9551814657032373e-07
3.955208059764776e-07 3.9551814657032373e-07
3.955208059764776e-07 3.9551814657032373e-07
3.955208059764776e-07 3.9551814657032373e-07
3.955208059764776e-07 3.9551814657032373e-07
3.955208059764776e-07 3.9551814657032373e-07
3.955208059764776e-07 3.9551814657032373e-07
3.955208059764776e-07 3.9551814657032373e-07
3.955208059764776e-07 3.9551814657032373e-07
3.955208059764776e-07 3.9551814657032373e-07
3.955208059764776e-07 3.9551814657032373e-07
3.955208059764776e-07 3.9551814657032373e-07
3.955208059764776e-07 3.9551814657032373e-07
3.955208059764776e-07 3.9551814657032373e-07
3.955208059764776e-07 3.9551814657032373e-07
3.955208059764776e-07 3.9551814657032373e-07
3.955208059764776e-07 3.9551814657032373e-07
3.955208059764776e-07 3.9551814657032373e-07
3.955208059764776e-07 3.9551814657032373e-07
3.955208059764776e-07 3.9551814657032373e-07
3.955208059764776e-07 3.9551814657032373e-07
3.955208059764776e-07 3.9551814657032373e-07
3.955208059764776e-07 3.9551814657032373e-07
3.955208059764776e-07 3.9551814657032373e-07
1.5820865320701304e-06 5.214486696622311e-06
1.5820865320701304e-06 5.214486696622311e-06
1.9775206183496415e-07 9.851997469115337e-06
3.955208059764776e-07 4.4180354725388934e-07
1.977604029882388e-07 2.157371708565402e-07
1.5820865320701304e-06 5.214486696622311e-06
1.5820865320701304e-06 5.214486696622311e-06
1.5820865320701304e-06 5.214486696622311e-06
1.5820865320701304e-06 5.214486696622311e-06
1.5820865320701304e-06 5.214486696622311e-06
1.5820865320701304e-06 5.214486696622311e-06
1.9975798281640283e-07 2.157371708565402e-07
3.955208059764776e-07 7.356615499659424e-07
3.955208059764776e-07 7.356615499659424e-07
3.955208059764776e-07 7.356615499659424e-07
3.955208059764776e-07 7.356615499659424e-07
1.977604029882388e-07 5.393429271413505e-06
1.977604029882388e-07 5.393429271413505e-06
1.977604029882388e-07 5.393429271413505e-06