3.543500197496911e-07 3.955192341789479e-07
2.4227844933702325e-07 3.955181441243304e-07
2.4227844933702325e-07 3.955181441243304e-07
2.4227844933702325e-07 3.955181441243304e-07
2.4227844933702325e-07 3.955181441243304e-07
2.4227844933702325e-07 3.955181441243304e-07
2.4227844933702325e-07 3.955181441243304e-07
2.4227844933702325e-07 3.955181441243304e-07
2.4227844933702325e-07 3.955181441243304e-07
3.0409798943113383e-07 3.955182381540715e-07
3.0409798943113383e-07 3.955182381540715e-07
3.0409798943113383e-07 3.955182381540715e-07
3.0409798943113383e-07 3.955182381540715e-07
3.0409798943113383e-07 3.955182381540715e-07
3.0409798943113383e-07 3.955182381540715e-07
3.0409798943113383e-07 3.955182381540715e-07
3.0409798943113383e-07 3.955182381540715e-07
3.0409798943113383e-07 3.955182381540715e-07
3.0409798943113383e-07 3.955182381540715e-07
3.736350385666944e-07 3.9551823950873376e-07
3.736350385666944e-07 3.9551823950873376e-07
3.736350385666944e-07 3.9551823950873376e-07
3.736350385666944e-07 3.9551823950873376e-07
3.736350385666944e-07 3.9551823950873376e-07
3.736350385666944e-07 3.9551823950873376e-07
3.736350385666944e-07 3.9551823950873376e-07
4.4102461024935196e-09 3.8645476063958265e-07
4.4102461024935196e-09 3.8645476063958265e-07
3.430830595037559e-07 3.955186013869452e-07
3.430830595037559e-07 3.955186013869452e-07
3.430830595037559e-07 3.955186013869452e-07
3.430830595037559e-07 3.955186013869452e-07
3.430830595037559e-07 3.955186013869452e-07
3.430830595037559e-07 3.955186013869452e-07
3.430830595037559e-07 3.955186013869452e-07
3.430830595037559e-07 3.955186013869452e-07
3.430830595037559e-07 3.955186013869452e-07
3.430830595037559e-07 3.955186013869452e-07
3.430830595037559e-07 3.955186013869452e-07
3.430830595037559e-07 3.955186013869452e-07
3.430830595037559e-07 3.955186013869452e-07
3.430830595037559e-07 3.955186013869452e-07
3.430830595037559e-07 3.955186013869452e-07
5.398386719919626e-07 3.955204552669376e-07
5.517366592831802e-07 3.955295101655296e-07
4.303042781130005e-07 3.9551851452983265e-07
1.9316877928921614e-06 3.9523782338139133e-07
3.147417626456181e-07 3.955182690182573e-07
3.3038989848419493e-07 3.955183948093199e-07
5.09024991631139e-07 3.9551899274333195e-07
7.512119194580629e-07 4.830684507994783e-07
4.0859181646608216e-07 3.955183117937095e-07
4.0859181646608216e-07 3.955183117937095e-07
4.0859181646608216e-07 3.955183117937095e-07
3.74930089958944e-07 3.9551705865844806e-07
6.626846923565381e-07 3.9540738057717915e-07
3.872933994886091e-07 3.9551849698922446e-07
3.4923661178979116e-07 3.9551873157142784e-07
4.467849316893435e-07 3.9551873157142784e-07
3.8633755857843233e-07 3.957173248093729e-07
3.543500197496911e-07 3.955192341789479e-07
7.10743358187738e-08 3.9550510367123205e-07
3.5539851773957283e-07 3.9551851220055637e-07
3.47887667793316e-07 3.955193490053631e-07
2.8420745345168593e-07 3.955184151003286e-07
8.278661969537836e-07 4.2005952243432893e-07
5.09024991631139e-07 3.9551899274333195e-07
3.872933994886091e-07 3.9551849698922446e-07
4.433716925180185e-07 3.955178637065377e-07
2.741910417026029e-07 3.955171804530183e-07
2.5943125991245126e-07 3.95517866118894e-07
1.4487658446691213e-06 3.75719906177372e-07
4.7630657906930015e-07 3.75719906177372e-07
5.09024991631139e-07 3.9551899274333195e-07
4.491361759615096e-07 3.9551468239583334e-07
4.433716925180185e-07 3.955178637065377e-07
1.2877918619281078e-06 2.76039114742559e-07
1.9316877928921614e-06 6.440912677326377e-07
3.872933994886091e-07 3.9551849698922446e-07
4.2402902770803546e-07 3.934268826098844e-07
4.2402902770803546e-07 3.934268826098844e-07
3.74930089958944e-07 3.9551705865844806e-07
3.459799613999552e-07 3.955172111225425e-07
3.872933994886091e-07 3.9551849698922446e-07
6.086931331484294e-09 6.6902934082622215e-09
4.142860871327651e-09 6.6910224401568475e-09
4.142860871327651e-09 6.6910224401568475e-09
4.142860871327651e-09 6.6910224401568475e-09
4.142860871327651e-09 6.6910224401568475e-09
4.142860871327651e-09 6.6910224401568475e-09
4.142860871327651e-09 6.6910224401568475e-09
4.142860871327651e-09 6.6910224401568475e-09
4.142860871327651e-09 6.6910224401568475e-09
5.200521868673661e-09 6.690274015344884e-09
5.200521868673661e-09 6.690274015344884e-09
5.200521868673661e-09 6.690274015344884e-09
5.200521868673661e-09 6.690274015344884e-09
5.200521868673661e-09 6.690274015344884e-09
5.200521868673661e-09 6.690274015344884e-09
5.200521868673661e-09 6.690274015344884e-09
5.200521868673661e-09 6.690274015344884e-09
5.200521868673661e-09 6.690274015344884e-09
5.200521868673661e-09 6.690274015344884e-09
6.456512423584918e-09 6.689232108052622e-09
6.456512423584918e-09 6.689232108052622e-09
6.456512423584918e-09 6.689232108052622e-09
6.456512423584918e-09 6.689232108052622e-09
6.456512423584918e-09 6.689232108052622e-09
6.456512423584918e-09 6.689232108052622e-09
6.456512423584918e-09 6.689232108052622e-09
4.4102461024935196e-09 9.661369015989566e-08
4.4102461024935196e-09 9.661369015989566e-08
5.8672730660945465e-09 6.689852145355764e-09
5.8672730660945465e-09 6.689852145355764e-09
5.8672730660945465e-09 6.689852145355764e-09
5.8672730660945465e-09 6.689852145355764e-09
5.8672730660945465e-09 6.689852145355764e-09
5.8672730660945465e-09 6.689852145355764e-09
5.8672730660945465e-09 6.689852145355764e-09
5.8672730660945465e-09 6.689852145355764e-09
5.8672730660945465e-09 6.689852145355764e-09
5.8672730660945465e-09 6.689852145355764e-09
5.8672730660945465e-09 6.689852145355764e-09
5.8672730660945465e-09 6.689852145355764e-09
5.8672730660945465e-09 6.689852145355764e-09
5.8672730660945465e-09 6.689852145355764e-09
5.8672730660945465e-09 6.689852145355764e-09
8.120009476685669e-09 6.690909201949934e-09
7.136058237069578e-09 6.699314820398906e-09
7.204727557561709e-09 6.689753980682795e-09
2.759553989845945e-07 4.391531370904348e-08
5.399857291158515e-09 6.6889043066660125e-09
5.522067575449537e-09 6.688635849850684e-09
7.647572806127343e-09 6.689652569694557e-09
5.365799424700449e-08 4.830684507994783e-07
6.5721964753135075e-09 6.689550695208406e-09
6.5721964753135075e-09 6.689550695208406e-09
6.5721964753135075e-09 6.689550695208406e-09
6.602727753930952e-09 6.688152366038373e-09
1.371071777289389e-08 7.460516614663758e-09
6.66495270313195e-09 6.689158446994393e-09
8.709142438648158e-10 8.239973574404747e-09
6.570366642490345e-09 8.239973574404747e-09
1.2736403030058208e-08 6.689629678181857e-09
6.086931331484294e-09 6.6902934082622215e-09
1.981363403948294e-10 6.675551200369139e-09
4.112639048089882e-09 6.689578715202893e-09
4.058308264830707e-09 6.688374084173346e-09
4.722796507744116e-09 6.688855332239133e-09
2.759553989845945e-07 8.401190448686578e-08
7.647572806127343e-09 6.689652569694557e-09
6.66495270313195e-09 6.689158446994393e-09
7.0757236105440294e-09 6.689515590928403e-09
4.589496345856329e-09 6.689287747668386e-09
4.346006894796274e-09 6.690056267917813e-09
2.414609741115202e-07 5.3674272311053145e-08
2.6461476614961117e-08 5.3674272311053145e-08
7.647572806127343e-09 6.689652569694557e-09
7.630048599106063e-09 6.669881047546551e-09
7.0757236105440294e-09 6.689515590928403e-09
6.438959309640539e-07 2.76039114742559e-07
9.658438964460807e-07 6.440912677326377e-07
6.66495270313195e-09 6.689158446994393e-09
1.087253917200091e-08 4.980087121644106e-09
1.087253917200091e-08 4.980087121644106e-09
6.602727753930952e-09 6.688152366038373e-09
6.268513893214224e-09 6.696850168728477e-09
6.66495270313195e-09 6.689158446994393e-09
5.691267310375716e-07 6.162750795016906e-07
3.767586724066555e-07 6.162776058245347e-07
3.767586724066555e-07 6.162776058245347e-07
3.767586724066555e-07 6.162776058245347e-07
3.767586724066555e-07 6.162776058245347e-07
3.767586724066555e-07 6.162776058245347e-07
3.767586724066555e-07 6.162776058245347e-07
3.767586724066555e-07 6.162776058245347e-07
3.767586724066555e-07 6.162776058245347e-07
4.830668839260177e-07 6.162765852121487e-07
4.830668839260177e-07 6.162765852121487e-07
4.830668839260177e-07 6.162765852121487e-07
4.830668839260177e-07 6.162765852121487e-07
4.830668839260177e-07 6.162765852121487e-07
4.830668839260177e-07 6.162765852121487e-07
4.830668839260177e-07 6.162765852121487e-07
4.830668839260177e-07 6.162765852121487e-07
4.830668839260177e-07 6.162765852121487e-07
4.830668839260177e-07 6.162765852121487e-07
5.923866715126735e-07 6.162761494517065e-07
5.923866715126735e-07 6.162761494517065e-07
5.923866715126735e-07 6.162761494517065e-07
5.923866715126735e-07 6.162761494517065e-07
5.923866715126735e-07 6.162761494517065e-07
5.923866715126735e-07 6.162761494517065e-07
5.923866715126735e-07 6.162761494517065e-07
4.4102461024935196e-09 5.796821409593739e-07
4.4102461024935196e-09 5.796821409593739e-07
5.469749934550215e-07 6.162767839425058e-07
5.469749934550215e-07 6.162767839425058e-07
5.469749934550215e-07 6.162767839425058e-07
5.469749934550215e-07 6.162767839425058e-07
5.469749934550215e-07 6.162767839425058e-07
5.469749934550215e-07 6.162767839425058e-07
5.469749934550215e-07 6.162767839425058e-07
5.469749934550215e-07 6.162767839425058e-07
5.469749934550215e-07 6.162767839425058e-07
5.469749934550215e-07 6.162767839425058e-07
5.469749934550215e-07 6.162767839425058e-07
5.469749934550215e-07 6.162767839425058e-07
5.469749934550215e-07 6.162767839425058e-07
5.469749934550215e-07 6.162767839425058e-07
5.469749934550215e-07 6.162767839425058e-07
8.281330783841361e-07 6.162745915160192e-07
8.408866916222343e-07 6.162878842472459e-07
6.79752758157487e-07 6.162766717762131e-07
3.3114647878151344e-06 6.148143919266088e-07
5.01138838432283e-07 6.162762152978994e-07
5.288566232337589e-07 6.162764353627114e-07
7.785059406284101e-07 6.162753786024976e-07
9.658438964460807e-07 4.830684507994783e-07
6.385021468268566e-07 6.16276019616487e-07
6.385021468268566e-07 6.16276019616487e-07
6.385021468268566e-07 6.16276019616487e-07
6.058782563966365e-07 6.162769794633912e-07
1.2408199584468971e-06 6.192228790170919e-07
6.210205832900749e-07 6.1627539494716e-07
5.565142018296174e-07 6.179980180803561e-07
7.293106973164283e-07 6.179980180803561e-07
5.858745393826776e-07 6.164751041893742e-07
5.691267310375716e-07 6.162750795016906e-07
9.326560594299469e-08 6.162812054979085e-07
4.733533304377896e-07 6.162766675010261e-07
4.631101519308806e-07 6.162750536978285e-07
4.489857743597821e-07 6.16274973022504e-07
1.3797769949229725e-06 5.880833314080605e-07
7.785059406284101e-07 6.162753786024976e-07
6.210205832900749e-07 6.1627539494716e-07
6.929970412940825e-07 6.162759484935097e-07
4.305752849585173e-07 6.162752693457417e-07
4.0521806119839225e-07 6.162752266302405e-07
1.4487658446691213e-06 5.904169954215846e-07
8.99690204908678e-07 5.904169954215846e-07
7.785059406284101e-07 6.162753786024976e-07
7.135754146381366e-07 6.1626921762227e-07
6.929970412940825e-07 6.162759484935097e-07
1.2877918619281078e-06 5.52078229485118e-07
1.9316877928921614e-06 6.440912677326377e-07
6.210205832900749e-07 6.1627539494716e-07
6.668490692160558e-07 6.175308030838691e-07
6.668490692160558e-07 6.175308030838691e-07
6.058782563966365e-07 6.162769794633912e-07
5.566052594046815e-07 6.162807371708347e-07
6.210205832900749e-07 6.1627539494716e-07
4.366301207653111e-08 4.174944378243761e-08
4.366301207653111e-08 4.174944378243761e-08
4.366301207653111e-08 4.174944378243761e-08
3.2220607229028026e-08 4.175001207880221e-08
3.2220607229028026e-08 4.175001207880221e-08
3.2220607229028026e-08 4.175001207880221e-08
3.2220607229028026e-08 4.175001207880221e-08
3.2220607229028026e-08 4.175001207880221e-08
3.2220607229028026e-08 4.175001207880221e-08
3.2220607229028026e-08 4.175001207880221e-08
3.2220607229028026e-08 4.175001207880221e-08
3.2220607229028026e-08 4.175001207880221e-08
3.2220607229028026e-08 4.175001207880221e-08
3.2220607229028026e-08 4.175001207880221e-08
3.2220607229028026e-08 4.175001207880221e-08
3.2220607229028026e-08 4.175001207880221e-08
3.2220607229028026e-08 4.175001207880221e-08
3.2220607229028026e-08 4.175001207880221e-08
3.2220607229028026e-08 4.175001207880221e-08
3.2220607229028026e-08 4.175001207880221e-08
3.2220607229028026e-08 4.175001207880221e-08
3.2220607229028026e-08 4.175001207880221e-08
3.2220607229028026e-08 4.175001207880221e-08
3.2220607229028026e-08 4.175001207880221e-08
3.2220607229028026e-08 4.175001207880221e-08
3.2220607229028026e-08 4.175001207880221e-08
3.2220607229028026e-08 4.175001207880221e-08
3.8533826504737805e-08 4.1750244846602454e-08
3.8533826504737805e-08 4.1750244846602454e-08
3.8533826504737805e-08 4.1750244846602454e-08
3.8533826504737805e-08 4.1750244846602454e-08
3.8533826504737805e-08 4.1750244846602454e-08
3.8533826504737805e-08 4.1750244846602454e-08
3.8533826504737805e-08 4.1750244846602454e-08
3.8533826504737805e-08 4.1750244846602454e-08
3.8533826504737805e-08 4.1750244846602454e-08
3.8533826504737805e-08 4.1750244846602454e-08
3.8533826504737805e-08 4.1750244846602454e-08
3.8533826504737805e-08 4.1750244846602454e-08
3.8533826504737805e-08 4.1750244846602454e-08
3.8533826504737805e-08 4.1750244846602454e-08
3.8533826504737805e-08 4.1750244846602454e-08
3.8533826504737805e-08 4.1750244846602454e-08
3.8533826504737805e-08 4.1750244846602454e-08
3.8533826504737805e-08 4.1750244846602454e-08
3.8533826504737805e-08 4.1750244846602454e-08
3.8533826504737805e-08 4.1750244846602454e-08
3.8533826504737805e-08 4.1750244846602454e-08
3.8533826504737805e-08 4.1750244846602454e-08
3.8533826504737805e-08 4.1750244846602454e-08
3.8533826504737805e-08 4.1750244846602454e-08
3.8533826504737805e-08 4.1750244846602454e-08
3.8533826504737805e-08 4.1750244846602454e-08
3.8533826504737805e-08 4.1750244846602454e-08
3.8533826504737805e-08 4.1750244846602454e-08
3.8533826504737805e-08 4.1750244846602454e-08
3.8533826504737805e-08 4.1750244846602454e-08
4.297236433275155e-08 4.174973027492071e-08
4.297236433275155e-08 4.174973027492071e-08
4.297236433275155e-08 4.174973027492071e-08
4.297236433275155e-08 4.174973027492071e-08
4.297236433275155e-08 4.174973027492071e-08
4.297236433275155e-08 4.174973027492071e-08
4.297236433275155e-08 4.174973027492071e-08
4.297236433275155e-08 4.174973027492071e-08
4.297236433275155e-08 4.174973027492071e-08
4.297236433275155e-08 4.174973027492071e-08
4.297236433275155e-08 4.174973027492071e-08
4.297236433275155e-08 4.174973027492071e-08
4.297236433275155e-08 4.174973027492071e-08
4.297236433275155e-08 4.174973027492071e-08
4.297236433275155e-08 4.174973027492071e-08
4.297236433275155e-08 4.174973027492071e-08
4.297236433275155e-08 4.174973027492071e-08
4.297236433275155e-08 4.174973027492071e-08
4.297236433275155e-08 4.174973027492071e-08
4.297236433275155e-08 4.174973027492071e-08
4.297236433275155e-08 4.174973027492071e-08
4.4102461024935196e-09 9.661369015989566e-08
4.4102461024935196e-09 9.661369015989566e-08
4.4102461024935196e-09 9.661369015989566e-08
4.4102461024935196e-09 9.661369015989566e-08
4.4102461024935196e-09 9.661369015989566e-08
4.4102461024935196e-09 9.661369015989566e-08
4.1718325054082654e-08 4.1750172474034195e-08
4.1718325054082654e-08 4.1750172474034195e-08
4.1718325054082654e-08 4.1750172474034195e-08
4.1718325054082654e-08 4.1750172474034195e-08
4.1718325054082654e-08 4.1750172474034195e-08
4.1718325054082654e-08 4.1750172474034195e-08
4.1718325054082654e-08 4.1750172474034195e-08
4.1718325054082654e-08 4.1750172474034195e-08
4.1718325054082654e-08 4.1750172474034195e-08
4.1718325054082654e-08 4.1750172474034195e-08
4.1718325054082654e-08 4.1750172474034195e-08
4.1718325054082654e-08 4.1750172474034195e-08
4.1718325054082654e-08 4.1750172474034195e-08
4.1718325054082654e-08 4.1750172474034195e-08
4.1718325054082654e-08 4.1750172474034195e-08
4.1718325054082654e-08 4.1750172474034195e-08
4.1718325054082654e-08 4.1750172474034195e-08
4.1718325054082654e-08 4.1750172474034195e-08
4.1718325054082654e-08 4.1750172474034195e-08
4.1718325054082654e-08 4.1750172474034195e-08
4.1718325054082654e-08 4.1750172474034195e-08
4.1718325054082654e-08 4.1750172474034195e-08
4.1718325054082654e-08 4.1750172474034195e-08
4.1718325054082654e-08 4.1750172474034195e-08
4.1718325054082654e-08 4.1750172474034195e-08
4.1718325054082654e-08 4.1750172474034195e-08
4.1718325054082654e-08 4.1750172474034195e-08
4.1718325054082654e-08 4.1750172474034195e-08
4.1718325054082654e-08 4.1750172474034195e-08
4.1718325054082654e-08 4.1750172474034195e-08
4.1718325054082654e-08 4.1750172474034195e-08
4.1718325054082654e-08 4.1750172474034195e-08
4.1718325054082654e-08 4.1750172474034195e-08
4.1718325054082654e-08 4.1750172474034195e-08
4.1718325054082654e-08 4.1750172474034195e-08
4.1718325054082654e-08 4.1750172474034195e-08
4.1718325054082654e-08 4.1750172474034195e-08
4.1718325054082654e-08 4.1750172474034195e-08
4.1718325054082654e-08 4.1750172474034195e-08
4.1718325054082654e-08 4.1750172474034195e-08
4.1718325054082654e-08 4.1750172474034195e-08
4.1718325054082654e-08 4.1750172474034195e-08
4.1718325054082654e-08 4.1750172474034195e-08
4.1718325054082654e-08 4.1750172474034195e-08
4.1718325054082654e-08 4.1750172474034195e-08
4.710741162138763e-08 4.1750814746014926e-08
4.710741162138763e-08 4.1750814746014926e-08
4.710741162138763e-08 4.1750814746014926e-08
4.294332554763223e-08 4.17418846501778e-08
4.294332554763223e-08 4.17418846501778e-08
4.294332554763223e-08 4.17418846501778e-08
4.60869111636238e-08 4.1749824805775425e-08
4.60869111636238e-08 4.1749824805775425e-08
4.60869111636238e-08 4.1749824805775425e-08
2.759553989845945e-07 4.391531370904348e-08
2.759553989845945e-07 4.391531370904348e-08
2.759553989845945e-07 4.391531370904348e-08
3.961929519760895e-08 4.1750126263151644e-08
3.961929519760895e-08 4.1750126263151644e-08
3.961929519760895e-08 4.1750126263151644e-08
4.089569417916482e-08 4.175163300672857e-08
4.089569417916482e-08 4.175163300672857e-08
4.089569417916482e-08 4.175163300672857e-08
4.342039395168224e-08 4.174962098426787e-08
4.342039395168224e-08 4.174962098426787e-08
4.342039395168224e-08 4.174962098426787e-08
5.365799424700449e-08 4.830684507994783e-07
5.365799424700449e-08 4.830684507994783e-07
5.365799424700449e-08 4.830684507994783e-07
4.2388218104916504e-08 4.1750333383976576e-08
4.2388218104916504e-08 4.1750333383976576e-08
4.2388218104916504e-08 4.1750333383976576e-08
4.2388218104916504e-08 4.1750333383976576e-08
4.2388218104916504e-08 4.1750333383976576e-08
4.2388218104916504e-08 4.1750333383976576e-08
4.2388218104916504e-08 4.1750333383976576e-08
4.2388218104916504e-08 4.1750333383976576e-08
4.2388218104916504e-08 4.1750333383976576e-08
4.593314937478737e-08 4.1748999296944666e-08
4.593314937478737e-08 4.1748999296944666e-08
4.593314937478737e-08 4.1748999296944666e-08
6.855358886446946e-08 4.4763099687982544e-08
6.855358886446946e-08 4.4763099687982544e-08
6.855358886446946e-08 4.4763099687982544e-08
4.561176498310673e-08 4.175039711612263e-08
4.561176498310673e-08 4.175039711612263e-08
4.561176498310673e-08 4.175039711612263e-08
2.4385598828214845e-08 4.1199867872023734e-08
2.4385598828214845e-08 4.1199867872023734e-08
2.4385598828214845e-08 4.1199867872023734e-08
3.285183321245173e-08 4.1199867872023734e-08
3.285183321245173e-08 4.1199867872023734e-08
3.285183321245173e-08 4.1199867872023734e-08
5.51910797969189e-08 4.1681538764056184e-08
5.51910797969189e-08 4.1681538764056184e-08
5.51910797969189e-08 4.1681538764056184e-08
4.366301207653111e-08 4.174944378243761e-08
4.366301207653111e-08 4.174944378243761e-08
4.366301207653111e-08 4.174944378243761e-08
4.472220254626149e-09 4.1757703253372916e-08
4.472220254626149e-09 4.1757703253372916e-08
4.472220254626149e-09 4.1757703253372916e-08
4.4253709757050503e-08 4.175070813025736e-08
4.4253709757050503e-08 4.175070813025736e-08
4.4253709757050503e-08 4.175070813025736e-08
4.4571660530580546e-08 4.174962385454989e-08
4.4571660530580546e-08 4.174962385454989e-08
4.4571660530580546e-08 4.174962385454989e-08
3.6186766151098816e-08 4.175120721931295e-08
3.6186766151098816e-08 4.175120721931295e-08
3.6186766151098816e-08 4.175120721931295e-08
2.759553989845945e-07 8.401190448686578e-08
2.759553989845945e-07 8.401190448686578e-08
2.759553989845945e-07 8.401190448686578e-08
4.342039395168224e-08 4.174962098426787e-08
4.342039395168224e-08 4.174962098426787e-08
4.342039395168224e-08 4.174962098426787e-08
4.561176498310673e-08 4.175039711612263e-08
4.561176498310673e-08 4.175039711612263e-08
4.561176498310673e-08 4.175039711612263e-08
4.449136940576242e-08 4.174994450565888e-08
4.449136940576242e-08 4.174994450565888e-08
4.449136940576242e-08 4.174994450565888e-08
3.5365089134217775e-08 4.175008232459406e-08
3.5365089134217775e-08 4.175008232459406e-08
3.5365089134217775e-08 4.175008232459406e-08
3.368879677949579e-08 4.174943023099307e-08
3.368879677949579e-08 4.174943023099307e-08
3.368879677949579e-08 4.174943023099307e-08
4.829219482230404e-07 5.3674272311053145e-08
4.829219482230404e-07 5.3674272311053145e-08
4.829219482230404e-07 5.3674272311053145e-08
1.0584590645984447e-07 5.3674272311053145e-08
1.0584590645984447e-07 5.3674272311053145e-08
1.0584590645984447e-07 5.3674272311053145e-08
4.342039395168224e-08 4.174962098426787e-08
4.342039395168224e-08 4.174962098426787e-08
4.342039395168224e-08 4.174962098426787e-08
4.3250764613410996e-08 4.1733075165551684e-08
4.3250764613410996e-08 4.1733075165551684e-08
4.3250764613410996e-08 4.1733075165551684e-08
4.449136940576242e-08 4.174994450565888e-08
4.449136940576242e-08 4.174994450565888e-08
4.449136940576242e-08 4.174994450565888e-08
6.438959309640539e-07 2.76039114742559e-07
6.438959309640539e-07 2.76039114742559e-07
6.438959309640539e-07 2.76039114742559e-07
9.658438964460807e-07 6.440912677326377e-07
9.658438964460807e-07 6.440912677326377e-07
9.658438964460807e-07 6.440912677326377e-07
4.561176498310673e-08 4.175039711612263e-08
4.561176498310673e-08 4.175039711612263e-08
4.561176498310673e-08 4.175039711612263e-08
2.8993437792002425e-08 3.9840696973152846e-08
2.8993437792002425e-08 3.9840696973152846e-08
2.8993437792002425e-08 3.9840696973152846e-08
2.8993437792002425e-08 3.9840696973152846e-08
2.8993437792002425e-08 3.9840696973152846e-08
2.8993437792002425e-08 3.9840696973152846e-08
4.593314937478737e-08 4.1748999296944666e-08
4.593314937478737e-08 4.1748999296944666e-08
4.593314937478737e-08 4.1748999296944666e-08
4.3524166052368864e-08 4.1746799778670806e-08
4.3524166052368864e-08 4.1746799778670806e-08
4.3524166052368864e-08 4.1746799778670806e-08
4.561176498310673e-08 4.175039711612263e-08
4.561176498310673e-08 4.175039711612263e-08
4.561176498310673e-08 4.175039711612263e-08
1.4212189069851986e-07 1.454013173106807e-07
1.4212189069851986e-07 1.454013173106807e-07
1.0760587915550796e-07 1.4540182146793785e-07
1.0760587915550796e-07 1.4540182146793785e-07
1.0760587915550796e-07 1.4540182146793785e-07
1.0760587915550796e-07 1.4540182146793785e-07
1.0760587915550796e-07 1.4540182146793785e-07
1.0760587915550796e-07 1.4540182146793785e-07
1.0760587915550796e-07 1.4540182146793785e-07
1.0760587915550796e-07 1.4540182146793785e-07
1.0760587915550796e-07 1.4540182146793785e-07
1.0760587915550796e-07 1.4540182146793785e-07
1.0760587915550796e-07 1.4540182146793785e-07
1.0760587915550796e-07 1.4540182146793785e-07
1.0760587915550796e-07 1.4540182146793785e-07
1.0760587915550796e-07 1.4540182146793785e-07
1.0760587915550796e-07 1.4540182146793785e-07
1.0760587915550796e-07 1.4540182146793785e-07
1.262256479521969e-07 1.4540057557027521e-07
1.262256479521969e-07 1.4540057557027521e-07
1.262256479521969e-07 1.4540057557027521e-07
1.262256479521969e-07 1.4540057557027521e-07
1.262256479521969e-07 1.4540057557027521e-07
1.262256479521969e-07 1.4540057557027521e-07
1.262256479521969e-07 1.4540057557027521e-07
1.262256479521969e-07 1.4540057557027521e-07
1.262256479521969e-07 1.4540057557027521e-07
1.262256479521969e-07 1.4540057557027521e-07
1.262256479521969e-07 1.4540057557027521e-07
1.262256479521969e-07 1.4540057557027521e-07
1.262256479521969e-07 1.4540057557027521e-07
1.262256479521969e-07 1.4540057557027521e-07
1.262256479521969e-07 1.4540057557027521e-07
1.262256479521969e-07 1.4540057557027521e-07
1.262256479521969e-07 1.4540057557027521e-07
1.262256479521969e-07 1.4540057557027521e-07
1.262256479521969e-07 1.4540057557027521e-07
1.262256479521969e-07 1.4540057557027521e-07
1.4815299393591777e-07 1.45400806204749e-07
1.4815299393591777e-07 1.45400806204749e-07
1.4815299393591777e-07 1.45400806204749e-07
1.4815299393591777e-07 1.45400806204749e-07
1.4815299393591777e-07 1.45400806204749e-07
1.4815299393591777e-07 1.45400806204749e-07
1.4815299393591777e-07 1.45400806204749e-07
1.4815299393591777e-07 1.45400806204749e-07
1.4815299393591777e-07 1.45400806204749e-07
1.4815299393591777e-07 1.45400806204749e-07
1.4815299393591777e-07 1.45400806204749e-07
1.4815299393591777e-07 1.45400806204749e-07
1.4815299393591777e-07 1.45400806204749e-07
1.4815299393591777e-07 1.45400806204749e-07
4.4102461024935196e-09 1.9322738031979132e-07
4.4102461024935196e-09 1.9322738031979132e-07
4.4102461024935196e-09 1.9322738031979132e-07
4.4102461024935196e-09 1.9322738031979132e-07
1.387520588835786e-07 1.4540055745585307e-07
1.387520588835786e-07 1.4540055745585307e-07
1.387520588835786e-07 1.4540055745585307e-07
1.387520588835786e-07 1.4540055745585307e-07
1.387520588835786e-07 1.4540055745585307e-07
1.387520588835786e-07 1.4540055745585307e-07
1.387520588835786e-07 1.4540055745585307e-07
1.387520588835786e-07 1.4540055745585307e-07
1.387520588835786e-07 1.4540055745585307e-07
1.387520588835786e-07 1.4540055745585307e-07
1.387520588835786e-07 1.4540055745585307e-07
1.387520588835786e-07 1.4540055745585307e-07
1.387520588835786e-07 1.4540055745585307e-07
1.387520588835786e-07 1.4540055745585307e-07
1.387520588835786e-07 1.4540055745585307e-07
1.387520588835786e-07 1.4540055745585307e-07
1.387520588835786e-07 1.4540055745585307e-07
1.387520588835786e-07 1.4540055745585307e-07
1.387520588835786e-07 1.4540055745585307e-07
1.387520588835786e-07 1.4540055745585307e-07
1.387520588835786e-07 1.4540055745585307e-07
1.387520588835786e-07 1.4540055745585307e-07
1.387520588835786e-07 1.4540055745585307e-07
1.387520588835786e-07 1.4540055745585307e-07
1.387520588835786e-07 1.4540055745585307e-07
1.387520588835786e-07 1.4540055745585307e-07
1.387520588835786e-07 1.4540055745585307e-07
1.387520588835786e-07 1.4540055745585307e-07
1.387520588835786e-07 1.4540055745585307e-07
1.387520588835786e-07 1.4540055745585307e-07
1.902694248564919e-07 1.4539970639370206e-07
1.902694248564919e-07 1.4539970639370206e-07
1.8728978469177272e-07 1.4539721725591034e-07
1.8728978469177272e-07 1.4539721725591034e-07
1.6358034653786955e-07 1.4540066691471427e-07
1.6358034653786955e-07 1.4540066691471427e-07
2.759553989845945e-07 1.3174594112713045e-07
2.759553989845945e-07 1.3174594112713045e-07
1.2992436742265674e-07 1.4540145626827577e-07
1.2992436742265674e-07 1.4540145626827577e-07
1.334148099964851e-07 1.4540161381229498e-07
1.334148099964851e-07 1.4540161381229498e-07
1.8209284520375945e-07 1.454016293513245e-07
1.8209284520375945e-07 1.454016293513245e-07
2.1463197698801796e-07 4.830684507994783e-07
2.1463197698801796e-07 4.830684507994783e-07
1.55911046453881e-07 1.4540076842635626e-07
1.55911046453881e-07 1.4540076842635626e-07
1.55911046453881e-07 1.4540076842635626e-07
1.55911046453881e-07 1.4540076842635626e-07
1.55911046453881e-07 1.4540076842635626e-07
1.55911046453881e-07 1.4540076842635626e-07
1.4810212961966906e-07 1.454005172588837e-07
1.4810212961966906e-07 1.454005172588837e-07
2.1099271239397821e-07 1.4174981567861138e-07
2.1099271239397821e-07 1.4174981567861138e-07
1.523917910029339e-07 1.4540118097940446e-07
1.523917910029339e-07 1.4540118097940446e-07
1.0712245199537235e-07 1.4419953755208307e-07
1.0712245199537235e-07 1.4419953755208307e-07
1.2483696620731656e-07 1.4419953755208307e-07
1.2483696620731656e-07 1.4419953755208307e-07
1.4434590100732636e-07 1.456280922250358e-07
1.4434590100732636e-07 1.456280922250358e-07
1.4212189069851986e-07 1.454013173106807e-07
1.4212189069851986e-07 1.454013173106807e-07
3.255097020772197e-08 1.454133897646367e-07
3.255097020772197e-08 1.454133897646367e-07
1.9271263539479508e-07 1.4540111078857793e-07
1.9271263539479508e-07 1.4540111078857793e-07
1.8950207685282685e-07 1.4540114791310511e-07
1.8950207685282685e-07 1.4540114791310511e-07
1.2020231195100978e-07 1.4540048311699306e-07
1.2020231195100978e-07 1.4540048311699306e-07
2.759553989845945e-07 1.6802380897373157e-07
2.759553989845945e-07 1.6802380897373157e-07
1.8209284520375945e-07 1.454016293513245e-07
1.8209284520375945e-07 1.454016293513245e-07
1.523917910029339e-07 1.4540118097940446e-07
1.523917910029339e-07 1.4540118097940446e-07
1.6593847550267084e-07 1.4540080358803766e-07
1.6593847550267084e-07 1.4540080358803766e-07
1.1767550325561186e-07 1.454021610593707e-07
1.1767550325561186e-07 1.454021610593707e-07
1.1288752909233322e-07 1.454018133938952e-07
1.1288752909233322e-07 1.454018133938952e-07
7.243829223345606e-07 1.6102281693315944e-07
7.243829223345606e-07 1.6102281693315944e-07
1.323073830748056e-07 1.6102281693315944e-07
1.323073830748056e-07 1.6102281693315944e-07
1.8209284520375945e-07 1.454016293513245e-07
1.8209284520375945e-07 1.454016293513245e-07
1.6972711367468e-07 1.4539414311283768e-07
1.6972711367468e-07 1.4539414311283768e-07
1.6593847550267084e-07 1.4540080358803766e-07
1.6593847550267084e-07 1.4540080358803766e-07
6.438959309640539e-07 2.76039114742559e-07
6.438959309640539e-07 2.76039114742559e-07
9.658438964460807e-07 6.440912677326377e-07
9.658438964460807e-07 6.440912677326377e-07
1.523917910029339e-07 1.4540118097940446e-07
1.523917910029339e-07 1.4540118097940446e-07
1.4496718896001213e-07 1.4442252652767908e-07
1.4496718896001213e-07 1.4442252652767908e-07
1.4496718896001213e-07 1.4442252652767908e-07
1.4496718896001213e-07 1.4442252652767908e-07
1.4810212961966906e-07 1.454005172588837e-07
1.4810212961966906e-07 1.454005172588837e-07
1.360493698318479e-07 1.454084596821137e-07
1.360493698318479e-07 1.454084596821137e-07
1.523917910029339e-07 1.4540118097940446e-07
1.523917910029339e-07 1.4540118097940446e-07
9.302460009609559e-07 1.0193851216410816e-06
9.302460009609559e-07 1.0193851216410816e-06
9.302460009609559e-07 1.0193851216410816e-06
9.302460009609559e-07 1.0193851216410816e-06
9.302460009609559e-07 1.0193851216410816e-06
9.302460009609559e-07 1.0193851216410816e-06
6.248667188269041e-07 1.0193871084967784e-06
6.248667188269041e-07 1.0193871084967784e-06
6.248667188269041e-07 1.0193871084967784e-06
6.248667188269041e-07 1.0193871084967784e-06
6.248667188269041e-07 1.0193871084967784e-06
6.248667188269041e-07 1.0193871084967784e-06
6.248667188269041e-07 1.0193871084967784e-06
6.248667188269041e-07 1.0193871084967784e-06
6.248667188269041e-07 1.0193871084967784e-06
6.248667188269041e-07 1.0193871084967784e-06
6.248667188269041e-07 1.0193871084967784e-06
6.248667188269041e-07 1.0193871084967784e-06
6.248667188269041e-07 1.0193871084967784e-06
6.248667188269041e-07 1.0193871084967784e-06
6.248667188269041e-07 1.0193871084967784e-06
6.248667188269041e-07 1.0193871084967784e-06
6.248667188269041e-07 1.0193871084967784e-06
6.248667188269041e-07 1.0193871084967784e-06
6.248667188269041e-07 1.0193871084967784e-06
6.248667188269041e-07 1.0193871084967784e-06
6.248667188269041e-07 1.0193871084967784e-06
6.248667188269041e-07 1.0193871084967784e-06
6.248667188269041e-07 1.0193871084967784e-06
6.248667188269041e-07 1.0193871084967784e-06
6.248667188269041e-07 1.0193871084967784e-06
6.248667188269041e-07 1.0193871084967784e-06
6.248667188269041e-07 1.0193871084967784e-06
6.248667188269041e-07 1.0193871084967784e-06
6.248667188269041e-07 1.0193871084967784e-06
6.248667188269041e-07 1.0193871084967784e-06
6.248667188269041e-07 1.0193871084967784e-06
6.248667188269041e-07 1.0193871084967784e-06
6.248667188269041e-07 1.0193871084967784e-06
6.248667188269041e-07 1.0193871084967784e-06
6.248667188269041e-07 1.0193871084967784e-06
6.248667188269041e-07 1.0193871084967784e-06
6.248667188269041e-07 1.0193871084967784e-06
6.248667188269041e-07 1.0193871084967784e-06
6.248667188269041e-07 1.0193871084967784e-06
6.248667188269041e-07 1.0193871084967784e-06
6.248667188269041e-07 1.0193871084967784e-06
6.248667188269041e-07 1.0193871084967784e-06
6.248667188269041e-07 1.0193871084967784e-06
6.248667188269041e-07 1.0193871084967784e-06
6.248667188269041e-07 1.0193871084967784e-06
6.248667188269041e-07 1.0193871084967784e-06
6.248667188269041e-07 1.0193871084967784e-06
6.248667188269041e-07 1.0193871084967784e-06
7.927677825064597e-07 1.019386290084982e-06
7.927677825064597e-07 1.019386290084982e-06
7.927677825064597e-07 1.019386290084982e-06
7.927677825064597e-07 1.019386290084982e-06
7.927677825064597e-07 1.019386290084982e-06
7.927677825064597e-07 1.019386290084982e-06
7.927677825064597e-07 1.019386290084982e-06
7.927677825064597e-07 1.019386290084982e-06
7.927677825064597e-07 1.019386290084982e-06
7.927677825064597e-07 1.019386290084982e-06
7.927677825064597e-07 1.019386290084982e-06
7.927677825064597e-07 1.019386290084982e-06
7.927677825064597e-07 1.019386290084982e-06
7.927677825064597e-07 1.019386290084982e-06
7.927677825064597e-07 1.019386290084982e-06
7.927677825064597e-07 1.019386290084982e-06
7.927677825064597e-07 1.019386290084982e-06
7.927677825064597e-07 1.019386290084982e-06
7.927677825064597e-07 1.019386290084982e-06
7.927677825064597e-07 1.019386290084982e-06
7.927677825064597e-07 1.019386290084982e-06
7.927677825064597e-07 1.019386290084982e-06
7.927677825064597e-07 1.019386290084982e-06
7.927677825064597e-07 1.019386290084982e-06
7.927677825064597e-07 1.019386290084982e-06
7.927677825064597e-07 1.019386290084982e-06
7.927677825064597e-07 1.019386290084982e-06
7.927677825064597e-07 1.019386290084982e-06
7.927677825064597e-07 1.019386290084982e-06
7.927677825064597e-07 1.019386290084982e-06
7.927677825064597e-07 1.019386290084982e-06
7.927677825064597e-07 1.019386290084982e-06
7.927677825064597e-07 1.019386290084982e-06
7.927677825064597e-07 1.019386290084982e-06
7.927677825064597e-07 1.019386290084982e-06
7.927677825064597e-07 1.019386290084982e-06
7.927677825064597e-07 1.019386290084982e-06
7.927677825064597e-07 1.019386290084982e-06
7.927677825064597e-07 1.019386290084982e-06
7.927677825064597e-07 1.019386290084982e-06
7.927677825064597e-07 1.019386290084982e-06
7.927677825064597e-07 1.019386290084982e-06
7.927677825064597e-07 1.019386290084982e-06
7.927677825064597e-07 1.019386290084982e-06
7.927677825064597e-07 1.019386290084982e-06
7.927677825064597e-07 1.019386290084982e-06
7.927677825064597e-07 1.019386290084982e-06
7.927677825064597e-07 1.019386290084982e-06
7.927677825064597e-07 1.019386290084982e-06
7.927677825064597e-07 1.019386290084982e-06
7.927677825064597e-07 1.019386290084982e-06
7.927677825064597e-07 1.019386290084982e-06
7.927677825064597e-07 1.019386290084982e-06
7.927677825064597e-07 1.019386290084982e-06
7.927677825064597e-07 1.019386290084982e-06
7.927677825064597e-07 1.019386290084982e-06
7.927677825064597e-07 1.019386290084982e-06
7.927677825064597e-07 1.019386290084982e-06
7.927677825064597e-07 1.019386290084982e-06
7.927677825064597e-07 1.019386290084982e-06
9.72547801750761e-07 1.0193857509186544e-06
9.72547801750761e-07 1.0193857509186544e-06
9.72547801750761e-07 1.0193857509186544e-06
9.72547801750761e-07 1.0193857509186544e-06
9.72547801750761e-07 1.0193857509186544e-06
9.72547801750761e-07 1.0193857509186544e-06
9.72547801750761e-07 1.0193857509186544e-06
9.72547801750761e-07 1.0193857509186544e-06
9.72547801750761e-07 1.0193857509186544e-06
9.72547801750761e-07 1.0193857509186544e-06
9.72547801750761e-07 1.0193857509186544e-06
9.72547801750761e-07 1.0193857509186544e-06
9.72547801750761e-07 1.0193857509186544e-06
9.72547801750761e-07 1.0193857509186544e-06
9.72547801750761e-07 1.0193857509186544e-06
9.72547801750761e-07 1.0193857509186544e-06
9.72547801750761e-07 1.0193857509186544e-06
9.72547801750761e-07 1.0193857509186544e-06
9.72547801750761e-07 1.0193857509186544e-06
9.72547801750761e-07 1.0193857509186544e-06
9.72547801750761e-07 1.0193857509186544e-06
9.72547801750761e-07 1.0193857509186544e-06
9.72547801750761e-07 1.0193857509186544e-06
9.72547801750761e-07 1.0193857509186544e-06
9.72547801750761e-07 1.0193857509186544e-06
9.72547801750761e-07 1.0193857509186544e-06
9.72547801750761e-07 1.0193857509186544e-06
9.72547801750761e-07 1.0193857509186544e-06
9.72547801750761e-07 1.0193857509186544e-06
9.72547801750761e-07 1.0193857509186544e-06
9.72547801750761e-07 1.0193857509186544e-06
9.72547801750761e-07 1.0193857509186544e-06
9.72547801750761e-07 1.0193857509186544e-06
9.72547801750761e-07 1.0193857509186544e-06
9.72547801750761e-07 1.0193857509186544e-06
9.72547801750761e-07 1.0193857509186544e-06
9.72547801750761e-07 1.0193857509186544e-06
9.72547801750761e-07 1.0193857509186544e-06
9.72547801750761e-07 1.0193857509186544e-06
9.72547801750761e-07 1.0193857509186544e-06
9.72547801750761e-07 1.0193857509186544e-06
9.72547801750761e-07 1.0193857509186544e-06
4.4102461024935196e-09 1.0627505917588522e-06
4.4102461024935196e-09 1.0627505917588522e-06
4.4102461024935196e-09 1.0627505917588522e-06
4.4102461024935196e-09 1.0627505917588522e-06
4.4102461024935196e-09 1.0627505917588522e-06
4.4102461024935196e-09 1.0627505917588522e-06
4.4102461024935196e-09 1.0627505917588522e-06
4.4102461024935196e-09 1.0627505917588522e-06
4.4102461024935196e-09 1.0627505917588522e-06
4.4102461024935196e-09 1.0627505917588522e-06
4.4102461024935196e-09 1.0627505917588522e-06
4.4102461024935196e-09 1.0627505917588522e-06
8.96965662335924e-07 1.0193858211799168e-06
8.96965662335924e-07 1.0193858211799168e-06
8.96965662335924e-07 1.0193858211799168e-06
8.96965662335924e-07 1.0193858211799168e-06
8.96965662335924e-07 1.0193858211799168e-06
8.96965662335924e-07 1.0193858211799168e-06
8.96965662335924e-07 1.0193858211799168e-06
8.96965662335924e-07 1.0193858211799168e-06
8.96965662335924e-07 1.0193858211799168e-06
8.96965662335924e-07 1.0193858211799168e-06
8.96965662335924e-07 1.0193858211799168e-06
8.96965662335924e-07 1.0193858211799168e-06
8.96965662335924e-07 1.0193858211799168e-06
8.96965662335924e-07 1.0193858211799168e-06
8.96965662335924e-07 1.0193858211799168e-06
8.96965662335924e-07 1.0193858211799168e-06
8.96965662335924e-07 1.0193858211799168e-06
8.96965662335924e-07 1.0193858211799168e-06
8.96965662335924e-07 1.0193858211799168e-06
8.96965662335924e-07 1.0193858211799168e-06
8.96965662335924e-07 1.0193858211799168e-06
8.96965662335924e-07 1.0193858211799168e-06
8.96965662335924e-07 1.0193858211799168e-06
8.96965662335924e-07 1.0193858211799168e-06
8.96965662335924e-07 1.0193858211799168e-06
8.96965662335924e-07 1.0193858211799168e-06
8.96965662335924e-07 1.0193858211799168e-06
8.96965662335924e-07 1.0193858211799168e-06
8.96965662335924e-07 1.0193858211799168e-06
8.96965662335924e-07 1.0193858211799168e-06
8.96965662335924e-07 1.0193858211799168e-06
8.96965662335924e-07 1.0193858211799168e-06
8.96965662335924e-07 1.0193858211799168e-06
8.96965662335924e-07 1.0193858211799168e-06
8.96965662335924e-07 1.0193858211799168e-06
8.96965662335924e-07 1.0193858211799168e-06
8.96965662335924e-07 1.0193858211799168e-06
8.96965662335924e-07 1.0193858211799168e-06
8.96965662335924e-07 1.0193858211799168e-06
8.96965662335924e-07 1.0193858211799168e-06
8.96965662335924e-07 1.0193858211799168e-06
8.96965662335924e-07 1.0193858211799168e-06
8.96965662335924e-07 1.0193858211799168e-06
8.96965662335924e-07 1.0193858211799168e-06
8.96965662335924e-07 1.0193858211799168e-06
8.96965662335924e-07 1.0193858211799168e-06
8.96965662335924e-07 1.0193858211799168e-06
8.96965662335924e-07 1.0193858211799168e-06
8.96965662335924e-07 1.0193858211799168e-06
8.96965662335924e-07 1.0193858211799168e-06
8.96965662335924e-07 1.0193858211799168e-06
8.96965662335924e-07 1.0193858211799168e-06
8.96965662335924e-07 1.0193858211799168e-06
8.96965662335924e-07 1.0193858211799168e-06
8.96965662335924e-07 1.0193858211799168e-06
8.96965662335924e-07 1.0193858211799168e-06
8.96965662335924e-07 1.0193858211799168e-06
8.96965662335924e-07 1.0193858211799168e-06
8.96965662335924e-07 1.0193858211799168e-06
8.96965662335924e-07 1.0193858211799168e-06
8.96965662335924e-07 1.0193858211799168e-06
8.96965662335924e-07 1.0193858211799168e-06
8.96965662335924e-07 1.0193858211799168e-06
8.96965662335924e-07 1.0193858211799168e-06
8.96965662335924e-07 1.0193858211799168e-06
8.96965662335924e-07 1.0193858211799168e-06
8.96965662335924e-07 1.0193858211799168e-06
8.96965662335924e-07 1.0193858211799168e-06
8.96965662335924e-07 1.0193858211799168e-06
8.96965662335924e-07 1.0193858211799168e-06
8.96965662335924e-07 1.0193858211799168e-06
8.96965662335924e-07 1.0193858211799168e-06
8.96965662335924e-07 1.0193858211799168e-06
8.96965662335924e-07 1.0193858211799168e-06
8.96965662335924e-07 1.0193858211799168e-06
8.96965662335924e-07 1.0193858211799168e-06
8.96965662335924e-07 1.0193858211799168e-06
8.96965662335924e-07 1.0193858211799168e-06
8.96965662335924e-07 1.0193858211799168e-06
8.96965662335924e-07 1.0193858211799168e-06
8.96965662335924e-07 1.0193858211799168e-06
8.96965662335924e-07 1.0193858211799168e-06
8.96965662335924e-07 1.0193858211799168e-06
8.96965662335924e-07 1.0193858211799168e-06
8.96965662335924e-07 1.0193858211799168e-06
8.96965662335924e-07 1.0193858211799168e-06
8.96965662335924e-07 1.0193858211799168e-06
8.96965662335924e-07 1.0193858211799168e-06
8.96965662335924e-07 1.0193858211799168e-06
8.96965662335924e-07 1.0193858211799168e-06
1.3848079938015345e-06 1.019386104009505e-06
1.3848079938015345e-06 1.019386104009505e-06
1.3848079938015345e-06 1.019386104009505e-06
1.3848079938015345e-06 1.019386104009505e-06
1.3848079938015345e-06 1.019386104009505e-06
1.3848079938015345e-06 1.019386104009505e-06
1.4154028677689426e-06 1.01937559574861e-06
1.4154028677689426e-06 1.01937559574861e-06
1.4154028677689426e-06 1.01937559574861e-06
1.4154028677689426e-06 1.01937559574861e-06
1.4154028677689426e-06 1.01937559574861e-06
1.4154028677689426e-06 1.01937559574861e-06
1.1183023639130608e-06 1.019386176395464e-06
1.1183023639130608e-06 1.019386176395464e-06
1.1183023639130608e-06 1.019386176395464e-06
1.1183023639130608e-06 1.019386176395464e-06
1.1183023639130608e-06 1.019386176395464e-06
1.1183023639130608e-06 1.019386176395464e-06
5.795063378676485e-06 1.010052215308e-06
5.795063378676485e-06 1.010052215308e-06
5.795063378676485e-06 1.010052215308e-06
5.795063378676485e-06 1.010052215308e-06
5.795063378676485e-06 1.010052215308e-06
5.795063378676485e-06 1.010052215308e-06
8.223178865538317e-07 1.0193855728845198e-06
8.223178865538317e-07 1.0193855728845198e-06
8.223178865538317e-07 1.0193855728845198e-06
8.223178865538317e-07 1.0193855728845198e-06
8.223178865538317e-07 1.0193855728845198e-06
8.223178865538317e-07 1.0193855728845198e-06
8.648401576999064e-07 1.0193870379159308e-06
8.648401576999064e-07 1.0193870379159308e-06
8.648401576999064e-07 1.0193870379159308e-06
8.648401576999064e-07 1.0193870379159308e-06
8.648401576999064e-07 1.0193870379159308e-06
8.648401576999064e-07 1.0193870379159308e-06
1.305308091792239e-06 1.0193865790325403e-06
1.305308091792239e-06 1.0193865790325403e-06
1.305308091792239e-06 1.0193865790325403e-06
1.305308091792239e-06 1.0193865790325403e-06
1.305308091792239e-06 1.0193865790325403e-06
1.305308091792239e-06 1.0193865790325403e-06
1.8780297986451572e-06 9.661369015989566e-07
1.8780297986451572e-06 9.661369015989566e-07
1.8780297986451572e-06 9.661369015989566e-07
1.8780297986451572e-06 9.661369015989566e-07
1.8780297986451572e-06 9.661369015989566e-07
1.8780297986451572e-06 9.661369015989566e-07
1.058306897320533e-06 1.0193854547455195e-06
1.058306897320533e-06 1.0193854547455195e-06
1.058306897320533e-06 1.0193854547455195e-06
1.058306897320533e-06 1.0193854547455195e-06
1.058306897320533e-06 1.0193854547455195e-06
1.058306897320533e-06 1.0193854547455195e-06
1.058306897320533e-06 1.0193854547455195e-06
1.058306897320533e-06 1.0193854547455195e-06
1.058306897320533e-06 1.0193854547455195e-06
1.058306897320533e-06 1.0193854547455195e-06
1.058306897320533e-06 1.0193854547455195e-06
1.058306897320533e-06 1.0193854547455195e-06
1.058306897320533e-06 1.0193854547455195e-06
1.058306897320533e-06 1.0193854547455195e-06
1.058306897320533e-06 1.0193854547455195e-06
1.058306897320533e-06 1.0193854547455195e-06
1.058306897320533e-06 1.0193854547455195e-06
1.058306897320533e-06 1.0193854547455195e-06
9.876796890181358e-07 1.0193855363686425e-06
9.876796890181358e-07 1.0193855363686425e-06
9.876796890181358e-07 1.0193855363686425e-06
9.876796890181358e-07 1.0193855363686425e-06
9.876796890181358e-07 1.0193855363686425e-06
9.876796890181358e-07 1.0193855363686425e-06
1.954538989180318e-06 1.0220907762089348e-06
1.954538989180318e-06 1.0220907762089348e-06
1.954538989180318e-06 1.0220907762089348e-06
1.954538989180318e-06 1.0220907762089348e-06
1.954538989180318e-06 1.0220907762089348e-06
1.954538989180318e-06 1.0220907762089348e-06
1.0155661478239206e-06 1.0193852066212958e-06
1.0155661478239206e-06 1.0193852066212958e-06
1.0155661478239206e-06 1.0193852066212958e-06
1.0155661478239206e-06 1.0193852066212958e-06
1.0155661478239206e-06 1.0193852066212958e-06
1.0155661478239206e-06 1.0193852066212958e-06
8.979125854246252e-07 1.0176367364389863e-06
8.979125854246252e-07 1.0176367364389863e-06
8.979125854246252e-07 1.0176367364389863e-06
8.979125854246252e-07 1.0176367364389863e-06
8.979125854246252e-07 1.0176367364389863e-06
8.979125854246252e-07 1.0176367364389863e-06
1.2746511286431271e-06 1.0176367364389863e-06
1.2746511286431271e-06 1.0176367364389863e-06
1.2746511286431271e-06 1.0176367364389863e-06
1.2746511286431271e-06 1.0176367364389863e-06
1.2746511286431271e-06 1.0176367364389863e-06
1.2746511286431271e-06 1.0176367364389863e-06
9.891939686678543e-07 1.0193966455752505e-06
9.891939686678543e-07 1.0193966455752505e-06
9.891939686678543e-07 1.0193966455752505e-06
9.891939686678543e-07 1.0193966455752505e-06
9.891939686678543e-07 1.0193966455752505e-06
9.891939686678543e-07 1.0193966455752505e-06
9.302460009609559e-07 1.0193851216410816e-06
9.302460009609559e-07 1.0193851216410816e-06
9.302460009609559e-07 1.0193851216410816e-06
9.302460009609559e-07 1.0193851216410816e-06
9.302460009609559e-07 1.0193851216410816e-06
9.302460009609559e-07 1.0193851216410816e-06
1.540085468697524e-07 1.0193992781976465e-06
1.540085468697524e-07 1.0193992781976465e-06
1.540085468697524e-07 1.0193992781976465e-06
1.540085468697524e-07 1.0193992781976465e-06
1.540085468697524e-07 1.0193992781976465e-06
1.540085468697524e-07 1.0193992781976465e-06
7.966646956042445e-07 1.0193860304799226e-06
7.966646956042445e-07 1.0193860304799226e-06
7.966646956042445e-07 1.0193860304799226e-06
7.966646956042445e-07 1.0193860304799226e-06
7.966646956042445e-07 1.0193860304799226e-06
7.966646956042445e-07 1.0193860304799226e-06
7.776304370629115e-07 1.019385243404019e-06
7.776304370629115e-07 1.019385243404019e-06
7.776304370629115e-07 1.019385243404019e-06
7.776304370629115e-07 1.019385243404019e-06
7.776304370629115e-07 1.019385243404019e-06
7.776304370629115e-07 1.019385243404019e-06
7.394919313916607e-07 1.0193849591074037e-06
7.394919313916607e-07 1.0193849591074037e-06
7.394919313916607e-07 1.0193849591074037e-06
7.394919313916607e-07 1.0193849591074037e-06
7.394919313916607e-07 1.0193849591074037e-06
7.394919313916607e-07 1.0193849591074037e-06
2.4835985908613508e-06 1.0081428538423896e-06
2.4835985908613508e-06 1.0081428538423896e-06
2.4835985908613508e-06 1.0081428538423896e-06
2.4835985908613508e-06 1.0081428538423896e-06
2.4835985908613508e-06 1.0081428538423896e-06
2.4835985908613508e-06 1.0081428538423896e-06
1.305308091792239e-06 1.0193865790325403e-06
1.305308091792239e-06 1.0193865790325403e-06
1.305308091792239e-06 1.0193865790325403e-06
1.305308091792239e-06 1.0193865790325403e-06
1.305308091792239e-06 1.0193865790325403e-06
1.305308091792239e-06 1.0193865790325403e-06
1.0155661478239206e-06 1.0193852066212958e-06
1.0155661478239206e-06 1.0193852066212958e-06
1.0155661478239206e-06 1.0193852066212958e-06
1.0155661478239206e-06 1.0193852066212958e-06
1.0155661478239206e-06 1.0193852066212958e-06
1.0155661478239206e-06 1.0193852066212958e-06
1.1487067790907655e-06 1.0193859137856751e-06
1.1487067790907655e-06 1.0193859137856751e-06
1.1487067790907655e-06 1.0193859137856751e-06
1.1487067790907655e-06 1.0193859137856751e-06
1.1487067790907655e-06 1.0193859137856751e-06
1.1487067790907655e-06 1.0193859137856751e-06
7.109109416035063e-07 1.0193860086804286e-06
7.109109416035063e-07 1.0193860086804286e-06
7.109109416035063e-07 1.0193860086804286e-06
7.109109416035063e-07 1.0193860086804286e-06
7.109109416035063e-07 1.0193860086804286e-06
7.109109416035063e-07 1.0193860086804286e-06
6.714508219011997e-07 1.0193855455558994e-06
6.714508219011997e-07 1.0193855455558994e-06
6.714508219011997e-07 1.0193855455558994e-06
6.714508219011997e-07 1.0193855455558994e-06
6.714508219011997e-07 1.0193855455558994e-06
6.714508219011997e-07 1.0193855455558994e-06
2.414609741115202e-06 1.0198111739100098e-06
2.414609741115202e-06 1.0198111739100098e-06
2.414609741115202e-06 1.0198111739100098e-06
2.414609741115202e-06 1.0198111739100098e-06
2.414609741115202e-06 1.0198111739100098e-06
2.414609741115202e-06 1.0198111739100098e-06
1.1643049710582892e-06 1.0198111739100098e-06
1.1643049710582892e-06 1.0198111739100098e-06
1.1643049710582892e-06 1.0198111739100098e-06
1.1643049710582892e-06 1.0198111739100098e-06
1.1643049710582892e-06 1.0198111739100098e-06
1.1643049710582892e-06 1.0198111739100098e-06
1.305308091792239e-06 1.0193865790325403e-06
1.305308091792239e-06 1.0193865790325403e-06
1.305308091792239e-06 1.0193865790325403e-06
1.305308091792239e-06 1.0193865790325403e-06
1.305308091792239e-06 1.0193865790325403e-06
1.305308091792239e-06 1.0193865790325403e-06
1.1586477603675137e-06 1.0193801534333645e-06
1.1586477603675137e-06 1.0193801534333645e-06
1.1586477603675137e-06 1.0193801534333645e-06
1.1586477603675137e-06 1.0193801534333645e-06
1.1586477603675137e-06 1.0193801534333645e-06
1.1586477603675137e-06 1.0193801534333645e-06
1.1487067790907655e-06 1.0193859137856751e-06
1.1487067790907655e-06 1.0193859137856751e-06
1.1487067790907655e-06 1.0193859137856751e-06
1.1487067790907655e-06 1.0193859137856751e-06
1.1487067790907655e-06 1.0193859137856751e-06
1.1487067790907655e-06 1.0193859137856751e-06
3.863375585784323e-06 1.104156458970236e-06
3.863375585784323e-06 1.104156458970236e-06
3.863375585784323e-06 1.104156458970236e-06
3.863375585784323e-06 1.104156458970236e-06
3.863375585784323e-06 1.104156458970236e-06
3.863375585784323e-06 1.104156458970236e-06
5.795063378676485e-06 1.2881825354652755e-06
5.795063378676485e-06 1.2881825354652755e-06
5.795063378676485e-06 1.2881825354652755e-06
5.795063378676485e-06 1.2881825354652755e-06
5.795063378676485e-06 1.2881825354652755e-06
5.795063378676485e-06 1.2881825354652755e-06
1.0155661478239206e-06 1.0193852066212958e-06
1.0155661478239206e-06 1.0193852066212958e-06
1.0155661478239206e-06 1.0193852066212958e-06
1.0155661478239206e-06 1.0193852066212958e-06
1.0155661478239206e-06 1.0193852066212958e-06
1.0155661478239206e-06 1.0193852066212958e-06
1.0691330185800894e-06 1.0209178599370418e-06
1.0691330185800894e-06 1.0209178599370418e-06
1.0691330185800894e-06 1.0209178599370418e-06
1.0691330185800894e-06 1.0209178599370418e-06
1.0691330185800894e-06 1.0209178599370418e-06
1.0691330185800894e-06 1.0209178599370418e-06
1.0691330185800894e-06 1.0209178599370418e-06
1.0691330185800894e-06 1.0209178599370418e-06
1.0691330185800894e-06 1.0209178599370418e-06
1.0691330185800894e-06 1.0209178599370418e-06
1.0691330185800894e-06 1.0209178599370418e-06
1.0691330185800894e-06 1.0209178599370418e-06
9.876796890181358e-07 1.0193855363686425e-06
9.876796890181358e-07 1.0193855363686425e-06
9.876796890181358e-07 1.0193855363686425e-06
9.876796890181358e-07 1.0193855363686425e-06
9.876796890181358e-07 1.0193855363686425e-06
9.876796890181358e-07 1.0193855363686425e-06
9.04346220841648e-07 1.0193784106371462e-06
9.04346220841648e-07 1.0193784106371462e-06
9.04346220841648e-07 1.0193784106371462e-06
9.04346220841648e-07 1.0193784106371462e-06
9.04346220841648e-07 1.0193784106371462e-06
9.04346220841648e-07 1.0193784106371462e-06
1.0155661478239206e-06 1.0193852066212958e-06
1.0155661478239206e-06 1.0193852066212958e-06
1.0155661478239206e-06 1.0193852066212958e-06
1.0155661478239206e-06 1.0193852066212958e-06
1.0155661478239206e-06 1.0193852066212958e-06
1.0155661478239206e-06 1.0193852066212958e-06
2.593755519740815e-07 2.843533612844182e-07
1.8325747785228754e-07 2.8435369409834215e-07
1.8325747785228754e-07 2.8435369409834215e-07
1.8325747785228754e-07 2.8435369409834215e-07
1.8325747785228754e-07 2.8435369409834215e-07
1.8325747785228754e-07 2.8435369409834215e-07
1.8325747785228754e-07 2.8435369409834215e-07
1.8325747785228754e-07 2.8435369409834215e-07
1.8325747785228754e-07 2.8435369409834215e-07
2.2484485858465786e-07 2.8435357829167896e-07
2.2484485858465786e-07 2.8435357829167896e-07
2.2484485858465786e-07 2.8435357829167896e-07
2.2484485858465786e-07 2.8435357829167896e-07
2.2484485858465786e-07 2.8435357829167896e-07
2.2484485858465786e-07 2.8435357829167896e-07
2.2484485858465786e-07 2.8435357829167896e-07
2.2484485858465786e-07 2.8435357829167896e-07
2.2484485858465786e-07 2.8435357829167896e-07
2.2484485858465786e-07 2.8435357829167896e-07
2.726114929119329e-07 2.843530954879022e-07
2.726114929119329e-07 2.843530954879022e-07
2.726114929119329e-07 2.843530954879022e-07
2.726114929119329e-07 2.843530954879022e-07
2.726114929119329e-07 2.843530954879022e-07
2.726114929119329e-07 2.843530954879022e-07
2.726114929119329e-07 2.843530954879022e-07
4.4102461024935196e-09 2.8984107047968696e-07
4.4102461024935196e-09 2.8984107047968696e-07
2.5223121657635816e-07 2.8435410120763586e-07
2.5223121657635816e-07 2.8435410120763586e-07
2.5223121657635816e-07 2.8435410120763586e-07
2.5223121657635816e-07 2.8435410120763586e-07
2.5223121657635816e-07 2.8435410120763586e-07
2.5223121657635816e-07 2.8435410120763586e-07
2.5223121657635816e-07 2.8435410120763586e-07
2.5223121657635816e-07 2.8435410120763586e-07
2.5223121657635816e-07 2.8435410120763586e-07
2.5223121657635816e-07 2.8435410120763586e-07
2.5223121657635816e-07 2.8435410120763586e-07
2.5223121657635816e-07 2.8435410120763586e-07
2.5223121657635816e-07 2.8435410120763586e-07
2.5223121657635816e-07 2.8435410120763586e-07
2.5223121657635816e-07 2.8435410120763586e-07
3.8547331701035433e-07 2.8435504094250975e-07
3.939815213163609e-07 2.8436505545341584e-07
3.1102269939458224e-07 2.843536473986127e-07
1.6557323939075672e-06 2.634918822542609e-07
2.32474579381578e-07 2.843533281008319e-07
2.4167520848624986e-07 2.843533404459311e-07
3.644317704201432e-07 2.843542874974921e-07
5.902379367170493e-07 4.830684507994783e-07
2.9649710225741004e-07 2.8435364480330806e-07
2.9649710225741004e-07 2.8435364480330806e-07
2.9649710225741004e-07 2.8435364480330806e-07
2.740045367910821e-07 2.8435462259869423e-07
4.5397709959137554e-07 2.8349963135722275e-07
2.8225278163671997e-07 2.8435341177841435e-07
2.455978167698781e-07 2.842790883169638e-07
2.825257656270849e-07 2.842790883169638e-07
2.9718273736802485e-07 2.8456655477188975e-07
2.593755519740815e-07 2.843533612844182e-07
5.7742590629350275e-08 2.843500745348727e-07
2.948615317514442e-07 2.843533936185444e-07
2.8921094547905925e-07 2.8435289265298885e-07
2.11186321836904e-07 2.843529972887574e-07
8.278661969537836e-07 2.520357134605974e-07
3.644317704201432e-07 2.843542874974921e-07
2.8225278163671997e-07 2.8435341177841435e-07
3.2020876664599175e-07 2.8435325605047245e-07
2.0449371893730346e-07 2.843526953742397e-07
1.9446207850765927e-07 2.8435275996390436e-07
1.207304870557601e-06 2.683713615552657e-07
3.175377193795334e-07 2.683713615552657e-07
3.644317704201432e-07 2.843542874974921e-07
3.2406972718485804e-07 2.843499982700575e-07
3.2020876664599175e-07 2.8435325605047245e-07
6.438959309640539e-07 2.76039114742559e-07
9.658438964460807e-07 6.440912677326377e-07
2.8225278163671997e-07 2.8435341177841435e-07
2.8993437792002426e-07 2.83864965933714e-07
2.8993437792002426e-07 2.83864965933714e-07
2.740045367910821e-07 2.8435462259869423e-07
2.512413906014804e-07 2.843525987152464e-07
2.8225278163671997e-07 2.8435341177841435e-07
8.119594222286115e-07 8.986287687658245e-07
8.119594222286115e-07 8.986287687658245e-07
5.348877262834496e-07 8.986289130602712e-07
5.348877262834496e-07 8.986289130602712e-07
5.348877262834496e-07 8.986289130602712e-07
5.348877262834496e-07 8.986289130602712e-07
5.348877262834496e-07 8.986289130602712e-07
5.348877262834496e-07 8.986289130602712e-07
5.348877262834496e-07 8.986289130602712e-07
5.348877262834496e-07 8.986289130602712e-07
5.348877262834496e-07 8.986289130602712e-07
5.348877262834496e-07 8.986289130602712e-07
5.348877262834496e-07 8.986289130602712e-07
5.348877262834496e-07 8.986289130602712e-07
5.348877262834496e-07 8.986289130602712e-07
5.348877262834496e-07 8.986289130602712e-07
5.348877262834496e-07 8.986289130602712e-07
5.348877262834496e-07 8.986289130602712e-07
6.874948788781049e-07 8.986283492315198e-07
6.874948788781049e-07 8.986283492315198e-07
6.874948788781049e-07 8.986283492315198e-07
6.874948788781049e-07 8.986283492315198e-07
6.874948788781049e-07 8.986283492315198e-07
6.874948788781049e-07 8.986283492315198e-07
6.874948788781049e-07 8.986283492315198e-07
6.874948788781049e-07 8.986283492315198e-07
6.874948788781049e-07 8.986283492315198e-07
6.874948788781049e-07 8.986283492315198e-07
6.874948788781049e-07 8.986283492315198e-07
6.874948788781049e-07 8.986283492315198e-07
6.874948788781049e-07 8.986283492315198e-07
6.874948788781049e-07 8.986283492315198e-07
6.874948788781049e-07 8.986283492315198e-07
6.874948788781049e-07 8.986283492315198e-07
6.874948788781049e-07 8.986283492315198e-07
6.874948788781049e-07 8.986283492315198e-07
6.874948788781049e-07 8.986283492315198e-07
6.874948788781049e-07 8.986283492315198e-07
8.47907071411439e-07 8.986284379769492e-07
8.47907071411439e-07 8.986284379769492e-07
8.47907071411439e-07 8.986284379769492e-07
8.47907071411439e-07 8.986284379769492e-07
8.47907071411439e-07 8.986284379769492e-07
8.47907071411439e-07 8.986284379769492e-07
8.47907071411439e-07 8.986284379769492e-07
8.47907071411439e-07 8.986284379769492e-07
8.47907071411439e-07 8.986284379769492e-07
8.47907071411439e-07 8.986284379769492e-07
8.47907071411439e-07 8.986284379769492e-07
8.47907071411439e-07 8.986284379769492e-07
8.47907071411439e-07 8.986284379769492e-07
8.47907071411439e-07 8.986284379769492e-07
4.4102461024935196e-09 8.695232114390609e-07
4.4102461024935196e-09 8.695232114390609e-07
4.4102461024935196e-09 8.695232114390609e-07
4.4102461024935196e-09 8.695232114390609e-07
7.809332061162882e-07 8.986285087457134e-07
7.809332061162882e-07 8.986285087457134e-07
7.809332061162882e-07 8.986285087457134e-07
7.809332061162882e-07 8.986285087457134e-07
7.809332061162882e-07 8.986285087457134e-07
7.809332061162882e-07 8.986285087457134e-07
7.809332061162882e-07 8.986285087457134e-07
7.809332061162882e-07 8.986285087457134e-07
7.809332061162882e-07 8.986285087457134e-07
7.809332061162882e-07 8.986285087457134e-07
7.809332061162882e-07 8.986285087457134e-07
7.809332061162882e-07 8.986285087457134e-07
7.809332061162882e-07 8.986285087457134e-07
7.809332061162882e-07 8.986285087457134e-07
7.809332061162882e-07 8.986285087457134e-07
7.809332061162882e-07 8.986285087457134e-07
7.809332061162882e-07 8.986285087457134e-07
7.809332061162882e-07 8.986285087457134e-07
7.809332061162882e-07 8.986285087457134e-07
7.809332061162882e-07 8.986285087457134e-07
7.809332061162882e-07 8.986285087457134e-07
7.809332061162882e-07 8.986285087457134e-07
7.809332061162882e-07 8.986285087457134e-07
7.809332061162882e-07 8.986285087457134e-07
7.809332061162882e-07 8.986285087457134e-07
7.809332061162882e-07 8.986285087457134e-07
7.809332061162882e-07 8.986285087457134e-07
7.809332061162882e-07 8.986285087457134e-07
7.809332061162882e-07 8.986285087457134e-07
7.809332061162882e-07 8.986285087457134e-07
1.2197673816058218e-06 8.986286664675431e-07
1.2197673816058218e-06 8.986286664675431e-07
1.2495212577883787e-06 8.986406912930695e-07
1.2495212577883787e-06 8.986406912930695e-07
9.798181125041678e-07 8.986292274292588e-07
9.798181125041678e-07 8.986292274292588e-07
5.243152580707296e-06 8.783062741808696e-07
5.243152580707296e-06 8.783062741808696e-07
7.140347941385561e-07 8.986288981466474e-07
7.140347941385561e-07 8.986288981466474e-07
7.534345160822424e-07 8.98627960027111e-07
7.534345160822424e-07 8.98627960027111e-07
1.145714596708254e-06 8.986290022572702e-07
1.145714596708254e-06 8.986290022572702e-07
1.7170558159041437e-06 9.661369015989566e-07
1.7170558159041437e-06 9.661369015989566e-07
9.250303198636806e-07 8.986287984293626e-07
9.250303198636806e-07 8.986287984293626e-07
9.250303198636806e-07 8.986287984293626e-07
9.250303198636806e-07 8.986287984293626e-07
9.250303198636806e-07 8.986287984293626e-07
9.250303198636806e-07 8.986287984293626e-07
8.650656482281098e-07 8.986298215187944e-07
8.650656482281098e-07 8.986298215187944e-07
1.7877252562767758e-06 8.952619937596509e-07
1.7877252562767758e-06 8.952619937596509e-07
8.880577113682829e-07 8.986282936045023e-07
8.880577113682829e-07 8.986282936045023e-07
8.064665898188195e-07 8.981571196101174e-07
8.064665898188195e-07 8.981571196101174e-07
1.1695252623632816e-06 8.981571196101174e-07
1.1695252623632816e-06 8.981571196101174e-07
8.745663413973303e-07 8.984687244696555e-07
8.745663413973303e-07 8.984687244696555e-07
8.119594222286115e-07 8.986287687658245e-07
8.119594222286115e-07 8.986287687658245e-07
1.229860570022191e-07 8.986428179730967e-07
1.229860570022191e-07 8.986428179730967e-07
6.219448560448427e-07 8.986279202121905e-07
6.219448560448427e-07 8.986279202121905e-07
6.064953429756587e-07 8.986290249662662e-07
6.064953429756587e-07 8.986290249662662e-07
6.387840823977991e-07 8.986278833403263e-07
6.387840823977991e-07 8.986278833403263e-07
1.9316877928921614e-06 9.241309493555237e-07
1.9316877928921614e-06 9.241309493555237e-07
1.145714596708254e-06 8.986290022572702e-07
1.145714596708254e-06 8.986290022572702e-07
8.880577113682829e-07 8.986282936045023e-07
8.880577113682829e-07 8.986282936045023e-07
1.006431979159631e-06 8.986286588105222e-07
1.006431979159631e-06 8.986286588105222e-07
6.122849117376567e-07 8.986281343274809e-07
6.122849117376567e-07 8.986281343274809e-07
5.767621966808258e-07 8.986274930622431e-07
5.767621966808258e-07 8.986274930622431e-07
2.1731487670036816e-06 9.124626292879034e-07
2.1731487670036816e-06 9.124626292879034e-07
1.0849205412134058e-06 9.124626292879034e-07
1.0849205412134058e-06 9.124626292879034e-07
1.145714596708254e-06 8.986290022572702e-07
1.145714596708254e-06 8.986290022572702e-07
1.0126816132541801e-06 8.986275153017406e-07
1.0126816132541801e-06 8.986275153017406e-07
1.006431979159631e-06 8.986286588105222e-07
1.006431979159631e-06 8.986286588105222e-07
3.219479654820269e-06 8.28117344227677e-07
3.219479654820269e-06 8.28117344227677e-07
4.829219482230404e-06 6.440912677326377e-07
4.829219482230404e-06 6.440912677326377e-07
8.880577113682829e-07 8.986282936045023e-07
8.880577113682829e-07 8.986282936045023e-07
9.386625485160785e-07 8.964156818959391e-07
9.386625485160785e-07 8.964156818959391e-07
9.386625485160785e-07 8.964156818959391e-07
9.386625485160785e-07 8.964156818959391e-07
8.650656482281098e-07 8.986298215187944e-07
8.650656482281098e-07 8.986298215187944e-07
7.925307964732572e-07 8.986335820162525e-07
7.925307964732572e-07 8.986335820162525e-07
8.880577113682829e-07 8.986282936045023e-07
8.880577113682829e-07 8.986282936045023e-07
2.182206684479626e-07 2.32806848888694e-07
1.5836085680649946e-07 2.3280822196192797e-07
1.5836085680649946e-07 2.3280822196192797e-07
1.5836085680649946e-07 2.3280822196192797e-07
1.5836085680649946e-07 2.3280822196192797e-07
1.5836085680649946e-07 2.3280822196192797e-07
1.5836085680649946e-07 2.3280822196192797e-07
1.5836085680649946e-07 2.3280822196192797e-07
1.5836085680649946e-07 2.3280822196192797e-07
1.9096041686753515e-07 2.328068607797501e-07
1.9096041686753515e-07 2.328068607797501e-07
1.9096041686753515e-07 2.328068607797501e-07
1.9096041686753515e-07 2.328068607797501e-07
1.9096041686753515e-07 2.328068607797501e-07
1.9096041686753515e-07 2.328068607797501e-07
1.9096041686753515e-07 2.328068607797501e-07
1.9096041686753515e-07 2.328068607797501e-07
1.9096041686753515e-07 2.328068607797501e-07
1.9096041686753515e-07 2.328068607797501e-07
2.2872134516761803e-07 2.328069196430503e-07
2.2872134516761803e-07 2.328069196430503e-07
2.2872134516761803e-07 2.328069196430503e-07
2.2872134516761803e-07 2.328069196430503e-07
2.2872134516761803e-07 2.328069196430503e-07
2.2872134516761803e-07 2.328069196430503e-07
2.2872134516761803e-07 2.328069196430503e-07
4.4102461024935196e-09 1.9322738031979132e-07
4.4102461024935196e-09 1.9322738031979132e-07
2.1252364906971208e-07 2.3280574453979183e-07
2.1252364906971208e-07 2.3280574453979183e-07
2.1252364906971208e-07 2.3280574453979183e-07
2.1252364906971208e-07 2.3280574453979183e-07
2.1252364906971208e-07 2.3280574453979183e-07
2.1252364906971208e-07 2.3280574453979183e-07
2.1252364906971208e-07 2.3280574453979183e-07
2.1252364906971208e-07 2.3280574453979183e-07
2.1252364906971208e-07 2.3280574453979183e-07
2.1252364906971208e-07 2.3280574453979183e-07
2.1252364906971208e-07 2.3280574453979183e-07
2.1252364906971208e-07 2.3280574453979183e-07
2.1252364906971208e-07 2.3280574453979183e-07
2.1252364906971208e-07 2.3280574453979183e-07
2.1252364906971208e-07 2.3280574453979183e-07
3.147781296084406e-07 2.328057996102631e-07
3.1949732626538205e-07 2.3280732491254368e-07
2.582600530793811e-07 2.3280691436950296e-07
8.278661969537836e-07 2.195765685452174e-07
1.9706602211039714e-07 2.3280658266009221e-07
2.038305884790592e-07 2.328056658073784e-07
2.982553394389664e-07 2.3280549667133309e-07
3.2194796548202694e-07 4.830684507994783e-07
2.463881156897184e-07 2.328059967406727e-07
2.463881156897184e-07 2.328059967406727e-07
2.463881156897184e-07 2.328059967406727e-07
2.2973073435182987e-07 2.3280453254847455e-07
3.610489013528725e-07 2.3127601505457646e-07
2.3623533998824748e-07 2.3280581795661984e-07
1.9595570486958358e-07 2.3483924687053527e-07
2.1025173255969105e-07 2.3483924687053527e-07
2.5897352827785024e-07 2.3259327804139993e-07
2.182206684479626e-07 2.32806848888694e-07
5.092103948147115e-08 2.3282050058819347e-07
2.654141385673284e-07 2.3280598162391267e-07
2.6045413571245815e-07 2.3280546144940826e-07
1.8013356544526632e-07 2.328057436643536e-07
8.278661969537836e-07 2.520357134605974e-07
2.982553394389664e-07 2.3280549667133309e-07
2.3623533998824748e-07 2.3280581795661984e-07
2.6476583192202773e-07 2.3280613233741187e-07
1.7505733709792363e-07 2.328063424313098e-07
1.6714380350145238e-07 2.328074347750663e-07
1.207304870557601e-06 2.1469708924421258e-07
2.910762427645723e-07 2.1469708924421258e-07
2.982553394389664e-07 2.3280549667133309e-07
2.675493128338713e-07 2.3279737600672894e-07
2.6476583192202773e-07 2.3280613233741187e-07
6.438959309640539e-07 2.76039114742559e-07
9.658438964460807e-07 6.440912677326377e-07
2.3623533998824748e-07 2.3280581795661984e-07
2.319475023360194e-07 2.3406409471727297e-07
2.319475023360194e-07 2.3406409471727297e-07
2.2973073435182987e-07 2.3280453254847455e-07
2.1110997691399554e-07 2.3280855517121358e-07
2.3623533998824748e-07 2.3280581795661984e-07
4.713744434695699e-07 5.164954185478256e-07
4.713744434695699e-07 5.164954185478256e-07
3.2091389425660426e-07 5.164928138162544e-07
3.2091389425660426e-07 5.164928138162544e-07
3.2091389425660426e-07 5.164928138162544e-07
3.2091389425660426e-07 5.164928138162544e-07
3.2091389425660426e-07 5.164928138162544e-07
3.2091389425660426e-07 5.164928138162544e-07
3.2091389425660426e-07 5.164928138162544e-07
3.2091389425660426e-07 5.164928138162544e-07
3.2091389425660426e-07 5.164928138162544e-07
3.2091389425660426e-07 5.164928138162544e-07
3.2091389425660426e-07 5.164928138162544e-07
3.2091389425660426e-07 5.164928138162544e-07
3.2091389425660426e-07 5.164928138162544e-07
3.2091389425660426e-07 5.164928138162544e-07
3.2091389425660426e-07 5.164928138162544e-07
3.2091389425660426e-07 5.164928138162544e-07
4.0291362608210356e-07 5.164944219169206e-07
4.0291362608210356e-07 5.164944219169206e-07
4.0291362608210356e-07 5.164944219169206e-07
4.0291362608210356e-07 5.164944219169206e-07
4.0291362608210356e-07 5.164944219169206e-07
4.0291362608210356e-07 5.164944219169206e-07
4.0291362608210356e-07 5.164944219169206e-07
4.0291362608210356e-07 5.164944219169206e-07
4.0291362608210356e-07 5.164944219169206e-07
4.0291362608210356e-07 5.164944219169206e-07
4.0291362608210356e-07 5.164944219169206e-07
4.0291362608210356e-07 5.164944219169206e-07
4.0291362608210356e-07 5.164944219169206e-07
4.0291362608210356e-07 5.164944219169206e-07
4.0291362608210356e-07 5.164944219169206e-07
4.0291362608210356e-07 5.164944219169206e-07
4.0291362608210356e-07 5.164944219169206e-07
4.0291362608210356e-07 5.164944219169206e-07
4.0291362608210356e-07 5.164944219169206e-07
4.0291362608210356e-07 5.164944219169206e-07
4.913255751527458e-07 5.164952878729387e-07
4.913255751527458e-07 5.164952878729387e-07
4.913255751527458e-07 5.164952878729387e-07
4.913255751527458e-07 5.164952878729387e-07
4.913255751527458e-07 5.164952878729387e-07
4.913255751527458e-07 5.164952878729387e-07
4.913255751527458e-07 5.164952878729387e-07
4.913255751527458e-07 5.164952878729387e-07
4.913255751527458e-07 5.164952878729387e-07
4.913255751527458e-07 5.164952878729387e-07
4.913255751527458e-07 5.164952878729387e-07
4.913255751527458e-07 5.164952878729387e-07
4.913255751527458e-07 5.164952878729387e-07
4.913255751527458e-07 5.164952878729387e-07
4.4102461024935196e-09 4.830684507994783e-07
4.4102461024935196e-09 4.830684507994783e-07
4.4102461024935196e-09 4.830684507994783e-07
4.4102461024935196e-09 4.830684507994783e-07
4.5525480530025366e-07 5.164951622424234e-07
4.5525480530025366e-07 5.164951622424234e-07
4.5525480530025366e-07 5.164951622424234e-07
4.5525480530025366e-07 5.164951622424234e-07
4.5525480530025366e-07 5.164951622424234e-07
4.5525480530025366e-07 5.164951622424234e-07
4.5525480530025366e-07 5.164951622424234e-07
4.5525480530025366e-07 5.164951622424234e-07
4.5525480530025366e-07 5.164951622424234e-07
4.5525480530025366e-07 5.164951622424234e-07
4.5525480530025366e-07 5.164951622424234e-07
4.5525480530025366e-07 5.164951622424234e-07
4.5525480530025366e-07 5.164951622424234e-07
4.5525480530025366e-07 5.164951622424234e-07
4.5525480530025366e-07 5.164951622424234e-07
4.5525480530025366e-07 5.164951622424234e-07
4.5525480530025366e-07 5.164951622424234e-07
4.5525480530025366e-07 5.164951622424234e-07
4.5525480530025366e-07 5.164951622424234e-07
4.5525480530025366e-07 5.164951622424234e-07
4.5525480530025366e-07 5.164951622424234e-07
4.5525480530025366e-07 5.164951622424234e-07
4.5525480530025366e-07 5.164951622424234e-07
4.5525480530025366e-07 5.164951622424234e-07
4.5525480530025366e-07 5.164951622424234e-07
4.5525480530025366e-07 5.164951622424234e-07
4.5525480530025366e-07 5.164951622424234e-07
4.5525480530025366e-07 5.164951622424234e-07
4.5525480530025366e-07 5.164951622424234e-07
4.5525480530025366e-07 5.164951622424234e-07
6.93522627576926e-07 5.164957630314136e-07
6.93522627576926e-07 5.164957630314136e-07
7.115742057035216e-07 5.164852711536109e-07
7.115742057035216e-07 5.164852711536109e-07
5.628901400185466e-07 5.164951863489942e-07
5.628901400185466e-07 5.164951863489942e-07
3.0355093888305397e-06 5.269837645085218e-07
3.0355093888305397e-06 5.269837645085218e-07
4.181986345307268e-07 5.164953246444832e-07
4.181986345307268e-07 5.164953246444832e-07
4.376747065905754e-07 5.164941830304523e-07
4.376747065905754e-07 5.164941830304523e-07
6.568490736975389e-07 5.164957614755918e-07
6.568490736975389e-07 5.164957614755918e-07
1.0195018906930854e-06 4.830684507994783e-07
1.0195018906930854e-06 4.830684507994783e-07
5.348857518697486e-07 5.1649465778787e-07
5.348857518697486e-07 5.1649465778787e-07
5.348857518697486e-07 5.1649465778787e-07
5.348857518697486e-07 5.1649465778787e-07
5.348857518697486e-07 5.1649465778787e-07
5.348857518697486e-07 5.1649465778787e-07
5.007935046436212e-07 5.164933086528961e-07
5.007935046436212e-07 5.164933086528961e-07
9.902185058201144e-07 5.147756464117992e-07
9.902185058201144e-07 5.147756464117992e-07
5.136440829038196e-07 5.16495448112827e-07
5.136440829038196e-07 5.16495448112827e-07
4.3894077890786717e-07 5.149983484002966e-07
4.3894077890786717e-07 5.149983484002966e-07
6.701773975340152e-07 5.149983484002966e-07
6.701773975340152e-07 5.149983484002966e-07
5.009651858489562e-07 5.16645245914968e-07
5.009651858489562e-07 5.16645245914968e-07
4.713744434695699e-07 5.164954185478256e-07
4.713744434695699e-07 5.164954185478256e-07
7.169705003144326e-08 5.16488816702603e-07
7.169705003144326e-08 5.16488816702603e-07
3.964025082488023e-07 5.164947385383627e-07
3.964025082488023e-07 5.164947385383627e-07
3.868808977193182e-07 5.164948583966952e-07
3.868808977193182e-07 5.164948583966952e-07
3.764448019311368e-07 5.16494478491961e-07
3.764448019311368e-07 5.16494478491961e-07
1.3797769949229725e-06 5.040714269211948e-07
1.3797769949229725e-06 5.040714269211948e-07
6.568490736975389e-07 5.164957614755918e-07
6.568490736975389e-07 5.164957614755918e-07
5.136440829038196e-07 5.16495448112827e-07
5.136440829038196e-07 5.16495448112827e-07
5.795384586643865e-07 5.164949141437595e-07
5.795384586643865e-07 5.164949141437595e-07
3.625527052971731e-07 5.164953259796327e-07
3.625527052971731e-07 5.164953259796327e-07
3.4374017199908666e-07 5.1649336356167e-07
3.4374017199908666e-07 5.1649336356167e-07
1.4487658446691213e-06 5.367427231105314e-07
1.4487658446691213e-06 5.367427231105314e-07
5.027680556842612e-07 5.367427231105314e-07
5.027680556842612e-07 5.367427231105314e-07
6.568490736975389e-07 5.164957614755918e-07
6.568490736975389e-07 5.164957614755918e-07
5.766906840639566e-07 5.164989136193861e-07
5.766906840639566e-07 5.164989136193861e-07
5.795384586643865e-07 5.164949141437595e-07
5.795384586643865e-07 5.164949141437595e-07
2.5755837238562155e-06 5.52078229485118e-07
2.5755837238562155e-06 5.52078229485118e-07
3.863375585784323e-06 6.440912677326377e-07
3.863375585784323e-06 6.440912677326377e-07
5.136440829038196e-07 5.16495448112827e-07
5.136440829038196e-07 5.16495448112827e-07
5.400027788760451e-07 5.179290606509871e-07
5.400027788760451e-07 5.179290606509871e-07
5.400027788760451e-07 5.179290606509871e-07
5.400027788760451e-07 5.179290606509871e-07
5.007935046436212e-07 5.164933086528961e-07
5.007935046436212e-07 5.164933086528961e-07
4.58538560095892e-07 5.164945692631838e-07
4.58538560095892e-07 5.164945692631838e-07
5.136440829038196e-07 5.16495448112827e-07
5.136440829038196e-07 5.16495448112827e-07
4.823670584926669e-07 5.246636152505496e-07
3.276312472408284e-07 5.246647169582402e-07
3.276312472408284e-07 5.246647169582402e-07
3.276312472408284e-07 5.246647169582402e-07
3.276312472408284e-07 5.246647169582402e-07
3.276312472408284e-07 5.246647169582402e-07
3.276312472408284e-07 5.246647169582402e-07
3.276312472408284e-07 5.246647169582402e-07
3.276312472408284e-07 5.246647169582402e-07
4.119854568592508e-07 5.246615983794099e-07
4.119854568592508e-07 5.246615983794099e-07
4.119854568592508e-07 5.246615983794099e-07
4.119854568592508e-07 5.246615983794099e-07
4.119854568592508e-07 5.246615983794099e-07
4.119854568592508e-07 5.246615983794099e-07
4.119854568592508e-07 5.246615983794099e-07
4.119854568592508e-07 5.246615983794099e-07
4.119854568592508e-07 5.246615983794099e-07
4.119854568592508e-07 5.246615983794099e-07
5.017149717262428e-07 5.246630412409257e-07
5.017149717262428e-07 5.246630412409257e-07
5.017149717262428e-07 5.246630412409257e-07
5.017149717262428e-07 5.246630412409257e-07
5.017149717262428e-07 5.246630412409257e-07
5.017149717262428e-07 5.246630412409257e-07
5.017149717262428e-07 5.246630412409257e-07
4.4102461024935196e-09 4.830684507994783e-07
4.4102461024935196e-09 4.830684507994783e-07
4.6543024526735806e-07 5.246628597590308e-07
4.6543024526735806e-07 5.246628597590308e-07
4.6543024526735806e-07 5.246628597590308e-07
4.6543024526735806e-07 5.246628597590308e-07
4.6543024526735806e-07 5.246628597590308e-07
4.6543024526735806e-07 5.246628597590308e-07
4.6543024526735806e-07 5.246628597590308e-07
4.6543024526735806e-07 5.246628597590308e-07
4.6543024526735806e-07 5.246628597590308e-07
4.6543024526735806e-07 5.246628597590308e-07
4.6543024526735806e-07 5.246628597590308e-07
4.6543024526735806e-07 5.246628597590308e-07
4.6543024526735806e-07 5.246628597590308e-07
4.6543024526735806e-07 5.246628597590308e-07
4.6543024526735806e-07 5.246628597590308e-07
7.054073687200751e-07 5.246601629487888e-07
7.239416802994393e-07 5.24656962857614e-07
5.744398075492053e-07 5.246621730698907e-07
3.0355093888305397e-06 5.269837645085218e-07
4.276802050665098e-07 5.246631913190838e-07
4.477997527316452e-07 5.246630606416922e-07
6.670868507744794e-07 5.246617363438344e-07
1.0195018906930854e-06 4.830684507994783e-07
5.450962190229921e-07 5.246628890081024e-07
5.450962190229921e-07 5.246628890081024e-07
5.450962190229921e-07 5.246628890081024e-07
5.127338705818324e-07 5.246615911240374e-07
1.0138314086512095e-06 5.222361630264631e-07
5.252067940691752e-07 5.24662529177222e-07
4.4764992134651535e-07 5.232383219747015e-07
6.898884974614863e-07 5.232383219747015e-07
5.094561212023283e-07 5.248786362881149e-07
4.823670584926669e-07 5.246636152505496e-07
7.260281615896249e-08 5.246699177481617e-07
3.9849758776387587e-07 5.246617449735028e-07
3.8875525040245656e-07 5.24662040706289e-07
3.847503246739006e-07 5.246627168878602e-07
1.3797769949229725e-06 5.040714269211948e-07
6.670868507744794e-07 5.246617363438344e-07
5.252067940691752e-07 5.24662529177222e-07
5.904564801125769e-07 5.246629612457344e-07
3.703778986853401e-07 5.246627492348015e-07
3.5094005675479914e-07 5.246620454836022e-07
1.4487658446691213e-06 5.367427231105314e-07
5.292295322992224e-07 5.367427231105314e-07
6.670868507744794e-07 5.246617363438344e-07
5.881772246180456e-07 5.246509904552763e-07
5.904564801125769e-07 5.246629612457344e-07
2.5755837238562155e-06 5.52078229485118e-07
3.863375585784323e-06 6.440912677326377e-07
5.252067940691752e-07 5.24662529177222e-07
5.508753180480461e-07 5.229091477726311e-07
5.508753180480461e-07 5.229091477726311e-07
5.127338705818324e-07 5.246615911240374e-07
4.694761474817323e-07 5.246641063903132e-07
5.252067940691752e-07 5.24662529177222e-07