3.483486272742161e-07 3.955182789950054e-07
1.6904968938707503e-07 3.955179353637753e-07
1.6904968938707503e-07 3.955179353637753e-07
1.6904968938707503e-07 3.955179353637753e-07
1.6904968938707503e-07 3.955179353637753e-07
1.6904968938707503e-07 3.955179353637753e-07
1.6904968938707503e-07 3.955179353637753e-07
1.6904968938707503e-07 3.955179353637753e-07
1.6904968938707503e-07 3.955179353637753e-07
2.7345860130309377e-07 3.955180593783803e-07
2.7345860130309377e-07 3.955180593783803e-07
2.7345860130309377e-07 3.955180593783803e-07
2.7345860130309377e-07 3.955180593783803e-07
2.7345860130309377e-07 3.955180593783803e-07
2.7345860130309377e-07 3.955180593783803e-07
2.7345860130309377e-07 3.955180593783803e-07
2.7345860130309377e-07 3.955180593783803e-07
2.7345860130309377e-07 3.955180593783803e-07
2.7345860130309377e-07 3.955180593783803e-07
3.4662503341134224e-07 3.955181943357395e-07
3.4662503341134224e-07 3.955181943357395e-07
3.4662503341134224e-07 3.955181943357395e-07
3.4662503341134224e-07 3.955181943357395e-07
3.4662503341134224e-07 3.955181943357395e-07
3.4662503341134224e-07 3.955181943357395e-07
3.4662503341134224e-07 3.955181943357395e-07
5.319252716253185e-07 3.9788414055920405e-07
5.319252716253185e-07 3.9788414055920405e-07
3.15281145960507e-07 3.955181064652193e-07
3.15281145960507e-07 3.955181064652193e-07
3.15281145960507e-07 3.955181064652193e-07
3.15281145960507e-07 3.955181064652193e-07
3.15281145960507e-07 3.955181064652193e-07
3.15281145960507e-07 3.955181064652193e-07
3.15281145960507e-07 3.955181064652193e-07
3.15281145960507e-07 3.955181064652193e-07
3.15281145960507e-07 3.955181064652193e-07
3.15281145960507e-07 3.955181064652193e-07
3.15281145960507e-07 3.955181064652193e-07
3.15281145960507e-07 3.955181064652193e-07
3.15281145960507e-07 3.955181064652193e-07
3.15281145960507e-07 3.955181064652193e-07
3.15281145960507e-07 3.955181064652193e-07
5.187664677856815e-07 3.9551822107786725e-07
5.38001012249371e-07 3.9551817877970404e-07
4.159092897404406e-07 3.9551820536331534e-07
1.6420615324665565e-06 3.96879382628499e-07
2.8494788285116135e-07 3.955182101194088e-07
3.3186257599547185e-07 3.9551823317284806e-07
4.882491876494024e-07 3.955182452979666e-07
2.3946730681803947e-07 3.868318033214484e-07
3.8287061147504766e-07 3.9551810866016785e-07
3.8287061147504766e-07 3.9551810866016785e-07
3.8287061147504766e-07 3.9551810866016785e-07
3.6898039225430317e-07 3.9551808538314e-07
7.956288194497929e-07 3.951530610873262e-07
3.7723742495445e-07 3.9551820610948905e-07
2.92503244299485e-07 3.95433302451045e-07
3.3232197680870785e-07 3.95433302451045e-07
2.890611277566867e-07 3.955294482049552e-07
3.483486272742161e-07 3.955182789950054e-07
5.070681792279727e-08 3.955197053546552e-07
1.265824835374168e-07 3.9551823236920623e-07
1.2010341795340142e-07 3.9551824755887586e-07
2.494008965473875e-07 3.955181585028424e-07
7.105073938557216e-06 3.9403984934607165e-07
4.882491876494024e-07 3.955182452979666e-07
3.7723742495445e-07 3.9551820610948905e-07
4.2829888886051684e-07 3.9551809118701545e-07
2.2838430875484622e-07 3.9551820887387526e-07
1.9722046613240333e-07 3.95518187172389e-07
2.431514192306247e-06 3.929719906757571e-07
2.5132712074896453e-07 3.929719906757571e-07
4.882491876494024e-07 3.955182452979666e-07
4.2642001639930344e-07 3.9551773175205987e-07
4.2829888886051684e-07 3.9551809118701545e-07
1.0020785762231806e-05 4.105153831166391e-07
1.503117864334771e-05 3.684112412585223e-07
3.7723742495445e-07 3.9551820610948905e-07
6.407452544965293e-07 3.953774248970327e-07
6.407452544965293e-07 3.953774248970327e-07
3.6898039225430317e-07 3.9551808538314e-07
3.388403577862851e-07 3.95517384956982e-07
3.7723742495445e-07 3.9551820610948905e-07