3.0620478373496087e-07 3.9553286677224075e-07
2.214693323752553e-07 3.9554236476771515e-07
2.214693323752553e-07 3.9554236476771515e-07
2.214693323752553e-07 3.9554236476771515e-07
2.214693323752553e-07 3.9554236476771515e-07
2.214693323752553e-07 3.9554236476771515e-07
2.214693323752553e-07 3.9554236476771515e-07
2.214693323752553e-07 3.9554236476771515e-07
2.214693323752553e-07 3.9554236476771515e-07
2.673397168989365e-07 3.955133961892415e-07
2.673397168989365e-07 3.955133961892415e-07
2.673397168989365e-07 3.955133961892415e-07
2.673397168989365e-07 3.955133961892415e-07
2.673397168989365e-07 3.955133961892415e-07
2.673397168989365e-07 3.955133961892415e-07
2.673397168989365e-07 3.955133961892415e-07
2.673397168989365e-07 3.955133961892415e-07
2.673397168989365e-07 3.955133961892415e-07
2.673397168989365e-07 3.955133961892415e-07
3.4860862433083543e-07 3.9552113408545246e-07
3.4860862433083543e-07 3.9552113408545246e-07
3.4860862433083543e-07 3.9552113408545246e-07
3.4860862433083543e-07 3.9552113408545246e-07
3.4860862433083543e-07 3.9552113408545246e-07
3.4860862433083543e-07 3.9552113408545246e-07
3.4860862433083543e-07 3.9552113408545246e-07
7.611111187222223e-08 1.6668333500016669e-06
7.611111187222223e-08 1.6668333500016669e-06
3.045890166907023e-07 3.955207112395435e-07
3.045890166907023e-07 3.955207112395435e-07
3.045890166907023e-07 3.955207112395435e-07
3.045890166907023e-07 3.955207112395435e-07
3.045890166907023e-07 3.955207112395435e-07
3.045890166907023e-07 3.955207112395435e-07
3.045890166907023e-07 3.955207112395435e-07
3.045890166907023e-07 3.955207112395435e-07
3.045890166907023e-07 3.955207112395435e-07
3.045890166907023e-07 3.955207112395435e-07
3.045890166907023e-07 3.955207112395435e-07
3.045890166907023e-07 3.955207112395435e-07
3.045890166907023e-07 3.955207112395435e-07
3.045890166907023e-07 3.955207112395435e-07
3.045890166907023e-07 3.955207112395435e-07
6.614690265038097e-07 3.955662183233981e-07
7.818656928687238e-07 3.954286455344882e-07
4.2658843730263275e-07 3.955262756191787e-07
4.762381000004762e-06 7.576515227280304e-07
2.762589176228157e-07 3.9551106809871955e-07
2.836858865853761e-07 3.95489811653664e-07
5.67496658910648e-07 3.955131799219903e-07
1.7594352027795373e-05 8.334166750008334e-06
4.085189028077278e-07 3.955228911760095e-07
4.085189028077278e-07 3.955228911760095e-07
4.085189028077278e-07 3.955228911760095e-07
3.239008689816185e-07 3.9555239404268164e-07
1.3013919688498818e-06 3.8613900000038616e-07
3.4372443765281783e-07 3.955028880031665e-07
7.665329201991435e-07 4.264818805974414e-07
1.133900238096372e-07 4.264818805974414e-07
2.9306960000029307e-07 3.995073275636485e-07
3.0620478373496087e-07 3.9553286677224075e-07
1.778085836033722e-07 3.954998422426113e-07
2.270075686670218e-07 3.9551183546638975e-07
2.1704386577136046e-07 3.95503500275387e-07
2.512293053612e-07 3.9552475850844835e-07
9.524762000009524e-06 1.4494203043492755e-06
5.67496658910648e-07 3.955131799219903e-07
3.4372443765281783e-07 3.955028880031665e-07
4.4769490883231604e-07 3.955126664148118e-07
2.44159558779216e-07 3.9552511728861453e-07
2.327577116557658e-07 3.955312231649791e-07
4.167083375004167e-06 9.260185277787038e-07
4.566666712333334e-07 9.260185277787038e-07
5.67496658910648e-07 3.955131799219903e-07
4.408343574269698e-07 3.955617653478558e-07
4.4769490883231604e-07 3.955126664148118e-07
2.222444466668889e-05 4.762381000004762e-06
3.333666700003334e-05 1.1112222333344445e-05
3.4372443765281783e-07 3.955028880031665e-07
1.5010881951234523e-06 4.2959622422723374e-07
1.5010881951234523e-06 4.2959622422723374e-07
3.239008689816185e-07 3.9555239404268164e-07
2.935935294696199e-07 3.9555649548765155e-07
3.4372443765281783e-07 3.955028880031665e-07