0.2832953369679059 0.28855339056255713
0.15491205199358307 0.1553404010264556
0.15491205199358307 0.1553404010264556
0.15491205199358307 0.1553404010264556
0.15491205199358307 0.1553404010264556
0.15491205199358307 0.1553404010264556
0.15491205199358307 0.1553404010264556
0.15491205199358307 0.1553404010264556
0.15491205199358307 0.1553404010264556
0.4006309347896937 0.40621489752846957
0.4006309347896937 0.40621489752846957
0.4006309347896937 0.40621489752846957
0.4006309347896937 0.40621489752846957
0.4006309347896937 0.40621489752846957
0.4006309347896937 0.40621489752846957
0.4006309347896937 0.40621489752846957
0.4006309347896937 0.40621489752846957
0.4006309347896937 0.40621489752846957
0.4006309347896937 0.40621489752846957
0.6917785463186505 0.6921353060856413
0.6917785463186505 0.6921353060856413
0.6917785463186505 0.6921353060856413
0.6917785463186505 0.6921353060856413
0.6917785463186505 0.6921353060856413
0.6917785463186505 0.6921353060856413
0.6917785463186505 0.6921353060856413
3.480583092593003e-05 1.977604029882388e-06
3.480583092593003e-05 1.977604029882388e-06
0.5463934039786229 0.5507552074269315
0.5463934039786229 0.5507552074269315
0.5463934039786229 0.5507552074269315
0.5463934039786229 0.5507552074269315
0.5463934039786229 0.5507552074269315
0.5463934039786229 0.5507552074269315
0.5463934039786229 0.5507552074269315
0.5463934039786229 0.5507552074269315
0.5463934039786229 0.5507552074269315
0.5463934039786229 0.5507552074269315
0.5463934039786229 0.5507552074269315
0.5463934039786229 0.5507552074269315
0.5463934039786229 0.5507552074269315
0.5463934039786229 0.5507552074269315
0.5463934039786229 0.5507552074269315
0.13455064090191401 0.1332980265093865
0.006017058021320154 0.007785827065646961
0.6152709792145906 0.6156530523131639
3.955208059764776e-07 4.3507288657412535e-06
0.4381927546916678 0.44388864981853504
0.20283295732488713 0.20807044383762763
0.36015373102686693 0.35564242071389923
2.768645641835343e-06 3.955208059764776e-07
0.9046632694066239 0.9044856805647404
0.9046632694066239 0.9044856805647404
0.9046632694066239 0.9044856805647404
0.1763469065526723 0.18020362993174893
0.00020052904863007413 2.5708852388471044e-05
0.41244909647227085 0.4167938925259224
0.00017561123785355605 4.627593429924788e-05
2.3335727552612177e-05 4.627593429924788e-05
3.599239334385946e-05 0.00037139403681191245
0.2832953369679059 0.28855339056255713
0.005398463480772942 0.006726226826435978
0.3745210243039625 0.3714122307689874
0.2739203073038454 0.2718390768227972
0.3102813260388749 0.31409493765010016
3.955208059764776e-07 2.3731248358588653e-06
0.36015373102686693 0.35564242071389923
0.41244909647227085 0.4167938925259224
0.7516350830119067 0.7510572271143752
0.26186048240881665 0.26369016165726383
0.21095853676286788 0.2108822012473144
7.910416119529551e-07 3.5596872537882982e-06
5.932812089647164e-06 3.5596872537882982e-06
0.36015373102686693 0.35564242071389923
0.0036850673492828416 0.0041248864855286844
0.7516350830119067 0.7510572271143752
3.955208059764776e-07 7.910416119529551e-07
3.955208059764776e-07 3.955208059764776e-07
0.41244909647227085 0.4167938925259224
4.23207262394831e-05 3.836551817971833e-05
4.23207262394831e-05 3.836551817971833e-05
0.1763469065526723 0.18020362993174893
0.009458089033315508 0.012325219355838994
0.41244909647227085 0.4167938925259224